name =JUICE_ROI_GAN_4_3_04
flyby = ['2034 NOV 18 09:58:51', '2034 NOV 19 09:58:51']
Observation TW = <SpiceCell dtype = 1, length = 0, size = 3400, card = 14, is_set = 1, adjust = 0, init = 1, base = 94276267702512, data = 94276267702560>
Res(t) = [1.22741193 1.22535177 1.22329244 1.22123397 1.2191764  1.21711973
 1.215064   1.21300924 1.21095546 1.2089027  1.20685097 1.20480031
 1.20275073 1.20070227 1.19865495 1.19660878 1.19456381 1.19252005
 1.19047752 1.18843626 1.18639628 1.18435761 1.18232028 1.18028431
 1.17824972 1.17621654 1.17418479 1.1721545  1.17012569 1.16809838
 1.1660726  1.16404838 1.16202573 1.16000468 1.15798526 1.15596748
 1.15395138 1.15193697 1.14992428 1.14791333 1.14590415 1.14389675
 1.14189117 1.13988742 1.13788553 1.13588552 1.13388742 1.13189124
 1.129897   1.12790475 1.12591448 1.12392623 1.12194002 1.11995588
 1.11797381 1.11599385 1.11401602 1.11204034 1.11006683 1.10809552
 1.10612642 1.10415955 1.10219495 1.10023262 1.09827259 1.09631489
 1.09435953 1.09240653 1.09045592 1.08850772 1.08656194 1.08461861
 1.08267774 1.08073937 1.0788035  1.07687016 1.07493937 1.07301115
 1.07108552 1.0691625  1.0672421  1.06532436 1.06340928 1.06149689
 1.0595872  1.05768024 1.05577602 1.05387457 1.0519759  1.05008003
 1.04818698 1.04629676 1.04440941 1.04252493 1.04064334 1.03876466
 1.03688891 1.03501611 1.03314628 1.03127942 1.02941557 1.02755473
 1.02569693 1.02384218 1.02199049 1.0201419  1.0182964  1.01645403
 1.01461479 1.0127787  1.01094579 1.00911605 1.00728952 1.00546621
 1.00364613 1.00182929 1.00001572 0.99820544 0.99639844 0.99459476
 0.99279441 0.99099739 0.98920373 0.98741345 0.98562654 0.98384304
 0.98206295 0.9802863  0.97851308 0.97674332 0.97497704 0.97321424
 0.97145493 0.96969915 0.96794688 0.96619816 0.96445299 0.96271139
 0.96097336 0.95923893 0.9575081  0.95578089 0.95405731 0.95233737
 0.95062109 0.94890848 0.94719954 0.9454943  0.94379275 0.94209493
 0.94040083 0.93871047 0.93702385 0.935341   0.93366192 0.93198663
 0.93031512 0.92864742 0.92698354 0.92532348 0.92366726 0.92201489
 0.92036637 0.91872172 0.91708095 0.91544406 0.91381107 0.91218199
 0.91055683 0.90893558 0.90731828 0.90570491 0.9040955  0.90249006
 0.90088858 0.89929108 0.89769757 0.89610806 0.89452255 0.89294106
 0.89136358 0.88979014 0.88822074 0.88665538 0.88509407 0.88353683
 0.88198365 0.88043455 0.87888953 0.87734861 0.87581178 0.87427905
 0.87275044 0.87122595 0.86970558 0.86818934 0.86667724 0.86516929
 0.86366548 0.86216584 0.86067035 0.85917904 0.8576919  0.85620894
 0.85473017 0.85325559 0.8517852  0.85031902 0.84885705 0.84739929
 0.84594574 0.84449642 0.84305133 0.84161047 0.84017385 0.83874147
 0.83731333 0.83588945 0.83446982 0.83305445 0.83164334 0.8302365
 0.82883393 0.82743564 0.82604162 0.82465189 0.82326644 0.82188528
 0.82050841 0.81913584 0.81776756 0.81640359 0.81504392 0.81368856
 0.81233751 0.81099077 0.80964835 0.80831025 0.80697647 0.80564701
 0.80432187 0.80300107 0.80168459 0.80037245 0.79906463 0.79776116
 0.79646202 0.79516722 0.79387676 0.79259064 0.79130887 0.79003144
 0.78875836 0.78748962 0.78622523 0.7849652  0.78370951 0.78245817
 0.78121119 0.77996856 0.77873029 0.77749636 0.7762668  0.77504159
 0.77382073 0.77260423 0.77139209 0.7701843  0.76898087 0.7677818
 0.76658708 0.76539672 0.76421072 0.76302907 0.76185178 0.76067884
 0.75951026 0.75834603 0.75718615 0.75603063 0.75487946 0.75373265
 0.75259018 0.75145206 0.75031829 0.74918887 0.74806379 0.74694306
 0.74582668 0.74471464 0.74360693 0.74250357 0.74140455 0.74030986
 0.73921951 0.7381335  0.73705181 0.73597445 0.73490143 0.73383273
 0.73276835 0.7317083  0.73065256 0.72960115 0.72855405 0.72751127
 0.72647279 0.72543863 0.72440877 0.72338322 0.72236197 0.72134501
 0.72033236 0.719324   0.71831993 0.71732015 0.71632465 0.71533344
 0.7143465  0.71336385 0.71238547 0.71141136 0.71044151 0.70947593
 0.70851462 0.70755756 0.70660476 0.7056562  0.7047119  0.70377184
 0.70283602 0.70190444 0.7009771  0.70005399 0.6991351  0.69822043
 0.69730999 0.69640376 0.69550174 0.69460394 0.69371033 0.69282093
 0.69193572 0.69105471 0.69017788 0.68930524 0.68843678 0.68757249
 0.68671238 0.68585643 0.68500465 0.68415702 0.68331355 0.68247423
 0.68163906 0.68080803 0.67998113 0.67915837 0.67833974 0.67752522
 0.67671483 0.67590855 0.67510638 0.67430832 0.67351435 0.67272448
 0.6719387  0.67115701 0.67037939 0.66960585 0.66883638 0.66807098
 0.66730964 0.66655235 0.66579912 0.66504992 0.66430477 0.66356366
 0.66282657 0.66209351 0.66136447 0.66063945 0.65991843 0.65920141
 0.6584884  0.65777938 0.65707434 0.65637329 0.65567621 0.65498311
 0.65429397 0.65360879 0.65292757 0.65225029 0.65157696 0.65090757
 0.65024211 0.64958057 0.64892296 0.64826926 0.64761947 0.64697359
 0.6463316  0.64569351 0.6450593  0.64442898 0.64380253 0.64317995
 0.64256123 0.64194637 0.64133536 0.64072819 0.64012487 0.63952538
 0.63892971 0.63833787 0.63774985 0.63716563 0.63658522 0.6360086
 0.63543578 0.63486674 0.63430148 0.63373999 0.63318227 0.63262831
 0.63207811 0.63153165 0.63098894 0.63044996 0.62991471 0.62938318
 0.62885538 0.62833128 0.62781089 0.62729419 0.62678119 0.62627187
 0.62576624 0.62526427 0.62476598 0.62427134 0.62378035 0.62329302
 0.62280932 0.62232926 0.62185283 0.62138002 0.62091082 0.62044524
 0.61998325 0.61952486 0.61907006 0.61861885 0.61817121 0.61772714
 0.61728663 0.61684968 0.61641628 0.61598642 0.6155601  0.61513731
 0.61471805 0.6143023  0.61389007 0.61348133 0.6130761  0.61267435
 0.6122761  0.61188131 0.61149    0.61110216 0.61071777 0.61033683
 0.60995934 0.60958529 0.60921466 0.60884747 0.60848368 0.60812332
 0.60776635 0.60741278 0.60706261 0.60671582 0.60637241 0.60603236
 0.60569569 0.60536237 0.6050324  0.60470577 0.60438249 0.60406253
 0.6037459  0.60343259 0.60312258 0.60281589 0.60251248 0.60221237
 0.60191555 0.601622   0.60133172 0.6010447  0.60076094 0.60048043
 0.60020317 0.59992914 0.59965834 0.59939077 0.59912641 0.59886526
 0.59860732 0.59835257 0.59810101 0.59785264 0.59760744 0.59736541
 0.59712654 0.59689083 0.59665827 0.59642885 0.59620257 0.59597942
 0.59575939 0.59554247 0.59532867 0.59511797 0.59491036 0.59470584
 0.59450441 0.59430605 0.59411076 0.59391853 0.59372936 0.59354323
 0.59336015 0.59318011 0.59300309 0.59282909 0.59265812 0.59249015
 0.59232518 0.59216321 0.59200422 0.59184822 0.5916952  0.59154514
 0.59139805 0.59125392 0.59111273 0.59097448 0.59083917 0.5907068
 0.59057734 0.5904508  0.59032717 0.59020644 0.59008861 0.58997367
 0.58986162 0.58975244 0.58964613 0.58954269 0.5894421  0.58934436
 0.58924947 0.58915742 0.5890682  0.5889818  0.58889822 0.58881745
 0.58873949 0.58866433 0.58859196 0.58852238 0.58845558 0.58839155
 0.58833029 0.58827178 0.58821604 0.58816304 0.58811278 0.58806526
 0.58802046 0.58797839 0.58793904 0.58790239 0.58786845 0.5878372
 0.58780865 0.58778278 0.58775959 0.58773907 0.58772121 0.58770602
 0.58769348 0.58768358 0.58767633 0.58767171 0.58766972 0.58767035
 0.5876736  0.58767945 0.58768792 0.58769897 0.58771262 0.58772886
 0.58774767 0.58776906 0.58779301 0.58781953 0.5878486  0.58788022
 0.58791438 0.58795107 0.5879903  0.58803205 0.58807633 0.58812311
 0.5881724  0.58822419 0.58827848 0.58833525 0.58839451 0.58845625
 0.58852045 0.58858712 0.58865625 0.58872784 0.58880187 0.58887834
 0.58895725 0.58903859 0.58912235 0.58920853 0.58929713 0.58938813
 0.58948153 0.58957733 0.58967551 0.58977609 0.58987904 0.58998436
 0.59009205 0.5902021  0.59031451 0.59042926 0.59054636 0.5906658
 0.59078758 0.59091168 0.5910381  0.59116684 0.59129789 0.59143124
 0.5915669  0.59170485 0.59184509 0.59198761 0.59213242 0.59227949
 0.59242883 0.59258043 0.59273429 0.59289041 0.59304876 0.59320936
 0.59337219 0.59353726 0.59370454 0.59387405 0.59404577 0.5942197
 0.59439583 0.59457416 0.59475468 0.5949374  0.59512229 0.59530936
 0.59549861 0.59569002 0.59588359 0.59607932 0.59627721 0.59647724
 0.59667941 0.59688372 0.59709016 0.59729872 0.59750941 0.59772222
 0.59793713 0.59815416 0.59837328 0.59859451 0.59881782 0.59904322
 0.59927071 0.59950027 0.59973191 0.59996561 0.60020138 0.6004392
 0.60067908 0.60092101 0.60116498 0.60141099 0.60165903 0.60190911
 0.60216121 0.60241533 0.60267146 0.60292961 0.60318977 0.60345192
 0.60371608 0.60398223 0.60425036 0.60452048 0.60479258 0.60506665
 0.6053427  0.60562071 0.60590068 0.60618261 0.60646649 0.60675233
 0.6070401  0.60732981 0.60762146 0.60791505 0.60821055 0.60850798
 0.60880733 0.60910859 0.60941176 0.60971684 0.61002382 0.6103327
 0.61064346 0.61095612 0.61127066 0.61158708 0.61190538 0.61222555
 0.61254759 0.6128715  0.61319726 0.61352488 0.61385435 0.61418567
 0.61451883 0.61485384 0.61519068 0.61552935 0.61586985 0.61621218
 0.61655632 0.61690229 0.61725006 0.61759965 0.61795104 0.61830423
 0.61865923 0.61901601 0.61937459 0.61973495 0.6200971  0.62046102
 0.62082672 0.62119419 0.62156344 0.62193444 0.62230721 0.62268174
 0.62305802 0.62343605 0.62381582 0.62419734 0.62458061 0.6249656
 0.62535234 0.6257408  0.62613099 0.6265229  0.62691653 0.62731187
 0.62770893 0.6281077  0.62850818 0.62891036 0.62931424 0.62971981
 0.63012708 0.63053604 0.63094669 0.63135902 0.63177303 0.63218871
 0.63260608 0.63302511 0.63344581 0.63386818 0.6342922  0.63471789
 0.63514523 0.63557423 0.63600488 0.63643717 0.6368711  0.63730668
 0.6377439  0.63818275 0.63862323 0.63906534 0.63950908 0.63995445
 0.64040143 0.64085003 0.64130025 0.64175208 0.64220552 0.64266057
 0.64311722 0.64357547 0.64403532 0.64449677 0.64495982 0.64542445
 0.64589067 0.64635848 0.64682787 0.64729885 0.6477714  0.64824552
 0.64872122 0.64919849 0.64967733 0.65015774 0.65063971 0.65112324
 0.65160833 0.65209497 0.65258317 0.65307292 0.65356422 0.65405707
 0.65455146 0.65504739 0.65554487 0.65604388 0.65654443 0.65704651
 0.65755012 0.65805526 0.65856193 0.65907012 0.65957984 0.66009108
 0.66060383 0.6611181  0.66163389 0.66215119 0.66267    0.66319032
 0.66371214 0.66423547 0.6647603  0.66528663 0.66581446 0.66634379
 0.66687461 0.66740693 0.66794074 0.66847603 0.66901282 0.66955109
 0.67009084 0.67063208 0.67117479 0.67171899 0.67226466 0.67281181
 0.67336043 0.67391052 0.67446209 0.67501512 0.67556962 0.67612559
 0.67668302 0.67724191 0.67780227 0.67836408 0.67892736 0.67949208
 0.68005827 0.68062591 0.681195   0.68176554 0.68233753 0.68291096
 0.68348585 0.68406218 0.68463996 0.68521917 0.68579983 0.68638193
 0.68696547 0.68755044 0.68813686 0.6887247  0.68931398 0.6899047
 0.69049685 0.69109042 0.69168543 0.69228186 0.69287973 0.69347901
 0.69407973 0.69468186 0.69528543 0.69589041 0.69649681 0.69710464
 0.69771388 0.69832454 0.69893662 0.69955012 0.70016503 0.70078135
 0.70139909 0.70201825 0.70263881 0.70326079 0.70388417 0.70450897
 0.70513518 0.70576279 0.70639181 0.70702224 0.70765408 0.70828732
 0.70892197 0.70955802 0.71019547 0.71083433 0.71147459 0.71211625
 0.71275931 0.71340378 0.71404964 0.7146969  0.71534557 0.71599563
 0.71664709 0.71729995 0.71795421 0.71860986 0.71926691 0.71992536
 0.7205852  0.72124644 0.72190907 0.7225731  0.72323853 0.72390535
 0.72457356 0.72524317 0.72591417 0.72658656 0.72726035 0.72793554
 0.72861211 0.72929008 0.72996944 0.73065019 0.73133234 0.73201588
 0.73270081 0.73338714 0.73407486 0.73476397 0.73545447 0.73614636
 0.73683965 0.73753433 0.73823041 0.73892787 0.73962673 0.74032698
 0.74102863 0.74173167 0.7424361  0.74314193 0.74384915 0.74455777
 0.74526778 0.74597918 0.74669198 0.74740617]
t = [1.10073735e+09 1.10073743e+09 1.10073751e+09 1.10073758e+09
 1.10073766e+09 1.10073774e+09 1.10073782e+09 1.10073790e+09
 1.10073797e+09 1.10073805e+09 1.10073813e+09 1.10073821e+09
 1.10073829e+09 1.10073836e+09 1.10073844e+09 1.10073852e+09
 1.10073860e+09 1.10073867e+09 1.10073875e+09 1.10073883e+09
 1.10073891e+09 1.10073899e+09 1.10073906e+09 1.10073914e+09
 1.10073922e+09 1.10073930e+09 1.10073938e+09 1.10073945e+09
 1.10073953e+09 1.10073961e+09 1.10073969e+09 1.10073977e+09
 1.10073984e+09 1.10073992e+09 1.10074000e+09 1.10074008e+09
 1.10074016e+09 1.10074023e+09 1.10074031e+09 1.10074039e+09
 1.10074047e+09 1.10074055e+09 1.10074062e+09 1.10074070e+09
 1.10074078e+09 1.10074086e+09 1.10074093e+09 1.10074101e+09
 1.10074109e+09 1.10074117e+09 1.10074125e+09 1.10074132e+09
 1.10074140e+09 1.10074148e+09 1.10074156e+09 1.10074164e+09
 1.10074171e+09 1.10074179e+09 1.10074187e+09 1.10074195e+09
 1.10074203e+09 1.10074210e+09 1.10074218e+09 1.10074226e+09
 1.10074234e+09 1.10074242e+09 1.10074249e+09 1.10074257e+09
 1.10074265e+09 1.10074273e+09 1.10074281e+09 1.10074288e+09
 1.10074296e+09 1.10074304e+09 1.10074312e+09 1.10074319e+09
 1.10074327e+09 1.10074335e+09 1.10074343e+09 1.10074351e+09
 1.10074358e+09 1.10074366e+09 1.10074374e+09 1.10074382e+09
 1.10074390e+09 1.10074397e+09 1.10074405e+09 1.10074413e+09
 1.10074421e+09 1.10074429e+09 1.10074436e+09 1.10074444e+09
 1.10074452e+09 1.10074460e+09 1.10074468e+09 1.10074475e+09
 1.10074483e+09 1.10074491e+09 1.10074499e+09 1.10074507e+09
 1.10074514e+09 1.10074522e+09 1.10074530e+09 1.10074538e+09
 1.10074545e+09 1.10074553e+09 1.10074561e+09 1.10074569e+09
 1.10074577e+09 1.10074584e+09 1.10074592e+09 1.10074600e+09
 1.10074608e+09 1.10074616e+09 1.10074623e+09 1.10074631e+09
 1.10074639e+09 1.10074647e+09 1.10074655e+09 1.10074662e+09
 1.10074670e+09 1.10074678e+09 1.10074686e+09 1.10074694e+09
 1.10074701e+09 1.10074709e+09 1.10074717e+09 1.10074725e+09
 1.10074732e+09 1.10074740e+09 1.10074748e+09 1.10074756e+09
 1.10074764e+09 1.10074771e+09 1.10074779e+09 1.10074787e+09
 1.10074795e+09 1.10074803e+09 1.10074810e+09 1.10074818e+09
 1.10074826e+09 1.10074834e+09 1.10074842e+09 1.10074849e+09
 1.10074857e+09 1.10074865e+09 1.10074873e+09 1.10074881e+09
 1.10074888e+09 1.10074896e+09 1.10074904e+09 1.10074912e+09
 1.10074920e+09 1.10074927e+09 1.10074935e+09 1.10074943e+09
 1.10074951e+09 1.10074958e+09 1.10074966e+09 1.10074974e+09
 1.10074982e+09 1.10074990e+09 1.10074997e+09 1.10075005e+09
 1.10075013e+09 1.10075021e+09 1.10075029e+09 1.10075036e+09
 1.10075044e+09 1.10075052e+09 1.10075060e+09 1.10075068e+09
 1.10075075e+09 1.10075083e+09 1.10075091e+09 1.10075099e+09
 1.10075107e+09 1.10075114e+09 1.10075122e+09 1.10075130e+09
 1.10075138e+09 1.10075146e+09 1.10075153e+09 1.10075161e+09
 1.10075169e+09 1.10075177e+09 1.10075184e+09 1.10075192e+09
 1.10075200e+09 1.10075208e+09 1.10075216e+09 1.10075223e+09
 1.10075231e+09 1.10075239e+09 1.10075247e+09 1.10075255e+09
 1.10075262e+09 1.10075270e+09 1.10075278e+09 1.10075286e+09
 1.10075294e+09 1.10075301e+09 1.10075309e+09 1.10075317e+09
 1.10075325e+09 1.10075333e+09 1.10075340e+09 1.10075348e+09
 1.10075356e+09 1.10075364e+09 1.10075372e+09 1.10075379e+09
 1.10075387e+09 1.10075395e+09 1.10075403e+09 1.10075410e+09
 1.10075418e+09 1.10075426e+09 1.10075434e+09 1.10075442e+09
 1.10075449e+09 1.10075457e+09 1.10075465e+09 1.10075473e+09
 1.10075481e+09 1.10075488e+09 1.10075496e+09 1.10075504e+09
 1.10075512e+09 1.10075520e+09 1.10075527e+09 1.10075535e+09
 1.10075543e+09 1.10075551e+09 1.10075559e+09 1.10075566e+09
 1.10075574e+09 1.10075582e+09 1.10075590e+09 1.10075597e+09
 1.10075605e+09 1.10075613e+09 1.10075621e+09 1.10075629e+09
 1.10075636e+09 1.10075644e+09 1.10075652e+09 1.10075660e+09
 1.10075668e+09 1.10075675e+09 1.10075683e+09 1.10075691e+09
 1.10075699e+09 1.10075707e+09 1.10075714e+09 1.10075722e+09
 1.10075730e+09 1.10075738e+09 1.10075746e+09 1.10075753e+09
 1.10075761e+09 1.10075769e+09 1.10075777e+09 1.10075785e+09
 1.10075792e+09 1.10075800e+09 1.10075808e+09 1.10075816e+09
 1.10075823e+09 1.10075831e+09 1.10075839e+09 1.10075847e+09
 1.10075855e+09 1.10075862e+09 1.10075870e+09 1.10075878e+09
 1.10075886e+09 1.10075894e+09 1.10075901e+09 1.10075909e+09
 1.10075917e+09 1.10075925e+09 1.10075933e+09 1.10075940e+09
 1.10075948e+09 1.10075956e+09 1.10075964e+09 1.10075972e+09
 1.10075979e+09 1.10075987e+09 1.10075995e+09 1.10076003e+09
 1.10076011e+09 1.10076018e+09 1.10076026e+09 1.10076034e+09
 1.10076042e+09 1.10076049e+09 1.10076057e+09 1.10076065e+09
 1.10076073e+09 1.10076081e+09 1.10076088e+09 1.10076096e+09
 1.10076104e+09 1.10076112e+09 1.10076120e+09 1.10076127e+09
 1.10076135e+09 1.10076143e+09 1.10076151e+09 1.10076159e+09
 1.10076166e+09 1.10076174e+09 1.10076182e+09 1.10076190e+09
 1.10076198e+09 1.10076205e+09 1.10076213e+09 1.10076221e+09
 1.10076229e+09 1.10076237e+09 1.10076244e+09 1.10076252e+09
 1.10076260e+09 1.10076268e+09 1.10076275e+09 1.10076283e+09
 1.10076291e+09 1.10076299e+09 1.10076307e+09 1.10076314e+09
 1.10076322e+09 1.10076330e+09 1.10076338e+09 1.10076346e+09
 1.10076353e+09 1.10076361e+09 1.10076369e+09 1.10076377e+09
 1.10076385e+09 1.10076392e+09 1.10076400e+09 1.10076408e+09
 1.10076416e+09 1.10076424e+09 1.10076431e+09 1.10076439e+09
 1.10076447e+09 1.10076455e+09 1.10076462e+09 1.10076470e+09
 1.10076478e+09 1.10076486e+09 1.10076494e+09 1.10076501e+09
 1.10076509e+09 1.10076517e+09 1.10076525e+09 1.10076533e+09
 1.10076540e+09 1.10076548e+09 1.10076556e+09 1.10076564e+09
 1.10076572e+09 1.10076579e+09 1.10076587e+09 1.10076595e+09
 1.10076603e+09 1.10076611e+09 1.10076618e+09 1.10076626e+09
 1.10076634e+09 1.10076642e+09 1.10076650e+09 1.10076657e+09
 1.10076665e+09 1.10076673e+09 1.10076681e+09 1.10076688e+09
 1.10076696e+09 1.10076704e+09 1.10076712e+09 1.10076720e+09
 1.10076727e+09 1.10076735e+09 1.10076743e+09 1.10076751e+09
 1.10076759e+09 1.10076766e+09 1.10076774e+09 1.10076782e+09
 1.10076790e+09 1.10076798e+09 1.10076805e+09 1.10076813e+09
 1.10076821e+09 1.10076829e+09 1.10076837e+09 1.10076844e+09
 1.10076852e+09 1.10076860e+09 1.10076868e+09 1.10076876e+09
 1.10076883e+09 1.10076891e+09 1.10076899e+09 1.10076907e+09
 1.10076914e+09 1.10076922e+09 1.10076930e+09 1.10076938e+09
 1.10076946e+09 1.10076953e+09 1.10076961e+09 1.10076969e+09
 1.10076977e+09 1.10076985e+09 1.10076992e+09 1.10077000e+09
 1.10077008e+09 1.10077016e+09 1.10077024e+09 1.10077031e+09
 1.10077039e+09 1.10077047e+09 1.10077055e+09 1.10077063e+09
 1.10077070e+09 1.10077078e+09 1.10077086e+09 1.10077094e+09
 1.10077102e+09 1.10077109e+09 1.10077117e+09 1.10077125e+09
 1.10077133e+09 1.10077140e+09 1.10077148e+09 1.10077156e+09
 1.10077164e+09 1.10077172e+09 1.10077179e+09 1.10077187e+09
 1.10077195e+09 1.10077203e+09 1.10077211e+09 1.10077218e+09
 1.10077226e+09 1.10077234e+09 1.10077242e+09 1.10077250e+09
 1.10077257e+09 1.10077265e+09 1.10077273e+09 1.10077281e+09
 1.10077289e+09 1.10077296e+09 1.10077304e+09 1.10077312e+09
 1.10077320e+09 1.10077327e+09 1.10077335e+09 1.10077343e+09
 1.10077351e+09 1.10077359e+09 1.10077366e+09 1.10077374e+09
 1.10077382e+09 1.10077390e+09 1.10077398e+09 1.10077405e+09
 1.10077413e+09 1.10077421e+09 1.10077429e+09 1.10077437e+09
 1.10077444e+09 1.10077452e+09 1.10077460e+09 1.10077468e+09
 1.10077476e+09 1.10077483e+09 1.10077491e+09 1.10077499e+09
 1.10077507e+09 1.10077515e+09 1.10077522e+09 1.10077530e+09
 1.10077538e+09 1.10077546e+09 1.10077553e+09 1.10077561e+09
 1.10077569e+09 1.10077577e+09 1.10077585e+09 1.10077592e+09
 1.10077600e+09 1.10077608e+09 1.10077616e+09 1.10077624e+09
 1.10077631e+09 1.10077639e+09 1.10077647e+09 1.10077655e+09
 1.10077663e+09 1.10077670e+09 1.10077678e+09 1.10077686e+09
 1.10077694e+09 1.10077702e+09 1.10077709e+09 1.10077717e+09
 1.10077725e+09 1.10077733e+09 1.10077741e+09 1.10077748e+09
 1.10077756e+09 1.10077764e+09 1.10077772e+09 1.10077779e+09
 1.10077787e+09 1.10077795e+09 1.10077803e+09 1.10077811e+09
 1.10077818e+09 1.10077826e+09 1.10077834e+09 1.10077842e+09
 1.10077850e+09 1.10077857e+09 1.10077865e+09 1.10077873e+09
 1.10077881e+09 1.10077889e+09 1.10077896e+09 1.10077904e+09
 1.10077912e+09 1.10077920e+09 1.10077928e+09 1.10077935e+09
 1.10077943e+09 1.10077951e+09 1.10077959e+09 1.10077967e+09
 1.10077974e+09 1.10077982e+09 1.10077990e+09 1.10077998e+09
 1.10078005e+09 1.10078013e+09 1.10078021e+09 1.10078029e+09
 1.10078037e+09 1.10078044e+09 1.10078052e+09 1.10078060e+09
 1.10078068e+09 1.10078076e+09 1.10078083e+09 1.10078091e+09
 1.10078099e+09 1.10078107e+09 1.10078115e+09 1.10078122e+09
 1.10078130e+09 1.10078138e+09 1.10078146e+09 1.10078154e+09
 1.10078161e+09 1.10078169e+09 1.10078177e+09 1.10078185e+09
 1.10078192e+09 1.10078200e+09 1.10078208e+09 1.10078216e+09
 1.10078224e+09 1.10078231e+09 1.10078239e+09 1.10078247e+09
 1.10078255e+09 1.10078263e+09 1.10078270e+09 1.10078278e+09
 1.10078286e+09 1.10078294e+09 1.10078302e+09 1.10078309e+09
 1.10078317e+09 1.10078325e+09 1.10078333e+09 1.10078341e+09
 1.10078348e+09 1.10078356e+09 1.10078364e+09 1.10078372e+09
 1.10078380e+09 1.10078387e+09 1.10078395e+09 1.10078403e+09
 1.10078411e+09 1.10078418e+09 1.10078426e+09 1.10078434e+09
 1.10078442e+09 1.10078450e+09 1.10078457e+09 1.10078465e+09
 1.10078473e+09 1.10078481e+09 1.10078489e+09 1.10078496e+09
 1.10078504e+09 1.10078512e+09 1.10078520e+09 1.10078528e+09
 1.10078535e+09 1.10078543e+09 1.10078551e+09 1.10078559e+09
 1.10078567e+09 1.10078574e+09 1.10078582e+09 1.10078590e+09
 1.10078598e+09 1.10078606e+09 1.10078613e+09 1.10078621e+09
 1.10078629e+09 1.10078637e+09 1.10078644e+09 1.10078652e+09
 1.10078660e+09 1.10078668e+09 1.10078676e+09 1.10078683e+09
 1.10078691e+09 1.10078699e+09 1.10078707e+09 1.10078715e+09
 1.10078722e+09 1.10078730e+09 1.10078738e+09 1.10078746e+09
 1.10078754e+09 1.10078761e+09 1.10078769e+09 1.10078777e+09
 1.10078785e+09 1.10078793e+09 1.10078800e+09 1.10078808e+09
 1.10078816e+09 1.10078824e+09 1.10078832e+09 1.10078839e+09
 1.10078847e+09 1.10078855e+09 1.10078863e+09 1.10078870e+09
 1.10078878e+09 1.10078886e+09 1.10078894e+09 1.10078902e+09
 1.10078909e+09 1.10078917e+09 1.10078925e+09 1.10078933e+09
 1.10078941e+09 1.10078948e+09 1.10078956e+09 1.10078964e+09
 1.10078972e+09 1.10078980e+09 1.10078987e+09 1.10078995e+09
 1.10079003e+09 1.10079011e+09 1.10079019e+09 1.10079026e+09
 1.10079034e+09 1.10079042e+09 1.10079050e+09 1.10079057e+09
 1.10079065e+09 1.10079073e+09 1.10079081e+09 1.10079089e+09
 1.10079096e+09 1.10079104e+09 1.10079112e+09 1.10079120e+09
 1.10079128e+09 1.10079135e+09 1.10079143e+09 1.10079151e+09
 1.10079159e+09 1.10079167e+09 1.10079174e+09 1.10079182e+09
 1.10079190e+09 1.10079198e+09 1.10079206e+09 1.10079213e+09
 1.10079221e+09 1.10079229e+09 1.10079237e+09 1.10079245e+09
 1.10079252e+09 1.10079260e+09 1.10079268e+09 1.10079276e+09
 1.10079283e+09 1.10079291e+09 1.10079299e+09 1.10079307e+09
 1.10079315e+09 1.10079322e+09 1.10079330e+09 1.10079338e+09
 1.10079346e+09 1.10079354e+09 1.10079361e+09 1.10079369e+09
 1.10079377e+09 1.10079385e+09 1.10079393e+09 1.10079400e+09
 1.10079408e+09 1.10079416e+09 1.10079424e+09 1.10079432e+09
 1.10079439e+09 1.10079447e+09 1.10079455e+09 1.10079463e+09
 1.10079471e+09 1.10079478e+09 1.10079486e+09 1.10079494e+09
 1.10079502e+09 1.10079509e+09 1.10079517e+09 1.10079525e+09
 1.10079533e+09 1.10079541e+09 1.10079548e+09 1.10079556e+09
 1.10079564e+09 1.10079572e+09 1.10079580e+09 1.10079587e+09
 1.10079595e+09 1.10079603e+09 1.10079611e+09 1.10079619e+09
 1.10079626e+09 1.10079634e+09 1.10079642e+09 1.10079650e+09
 1.10079658e+09 1.10079665e+09 1.10079673e+09 1.10079681e+09
 1.10079689e+09 1.10079697e+09 1.10079704e+09 1.10079712e+09
 1.10079720e+09 1.10079728e+09 1.10079735e+09 1.10079743e+09
 1.10079751e+09 1.10079759e+09 1.10079767e+09 1.10079774e+09
 1.10079782e+09 1.10079790e+09 1.10079798e+09 1.10079806e+09
 1.10079813e+09 1.10079821e+09 1.10079829e+09 1.10079837e+09
 1.10079845e+09 1.10079852e+09 1.10079860e+09 1.10079868e+09
 1.10079876e+09 1.10079884e+09 1.10079891e+09 1.10079899e+09
 1.10079907e+09 1.10079915e+09 1.10079922e+09 1.10079930e+09
 1.10079938e+09 1.10079946e+09 1.10079954e+09 1.10079961e+09
 1.10079969e+09 1.10079977e+09 1.10079985e+09 1.10079993e+09
 1.10080000e+09 1.10080008e+09 1.10080016e+09 1.10080024e+09
 1.10080032e+09 1.10080039e+09 1.10080047e+09 1.10080055e+09
 1.10080063e+09 1.10080071e+09 1.10080078e+09 1.10080086e+09
 1.10080094e+09 1.10080102e+09 1.10080110e+09 1.10080117e+09
 1.10080125e+09 1.10080133e+09 1.10080141e+09 1.10080148e+09
 1.10080156e+09 1.10080164e+09 1.10080172e+09 1.10080180e+09
 1.10080187e+09 1.10080195e+09 1.10080203e+09 1.10080211e+09
 1.10080219e+09 1.10080226e+09 1.10080234e+09 1.10080242e+09
 1.10080250e+09 1.10080258e+09 1.10080265e+09 1.10080273e+09
 1.10080281e+09 1.10080289e+09 1.10080297e+09 1.10080304e+09
 1.10080312e+09 1.10080320e+09 1.10080328e+09 1.10080336e+09
 1.10080343e+09 1.10080351e+09 1.10080359e+09 1.10080367e+09
 1.10080374e+09 1.10080382e+09 1.10080390e+09 1.10080398e+09
 1.10080406e+09 1.10080413e+09 1.10080421e+09 1.10080429e+09
 1.10080437e+09 1.10080445e+09 1.10080452e+09 1.10080460e+09
 1.10080468e+09 1.10080476e+09 1.10080484e+09 1.10080491e+09
 1.10080499e+09 1.10080507e+09 1.10080515e+09 1.10080523e+09
 1.10080530e+09 1.10080538e+09 1.10080546e+09 1.10080554e+09
 1.10080562e+09 1.10080569e+09 1.10080577e+09 1.10080585e+09
 1.10080593e+09 1.10080600e+09 1.10080608e+09 1.10080616e+09
 1.10080624e+09 1.10080632e+09 1.10080639e+09 1.10080647e+09
 1.10080655e+09 1.10080663e+09 1.10080671e+09 1.10080678e+09
 1.10080686e+09 1.10080694e+09 1.10080702e+09 1.10080710e+09
 1.10080717e+09 1.10080725e+09 1.10080733e+09 1.10080741e+09
 1.10080749e+09 1.10080756e+09 1.10080764e+09 1.10080772e+09
 1.10080780e+09 1.10080787e+09 1.10080795e+09 1.10080803e+09
 1.10080811e+09 1.10080819e+09 1.10080826e+09 1.10080834e+09
 1.10080842e+09 1.10080850e+09 1.10080858e+09 1.10080865e+09
 1.10080873e+09 1.10080881e+09 1.10080889e+09 1.10080897e+09
 1.10080904e+09 1.10080912e+09 1.10080920e+09 1.10080928e+09
 1.10080936e+09 1.10080943e+09 1.10080951e+09 1.10080959e+09
 1.10080967e+09 1.10080975e+09 1.10080982e+09 1.10080990e+09
 1.10080998e+09 1.10081006e+09 1.10081013e+09 1.10081021e+09
 1.10081029e+09 1.10081037e+09 1.10081045e+09 1.10081052e+09
 1.10081060e+09 1.10081068e+09 1.10081076e+09 1.10081084e+09
 1.10081091e+09 1.10081099e+09 1.10081107e+09 1.10081115e+09
 1.10081123e+09 1.10081130e+09 1.10081138e+09 1.10081146e+09
 1.10081154e+09 1.10081162e+09 1.10081169e+09 1.10081177e+09
 1.10081185e+09 1.10081193e+09 1.10081201e+09 1.10081208e+09
 1.10081216e+09 1.10081224e+09 1.10081232e+09 1.10081239e+09
 1.10081247e+09 1.10081255e+09 1.10081263e+09 1.10081271e+09
 1.10081278e+09 1.10081286e+09 1.10081294e+09 1.10081302e+09
 1.10081310e+09 1.10081317e+09 1.10081325e+09 1.10081333e+09
 1.10081341e+09 1.10081349e+09 1.10081356e+09 1.10081364e+09
 1.10081372e+09 1.10081380e+09 1.10081388e+09 1.10081395e+09
 1.10081403e+09 1.10081411e+09 1.10081419e+09 1.10081427e+09
 1.10081434e+09 1.10081442e+09 1.10081450e+09 1.10081458e+09
 1.10081465e+09 1.10081473e+09 1.10081481e+09 1.10081489e+09
 1.10081497e+09 1.10081504e+09 1.10081512e+09 1.10081520e+09]
minRes = 0.5876697184093094
minResTime = [1.10078395e+09]
Cov(t) = [100 100 100 100 100 100 100 100 100 100 100 100 100 100 100 100 100 100
 100 100 100 100 100 100 100 100 100 100 100 100 100 100 100 100 100 100
 100 100 100 100 100 100 100 100 100 100 100 100 100 100 100 100 100 100
 100 100 100 100 100 100 100 100 100 100 100 100 100 100 100 100 100 100
 100 100 100 100 100 100 100 100 100 100 100 100 100 100 100 100 100 100
 100 100 100 100 100 100 100 100 100 100 100 100 100 100 100 100 100 100
 100 100 100 100 100 100 100 100 100 100 100 100 100 100 100 100 100 100
 100 100 100 100 100 100 100 100 100 100 100 100 100 100 100 100 100 100
 100 100 100 100 100 100 100 100 100 100 100 100 100 100 100 100 100 100
 100 100 100 100 100 100 100 100 100 100 100 100 100 100 100 100 100 100
 100 100 100 100 100 100 100 100 100 100 100 100 100 100 100 100 100 100
 100 100 100 100 100 100 100 100 100 100 100 100 100 100 100 100 100 100
 100 100 100 100 100 100 100 100 100 100 100 100 100 100 100 100 100 100
 100 100 100 100 100 100 100 100 100 100 100 100 100 100 100 100 100 100
 100 100 100 100 100 100 100 100 100 100 100 100 100 100 100 100 100 100
 100 100 100 100 100 100 100 100 100 100 100 100 100 100 100 100 100 100
 100 100 100 100 100 100 100 100 100 100 100 100 100 100 100 100 100 100
 100 100 100 100 100 100 100 100 100 100 100 100 100 100 100 100 100 100
 100 100 100 100 100 100 100 100 100 100 100 100 100 100 100 100 100 100
 100 100 100 100 100 100 100 100 100 100 100 100 100 100 100 100 100 100
 100 100 100 100 100 100 100 100 100 100 100 100 100 100 100 100 100 100
 100 100 100 100 100 100 100 100 100 100 100 100 100 100 100 100 100 100
 100 100 100 100 100 100 100 100 100 100 100 100 100 100 100 100 100 100
 100 100 100 100 100 100 100 100 100 100 100 100 100 100 100 100 100 100
 100 100 100 100 100 100 100 100 100 100 100 100 100 100 100 100 100 100
 100 100 100 100 100 100 100 100 100 100 100 100 100 100 100 100 100 100
 100 100 100 100 100 100 100 100 100 100 100 100 100 100 100 100 100 100
 100 100 100 100 100 100 100 100 100 100 100 100 100 100 100 100 100 100
 100 100 100 100 100 100 100 100 100 100 100 100 100 100 100 100 100 100
 100 100 100 100 100 100 100 100 100 100 100 100 100 100 100 100 100 100
 100 100 100 100 100 100 100 100 100 100 100 100 100 100 100 100 100 100
 100 100 100 100 100 100 100 100 100 100 100 100 100 100 100 100 100 100
 100 100 100 100 100 100 100 100 100 100 100 100 100 100 100 100 100 100
 100 100 100 100 100 100 100 100 100 100 100 100 100 100 100 100 100 100
 100 100 100 100 100 100 100 100 100 100 100 100 100 100 100 100 100 100
 100 100 100 100 100 100 100 100 100 100 100 100 100 100 100 100 100 100
 100 100 100 100 100 100 100 100 100 100 100 100 100 100 100 100 100 100
 100 100 100 100 100 100 100 100 100 100 100 100 100 100 100 100 100 100
 100 100 100 100 100 100 100 100 100 100 100 100 100 100 100 100 100 100
 100 100 100 100 100 100 100 100 100 100 100 100 100 100 100 100 100 100
 100 100 100 100 100 100 100 100 100 100 100 100 100 100 100 100 100 100
 100 100 100 100 100 100 100 100 100 100 100 100 100 100 100 100 100 100
 100 100 100 100 100 100 100 100 100 100 100 100 100 100 100 100 100 100
 100 100 100 100 100 100 100 100 100 100 100 100 100 100 100 100 100 100
 100 100 100 100 100 100 100 100 100 100 100 100 100 100 100 100 100 100
 100 100 100 100 100 100 100 100 100 100 100 100 100 100 100 100 100 100
 100 100 100 100 100 100 100 100 100 100 100 100 100 100 100 100 100 100
 100 100 100 100 100 100 100 100 100 100 100 100 100 100 100 100 100 100
 100 100 100 100 100 100 100 100 100 100 100 100 100 100 100 100 100 100
 100 100 100 100 100 100 100 100 100 100 100 100 100 100 100 100 100 100
 100 100 100 100 100 100 100 100 100 100 100 100 100 100 100 100 100 100
 100 100 100 100 100 100 100 100 100 100 100 100 100 100 100 100 100 100
 100 100 100 100 100 100 100 100 100 100 100 100 100 100 100 100 100 100
 100 100 100 100 100 100 100 100 100 100 100 100 100 100 100 100 100 100
 100 100 100 100 100 100 100 100 100 100 100 100 100 100 100 100 100 100
 100 100 100 100 100 100 100 100 100 100]
maxCov = 100
maxCovTime = [1.10073735e+09 1.10073743e+09 1.10073751e+09 1.10073758e+09
 1.10073766e+09 1.10073774e+09 1.10073782e+09 1.10073790e+09
 1.10073797e+09 1.10073805e+09 1.10073813e+09 1.10073821e+09
 1.10073829e+09 1.10073836e+09 1.10073844e+09 1.10073852e+09
 1.10073860e+09 1.10073867e+09 1.10073875e+09 1.10073883e+09
 1.10073891e+09 1.10073899e+09 1.10073906e+09 1.10073914e+09
 1.10073922e+09 1.10073930e+09 1.10073938e+09 1.10073945e+09
 1.10073953e+09 1.10073961e+09 1.10073969e+09 1.10073977e+09
 1.10073984e+09 1.10073992e+09 1.10074000e+09 1.10074008e+09
 1.10074016e+09 1.10074023e+09 1.10074031e+09 1.10074039e+09
 1.10074047e+09 1.10074055e+09 1.10074062e+09 1.10074070e+09
 1.10074078e+09 1.10074086e+09 1.10074093e+09 1.10074101e+09
 1.10074109e+09 1.10074117e+09 1.10074125e+09 1.10074132e+09
 1.10074140e+09 1.10074148e+09 1.10074156e+09 1.10074164e+09
 1.10074171e+09 1.10074179e+09 1.10074187e+09 1.10074195e+09
 1.10074203e+09 1.10074210e+09 1.10074218e+09 1.10074226e+09
 1.10074234e+09 1.10074242e+09 1.10074249e+09 1.10074257e+09
 1.10074265e+09 1.10074273e+09 1.10074281e+09 1.10074288e+09
 1.10074296e+09 1.10074304e+09 1.10074312e+09 1.10074319e+09
 1.10074327e+09 1.10074335e+09 1.10074343e+09 1.10074351e+09
 1.10074358e+09 1.10074366e+09 1.10074374e+09 1.10074382e+09
 1.10074390e+09 1.10074397e+09 1.10074405e+09 1.10074413e+09
 1.10074421e+09 1.10074429e+09 1.10074436e+09 1.10074444e+09
 1.10074452e+09 1.10074460e+09 1.10074468e+09 1.10074475e+09
 1.10074483e+09 1.10074491e+09 1.10074499e+09 1.10074507e+09
 1.10074514e+09 1.10074522e+09 1.10074530e+09 1.10074538e+09
 1.10074545e+09 1.10074553e+09 1.10074561e+09 1.10074569e+09
 1.10074577e+09 1.10074584e+09 1.10074592e+09 1.10074600e+09
 1.10074608e+09 1.10074616e+09 1.10074623e+09 1.10074631e+09
 1.10074639e+09 1.10074647e+09 1.10074655e+09 1.10074662e+09
 1.10074670e+09 1.10074678e+09 1.10074686e+09 1.10074694e+09
 1.10074701e+09 1.10074709e+09 1.10074717e+09 1.10074725e+09
 1.10074732e+09 1.10074740e+09 1.10074748e+09 1.10074756e+09
 1.10074764e+09 1.10074771e+09 1.10074779e+09 1.10074787e+09
 1.10074795e+09 1.10074803e+09 1.10074810e+09 1.10074818e+09
 1.10074826e+09 1.10074834e+09 1.10074842e+09 1.10074849e+09
 1.10074857e+09 1.10074865e+09 1.10074873e+09 1.10074881e+09
 1.10074888e+09 1.10074896e+09 1.10074904e+09 1.10074912e+09
 1.10074920e+09 1.10074927e+09 1.10074935e+09 1.10074943e+09
 1.10074951e+09 1.10074958e+09 1.10074966e+09 1.10074974e+09
 1.10074982e+09 1.10074990e+09 1.10074997e+09 1.10075005e+09
 1.10075013e+09 1.10075021e+09 1.10075029e+09 1.10075036e+09
 1.10075044e+09 1.10075052e+09 1.10075060e+09 1.10075068e+09
 1.10075075e+09 1.10075083e+09 1.10075091e+09 1.10075099e+09
 1.10075107e+09 1.10075114e+09 1.10075122e+09 1.10075130e+09
 1.10075138e+09 1.10075146e+09 1.10075153e+09 1.10075161e+09
 1.10075169e+09 1.10075177e+09 1.10075184e+09 1.10075192e+09
 1.10075200e+09 1.10075208e+09 1.10075216e+09 1.10075223e+09
 1.10075231e+09 1.10075239e+09 1.10075247e+09 1.10075255e+09
 1.10075262e+09 1.10075270e+09 1.10075278e+09 1.10075286e+09
 1.10075294e+09 1.10075301e+09 1.10075309e+09 1.10075317e+09
 1.10075325e+09 1.10075333e+09 1.10075340e+09 1.10075348e+09
 1.10075356e+09 1.10075364e+09 1.10075372e+09 1.10075379e+09
 1.10075387e+09 1.10075395e+09 1.10075403e+09 1.10075410e+09
 1.10075418e+09 1.10075426e+09 1.10075434e+09 1.10075442e+09
 1.10075449e+09 1.10075457e+09 1.10075465e+09 1.10075473e+09
 1.10075481e+09 1.10075488e+09 1.10075496e+09 1.10075504e+09
 1.10075512e+09 1.10075520e+09 1.10075527e+09 1.10075535e+09
 1.10075543e+09 1.10075551e+09 1.10075559e+09 1.10075566e+09
 1.10075574e+09 1.10075582e+09 1.10075590e+09 1.10075597e+09
 1.10075605e+09 1.10075613e+09 1.10075621e+09 1.10075629e+09
 1.10075636e+09 1.10075644e+09 1.10075652e+09 1.10075660e+09
 1.10075668e+09 1.10075675e+09 1.10075683e+09 1.10075691e+09
 1.10075699e+09 1.10075707e+09 1.10075714e+09 1.10075722e+09
 1.10075730e+09 1.10075738e+09 1.10075746e+09 1.10075753e+09
 1.10075761e+09 1.10075769e+09 1.10075777e+09 1.10075785e+09
 1.10075792e+09 1.10075800e+09 1.10075808e+09 1.10075816e+09
 1.10075823e+09 1.10075831e+09 1.10075839e+09 1.10075847e+09
 1.10075855e+09 1.10075862e+09 1.10075870e+09 1.10075878e+09
 1.10075886e+09 1.10075894e+09 1.10075901e+09 1.10075909e+09
 1.10075917e+09 1.10075925e+09 1.10075933e+09 1.10075940e+09
 1.10075948e+09 1.10075956e+09 1.10075964e+09 1.10075972e+09
 1.10075979e+09 1.10075987e+09 1.10075995e+09 1.10076003e+09
 1.10076011e+09 1.10076018e+09 1.10076026e+09 1.10076034e+09
 1.10076042e+09 1.10076049e+09 1.10076057e+09 1.10076065e+09
 1.10076073e+09 1.10076081e+09 1.10076088e+09 1.10076096e+09
 1.10076104e+09 1.10076112e+09 1.10076120e+09 1.10076127e+09
 1.10076135e+09 1.10076143e+09 1.10076151e+09 1.10076159e+09
 1.10076166e+09 1.10076174e+09 1.10076182e+09 1.10076190e+09
 1.10076198e+09 1.10076205e+09 1.10076213e+09 1.10076221e+09
 1.10076229e+09 1.10076237e+09 1.10076244e+09 1.10076252e+09
 1.10076260e+09 1.10076268e+09 1.10076275e+09 1.10076283e+09
 1.10076291e+09 1.10076299e+09 1.10076307e+09 1.10076314e+09
 1.10076322e+09 1.10076330e+09 1.10076338e+09 1.10076346e+09
 1.10076353e+09 1.10076361e+09 1.10076369e+09 1.10076377e+09
 1.10076385e+09 1.10076392e+09 1.10076400e+09 1.10076408e+09
 1.10076416e+09 1.10076424e+09 1.10076431e+09 1.10076439e+09
 1.10076447e+09 1.10076455e+09 1.10076462e+09 1.10076470e+09
 1.10076478e+09 1.10076486e+09 1.10076494e+09 1.10076501e+09
 1.10076509e+09 1.10076517e+09 1.10076525e+09 1.10076533e+09
 1.10076540e+09 1.10076548e+09 1.10076556e+09 1.10076564e+09
 1.10076572e+09 1.10076579e+09 1.10076587e+09 1.10076595e+09
 1.10076603e+09 1.10076611e+09 1.10076618e+09 1.10076626e+09
 1.10076634e+09 1.10076642e+09 1.10076650e+09 1.10076657e+09
 1.10076665e+09 1.10076673e+09 1.10076681e+09 1.10076688e+09
 1.10076696e+09 1.10076704e+09 1.10076712e+09 1.10076720e+09
 1.10076727e+09 1.10076735e+09 1.10076743e+09 1.10076751e+09
 1.10076759e+09 1.10076766e+09 1.10076774e+09 1.10076782e+09
 1.10076790e+09 1.10076798e+09 1.10076805e+09 1.10076813e+09
 1.10076821e+09 1.10076829e+09 1.10076837e+09 1.10076844e+09
 1.10076852e+09 1.10076860e+09 1.10076868e+09 1.10076876e+09
 1.10076883e+09 1.10076891e+09 1.10076899e+09 1.10076907e+09
 1.10076914e+09 1.10076922e+09 1.10076930e+09 1.10076938e+09
 1.10076946e+09 1.10076953e+09 1.10076961e+09 1.10076969e+09
 1.10076977e+09 1.10076985e+09 1.10076992e+09 1.10077000e+09
 1.10077008e+09 1.10077016e+09 1.10077024e+09 1.10077031e+09
 1.10077039e+09 1.10077047e+09 1.10077055e+09 1.10077063e+09
 1.10077070e+09 1.10077078e+09 1.10077086e+09 1.10077094e+09
 1.10077102e+09 1.10077109e+09 1.10077117e+09 1.10077125e+09
 1.10077133e+09 1.10077140e+09 1.10077148e+09 1.10077156e+09
 1.10077164e+09 1.10077172e+09 1.10077179e+09 1.10077187e+09
 1.10077195e+09 1.10077203e+09 1.10077211e+09 1.10077218e+09
 1.10077226e+09 1.10077234e+09 1.10077242e+09 1.10077250e+09
 1.10077257e+09 1.10077265e+09 1.10077273e+09 1.10077281e+09
 1.10077289e+09 1.10077296e+09 1.10077304e+09 1.10077312e+09
 1.10077320e+09 1.10077327e+09 1.10077335e+09 1.10077343e+09
 1.10077351e+09 1.10077359e+09 1.10077366e+09 1.10077374e+09
 1.10077382e+09 1.10077390e+09 1.10077398e+09 1.10077405e+09
 1.10077413e+09 1.10077421e+09 1.10077429e+09 1.10077437e+09
 1.10077444e+09 1.10077452e+09 1.10077460e+09 1.10077468e+09
 1.10077476e+09 1.10077483e+09 1.10077491e+09 1.10077499e+09
 1.10077507e+09 1.10077515e+09 1.10077522e+09 1.10077530e+09
 1.10077538e+09 1.10077546e+09 1.10077553e+09 1.10077561e+09
 1.10077569e+09 1.10077577e+09 1.10077585e+09 1.10077592e+09
 1.10077600e+09 1.10077608e+09 1.10077616e+09 1.10077624e+09
 1.10077631e+09 1.10077639e+09 1.10077647e+09 1.10077655e+09
 1.10077663e+09 1.10077670e+09 1.10077678e+09 1.10077686e+09
 1.10077694e+09 1.10077702e+09 1.10077709e+09 1.10077717e+09
 1.10077725e+09 1.10077733e+09 1.10077741e+09 1.10077748e+09
 1.10077756e+09 1.10077764e+09 1.10077772e+09 1.10077779e+09
 1.10077787e+09 1.10077795e+09 1.10077803e+09 1.10077811e+09
 1.10077818e+09 1.10077826e+09 1.10077834e+09 1.10077842e+09
 1.10077850e+09 1.10077857e+09 1.10077865e+09 1.10077873e+09
 1.10077881e+09 1.10077889e+09 1.10077896e+09 1.10077904e+09
 1.10077912e+09 1.10077920e+09 1.10077928e+09 1.10077935e+09
 1.10077943e+09 1.10077951e+09 1.10077959e+09 1.10077967e+09
 1.10077974e+09 1.10077982e+09 1.10077990e+09 1.10077998e+09
 1.10078005e+09 1.10078013e+09 1.10078021e+09 1.10078029e+09
 1.10078037e+09 1.10078044e+09 1.10078052e+09 1.10078060e+09
 1.10078068e+09 1.10078076e+09 1.10078083e+09 1.10078091e+09
 1.10078099e+09 1.10078107e+09 1.10078115e+09 1.10078122e+09
 1.10078130e+09 1.10078138e+09 1.10078146e+09 1.10078154e+09
 1.10078161e+09 1.10078169e+09 1.10078177e+09 1.10078185e+09
 1.10078192e+09 1.10078200e+09 1.10078208e+09 1.10078216e+09
 1.10078224e+09 1.10078231e+09 1.10078239e+09 1.10078247e+09
 1.10078255e+09 1.10078263e+09 1.10078270e+09 1.10078278e+09
 1.10078286e+09 1.10078294e+09 1.10078302e+09 1.10078309e+09
 1.10078317e+09 1.10078325e+09 1.10078333e+09 1.10078341e+09
 1.10078348e+09 1.10078356e+09 1.10078364e+09 1.10078372e+09
 1.10078380e+09 1.10078387e+09 1.10078395e+09 1.10078403e+09
 1.10078411e+09 1.10078418e+09 1.10078426e+09 1.10078434e+09
 1.10078442e+09 1.10078450e+09 1.10078457e+09 1.10078465e+09
 1.10078473e+09 1.10078481e+09 1.10078489e+09 1.10078496e+09
 1.10078504e+09 1.10078512e+09 1.10078520e+09 1.10078528e+09
 1.10078535e+09 1.10078543e+09 1.10078551e+09 1.10078559e+09
 1.10078567e+09 1.10078574e+09 1.10078582e+09 1.10078590e+09
 1.10078598e+09 1.10078606e+09 1.10078613e+09 1.10078621e+09
 1.10078629e+09 1.10078637e+09 1.10078644e+09 1.10078652e+09
 1.10078660e+09 1.10078668e+09 1.10078676e+09 1.10078683e+09
 1.10078691e+09 1.10078699e+09 1.10078707e+09 1.10078715e+09
 1.10078722e+09 1.10078730e+09 1.10078738e+09 1.10078746e+09
 1.10078754e+09 1.10078761e+09 1.10078769e+09 1.10078777e+09
 1.10078785e+09 1.10078793e+09 1.10078800e+09 1.10078808e+09
 1.10078816e+09 1.10078824e+09 1.10078832e+09 1.10078839e+09
 1.10078847e+09 1.10078855e+09 1.10078863e+09 1.10078870e+09
 1.10078878e+09 1.10078886e+09 1.10078894e+09 1.10078902e+09
 1.10078909e+09 1.10078917e+09 1.10078925e+09 1.10078933e+09
 1.10078941e+09 1.10078948e+09 1.10078956e+09 1.10078964e+09
 1.10078972e+09 1.10078980e+09 1.10078987e+09 1.10078995e+09
 1.10079003e+09 1.10079011e+09 1.10079019e+09 1.10079026e+09
 1.10079034e+09 1.10079042e+09 1.10079050e+09 1.10079057e+09
 1.10079065e+09 1.10079073e+09 1.10079081e+09 1.10079089e+09
 1.10079096e+09 1.10079104e+09 1.10079112e+09 1.10079120e+09
 1.10079128e+09 1.10079135e+09 1.10079143e+09 1.10079151e+09
 1.10079159e+09 1.10079167e+09 1.10079174e+09 1.10079182e+09
 1.10079190e+09 1.10079198e+09 1.10079206e+09 1.10079213e+09
 1.10079221e+09 1.10079229e+09 1.10079237e+09 1.10079245e+09
 1.10079252e+09 1.10079260e+09 1.10079268e+09 1.10079276e+09
 1.10079283e+09 1.10079291e+09 1.10079299e+09 1.10079307e+09
 1.10079315e+09 1.10079322e+09 1.10079330e+09 1.10079338e+09
 1.10079346e+09 1.10079354e+09 1.10079361e+09 1.10079369e+09
 1.10079377e+09 1.10079385e+09 1.10079393e+09 1.10079400e+09
 1.10079408e+09 1.10079416e+09 1.10079424e+09 1.10079432e+09
 1.10079439e+09 1.10079447e+09 1.10079455e+09 1.10079463e+09
 1.10079471e+09 1.10079478e+09 1.10079486e+09 1.10079494e+09
 1.10079502e+09 1.10079509e+09 1.10079517e+09 1.10079525e+09
 1.10079533e+09 1.10079541e+09 1.10079548e+09 1.10079556e+09
 1.10079564e+09 1.10079572e+09 1.10079580e+09 1.10079587e+09
 1.10079595e+09 1.10079603e+09 1.10079611e+09 1.10079619e+09
 1.10079626e+09 1.10079634e+09 1.10079642e+09 1.10079650e+09
 1.10079658e+09 1.10079665e+09 1.10079673e+09 1.10079681e+09
 1.10079689e+09 1.10079697e+09 1.10079704e+09 1.10079712e+09
 1.10079720e+09 1.10079728e+09 1.10079735e+09 1.10079743e+09
 1.10079751e+09 1.10079759e+09 1.10079767e+09 1.10079774e+09
 1.10079782e+09 1.10079790e+09 1.10079798e+09 1.10079806e+09
 1.10079813e+09 1.10079821e+09 1.10079829e+09 1.10079837e+09
 1.10079845e+09 1.10079852e+09 1.10079860e+09 1.10079868e+09
 1.10079876e+09 1.10079884e+09 1.10079891e+09 1.10079899e+09
 1.10079907e+09 1.10079915e+09 1.10079922e+09 1.10079930e+09
 1.10079938e+09 1.10079946e+09 1.10079954e+09 1.10079961e+09
 1.10079969e+09 1.10079977e+09 1.10079985e+09 1.10079993e+09
 1.10080000e+09 1.10080008e+09 1.10080016e+09 1.10080024e+09
 1.10080032e+09 1.10080039e+09 1.10080047e+09 1.10080055e+09
 1.10080063e+09 1.10080071e+09 1.10080078e+09 1.10080086e+09
 1.10080094e+09 1.10080102e+09 1.10080110e+09 1.10080117e+09
 1.10080125e+09 1.10080133e+09 1.10080141e+09 1.10080148e+09
 1.10080156e+09 1.10080164e+09 1.10080172e+09 1.10080180e+09
 1.10080187e+09 1.10080195e+09 1.10080203e+09 1.10080211e+09
 1.10080219e+09 1.10080226e+09 1.10080234e+09 1.10080242e+09
 1.10080250e+09 1.10080258e+09 1.10080265e+09 1.10080273e+09
 1.10080281e+09 1.10080289e+09 1.10080297e+09 1.10080304e+09
 1.10080312e+09 1.10080320e+09 1.10080328e+09 1.10080336e+09
 1.10080343e+09 1.10080351e+09 1.10080359e+09 1.10080367e+09
 1.10080374e+09 1.10080382e+09 1.10080390e+09 1.10080398e+09
 1.10080406e+09 1.10080413e+09 1.10080421e+09 1.10080429e+09
 1.10080437e+09 1.10080445e+09 1.10080452e+09 1.10080460e+09
 1.10080468e+09 1.10080476e+09 1.10080484e+09 1.10080491e+09
 1.10080499e+09 1.10080507e+09 1.10080515e+09 1.10080523e+09
 1.10080530e+09 1.10080538e+09 1.10080546e+09 1.10080554e+09
 1.10080562e+09 1.10080569e+09 1.10080577e+09 1.10080585e+09
 1.10080593e+09 1.10080600e+09 1.10080608e+09 1.10080616e+09
 1.10080624e+09 1.10080632e+09 1.10080639e+09 1.10080647e+09
 1.10080655e+09 1.10080663e+09 1.10080671e+09 1.10080678e+09
 1.10080686e+09 1.10080694e+09 1.10080702e+09 1.10080710e+09
 1.10080717e+09 1.10080725e+09 1.10080733e+09 1.10080741e+09
 1.10080749e+09 1.10080756e+09 1.10080764e+09 1.10080772e+09
 1.10080780e+09 1.10080787e+09 1.10080795e+09 1.10080803e+09
 1.10080811e+09 1.10080819e+09 1.10080826e+09 1.10080834e+09
 1.10080842e+09 1.10080850e+09 1.10080858e+09 1.10080865e+09
 1.10080873e+09 1.10080881e+09 1.10080889e+09 1.10080897e+09
 1.10080904e+09 1.10080912e+09 1.10080920e+09 1.10080928e+09
 1.10080936e+09 1.10080943e+09 1.10080951e+09 1.10080959e+09
 1.10080967e+09 1.10080975e+09 1.10080982e+09 1.10080990e+09
 1.10080998e+09 1.10081006e+09 1.10081013e+09 1.10081021e+09
 1.10081029e+09 1.10081037e+09 1.10081045e+09 1.10081052e+09
 1.10081060e+09 1.10081068e+09 1.10081076e+09 1.10081084e+09
 1.10081091e+09 1.10081099e+09 1.10081107e+09 1.10081115e+09
 1.10081123e+09 1.10081130e+09 1.10081138e+09 1.10081146e+09
 1.10081154e+09 1.10081162e+09 1.10081169e+09 1.10081177e+09
 1.10081185e+09 1.10081193e+09 1.10081201e+09 1.10081208e+09
 1.10081216e+09 1.10081224e+09 1.10081232e+09 1.10081239e+09
 1.10081247e+09 1.10081255e+09 1.10081263e+09 1.10081271e+09
 1.10081278e+09 1.10081286e+09 1.10081294e+09 1.10081302e+09
 1.10081310e+09 1.10081317e+09 1.10081325e+09 1.10081333e+09
 1.10081341e+09 1.10081349e+09 1.10081356e+09 1.10081364e+09
 1.10081372e+09 1.10081380e+09 1.10081388e+09 1.10081395e+09
 1.10081403e+09 1.10081411e+09 1.10081419e+09 1.10081427e+09
 1.10081434e+09 1.10081442e+09 1.10081450e+09 1.10081458e+09
 1.10081465e+09 1.10081473e+09 1.10081481e+09 1.10081489e+09
 1.10081497e+09 1.10081504e+09 1.10081512e+09 1.10081520e+09]
