name =JUICE_ROI_GAN_6_3_11
flyby = ['2034 JUN 05 18:53:51', '2034 JUN 06 18:53:51']
Observation TW = <SpiceCell dtype = 1, length = 0, size = 2400, card = 4, is_set = 1, adjust = 0, init = 1, base = 94389245320000, data = 94389245320048>
Res(t) = [0.25671717 0.25557517 0.25453056 0.25357571 0.25270392 0.25190931
 0.25118664 0.25053123 0.24993888 0.2494058  0.24892854 0.24850398
 0.24812925 0.24780172 0.24751899 0.24727882 0.24707915 0.24691806
 0.24679379 0.24670466 0.24664914 0.24662577 0.24663321 0.23887918
 0.23904391 0.23923134 0.23944065 0.23967107 0.23992184 0.24019227
 0.24048169 0.24078946 0.24111498 0.24145766 0.24181696 0.24219235
 0.24258332 0.24298939 0.24341011 0.24384504 0.24429374 0.24475581
 0.24523088 0.24571855 0.24621848 0.24673032 0.24725374 0.24778843
 0.24833407 0.24889036 0.24945704 0.25003382 0.25062043 0.25121663
 0.25182218 0.25243682 0.25306034 0.25369251 0.25433312 0.25498197
 0.25563885 0.25630358 0.25697596 0.25765582 0.25834297 0.25903726
 0.25973852 0.26044659 0.26116132 0.26188255 0.26261015 0.26334397
 0.26408388 0.26482975 0.26558144 0.26633884 0.26710182 0.26787027
 0.26864407 0.26942311 0.27020729 0.2709965  0.27179064 0.27258962
 0.27339333 0.27420168 0.27501458 0.27583195 0.27665369 0.27747973
 0.27830998 0.27914437 0.27998281 0.28082524 0.28167157 0.28252174
 0.28337568 0.28423332 0.28509459 0.28595943 0.28682778 0.28769957
 0.28857475 0.28945326 0.29033503 0.29122003 0.29210818 0.29299945
 0.29389377 0.2947911  0.29569138 0.29659458 0.29750064 0.29840951
 0.29932116 0.30023554 0.30115261 0.30207231 0.305672   0.30658948
 0.30750959 0.30843232 0.30935762 0.31028544 0.31121575 0.31214852
 0.3130837  0.31402126 0.31496117 0.31590339 0.31684788 0.31779462
 0.31874358 0.31969471 0.320648   0.32160341 0.3225609  0.32352046
 0.32448206 0.32544566 0.32641125 0.32737879 0.32834825 0.32931962
 0.33029287 0.33126797 0.33224491 0.33322365 0.33420418 0.33594753
 0.33694196 0.33793816 0.3389361  0.33993576 0.34093713 0.34194018
 0.3429449  0.34395126 0.34495925 0.34596885 0.34698004 0.34799281
 0.34900713 0.350023   0.35104039 0.35205929 0.35307968 0.35410155
 0.35512488 0.35614966 0.35546075 0.35644846 0.35743741 0.35842757
 0.35941894 0.3604115  0.36140524 0.36556364 0.36656633 0.36757015
 0.36857508 0.36958112 0.37058824 0.37159643 0.37260569 0.37361599
 0.37462732 0.37563968 0.37665304 0.3776674  0.37868275 0.37969907
 0.38071635 0.38173458 0.38275375 0.38377385 0.38479487 0.38581679
 0.38683961 0.38786332 0.3888879  0.38991335 0.39093966 0.39196681
 0.3929948  0.39402362 0.39505325 0.3960837  0.39711494 0.39814698
 0.39917981 0.4002134  0.40124777 0.40228289 0.40331877 0.40435538
 0.40539274 0.40643082 0.40746962 0.40850913 0.40954934 0.41059026
 0.41163186 0.41267415 0.41371712 0.41476075 0.41580505 0.41685001
 0.41789561 0.41894186 0.41998875 0.42103627 0.42208441 0.42313317
 0.42418255 0.42523253 0.42628312 0.4273343  0.42838607 0.42943843
 0.43049136 0.43154487 0.43259895 0.4336536  0.4347088  0.43576455
 0.43682086 0.43787771 0.43893509 0.43999302 0.44105147 0.44211044
 0.44316994 0.44422995 0.44529047 0.4463515  0.44741304 0.44847507
 0.4495376  0.45060061 0.45166411 0.4527281  0.45379256 0.4548575
 0.45592291 0.45698878 0.45805512 0.45912192 0.46018917 0.46125687
 0.46232503 0.46339362 0.46446266 0.46553214 0.46660205 0.4676724
 0.46874317 0.46981437 0.47088599 0.47195803 0.47303048 0.47410335
 0.47517662 0.47625031 0.47732439 0.47839888 0.47947377 0.48054905
 0.48162472 0.48270079 0.48377724 0.48485407 0.48593129 0.48700888
 0.48808685 0.4891652  0.49024392 0.491323   0.49240246 0.49348228
 0.49456246 0.495643   0.49672389 0.49780514 0.49888675 0.4999687
 0.50105101 0.50213366 0.50321665 0.50429999 0.50538366 0.50646767
 0.50755202 0.50863671 0.50972172 0.51080707 0.51189274 0.51297874
 0.51406506 0.51515171 0.51623867 0.51732596 0.51841356 0.51950148
 0.52058971 0.52167825 0.5227671  0.52385626 0.52494573 0.5260355
 0.52712558 0.52821596 0.52930664 0.53039762 0.53148889 0.53258046
 0.53367233 0.53476448 0.53585693 0.53694967 0.5380427  0.53913601
 0.54022961 0.5413235  0.54241767 0.54351212 0.54460685 0.54570185
 0.54679714 0.5478927  0.54898854 0.55008466 0.55118104 0.5522777
 0.55337463 0.55447182 0.55556929 0.55666702 0.55776502 0.55886328
 0.55996181 0.56106059 0.56215964 0.56325895 0.56435852 0.56545835
 0.56655844 0.56765878 0.56875937 0.56986023 0.57096133 0.57206269
 0.57316429 0.57426615 0.57536826 0.57647062 0.57757322 0.57867607
 0.57977917 0.58088251 0.5819861  0.58308993 0.584194   0.58529831
 0.58640287 0.58750766 0.5886127  0.58971797 0.59082348 0.59192923
 0.59303521 0.59414143 0.59524788 0.59635457 0.59746149 0.59856864
 0.59967603 0.60078364 0.60189149 0.60299956 0.60410787 0.6052164
 0.60632516 0.60743415 0.60854337 0.60965281 0.61076247 0.61187236
 0.61298248 0.61409282 0.61520338 0.61631416 0.61742517 0.61853639
 0.61964784 0.62075951 0.62187139 0.6229835  0.62409582 0.62520836
 0.62632112 0.6274341  0.62854729 0.62966069 0.63077432 0.63188816
 0.63300221 0.63411647 0.63523095 0.63634565 0.63746055 0.63857567
 0.639691   0.64080654 0.64192229 0.64303825 0.64415442 0.6452708
 0.64638739 0.64750419 0.6486212  0.64973842 0.65085584 0.65197347
 0.65309131 0.65420935 0.6553276  0.65644605 0.65756471 0.65868358
 0.65980265 0.66092192 0.6620414  0.66316109 0.66428097 0.66540106
 0.66652135 0.66764185 0.66876254 0.66988344 0.67100454 0.67212584
 0.67324734 0.67436904 0.67549095 0.67661305 0.67773535 0.67885785
 0.67998056 0.68110346 0.68222656 0.68334985 0.68447335 0.68559704
 0.68672094 0.68784502 0.68896931 0.6900938  0.69121848 0.69234335
 0.69346843 0.6945937  0.69571917 0.69684483 0.69797069 0.69909674
 0.70022299 0.70134943 0.70247607 0.7036029  0.70472993 0.70585715
 0.70698457 0.70811218 0.70923998 0.71036798 0.71149617 0.71262455
 0.71375313 0.7148819  0.71601087 0.71714002 0.71826937 0.71939891
 0.72052865 0.72165857 0.72278869 0.723919   0.7250495  0.72618019
 0.72731108 0.72844215 0.72957342 0.73070488 0.73183653 0.73296837
 0.7341004  0.73523262 0.73636503 0.73749764 0.73863043 0.73976342
 0.74089659 0.74202995 0.74316351 0.74429725 0.74543119 0.74656531
 0.74769963 0.74883413 0.74996883 0.75110371 0.75223878 0.75337404
 0.7545095  0.75564514 0.75678097 0.75791699 0.7590532  0.76018959
 0.76132618 0.76246296 0.76359992 0.76473708 0.76587442 0.76701195
 0.76814967 0.76928758 0.77042568 0.77156397 0.77270244 0.77384111
 0.77497996 0.776119   0.77725823 0.77839765 0.77953726 0.78067705
 0.78181704 0.78295721 0.78409757 0.78523812 0.78637886 0.78751979
 0.78866091 0.78980221 0.7909437  0.79208539 0.79322726 0.79436931
 0.79551156 0.796654   0.79779662 0.79893944 0.80008244 0.80122563
 0.80236901 0.80351258 0.80465633 0.80580028 0.80694441 0.80808873
 0.80923325 0.81037795 0.81152284 0.81266791 0.81381318 0.81495864
 0.81610428 0.81725012 0.81839614 0.81954235 0.82068875 0.82183535
 0.82298213 0.8241291  0.82527625 0.8264236  0.82757114 0.82871887
 0.82986679 0.83101489 0.83216319 0.83331168 0.83446035 0.83560922
 0.83675827 0.83790752 0.83905696 0.84020658 0.8413564  0.84250641
 0.8436566  0.84480699 0.84595757 0.84710834 0.8482593  0.84941045
 0.85056179 0.85171332 0.85286504 0.85401696 0.85516906 0.85632136
 0.85747385 0.85862653 0.8597794  0.86093246 0.86208572 0.86323916
 0.8643928  0.86554663 0.86670065 0.86785487 0.86900927 0.87016387
 0.87131866 0.87247365 0.87362882 0.87478419 0.87593976 0.87709551
 0.87825146 0.8794076  0.88056394 0.88172047 0.88287719 0.8840341
 0.88519121 0.88634852 0.88750602 0.88866371 0.88982159 0.89097967
 0.89213795 0.89329642 0.89445508 0.89561394 0.896773   0.89793225
 0.89909169 0.90025133 0.90141117 0.9025712  0.90373142 0.90489185
 0.90605247 0.90721328 0.90837429 0.9095355  0.91069691 0.91185851
 0.9130203  0.9141823  0.91534449 0.91650688 0.91766947 0.91883225
 0.91999524 0.92115842 0.92232179 0.92348537 0.92464915 0.92581312
 0.92697729 0.92814166 0.92930623 0.930471   0.93163597 0.93280114
 0.9339665  0.93513207 0.93629784 0.9374638  0.93862997 0.93979634
 0.9409629  0.94212967 0.94329664 0.94446381 0.94563118 0.94679876
 0.94796653 0.94913451 0.95030269 0.95147107 0.95263965 0.95380843
 0.95497742 0.95614661 0.957316   0.9584856  0.9596554  0.9608254
 0.96199561 0.96316602 0.96433663 0.96550745 0.96667847 0.9678497
 0.96902113 0.97019276 0.97136461 0.97253665 0.97370891 0.97488136
 0.97605403 0.9772269  0.97839997 0.97957326 0.98074674 0.98192044
 0.98309434 0.98426845 0.98544277 0.98661729 0.98779203 0.98896697
 0.99014212 0.99131747 0.99249304 0.99366881 0.9948448  0.99602099
 0.99719739 0.998374   0.99955083 1.00072786 1.0019051  1.00308255
 1.00426021 1.00543809 1.00661617 1.00779447 1.00897297 1.01015169
 1.01133062 1.01250977 1.01368912 1.01486869 1.01604847 1.01722847
 1.01840867 1.01958909 1.02076973 1.02195058 1.02313164 1.02431291
 1.02549441 1.02667611 1.02785803 1.02904017 1.03022252 1.03140509
 1.03258787 1.03377087 1.03495408 1.03613752 1.03732117 1.03850503
 1.03968912 1.04087342 1.04205794 1.04324267 1.04442763 1.0456128
 1.04679819 1.04798381 1.04916964 1.05035569 1.05154196 1.05272845
 1.05391516 1.05510209 1.05628924 1.05747661 1.0586642  1.05985202
 1.06104006 1.06222831 1.0634168  1.0646055  1.06579442 1.06698357
 1.06817295 1.06936254 1.07055236 1.0717424  1.07293267 1.07412316
 1.07531388 1.07650482 1.07769599 1.07888738 1.080079   1.08127084
 1.08246291 1.08365521 1.08484774 1.08604049 1.08723347 1.08842667
 1.08962011 1.09081377 1.09200766 1.09320178 1.09439613 1.09559071
 1.09678552 1.09798055 1.09917582 1.10037132 1.10156705 1.10276301
 1.1039592  1.10515562 1.10635228 1.10754916 1.10874628 1.10994364
 1.11114122 1.11233904 1.11353709 1.11473537 1.11593389 1.11713265
 1.11833164 1.11953086 1.12073032 1.12193001 1.12312994 1.12433011
 1.12553051 1.12673115 1.12793203 1.12913314 1.13033449 1.13153608
 1.13273791 1.13393997 1.13514228 1.13634482 1.13754761 1.13875063
 1.13995389 1.1411574  1.14236114 1.14356513 1.14476935 1.14597382
 1.14717853 1.14838348 1.14958868 1.15079411 1.1519998  1.15320572
 1.15441189 1.1556183  1.15682496 1.15803186 1.159239   1.1604464
 1.16165403 1.16286192 1.16407005 1.16527842 1.16648705 1.16769592
 1.16890504 1.1701144  1.17132402 1.17253388 1.173744   1.17495436
 1.17616497 1.17737583 1.17858694 1.17979831 1.18100992 1.18222178
 1.1834339  1.18464627 1.18585889 1.18707176 1.18828489 1.18949827
 1.1907119  1.19192579 1.19313993 1.19435433 1.19556898 1.19678389
 1.19799905 1.19921447 1.20043015 1.20164608 1.20286227 1.20407872
 1.20529543 1.20651239 1.20772961 1.2089471  1.21016484 1.21138284
 1.2126011  1.21381962 1.2150384  1.21625744 1.21747675 1.21869632
 1.21991614 1.22113624 1.22235659 1.22357721 1.22479809 1.22601924
 1.22724065 1.22846232 1.22968426 1.23090647 1.23212894 1.23335168
 1.23457469 1.23579796 1.2370215  1.23824531 1.23946938 1.24069373
 1.24191834 1.24314322 1.24436838 1.2455938  1.2468195  1.24804546
 1.2492717  1.25049821 1.25172499 1.25295204 1.25417937 1.25540696
 1.25663484 1.25786299 1.25909141 1.2603201  1.26154908 1.26277832
 1.26400785 1.26523765 1.26646773 1.26769808 1.26892872 1.27015963
 1.27139082 1.27262229 1.27385403 1.27508606 1.27631837 1.27755096
 1.27878383 1.28001698 1.28125042 1.28248413 1.28371813 1.28495241
 1.28618698 1.28742183 1.28865697 1.28989238 1.29112809 1.29236408
 1.29360036 1.29483692 1.29607377 1.29731091 1.29854833 1.29978605
 1.30102405 1.30226234 1.30350093 1.3047398 ]
t = [1.08646592e+09 1.08646596e+09 1.08646600e+09 1.08646604e+09
 1.08646608e+09 1.08646611e+09 1.08646615e+09 1.08646619e+09
 1.08646623e+09 1.08646627e+09 1.08646631e+09 1.08646635e+09
 1.08646639e+09 1.08646643e+09 1.08646647e+09 1.08646650e+09
 1.08646654e+09 1.08646658e+09 1.08646662e+09 1.08646666e+09
 1.08646670e+09 1.08646674e+09 1.08646678e+09 1.08646682e+09
 1.08646686e+09 1.08646689e+09 1.08646693e+09 1.08646697e+09
 1.08646701e+09 1.08646705e+09 1.08646709e+09 1.08646713e+09
 1.08646717e+09 1.08646721e+09 1.08646725e+09 1.08646728e+09
 1.08646732e+09 1.08646736e+09 1.08646740e+09 1.08646744e+09
 1.08646748e+09 1.08646752e+09 1.08646756e+09 1.08646760e+09
 1.08646764e+09 1.08646767e+09 1.08646771e+09 1.08646775e+09
 1.08646779e+09 1.08646783e+09 1.08646787e+09 1.08646791e+09
 1.08646795e+09 1.08646799e+09 1.08646803e+09 1.08646807e+09
 1.08646810e+09 1.08646814e+09 1.08646818e+09 1.08646822e+09
 1.08646826e+09 1.08646830e+09 1.08646834e+09 1.08646838e+09
 1.08646842e+09 1.08646846e+09 1.08646849e+09 1.08646853e+09
 1.08646857e+09 1.08646861e+09 1.08646865e+09 1.08646869e+09
 1.08646873e+09 1.08646877e+09 1.08646881e+09 1.08646885e+09
 1.08646888e+09 1.08646892e+09 1.08646896e+09 1.08646900e+09
 1.08646904e+09 1.08646908e+09 1.08646912e+09 1.08646916e+09
 1.08646920e+09 1.08646924e+09 1.08646927e+09 1.08646931e+09
 1.08646935e+09 1.08646939e+09 1.08646943e+09 1.08646947e+09
 1.08646951e+09 1.08646955e+09 1.08646959e+09 1.08646963e+09
 1.08646966e+09 1.08646970e+09 1.08646974e+09 1.08646978e+09
 1.08646982e+09 1.08646986e+09 1.08646990e+09 1.08646994e+09
 1.08646998e+09 1.08647002e+09 1.08647006e+09 1.08647009e+09
 1.08647013e+09 1.08647017e+09 1.08647021e+09 1.08647025e+09
 1.08647029e+09 1.08647033e+09 1.08647037e+09 1.08647041e+09
 1.08647045e+09 1.08647048e+09 1.08647052e+09 1.08647056e+09
 1.08647060e+09 1.08647064e+09 1.08647068e+09 1.08647072e+09
 1.08647076e+09 1.08647080e+09 1.08647084e+09 1.08647087e+09
 1.08647091e+09 1.08647095e+09 1.08647099e+09 1.08647103e+09
 1.08647107e+09 1.08647111e+09 1.08647115e+09 1.08647119e+09
 1.08647123e+09 1.08647126e+09 1.08647130e+09 1.08647134e+09
 1.08647138e+09 1.08647142e+09 1.08647146e+09 1.08647150e+09
 1.08647154e+09 1.08647158e+09 1.08647162e+09 1.08647165e+09
 1.08647169e+09 1.08647173e+09 1.08647177e+09 1.08647181e+09
 1.08647185e+09 1.08647189e+09 1.08647193e+09 1.08647197e+09
 1.08647201e+09 1.08647205e+09 1.08647208e+09 1.08647212e+09
 1.08647216e+09 1.08647220e+09 1.08647224e+09 1.08647228e+09
 1.08647232e+09 1.08647236e+09 1.08647240e+09 1.08647244e+09
 1.08647247e+09 1.08647251e+09 1.08647255e+09 1.08647259e+09
 1.08647263e+09 1.08647267e+09 1.08647271e+09 1.08647275e+09
 1.08647279e+09 1.08647283e+09 1.08647286e+09 1.08647290e+09
 1.08647294e+09 1.08647298e+09 1.08647302e+09 1.08647306e+09
 1.08647310e+09 1.08647314e+09 1.08647318e+09 1.08647322e+09
 1.08647325e+09 1.08647329e+09 1.08647333e+09 1.08647337e+09
 1.08647341e+09 1.08647345e+09 1.08647349e+09 1.08647353e+09
 1.08647357e+09 1.08647361e+09 1.08647364e+09 1.08647368e+09
 1.08647372e+09 1.08647376e+09 1.08647380e+09 1.08647384e+09
 1.08647388e+09 1.08647392e+09 1.08647396e+09 1.08647400e+09
 1.08647404e+09 1.08647407e+09 1.08647411e+09 1.08647415e+09
 1.08647419e+09 1.08647423e+09 1.08647427e+09 1.08647431e+09
 1.08647435e+09 1.08647439e+09 1.08647443e+09 1.08647446e+09
 1.08647450e+09 1.08647454e+09 1.08647458e+09 1.08647462e+09
 1.08647466e+09 1.08647470e+09 1.08647474e+09 1.08647478e+09
 1.08647482e+09 1.08647485e+09 1.08647489e+09 1.08647493e+09
 1.08647497e+09 1.08647501e+09 1.08647505e+09 1.08647509e+09
 1.08647513e+09 1.08647517e+09 1.08647521e+09 1.08647524e+09
 1.08647528e+09 1.08647532e+09 1.08647536e+09 1.08647540e+09
 1.08647544e+09 1.08647548e+09 1.08647552e+09 1.08647556e+09
 1.08647560e+09 1.08647563e+09 1.08647567e+09 1.08647571e+09
 1.08647575e+09 1.08647579e+09 1.08647583e+09 1.08647587e+09
 1.08647591e+09 1.08647595e+09 1.08647599e+09 1.08647603e+09
 1.08647606e+09 1.08647610e+09 1.08647614e+09 1.08647618e+09
 1.08647622e+09 1.08647626e+09 1.08647630e+09 1.08647634e+09
 1.08647638e+09 1.08647642e+09 1.08647645e+09 1.08647649e+09
 1.08647653e+09 1.08647657e+09 1.08647661e+09 1.08647665e+09
 1.08647669e+09 1.08647673e+09 1.08647677e+09 1.08647681e+09
 1.08647684e+09 1.08647688e+09 1.08647692e+09 1.08647696e+09
 1.08647700e+09 1.08647704e+09 1.08647708e+09 1.08647712e+09
 1.08647716e+09 1.08647720e+09 1.08647723e+09 1.08647727e+09
 1.08647731e+09 1.08647735e+09 1.08647739e+09 1.08647743e+09
 1.08647747e+09 1.08647751e+09 1.08647755e+09 1.08647759e+09
 1.08647763e+09 1.08647766e+09 1.08647770e+09 1.08647774e+09
 1.08647778e+09 1.08647782e+09 1.08647786e+09 1.08647790e+09
 1.08647794e+09 1.08647798e+09 1.08647802e+09 1.08647805e+09
 1.08647809e+09 1.08647813e+09 1.08647817e+09 1.08647821e+09
 1.08647825e+09 1.08647829e+09 1.08647833e+09 1.08647837e+09
 1.08647841e+09 1.08647844e+09 1.08647848e+09 1.08647852e+09
 1.08647856e+09 1.08647860e+09 1.08647864e+09 1.08647868e+09
 1.08647872e+09 1.08647876e+09 1.08647880e+09 1.08647883e+09
 1.08647887e+09 1.08647891e+09 1.08647895e+09 1.08647899e+09
 1.08647903e+09 1.08647907e+09 1.08647911e+09 1.08647915e+09
 1.08647919e+09 1.08647922e+09 1.08647926e+09 1.08647930e+09
 1.08647934e+09 1.08647938e+09 1.08647942e+09 1.08647946e+09
 1.08647950e+09 1.08647954e+09 1.08647958e+09 1.08647962e+09
 1.08647965e+09 1.08647969e+09 1.08647973e+09 1.08647977e+09
 1.08647981e+09 1.08647985e+09 1.08647989e+09 1.08647993e+09
 1.08647997e+09 1.08648001e+09 1.08648004e+09 1.08648008e+09
 1.08648012e+09 1.08648016e+09 1.08648020e+09 1.08648024e+09
 1.08648028e+09 1.08648032e+09 1.08648036e+09 1.08648040e+09
 1.08648043e+09 1.08648047e+09 1.08648051e+09 1.08648055e+09
 1.08648059e+09 1.08648063e+09 1.08648067e+09 1.08648071e+09
 1.08648075e+09 1.08648079e+09 1.08648082e+09 1.08648086e+09
 1.08648090e+09 1.08648094e+09 1.08648098e+09 1.08648102e+09
 1.08648106e+09 1.08648110e+09 1.08648114e+09 1.08648118e+09
 1.08648121e+09 1.08648125e+09 1.08648129e+09 1.08648133e+09
 1.08648137e+09 1.08648141e+09 1.08648145e+09 1.08648149e+09
 1.08648153e+09 1.08648157e+09 1.08648161e+09 1.08648164e+09
 1.08648168e+09 1.08648172e+09 1.08648176e+09 1.08648180e+09
 1.08648184e+09 1.08648188e+09 1.08648192e+09 1.08648196e+09
 1.08648200e+09 1.08648203e+09 1.08648207e+09 1.08648211e+09
 1.08648215e+09 1.08648219e+09 1.08648223e+09 1.08648227e+09
 1.08648231e+09 1.08648235e+09 1.08648239e+09 1.08648242e+09
 1.08648246e+09 1.08648250e+09 1.08648254e+09 1.08648258e+09
 1.08648262e+09 1.08648266e+09 1.08648270e+09 1.08648274e+09
 1.08648278e+09 1.08648281e+09 1.08648285e+09 1.08648289e+09
 1.08648293e+09 1.08648297e+09 1.08648301e+09 1.08648305e+09
 1.08648309e+09 1.08648313e+09 1.08648317e+09 1.08648320e+09
 1.08648324e+09 1.08648328e+09 1.08648332e+09 1.08648336e+09
 1.08648340e+09 1.08648344e+09 1.08648348e+09 1.08648352e+09
 1.08648356e+09 1.08648360e+09 1.08648363e+09 1.08648367e+09
 1.08648371e+09 1.08648375e+09 1.08648379e+09 1.08648383e+09
 1.08648387e+09 1.08648391e+09 1.08648395e+09 1.08648399e+09
 1.08648402e+09 1.08648406e+09 1.08648410e+09 1.08648414e+09
 1.08648418e+09 1.08648422e+09 1.08648426e+09 1.08648430e+09
 1.08648434e+09 1.08648438e+09 1.08648441e+09 1.08648445e+09
 1.08648449e+09 1.08648453e+09 1.08648457e+09 1.08648461e+09
 1.08648465e+09 1.08648469e+09 1.08648473e+09 1.08648477e+09
 1.08648480e+09 1.08648484e+09 1.08648488e+09 1.08648492e+09
 1.08648496e+09 1.08648500e+09 1.08648504e+09 1.08648508e+09
 1.08648512e+09 1.08648516e+09 1.08648519e+09 1.08648523e+09
 1.08648527e+09 1.08648531e+09 1.08648535e+09 1.08648539e+09
 1.08648543e+09 1.08648547e+09 1.08648551e+09 1.08648555e+09
 1.08648559e+09 1.08648562e+09 1.08648566e+09 1.08648570e+09
 1.08648574e+09 1.08648578e+09 1.08648582e+09 1.08648586e+09
 1.08648590e+09 1.08648594e+09 1.08648598e+09 1.08648601e+09
 1.08648605e+09 1.08648609e+09 1.08648613e+09 1.08648617e+09
 1.08648621e+09 1.08648625e+09 1.08648629e+09 1.08648633e+09
 1.08648637e+09 1.08648640e+09 1.08648644e+09 1.08648648e+09
 1.08648652e+09 1.08648656e+09 1.08648660e+09 1.08648664e+09
 1.08648668e+09 1.08648672e+09 1.08648676e+09 1.08648679e+09
 1.08648683e+09 1.08648687e+09 1.08648691e+09 1.08648695e+09
 1.08648699e+09 1.08648703e+09 1.08648707e+09 1.08648711e+09
 1.08648715e+09 1.08648718e+09 1.08648722e+09 1.08648726e+09
 1.08648730e+09 1.08648734e+09 1.08648738e+09 1.08648742e+09
 1.08648746e+09 1.08648750e+09 1.08648754e+09 1.08648758e+09
 1.08648761e+09 1.08648765e+09 1.08648769e+09 1.08648773e+09
 1.08648777e+09 1.08648781e+09 1.08648785e+09 1.08648789e+09
 1.08648793e+09 1.08648797e+09 1.08648800e+09 1.08648804e+09
 1.08648808e+09 1.08648812e+09 1.08648816e+09 1.08648820e+09
 1.08648824e+09 1.08648828e+09 1.08648832e+09 1.08648836e+09
 1.08648839e+09 1.08648843e+09 1.08648847e+09 1.08648851e+09
 1.08648855e+09 1.08648859e+09 1.08648863e+09 1.08648867e+09
 1.08648871e+09 1.08648875e+09 1.08648878e+09 1.08648882e+09
 1.08648886e+09 1.08648890e+09 1.08648894e+09 1.08648898e+09
 1.08648902e+09 1.08648906e+09 1.08648910e+09 1.08648914e+09
 1.08648918e+09 1.08648921e+09 1.08648925e+09 1.08648929e+09
 1.08648933e+09 1.08648937e+09 1.08648941e+09 1.08648945e+09
 1.08648949e+09 1.08648953e+09 1.08648957e+09 1.08648960e+09
 1.08648964e+09 1.08648968e+09 1.08648972e+09 1.08648976e+09
 1.08648980e+09 1.08648984e+09 1.08648988e+09 1.08648992e+09
 1.08648996e+09 1.08648999e+09 1.08649003e+09 1.08649007e+09
 1.08649011e+09 1.08649015e+09 1.08649019e+09 1.08649023e+09
 1.08649027e+09 1.08649031e+09 1.08649035e+09 1.08649038e+09
 1.08649042e+09 1.08649046e+09 1.08649050e+09 1.08649054e+09
 1.08649058e+09 1.08649062e+09 1.08649066e+09 1.08649070e+09
 1.08649074e+09 1.08649077e+09 1.08649081e+09 1.08649085e+09
 1.08649089e+09 1.08649093e+09 1.08649097e+09 1.08649101e+09
 1.08649105e+09 1.08649109e+09 1.08649113e+09 1.08649117e+09
 1.08649120e+09 1.08649124e+09 1.08649128e+09 1.08649132e+09
 1.08649136e+09 1.08649140e+09 1.08649144e+09 1.08649148e+09
 1.08649152e+09 1.08649156e+09 1.08649159e+09 1.08649163e+09
 1.08649167e+09 1.08649171e+09 1.08649175e+09 1.08649179e+09
 1.08649183e+09 1.08649187e+09 1.08649191e+09 1.08649195e+09
 1.08649198e+09 1.08649202e+09 1.08649206e+09 1.08649210e+09
 1.08649214e+09 1.08649218e+09 1.08649222e+09 1.08649226e+09
 1.08649230e+09 1.08649234e+09 1.08649237e+09 1.08649241e+09
 1.08649245e+09 1.08649249e+09 1.08649253e+09 1.08649257e+09
 1.08649261e+09 1.08649265e+09 1.08649269e+09 1.08649273e+09
 1.08649276e+09 1.08649280e+09 1.08649284e+09 1.08649288e+09
 1.08649292e+09 1.08649296e+09 1.08649300e+09 1.08649304e+09
 1.08649308e+09 1.08649312e+09 1.08649316e+09 1.08649319e+09
 1.08649323e+09 1.08649327e+09 1.08649331e+09 1.08649335e+09
 1.08649339e+09 1.08649343e+09 1.08649347e+09 1.08649351e+09
 1.08649355e+09 1.08649358e+09 1.08649362e+09 1.08649366e+09
 1.08649370e+09 1.08649374e+09 1.08649378e+09 1.08649382e+09
 1.08649386e+09 1.08649390e+09 1.08649394e+09 1.08649397e+09
 1.08649401e+09 1.08649405e+09 1.08649409e+09 1.08649413e+09
 1.08649417e+09 1.08649421e+09 1.08649425e+09 1.08649429e+09
 1.08649433e+09 1.08649436e+09 1.08649440e+09 1.08649444e+09
 1.08649448e+09 1.08649452e+09 1.08649456e+09 1.08649460e+09
 1.08649464e+09 1.08649468e+09 1.08649472e+09 1.08649475e+09
 1.08649479e+09 1.08649483e+09 1.08649487e+09 1.08649491e+09
 1.08649495e+09 1.08649499e+09 1.08649503e+09 1.08649507e+09
 1.08649511e+09 1.08649515e+09 1.08649518e+09 1.08649522e+09
 1.08649526e+09 1.08649530e+09 1.08649534e+09 1.08649538e+09
 1.08649542e+09 1.08649546e+09 1.08649550e+09 1.08649554e+09
 1.08649557e+09 1.08649561e+09 1.08649565e+09 1.08649569e+09
 1.08649573e+09 1.08649577e+09 1.08649581e+09 1.08649585e+09
 1.08649589e+09 1.08649593e+09 1.08649596e+09 1.08649600e+09
 1.08649604e+09 1.08649608e+09 1.08649612e+09 1.08649616e+09
 1.08649620e+09 1.08649624e+09 1.08649628e+09 1.08649632e+09
 1.08649635e+09 1.08649639e+09 1.08649643e+09 1.08649647e+09
 1.08649651e+09 1.08649655e+09 1.08649659e+09 1.08649663e+09
 1.08649667e+09 1.08649671e+09 1.08649674e+09 1.08649678e+09
 1.08649682e+09 1.08649686e+09 1.08649690e+09 1.08649694e+09
 1.08649698e+09 1.08649702e+09 1.08649706e+09 1.08649710e+09
 1.08649714e+09 1.08649717e+09 1.08649721e+09 1.08649725e+09
 1.08649729e+09 1.08649733e+09 1.08649737e+09 1.08649741e+09
 1.08649745e+09 1.08649749e+09 1.08649753e+09 1.08649756e+09
 1.08649760e+09 1.08649764e+09 1.08649768e+09 1.08649772e+09
 1.08649776e+09 1.08649780e+09 1.08649784e+09 1.08649788e+09
 1.08649792e+09 1.08649795e+09 1.08649799e+09 1.08649803e+09
 1.08649807e+09 1.08649811e+09 1.08649815e+09 1.08649819e+09
 1.08649823e+09 1.08649827e+09 1.08649831e+09 1.08649834e+09
 1.08649838e+09 1.08649842e+09 1.08649846e+09 1.08649850e+09
 1.08649854e+09 1.08649858e+09 1.08649862e+09 1.08649866e+09
 1.08649870e+09 1.08649873e+09 1.08649877e+09 1.08649881e+09
 1.08649885e+09 1.08649889e+09 1.08649893e+09 1.08649897e+09
 1.08649901e+09 1.08649905e+09 1.08649909e+09 1.08649913e+09
 1.08649916e+09 1.08649920e+09 1.08649924e+09 1.08649928e+09
 1.08649932e+09 1.08649936e+09 1.08649940e+09 1.08649944e+09
 1.08649948e+09 1.08649952e+09 1.08649955e+09 1.08649959e+09
 1.08649963e+09 1.08649967e+09 1.08649971e+09 1.08649975e+09
 1.08649979e+09 1.08649983e+09 1.08649987e+09 1.08649991e+09
 1.08649994e+09 1.08649998e+09 1.08650002e+09 1.08650006e+09
 1.08650010e+09 1.08650014e+09 1.08650018e+09 1.08650022e+09
 1.08650026e+09 1.08650030e+09 1.08650033e+09 1.08650037e+09
 1.08650041e+09 1.08650045e+09 1.08650049e+09 1.08650053e+09
 1.08650057e+09 1.08650061e+09 1.08650065e+09 1.08650069e+09
 1.08650073e+09 1.08650076e+09 1.08650080e+09 1.08650084e+09
 1.08650088e+09 1.08650092e+09 1.08650096e+09 1.08650100e+09
 1.08650104e+09 1.08650108e+09 1.08650112e+09 1.08650115e+09
 1.08650119e+09 1.08650123e+09 1.08650127e+09 1.08650131e+09
 1.08650135e+09 1.08650139e+09 1.08650143e+09 1.08650147e+09
 1.08650151e+09 1.08650154e+09 1.08650158e+09 1.08650162e+09
 1.08650166e+09 1.08650170e+09 1.08650174e+09 1.08650178e+09
 1.08650182e+09 1.08650186e+09 1.08650190e+09 1.08650193e+09
 1.08650197e+09 1.08650201e+09 1.08650205e+09 1.08650209e+09
 1.08650213e+09 1.08650217e+09 1.08650221e+09 1.08650225e+09
 1.08650229e+09 1.08650232e+09 1.08650236e+09 1.08650240e+09
 1.08650244e+09 1.08650248e+09 1.08650252e+09 1.08650256e+09
 1.08650260e+09 1.08650264e+09 1.08650268e+09 1.08650272e+09
 1.08650275e+09 1.08650279e+09 1.08650283e+09 1.08650287e+09
 1.08650291e+09 1.08650295e+09 1.08650299e+09 1.08650303e+09
 1.08650307e+09 1.08650311e+09 1.08650314e+09 1.08650318e+09
 1.08650322e+09 1.08650326e+09 1.08650330e+09 1.08650334e+09
 1.08650338e+09 1.08650342e+09 1.08650346e+09 1.08650350e+09
 1.08650353e+09 1.08650357e+09 1.08650361e+09 1.08650365e+09
 1.08650369e+09 1.08650373e+09 1.08650377e+09 1.08650381e+09
 1.08650385e+09 1.08650389e+09 1.08650392e+09 1.08650396e+09
 1.08650400e+09 1.08650404e+09 1.08650408e+09 1.08650412e+09
 1.08650416e+09 1.08650420e+09 1.08650424e+09 1.08650428e+09
 1.08650431e+09 1.08650435e+09 1.08650439e+09 1.08650443e+09
 1.08650447e+09 1.08650451e+09 1.08650455e+09 1.08650459e+09
 1.08650463e+09 1.08650467e+09 1.08650471e+09 1.08650474e+09
 1.08650478e+09 1.08650482e+09 1.08650486e+09 1.08650490e+09]
minRes = 0.2388791815167326
minResTime = [1.08646682e+09]
Cov(t) = [100 100 100 100 100 100 100 100 100 100 100 100 100 100 100 100 100 100
 100 100 100 100 100 100 100 100 100 100 100 100 100 100 100 100 100 100
 100 100 100 100 100 100 100 100 100 100 100 100 100 100 100 100 100 100
 100 100 100 100 100 100 100 100 100 100 100 100 100 100 100 100 100 100
 100 100 100 100 100 100 100 100 100 100 100 100 100 100 100 100 100 100
 100 100 100 100 100 100 100 100 100 100 100 100 100 100 100 100 100 100
 100 100 100 100 100 100 100 100 100 100 100 100 100 100 100 100 100 100
 100 100 100 100 100 100 100 100 100 100 100 100 100 100 100 100 100 100
 100 100 100 100 100 100 100 100 100 100 100 100 100 100 100 100 100 100
 100 100 100 100 100 100 100 100 100 100 100 100 100 100 100 100 100 100
 100 100 100 100 100 100 100 100 100 100 100 100 100 100 100 100 100 100
 100 100 100 100 100 100 100 100 100 100 100 100 100 100 100 100 100 100
 100 100 100 100 100 100 100 100 100 100 100 100 100 100 100 100 100 100
 100 100 100 100 100 100 100 100 100 100 100 100 100 100 100 100 100 100
 100 100 100 100 100 100 100 100 100 100 100 100 100 100 100 100 100 100
 100 100 100 100 100 100 100 100 100 100 100 100 100 100 100 100 100 100
 100 100 100 100 100 100 100 100 100 100 100 100 100 100 100 100 100 100
 100 100 100 100 100 100 100 100 100 100 100 100 100 100 100 100 100 100
 100 100 100 100 100 100 100 100 100 100 100 100 100 100 100 100 100 100
 100 100 100 100 100 100 100 100 100 100 100 100 100 100 100 100 100 100
 100 100 100 100 100 100 100 100 100 100 100 100 100 100 100 100 100 100
 100 100 100 100 100 100 100 100 100 100 100 100 100 100 100 100 100 100
 100 100 100 100 100 100 100 100 100 100 100 100 100 100 100 100 100 100
 100 100 100 100 100 100 100 100 100 100 100 100 100 100 100 100 100 100
 100 100 100 100 100 100 100 100 100 100 100 100 100 100 100 100 100 100
 100 100 100 100 100 100 100 100 100 100 100 100 100 100 100 100 100 100
 100 100 100 100 100 100 100 100 100 100 100 100 100 100 100 100 100 100
 100 100 100 100 100 100 100 100 100 100 100 100 100 100 100 100 100 100
 100 100 100 100 100 100 100 100 100 100 100 100 100 100 100 100 100 100
 100 100 100 100 100 100 100 100 100 100 100 100 100 100 100 100 100 100
 100 100 100 100 100 100 100 100 100 100 100 100 100 100 100 100 100 100
 100 100 100 100 100 100 100 100 100 100 100 100 100 100 100 100 100 100
 100 100 100 100 100 100 100 100 100 100 100 100 100 100 100 100 100 100
 100 100 100 100 100 100 100 100 100 100 100 100 100 100 100 100 100 100
 100 100 100 100 100 100 100 100 100 100 100 100 100 100 100 100 100 100
 100 100 100 100 100 100 100 100 100 100 100 100 100 100 100 100 100 100
 100 100 100 100 100 100 100 100 100 100 100 100 100 100 100 100 100 100
 100 100 100 100 100 100 100 100 100 100 100 100 100 100 100 100 100 100
 100 100 100 100 100 100 100 100 100 100 100 100 100 100 100 100 100 100
 100 100 100 100 100 100 100 100 100 100 100 100 100 100 100 100 100 100
 100 100 100 100 100 100 100 100 100 100 100 100 100 100 100 100 100 100
 100 100 100 100 100 100 100 100 100 100 100 100 100 100 100 100 100 100
 100 100 100 100 100 100 100 100 100 100 100 100 100 100 100 100 100 100
 100 100 100 100 100 100 100 100 100 100 100 100 100 100 100 100 100 100
 100 100 100 100 100 100 100 100 100 100 100 100 100 100 100 100 100 100
 100 100 100 100 100 100 100 100 100 100 100 100 100 100 100 100 100 100
 100 100 100 100 100 100 100 100 100 100 100 100 100 100 100 100 100 100
 100 100 100 100 100 100 100 100 100 100 100 100 100 100 100 100 100 100
 100 100 100 100 100 100 100 100 100 100 100 100 100 100 100 100 100 100
 100 100 100 100 100 100 100 100 100 100 100 100 100 100 100 100 100 100
 100 100 100 100 100 100 100 100 100 100 100 100 100 100 100 100 100 100
 100 100 100 100 100 100 100 100 100 100 100 100 100 100 100 100 100 100
 100 100 100 100 100 100 100 100 100 100 100 100 100 100 100 100 100 100
 100 100 100 100 100 100 100 100 100 100 100 100 100 100 100 100 100 100
 100 100 100 100 100 100 100 100 100 100 100 100 100 100 100 100 100 100
 100 100 100 100 100 100 100 100 100 100]
maxCov = 100
maxCovTime = [1.08646592e+09 1.08646596e+09 1.08646600e+09 1.08646604e+09
 1.08646608e+09 1.08646611e+09 1.08646615e+09 1.08646619e+09
 1.08646623e+09 1.08646627e+09 1.08646631e+09 1.08646635e+09
 1.08646639e+09 1.08646643e+09 1.08646647e+09 1.08646650e+09
 1.08646654e+09 1.08646658e+09 1.08646662e+09 1.08646666e+09
 1.08646670e+09 1.08646674e+09 1.08646678e+09 1.08646682e+09
 1.08646686e+09 1.08646689e+09 1.08646693e+09 1.08646697e+09
 1.08646701e+09 1.08646705e+09 1.08646709e+09 1.08646713e+09
 1.08646717e+09 1.08646721e+09 1.08646725e+09 1.08646728e+09
 1.08646732e+09 1.08646736e+09 1.08646740e+09 1.08646744e+09
 1.08646748e+09 1.08646752e+09 1.08646756e+09 1.08646760e+09
 1.08646764e+09 1.08646767e+09 1.08646771e+09 1.08646775e+09
 1.08646779e+09 1.08646783e+09 1.08646787e+09 1.08646791e+09
 1.08646795e+09 1.08646799e+09 1.08646803e+09 1.08646807e+09
 1.08646810e+09 1.08646814e+09 1.08646818e+09 1.08646822e+09
 1.08646826e+09 1.08646830e+09 1.08646834e+09 1.08646838e+09
 1.08646842e+09 1.08646846e+09 1.08646849e+09 1.08646853e+09
 1.08646857e+09 1.08646861e+09 1.08646865e+09 1.08646869e+09
 1.08646873e+09 1.08646877e+09 1.08646881e+09 1.08646885e+09
 1.08646888e+09 1.08646892e+09 1.08646896e+09 1.08646900e+09
 1.08646904e+09 1.08646908e+09 1.08646912e+09 1.08646916e+09
 1.08646920e+09 1.08646924e+09 1.08646927e+09 1.08646931e+09
 1.08646935e+09 1.08646939e+09 1.08646943e+09 1.08646947e+09
 1.08646951e+09 1.08646955e+09 1.08646959e+09 1.08646963e+09
 1.08646966e+09 1.08646970e+09 1.08646974e+09 1.08646978e+09
 1.08646982e+09 1.08646986e+09 1.08646990e+09 1.08646994e+09
 1.08646998e+09 1.08647002e+09 1.08647006e+09 1.08647009e+09
 1.08647013e+09 1.08647017e+09 1.08647021e+09 1.08647025e+09
 1.08647029e+09 1.08647033e+09 1.08647037e+09 1.08647041e+09
 1.08647045e+09 1.08647048e+09 1.08647052e+09 1.08647056e+09
 1.08647060e+09 1.08647064e+09 1.08647068e+09 1.08647072e+09
 1.08647076e+09 1.08647080e+09 1.08647084e+09 1.08647087e+09
 1.08647091e+09 1.08647095e+09 1.08647099e+09 1.08647103e+09
 1.08647107e+09 1.08647111e+09 1.08647115e+09 1.08647119e+09
 1.08647123e+09 1.08647126e+09 1.08647130e+09 1.08647134e+09
 1.08647138e+09 1.08647142e+09 1.08647146e+09 1.08647150e+09
 1.08647154e+09 1.08647158e+09 1.08647162e+09 1.08647165e+09
 1.08647169e+09 1.08647173e+09 1.08647177e+09 1.08647181e+09
 1.08647185e+09 1.08647189e+09 1.08647193e+09 1.08647197e+09
 1.08647201e+09 1.08647205e+09 1.08647208e+09 1.08647212e+09
 1.08647216e+09 1.08647220e+09 1.08647224e+09 1.08647228e+09
 1.08647232e+09 1.08647236e+09 1.08647240e+09 1.08647244e+09
 1.08647247e+09 1.08647251e+09 1.08647255e+09 1.08647259e+09
 1.08647263e+09 1.08647267e+09 1.08647271e+09 1.08647275e+09
 1.08647279e+09 1.08647283e+09 1.08647286e+09 1.08647290e+09
 1.08647294e+09 1.08647298e+09 1.08647302e+09 1.08647306e+09
 1.08647310e+09 1.08647314e+09 1.08647318e+09 1.08647322e+09
 1.08647325e+09 1.08647329e+09 1.08647333e+09 1.08647337e+09
 1.08647341e+09 1.08647345e+09 1.08647349e+09 1.08647353e+09
 1.08647357e+09 1.08647361e+09 1.08647364e+09 1.08647368e+09
 1.08647372e+09 1.08647376e+09 1.08647380e+09 1.08647384e+09
 1.08647388e+09 1.08647392e+09 1.08647396e+09 1.08647400e+09
 1.08647404e+09 1.08647407e+09 1.08647411e+09 1.08647415e+09
 1.08647419e+09 1.08647423e+09 1.08647427e+09 1.08647431e+09
 1.08647435e+09 1.08647439e+09 1.08647443e+09 1.08647446e+09
 1.08647450e+09 1.08647454e+09 1.08647458e+09 1.08647462e+09
 1.08647466e+09 1.08647470e+09 1.08647474e+09 1.08647478e+09
 1.08647482e+09 1.08647485e+09 1.08647489e+09 1.08647493e+09
 1.08647497e+09 1.08647501e+09 1.08647505e+09 1.08647509e+09
 1.08647513e+09 1.08647517e+09 1.08647521e+09 1.08647524e+09
 1.08647528e+09 1.08647532e+09 1.08647536e+09 1.08647540e+09
 1.08647544e+09 1.08647548e+09 1.08647552e+09 1.08647556e+09
 1.08647560e+09 1.08647563e+09 1.08647567e+09 1.08647571e+09
 1.08647575e+09 1.08647579e+09 1.08647583e+09 1.08647587e+09
 1.08647591e+09 1.08647595e+09 1.08647599e+09 1.08647603e+09
 1.08647606e+09 1.08647610e+09 1.08647614e+09 1.08647618e+09
 1.08647622e+09 1.08647626e+09 1.08647630e+09 1.08647634e+09
 1.08647638e+09 1.08647642e+09 1.08647645e+09 1.08647649e+09
 1.08647653e+09 1.08647657e+09 1.08647661e+09 1.08647665e+09
 1.08647669e+09 1.08647673e+09 1.08647677e+09 1.08647681e+09
 1.08647684e+09 1.08647688e+09 1.08647692e+09 1.08647696e+09
 1.08647700e+09 1.08647704e+09 1.08647708e+09 1.08647712e+09
 1.08647716e+09 1.08647720e+09 1.08647723e+09 1.08647727e+09
 1.08647731e+09 1.08647735e+09 1.08647739e+09 1.08647743e+09
 1.08647747e+09 1.08647751e+09 1.08647755e+09 1.08647759e+09
 1.08647763e+09 1.08647766e+09 1.08647770e+09 1.08647774e+09
 1.08647778e+09 1.08647782e+09 1.08647786e+09 1.08647790e+09
 1.08647794e+09 1.08647798e+09 1.08647802e+09 1.08647805e+09
 1.08647809e+09 1.08647813e+09 1.08647817e+09 1.08647821e+09
 1.08647825e+09 1.08647829e+09 1.08647833e+09 1.08647837e+09
 1.08647841e+09 1.08647844e+09 1.08647848e+09 1.08647852e+09
 1.08647856e+09 1.08647860e+09 1.08647864e+09 1.08647868e+09
 1.08647872e+09 1.08647876e+09 1.08647880e+09 1.08647883e+09
 1.08647887e+09 1.08647891e+09 1.08647895e+09 1.08647899e+09
 1.08647903e+09 1.08647907e+09 1.08647911e+09 1.08647915e+09
 1.08647919e+09 1.08647922e+09 1.08647926e+09 1.08647930e+09
 1.08647934e+09 1.08647938e+09 1.08647942e+09 1.08647946e+09
 1.08647950e+09 1.08647954e+09 1.08647958e+09 1.08647962e+09
 1.08647965e+09 1.08647969e+09 1.08647973e+09 1.08647977e+09
 1.08647981e+09 1.08647985e+09 1.08647989e+09 1.08647993e+09
 1.08647997e+09 1.08648001e+09 1.08648004e+09 1.08648008e+09
 1.08648012e+09 1.08648016e+09 1.08648020e+09 1.08648024e+09
 1.08648028e+09 1.08648032e+09 1.08648036e+09 1.08648040e+09
 1.08648043e+09 1.08648047e+09 1.08648051e+09 1.08648055e+09
 1.08648059e+09 1.08648063e+09 1.08648067e+09 1.08648071e+09
 1.08648075e+09 1.08648079e+09 1.08648082e+09 1.08648086e+09
 1.08648090e+09 1.08648094e+09 1.08648098e+09 1.08648102e+09
 1.08648106e+09 1.08648110e+09 1.08648114e+09 1.08648118e+09
 1.08648121e+09 1.08648125e+09 1.08648129e+09 1.08648133e+09
 1.08648137e+09 1.08648141e+09 1.08648145e+09 1.08648149e+09
 1.08648153e+09 1.08648157e+09 1.08648161e+09 1.08648164e+09
 1.08648168e+09 1.08648172e+09 1.08648176e+09 1.08648180e+09
 1.08648184e+09 1.08648188e+09 1.08648192e+09 1.08648196e+09
 1.08648200e+09 1.08648203e+09 1.08648207e+09 1.08648211e+09
 1.08648215e+09 1.08648219e+09 1.08648223e+09 1.08648227e+09
 1.08648231e+09 1.08648235e+09 1.08648239e+09 1.08648242e+09
 1.08648246e+09 1.08648250e+09 1.08648254e+09 1.08648258e+09
 1.08648262e+09 1.08648266e+09 1.08648270e+09 1.08648274e+09
 1.08648278e+09 1.08648281e+09 1.08648285e+09 1.08648289e+09
 1.08648293e+09 1.08648297e+09 1.08648301e+09 1.08648305e+09
 1.08648309e+09 1.08648313e+09 1.08648317e+09 1.08648320e+09
 1.08648324e+09 1.08648328e+09 1.08648332e+09 1.08648336e+09
 1.08648340e+09 1.08648344e+09 1.08648348e+09 1.08648352e+09
 1.08648356e+09 1.08648360e+09 1.08648363e+09 1.08648367e+09
 1.08648371e+09 1.08648375e+09 1.08648379e+09 1.08648383e+09
 1.08648387e+09 1.08648391e+09 1.08648395e+09 1.08648399e+09
 1.08648402e+09 1.08648406e+09 1.08648410e+09 1.08648414e+09
 1.08648418e+09 1.08648422e+09 1.08648426e+09 1.08648430e+09
 1.08648434e+09 1.08648438e+09 1.08648441e+09 1.08648445e+09
 1.08648449e+09 1.08648453e+09 1.08648457e+09 1.08648461e+09
 1.08648465e+09 1.08648469e+09 1.08648473e+09 1.08648477e+09
 1.08648480e+09 1.08648484e+09 1.08648488e+09 1.08648492e+09
 1.08648496e+09 1.08648500e+09 1.08648504e+09 1.08648508e+09
 1.08648512e+09 1.08648516e+09 1.08648519e+09 1.08648523e+09
 1.08648527e+09 1.08648531e+09 1.08648535e+09 1.08648539e+09
 1.08648543e+09 1.08648547e+09 1.08648551e+09 1.08648555e+09
 1.08648559e+09 1.08648562e+09 1.08648566e+09 1.08648570e+09
 1.08648574e+09 1.08648578e+09 1.08648582e+09 1.08648586e+09
 1.08648590e+09 1.08648594e+09 1.08648598e+09 1.08648601e+09
 1.08648605e+09 1.08648609e+09 1.08648613e+09 1.08648617e+09
 1.08648621e+09 1.08648625e+09 1.08648629e+09 1.08648633e+09
 1.08648637e+09 1.08648640e+09 1.08648644e+09 1.08648648e+09
 1.08648652e+09 1.08648656e+09 1.08648660e+09 1.08648664e+09
 1.08648668e+09 1.08648672e+09 1.08648676e+09 1.08648679e+09
 1.08648683e+09 1.08648687e+09 1.08648691e+09 1.08648695e+09
 1.08648699e+09 1.08648703e+09 1.08648707e+09 1.08648711e+09
 1.08648715e+09 1.08648718e+09 1.08648722e+09 1.08648726e+09
 1.08648730e+09 1.08648734e+09 1.08648738e+09 1.08648742e+09
 1.08648746e+09 1.08648750e+09 1.08648754e+09 1.08648758e+09
 1.08648761e+09 1.08648765e+09 1.08648769e+09 1.08648773e+09
 1.08648777e+09 1.08648781e+09 1.08648785e+09 1.08648789e+09
 1.08648793e+09 1.08648797e+09 1.08648800e+09 1.08648804e+09
 1.08648808e+09 1.08648812e+09 1.08648816e+09 1.08648820e+09
 1.08648824e+09 1.08648828e+09 1.08648832e+09 1.08648836e+09
 1.08648839e+09 1.08648843e+09 1.08648847e+09 1.08648851e+09
 1.08648855e+09 1.08648859e+09 1.08648863e+09 1.08648867e+09
 1.08648871e+09 1.08648875e+09 1.08648878e+09 1.08648882e+09
 1.08648886e+09 1.08648890e+09 1.08648894e+09 1.08648898e+09
 1.08648902e+09 1.08648906e+09 1.08648910e+09 1.08648914e+09
 1.08648918e+09 1.08648921e+09 1.08648925e+09 1.08648929e+09
 1.08648933e+09 1.08648937e+09 1.08648941e+09 1.08648945e+09
 1.08648949e+09 1.08648953e+09 1.08648957e+09 1.08648960e+09
 1.08648964e+09 1.08648968e+09 1.08648972e+09 1.08648976e+09
 1.08648980e+09 1.08648984e+09 1.08648988e+09 1.08648992e+09
 1.08648996e+09 1.08648999e+09 1.08649003e+09 1.08649007e+09
 1.08649011e+09 1.08649015e+09 1.08649019e+09 1.08649023e+09
 1.08649027e+09 1.08649031e+09 1.08649035e+09 1.08649038e+09
 1.08649042e+09 1.08649046e+09 1.08649050e+09 1.08649054e+09
 1.08649058e+09 1.08649062e+09 1.08649066e+09 1.08649070e+09
 1.08649074e+09 1.08649077e+09 1.08649081e+09 1.08649085e+09
 1.08649089e+09 1.08649093e+09 1.08649097e+09 1.08649101e+09
 1.08649105e+09 1.08649109e+09 1.08649113e+09 1.08649117e+09
 1.08649120e+09 1.08649124e+09 1.08649128e+09 1.08649132e+09
 1.08649136e+09 1.08649140e+09 1.08649144e+09 1.08649148e+09
 1.08649152e+09 1.08649156e+09 1.08649159e+09 1.08649163e+09
 1.08649167e+09 1.08649171e+09 1.08649175e+09 1.08649179e+09
 1.08649183e+09 1.08649187e+09 1.08649191e+09 1.08649195e+09
 1.08649198e+09 1.08649202e+09 1.08649206e+09 1.08649210e+09
 1.08649214e+09 1.08649218e+09 1.08649222e+09 1.08649226e+09
 1.08649230e+09 1.08649234e+09 1.08649237e+09 1.08649241e+09
 1.08649245e+09 1.08649249e+09 1.08649253e+09 1.08649257e+09
 1.08649261e+09 1.08649265e+09 1.08649269e+09 1.08649273e+09
 1.08649276e+09 1.08649280e+09 1.08649284e+09 1.08649288e+09
 1.08649292e+09 1.08649296e+09 1.08649300e+09 1.08649304e+09
 1.08649308e+09 1.08649312e+09 1.08649316e+09 1.08649319e+09
 1.08649323e+09 1.08649327e+09 1.08649331e+09 1.08649335e+09
 1.08649339e+09 1.08649343e+09 1.08649347e+09 1.08649351e+09
 1.08649355e+09 1.08649358e+09 1.08649362e+09 1.08649366e+09
 1.08649370e+09 1.08649374e+09 1.08649378e+09 1.08649382e+09
 1.08649386e+09 1.08649390e+09 1.08649394e+09 1.08649397e+09
 1.08649401e+09 1.08649405e+09 1.08649409e+09 1.08649413e+09
 1.08649417e+09 1.08649421e+09 1.08649425e+09 1.08649429e+09
 1.08649433e+09 1.08649436e+09 1.08649440e+09 1.08649444e+09
 1.08649448e+09 1.08649452e+09 1.08649456e+09 1.08649460e+09
 1.08649464e+09 1.08649468e+09 1.08649472e+09 1.08649475e+09
 1.08649479e+09 1.08649483e+09 1.08649487e+09 1.08649491e+09
 1.08649495e+09 1.08649499e+09 1.08649503e+09 1.08649507e+09
 1.08649511e+09 1.08649515e+09 1.08649518e+09 1.08649522e+09
 1.08649526e+09 1.08649530e+09 1.08649534e+09 1.08649538e+09
 1.08649542e+09 1.08649546e+09 1.08649550e+09 1.08649554e+09
 1.08649557e+09 1.08649561e+09 1.08649565e+09 1.08649569e+09
 1.08649573e+09 1.08649577e+09 1.08649581e+09 1.08649585e+09
 1.08649589e+09 1.08649593e+09 1.08649596e+09 1.08649600e+09
 1.08649604e+09 1.08649608e+09 1.08649612e+09 1.08649616e+09
 1.08649620e+09 1.08649624e+09 1.08649628e+09 1.08649632e+09
 1.08649635e+09 1.08649639e+09 1.08649643e+09 1.08649647e+09
 1.08649651e+09 1.08649655e+09 1.08649659e+09 1.08649663e+09
 1.08649667e+09 1.08649671e+09 1.08649674e+09 1.08649678e+09
 1.08649682e+09 1.08649686e+09 1.08649690e+09 1.08649694e+09
 1.08649698e+09 1.08649702e+09 1.08649706e+09 1.08649710e+09
 1.08649714e+09 1.08649717e+09 1.08649721e+09 1.08649725e+09
 1.08649729e+09 1.08649733e+09 1.08649737e+09 1.08649741e+09
 1.08649745e+09 1.08649749e+09 1.08649753e+09 1.08649756e+09
 1.08649760e+09 1.08649764e+09 1.08649768e+09 1.08649772e+09
 1.08649776e+09 1.08649780e+09 1.08649784e+09 1.08649788e+09
 1.08649792e+09 1.08649795e+09 1.08649799e+09 1.08649803e+09
 1.08649807e+09 1.08649811e+09 1.08649815e+09 1.08649819e+09
 1.08649823e+09 1.08649827e+09 1.08649831e+09 1.08649834e+09
 1.08649838e+09 1.08649842e+09 1.08649846e+09 1.08649850e+09
 1.08649854e+09 1.08649858e+09 1.08649862e+09 1.08649866e+09
 1.08649870e+09 1.08649873e+09 1.08649877e+09 1.08649881e+09
 1.08649885e+09 1.08649889e+09 1.08649893e+09 1.08649897e+09
 1.08649901e+09 1.08649905e+09 1.08649909e+09 1.08649913e+09
 1.08649916e+09 1.08649920e+09 1.08649924e+09 1.08649928e+09
 1.08649932e+09 1.08649936e+09 1.08649940e+09 1.08649944e+09
 1.08649948e+09 1.08649952e+09 1.08649955e+09 1.08649959e+09
 1.08649963e+09 1.08649967e+09 1.08649971e+09 1.08649975e+09
 1.08649979e+09 1.08649983e+09 1.08649987e+09 1.08649991e+09
 1.08649994e+09 1.08649998e+09 1.08650002e+09 1.08650006e+09
 1.08650010e+09 1.08650014e+09 1.08650018e+09 1.08650022e+09
 1.08650026e+09 1.08650030e+09 1.08650033e+09 1.08650037e+09
 1.08650041e+09 1.08650045e+09 1.08650049e+09 1.08650053e+09
 1.08650057e+09 1.08650061e+09 1.08650065e+09 1.08650069e+09
 1.08650073e+09 1.08650076e+09 1.08650080e+09 1.08650084e+09
 1.08650088e+09 1.08650092e+09 1.08650096e+09 1.08650100e+09
 1.08650104e+09 1.08650108e+09 1.08650112e+09 1.08650115e+09
 1.08650119e+09 1.08650123e+09 1.08650127e+09 1.08650131e+09
 1.08650135e+09 1.08650139e+09 1.08650143e+09 1.08650147e+09
 1.08650151e+09 1.08650154e+09 1.08650158e+09 1.08650162e+09
 1.08650166e+09 1.08650170e+09 1.08650174e+09 1.08650178e+09
 1.08650182e+09 1.08650186e+09 1.08650190e+09 1.08650193e+09
 1.08650197e+09 1.08650201e+09 1.08650205e+09 1.08650209e+09
 1.08650213e+09 1.08650217e+09 1.08650221e+09 1.08650225e+09
 1.08650229e+09 1.08650232e+09 1.08650236e+09 1.08650240e+09
 1.08650244e+09 1.08650248e+09 1.08650252e+09 1.08650256e+09
 1.08650260e+09 1.08650264e+09 1.08650268e+09 1.08650272e+09
 1.08650275e+09 1.08650279e+09 1.08650283e+09 1.08650287e+09
 1.08650291e+09 1.08650295e+09 1.08650299e+09 1.08650303e+09
 1.08650307e+09 1.08650311e+09 1.08650314e+09 1.08650318e+09
 1.08650322e+09 1.08650326e+09 1.08650330e+09 1.08650334e+09
 1.08650338e+09 1.08650342e+09 1.08650346e+09 1.08650350e+09
 1.08650353e+09 1.08650357e+09 1.08650361e+09 1.08650365e+09
 1.08650369e+09 1.08650373e+09 1.08650377e+09 1.08650381e+09
 1.08650385e+09 1.08650389e+09 1.08650392e+09 1.08650396e+09
 1.08650400e+09 1.08650404e+09 1.08650408e+09 1.08650412e+09
 1.08650416e+09 1.08650420e+09 1.08650424e+09 1.08650428e+09
 1.08650431e+09 1.08650435e+09 1.08650439e+09 1.08650443e+09
 1.08650447e+09 1.08650451e+09 1.08650455e+09 1.08650459e+09
 1.08650463e+09 1.08650467e+09 1.08650471e+09 1.08650474e+09
 1.08650478e+09 1.08650482e+09 1.08650486e+09 1.08650490e+09]
