name =JUICE_ROI_GAN_6_1_04
flyby = ['2034 SEP 07 06:03:51', '2034 SEP 08 06:03:51']
Observation TW = <SpiceCell dtype = 1, length = 0, size = 3000, card = 10, is_set = 1, adjust = 0, init = 1, base = 94883426866880, data = 94883426866928>
Res(t) = [1.97130813 1.97127687 1.97124627 1.97121633 1.97118703 1.97115839
 1.9711304  1.97110306 1.97107638 1.97105034 1.97102495 1.97100022
 1.97097613 1.97095269 1.97092989 1.97090775 1.97088624 1.97086539
 1.97084518 1.97082561 1.97080669 1.97078841 1.97077077 1.97075378
 1.97073742 1.97072171 1.97070664 1.9706922  1.97067841 1.97066525
 1.97065274 1.97064085 1.97062961 1.970619   1.97060903 1.97059969
 1.97059098 1.97058291 1.97057548 1.97056867 1.9705625  1.97055696
 1.97055205 1.97054777 1.97054411 1.97054109 1.9705387  1.97053693
 1.9705358  1.97053528 1.9705354  1.97053614 1.9705375  1.97053949
 1.97054211 1.97054534 1.9705492  1.97055369 1.97055879 1.97056451
 1.97057086 1.97057783 1.97058541 1.97059361 1.97060243 1.97061187
 1.97062193 1.97063261 1.97064389 1.9706558  1.97066832 1.97068145
 1.9706952  1.97070956 1.97072454 1.97074012 1.97075632 1.97077313
 1.97079055 1.97080858 1.97082722 1.97084647 1.97086633 1.97088679
 1.97090786 1.97092954 1.97095183 1.97097472 1.97099821 1.97102232
 1.97104702 1.97107233 1.97109824 1.97112476 1.97115187 1.97117959
 1.97120791 1.97123683 1.97126635 1.97129647 1.97132718 1.9713585
 1.97139041 1.97142292 1.97145603 1.97148974 1.97152403 1.97155893
 1.97159442 1.9716305  1.97166718 1.97170445 1.97174232 1.97178077
 1.97181982 1.97185946 1.97189969 1.97194051 1.97198191 1.97202391
 1.9720665  1.97210967 1.97215344 1.97219778 1.97224272 1.97228824
 1.97233435 1.97238104 1.97242832 1.97247618 1.97252462 1.97257365
 1.97262326 1.97267346 1.97272423 1.97277559 1.97282752 1.97288004
 1.97293313 1.97298681 1.97304106 1.97309589 1.9731513  1.97320729
 1.97326386 1.97332099 1.97337871 1.973437   1.97349587 1.97355531
 1.97361532 1.97367591 1.97373707 1.9737988  1.97386111 1.97392399
 1.97398743 1.97405145 1.97411604 1.9741812  1.97424692 1.97431322
 1.97438008 1.97444751 1.97451551 1.97458408 1.97465321 1.97472291
 1.97479317 1.974864   1.97493539 1.97500735 1.97507987 1.97515295
 1.9752266  1.97530081 1.97537558 1.97545091 1.9755268  1.97560326
 1.97568027 1.97575784 1.97583597 1.97591466 1.97599391 1.97607372
 1.97615408 1.976235   1.97631647 1.97639851 1.9764811  1.97656424
 1.97664793 1.97673218 1.97681699 1.97690235 1.97698826 1.97707472
 1.97716174 1.97724931 1.97733743 1.97742609 1.97751531 1.97760508
 1.9776954  1.97778627 1.97787768 1.97796965 1.97806216 1.97815522
 1.97824882 1.97834298 1.97843767 1.97853292 1.97862871 1.97872504
 1.97882192 1.97891934 1.9790173  1.97911581 1.97921486 1.97931446
 1.97941459 1.97951526 1.97961648 1.97971824 1.97982054 1.97992337
 1.98002675 1.98013067 1.98023512 1.98034011 1.98044564 1.98055171
 1.98065831 1.98076545 1.98087313 1.98098134 1.98109009 1.98119937
 1.98130919 1.98141954 1.98153042 1.98164184 1.98175379 1.98186627
 1.98197928 1.98209283 1.98220691 1.98232151 1.98243665 1.98255232
 1.98266852 1.98278525 1.98290251 1.98302029 1.98313861 1.98325745
 1.98337682 1.98349671 1.98361713 1.98373808 1.98385955 1.98398156
 1.98410408 1.98422713 1.9843507  1.9844748  1.98459942 1.98472457
 1.98485023 1.98497642 1.98510313 1.98523037 1.98535812 1.9854864
 1.9856152  1.98574451 1.98587435 1.9860047  1.98613558 1.98626697
 1.98639888 1.98653131 1.98666426 1.98679773 1.98693171 1.98706621
 1.98720122 1.98733675 1.9874728  1.98760936 1.98774643 1.98788402
 1.98802213 1.98816075 1.98829988 1.98843952 1.98857968 1.98872035
 1.98886153 1.98900322 1.98914542 1.98928814 1.98943136 1.9895751
 1.98971934 1.9898641  1.99000936 1.99015513 1.99030141 1.9904482
 1.9905955  1.9907433  1.99089161 1.99104043 1.99118975 1.99133958
 1.99148992 1.99164076 1.99179211 1.99194396 1.99209631 1.99224917
 1.99240254 1.9925564  1.99271077 1.99286564 1.99302102 1.9931769
 1.99333327 1.99349015 1.99364753 1.99380542 1.9939638  1.99412268
 1.99428206 1.99444194 1.99460232 1.9947632  1.99492458 1.99508646
 1.99524883 1.9954117  1.99557507 1.99573894 1.9959033  1.99606815
 1.99623351 1.99639936 1.9965657  1.99673254 1.99689988 1.99706771
 1.99723603 1.99740485 1.99757416 1.99774396 1.99791426 1.99808505
 1.99825633 1.9984281  1.99860036 1.99877312 1.99894637 1.99912011
 1.99929433 1.99946905 1.99964426 1.99981996 1.99999614 2.00017282
 2.00034999 2.00052764 2.00070578 2.00088441 2.00106352 2.00124313
 2.00142322 2.00160379 2.00178486 2.0019664  2.00214844 2.00233096
 2.00251396 2.00269745 2.00288143 2.00306589 2.00325083 2.00343626
 2.00362217 2.00380856 2.00399543 2.00418279 2.00437063 2.00455896
 2.00474776 2.00493705 2.00512681 2.00531706 2.00550779 2.005699
 2.00589069 2.00608286 2.0062755  2.00646863 2.00666224 2.00685633
 2.00705089 2.00724593 2.00744145 2.00763745 2.00783392 2.00803087
 2.0082283  2.00842621 2.00862459 2.00882345 2.00902278 2.00922259
 2.00942288 2.00962364 2.00982487 2.01002658 2.01022876 2.01043142
 2.01063455 2.01083815 2.01104223 2.01124678 2.0114518  2.0116573
 2.01186327 2.01206971 2.01227662 2.012484   2.01269186 2.01290018
 2.01310898 2.01331824 2.01352798 2.01373818 2.01394886 2.01416
 2.01437162 2.0145837  2.01479625 2.01500928 2.01522276 2.01543672
 2.01565115 2.01586604 2.0160814  2.01629722 2.01651352 2.01673028
 2.01694751 2.0171652  2.01738336 2.01760198 2.01782107 2.01804063
 2.01826064 2.01848113 2.01870208 2.01892349 2.01914537 2.01936771
 2.01959051 2.01981378 2.02003751 2.02026171 2.02048636 2.02071148
 2.02093706 2.02116311 2.02138961 2.02161658 2.02184401 2.0220719
 2.02230025 2.02252906 2.02275833 2.02298806 2.02321825 2.0234489
 2.02368001 2.02391158 2.02414361 2.0243761  2.02460905 2.02484246
 2.02507632 2.02531064 2.02554542 2.02578066 2.02601635 2.02625251
 2.02648912 2.02672618 2.02696371 2.02720169 2.02744012 2.02767902
 2.02791836 2.02815817 2.02839843 2.02863914 2.02888031 2.02912194
 2.02936402 2.02960655 2.02984954 2.03009298 2.03033688 2.03058122
 2.03082603 2.03107129 2.03131699 2.03156316 2.03180977 2.03205684
 2.03230436 2.03255233 2.03280076 2.03304963 2.03329896 2.03354874
 2.03379897 2.03404965 2.03430078 2.03455237 2.0348044  2.03505688
 2.03530982 2.0355632  2.03581703 2.03607132 2.03632605 2.03658123
 2.03683686 2.03709294 2.03734947 2.03760645 2.03786387 2.03812174
 2.03838006 2.03863884 2.03889805 2.03915772 2.03941783 2.03967839
 2.03993939 2.04020084 2.04046274 2.04072509 2.04098788 2.04125112
 2.0415148  2.04177893 2.04204351 2.04230853 2.042574   2.04283991
 2.04310626 2.04337306 2.04364031 2.043908   2.04417614 2.04444472
 2.04471374 2.0449832  2.04525312 2.04552347 2.04579427 2.04606551
 2.04633719 2.04660932 2.04688189 2.0471549  2.04742835 2.04770225
 2.04797659 2.04825137 2.04852659 2.04880226 2.04907836 2.04935491
 2.0496319  2.04990933 2.0501872  2.05046551 2.05074427 2.05102346
 2.0513031  2.05158317 2.05186369 2.05214464 2.05242603 2.05270787
 2.05299014 2.05327285 2.05355601 2.0538396  2.05412363 2.0544081
 2.05469301 2.05497835 2.05526414 2.05555036 2.05583702 2.05612412
 2.05641166 2.05669964 2.05698805 2.0572769  2.05756619 2.05785592
 2.05814608 2.05843668 2.05872772 2.05901919 2.0593111  2.05960345
 2.05989624 2.06018946 2.06048311 2.0607772  2.06107173 2.0613667
 2.0616621  2.06195793 2.06225421 2.06255091 2.06284806 2.06314563
 2.06344364 2.06374209 2.06404098 2.06434029 2.06464004 2.06494023
 2.06524085 2.06554191 2.06584339 2.06614532 2.06644767 2.06675046
 2.06705369 2.06735734 2.06766144 2.06796596 2.06827092 2.06857631
 2.06888214 2.06918839 2.06949508 2.06980221 2.07010976 2.07041775
 2.07072617 2.07103502 2.07134431 2.07165403 2.07196418 2.07227476
 2.07258577 2.07289722 2.07320909 2.0735214  2.07383414 2.07414731
 2.07446092 2.07477495 2.07508942 2.07540431 2.07571964 2.0760354
 2.07635159 2.07666821 2.07698526 2.07730274 2.07762065 2.07793899
 2.07825777 2.07857697 2.0788966  2.07921666 2.07953716 2.07985808
 2.08017943 2.08050121 2.08082342 2.08114606 2.08146913 2.08179263
 2.08211656 2.08244092 2.08276571 2.08309092 2.08341657 2.08374264
 2.08406915 2.08439608 2.08472344 2.08505123 2.08537945 2.0857081
 2.08603717 2.08636668 2.08669661 2.08702697 2.08735775 2.08768897
 2.08802061 2.08835268 2.08868519 2.08901812 2.08935147 2.08968525
 2.09001947 2.0903541  2.09068917 2.09102466 2.09136058 2.09169693
 2.09203371 2.09237091 2.09270854 2.0930466  2.09338508 2.09372399
 2.09406333 2.0944031  2.09474329 2.09508391 2.09542496 2.09576643
 2.09610833 2.09645065 2.0967934  2.09713658 2.09748019 2.09782422
 2.09816868 2.09851356 2.09885887 2.09920461 2.09955077 2.09989736
 2.10024438 2.10059182 2.10093968 2.10128798 2.1016367  2.10198584
 2.10233541 2.10268541 2.10303583 2.10338668 2.10373795 2.10408965
 2.10444177 2.10479432 2.1051473  2.1055007  2.10585453 2.10620878
 2.10656346 2.10691856 2.10727409 2.10763005 2.10798642 2.10834323
 2.10870046 2.10905811 2.10941619 2.1097747  2.11013363 2.11049298
 2.11085277 2.11121297 2.1115736  2.11193465 2.11229614 2.11265804
 2.11302037 2.11338313 2.11374631 2.11410991 2.11447394 2.1148384
 2.11520328 2.11556858 2.11593431 2.11630046 2.11666704 2.11703405
 2.11740147 2.11776933 2.1181376  2.11850631 2.11887543 2.11924498
 2.11961496 2.11998536 2.12035619 2.12072744 2.12109911 2.12147121
 2.12184374 2.12221668 2.12259006 2.12296386 2.12333808 2.12371273
 2.1240878  2.12446329 2.12483922 2.12521556 2.12559233 2.12596952
 2.12634714 2.12672519 2.12710366 2.12748255 2.12786187 2.12824161
 2.12862178 2.12900237 2.12938338 2.12976482 2.13014669 2.13052898
 2.13091169 2.13129484 2.1316784  2.13206239 2.1324468  2.13283164
 2.1332169  2.13360259 2.1339887  2.13437524 2.1347622  2.13514958
 2.1355374  2.13592563 2.13631429 2.13670338 2.13709289 2.13748282
 2.13787319 2.13826397 2.13865518 2.13904682 2.13943888 2.13983136
 2.14022427 2.14061761 2.14101137 2.14140555 2.14180017 2.1421952
 2.14259066 2.14298655 2.14338286 2.1437796  2.14417676 2.14457435
 2.14497236 2.1453708  2.14576966 2.14616895 2.14656867 2.14696881
 2.14736937 2.14777036 2.14817178 2.14857362 2.14897589 2.14937859
 2.14978171 2.15018525 2.15058923 2.15099362 2.15139845 2.1518037
 2.15220937 2.15261547 2.153022   2.15342895 2.15383634 2.15424414
 2.15465237 2.15506103 2.15547012 2.15587963 2.15628957 2.15669993
 2.15711073 2.15752194 2.15793359 2.15834566 2.15875816 2.15917109
 2.15958444 2.15999822 2.16041242 2.16082705 2.16124211 2.1616576
 2.16207352 2.16248986 2.16290663 2.16332382 2.16374145 2.1641595
 2.16457798 2.16499688 2.16541622 2.16583598 2.16625617 2.16667679
 2.16709784 2.16751931 2.16794121 2.16836354 2.1687863  2.16920949
 2.1696331  2.17005715 2.17048162 2.17090652 2.17133185 2.1717576
 2.17218379 2.17261041 2.17303745 2.17346492 2.17389283 2.17432116
 2.17474992 2.17517911 2.17560873 2.17603878 2.17646925 2.17690016
 2.1773315  2.17776327 2.17819546 2.17862809 2.17906115 2.17949464
 2.17992855 2.1803629  2.18079768 2.18123289 2.18166853 2.1821046
 2.1825411  2.18297803 2.18341539 2.18385318 2.18429141 2.18473006
 2.18516915 2.18560866 2.18604861 2.18648899 2.18692981 2.18737105
 2.18781273 2.18825483 2.18869737 2.18914034 2.18958375 2.19002758
 2.19047185 2.19091655 2.19136168 2.19180725 2.19225325 2.19269968
 2.19314654 2.19359384 2.19404157 2.19448973 2.19493833 2.19538736
 2.19583683 2.19628672 2.19673706 2.19718782 2.19763902 2.19809065
 2.19854272 2.19899522 2.19944816 2.19990153]
t = [1.09455765e+09 1.09455767e+09 1.09455770e+09 1.09455772e+09
 1.09455774e+09 1.09455776e+09 1.09455779e+09 1.09455781e+09
 1.09455783e+09 1.09455785e+09 1.09455788e+09 1.09455790e+09
 1.09455792e+09 1.09455794e+09 1.09455797e+09 1.09455799e+09
 1.09455801e+09 1.09455804e+09 1.09455806e+09 1.09455808e+09
 1.09455810e+09 1.09455813e+09 1.09455815e+09 1.09455817e+09
 1.09455819e+09 1.09455822e+09 1.09455824e+09 1.09455826e+09
 1.09455829e+09 1.09455831e+09 1.09455833e+09 1.09455835e+09
 1.09455838e+09 1.09455840e+09 1.09455842e+09 1.09455844e+09
 1.09455847e+09 1.09455849e+09 1.09455851e+09 1.09455853e+09
 1.09455856e+09 1.09455858e+09 1.09455860e+09 1.09455863e+09
 1.09455865e+09 1.09455867e+09 1.09455869e+09 1.09455872e+09
 1.09455874e+09 1.09455876e+09 1.09455878e+09 1.09455881e+09
 1.09455883e+09 1.09455885e+09 1.09455887e+09 1.09455890e+09
 1.09455892e+09 1.09455894e+09 1.09455897e+09 1.09455899e+09
 1.09455901e+09 1.09455903e+09 1.09455906e+09 1.09455908e+09
 1.09455910e+09 1.09455912e+09 1.09455915e+09 1.09455917e+09
 1.09455919e+09 1.09455921e+09 1.09455924e+09 1.09455926e+09
 1.09455928e+09 1.09455931e+09 1.09455933e+09 1.09455935e+09
 1.09455937e+09 1.09455940e+09 1.09455942e+09 1.09455944e+09
 1.09455946e+09 1.09455949e+09 1.09455951e+09 1.09455953e+09
 1.09455955e+09 1.09455958e+09 1.09455960e+09 1.09455962e+09
 1.09455965e+09 1.09455967e+09 1.09455969e+09 1.09455971e+09
 1.09455974e+09 1.09455976e+09 1.09455978e+09 1.09455980e+09
 1.09455983e+09 1.09455985e+09 1.09455987e+09 1.09455989e+09
 1.09455992e+09 1.09455994e+09 1.09455996e+09 1.09455999e+09
 1.09456001e+09 1.09456003e+09 1.09456005e+09 1.09456008e+09
 1.09456010e+09 1.09456012e+09 1.09456014e+09 1.09456017e+09
 1.09456019e+09 1.09456021e+09 1.09456023e+09 1.09456026e+09
 1.09456028e+09 1.09456030e+09 1.09456033e+09 1.09456035e+09
 1.09456037e+09 1.09456039e+09 1.09456042e+09 1.09456044e+09
 1.09456046e+09 1.09456048e+09 1.09456051e+09 1.09456053e+09
 1.09456055e+09 1.09456057e+09 1.09456060e+09 1.09456062e+09
 1.09456064e+09 1.09456067e+09 1.09456069e+09 1.09456071e+09
 1.09456073e+09 1.09456076e+09 1.09456078e+09 1.09456080e+09
 1.09456082e+09 1.09456085e+09 1.09456087e+09 1.09456089e+09
 1.09456092e+09 1.09456094e+09 1.09456096e+09 1.09456098e+09
 1.09456101e+09 1.09456103e+09 1.09456105e+09 1.09456107e+09
 1.09456110e+09 1.09456112e+09 1.09456114e+09 1.09456116e+09
 1.09456119e+09 1.09456121e+09 1.09456123e+09 1.09456126e+09
 1.09456128e+09 1.09456130e+09 1.09456132e+09 1.09456135e+09
 1.09456137e+09 1.09456139e+09 1.09456141e+09 1.09456144e+09
 1.09456146e+09 1.09456148e+09 1.09456150e+09 1.09456153e+09
 1.09456155e+09 1.09456157e+09 1.09456160e+09 1.09456162e+09
 1.09456164e+09 1.09456166e+09 1.09456169e+09 1.09456171e+09
 1.09456173e+09 1.09456175e+09 1.09456178e+09 1.09456180e+09
 1.09456182e+09 1.09456184e+09 1.09456187e+09 1.09456189e+09
 1.09456191e+09 1.09456194e+09 1.09456196e+09 1.09456198e+09
 1.09456200e+09 1.09456203e+09 1.09456205e+09 1.09456207e+09
 1.09456209e+09 1.09456212e+09 1.09456214e+09 1.09456216e+09
 1.09456218e+09 1.09456221e+09 1.09456223e+09 1.09456225e+09
 1.09456228e+09 1.09456230e+09 1.09456232e+09 1.09456234e+09
 1.09456237e+09 1.09456239e+09 1.09456241e+09 1.09456243e+09
 1.09456246e+09 1.09456248e+09 1.09456250e+09 1.09456252e+09
 1.09456255e+09 1.09456257e+09 1.09456259e+09 1.09456262e+09
 1.09456264e+09 1.09456266e+09 1.09456268e+09 1.09456271e+09
 1.09456273e+09 1.09456275e+09 1.09456277e+09 1.09456280e+09
 1.09456282e+09 1.09456284e+09 1.09456286e+09 1.09456289e+09
 1.09456291e+09 1.09456293e+09 1.09456296e+09 1.09456298e+09
 1.09456300e+09 1.09456302e+09 1.09456305e+09 1.09456307e+09
 1.09456309e+09 1.09456311e+09 1.09456314e+09 1.09456316e+09
 1.09456318e+09 1.09456320e+09 1.09456323e+09 1.09456325e+09
 1.09456327e+09 1.09456330e+09 1.09456332e+09 1.09456334e+09
 1.09456336e+09 1.09456339e+09 1.09456341e+09 1.09456343e+09
 1.09456345e+09 1.09456348e+09 1.09456350e+09 1.09456352e+09
 1.09456355e+09 1.09456357e+09 1.09456359e+09 1.09456361e+09
 1.09456364e+09 1.09456366e+09 1.09456368e+09 1.09456370e+09
 1.09456373e+09 1.09456375e+09 1.09456377e+09 1.09456379e+09
 1.09456382e+09 1.09456384e+09 1.09456386e+09 1.09456389e+09
 1.09456391e+09 1.09456393e+09 1.09456395e+09 1.09456398e+09
 1.09456400e+09 1.09456402e+09 1.09456404e+09 1.09456407e+09
 1.09456409e+09 1.09456411e+09 1.09456413e+09 1.09456416e+09
 1.09456418e+09 1.09456420e+09 1.09456423e+09 1.09456425e+09
 1.09456427e+09 1.09456429e+09 1.09456432e+09 1.09456434e+09
 1.09456436e+09 1.09456438e+09 1.09456441e+09 1.09456443e+09
 1.09456445e+09 1.09456447e+09 1.09456450e+09 1.09456452e+09
 1.09456454e+09 1.09456457e+09 1.09456459e+09 1.09456461e+09
 1.09456463e+09 1.09456466e+09 1.09456468e+09 1.09456470e+09
 1.09456472e+09 1.09456475e+09 1.09456477e+09 1.09456479e+09
 1.09456481e+09 1.09456484e+09 1.09456486e+09 1.09456488e+09
 1.09456491e+09 1.09456493e+09 1.09456495e+09 1.09456497e+09
 1.09456500e+09 1.09456502e+09 1.09456504e+09 1.09456506e+09
 1.09456509e+09 1.09456511e+09 1.09456513e+09 1.09456515e+09
 1.09456518e+09 1.09456520e+09 1.09456522e+09 1.09456525e+09
 1.09456527e+09 1.09456529e+09 1.09456531e+09 1.09456534e+09
 1.09456536e+09 1.09456538e+09 1.09456540e+09 1.09456543e+09
 1.09456545e+09 1.09456547e+09 1.09456549e+09 1.09456552e+09
 1.09456554e+09 1.09456556e+09 1.09456559e+09 1.09456561e+09
 1.09456563e+09 1.09456565e+09 1.09456568e+09 1.09456570e+09
 1.09456572e+09 1.09456574e+09 1.09456577e+09 1.09456579e+09
 1.09456581e+09 1.09456584e+09 1.09456586e+09 1.09456588e+09
 1.09456590e+09 1.09456593e+09 1.09456595e+09 1.09456597e+09
 1.09456599e+09 1.09456602e+09 1.09456604e+09 1.09456606e+09
 1.09456608e+09 1.09456611e+09 1.09456613e+09 1.09456615e+09
 1.09456618e+09 1.09456620e+09 1.09456622e+09 1.09456624e+09
 1.09456627e+09 1.09456629e+09 1.09456631e+09 1.09456633e+09
 1.09456636e+09 1.09456638e+09 1.09456640e+09 1.09456642e+09
 1.09456645e+09 1.09456647e+09 1.09456649e+09 1.09456652e+09
 1.09456654e+09 1.09456656e+09 1.09456658e+09 1.09456661e+09
 1.09456663e+09 1.09456665e+09 1.09456667e+09 1.09456670e+09
 1.09456672e+09 1.09456674e+09 1.09456676e+09 1.09456679e+09
 1.09456681e+09 1.09456683e+09 1.09456686e+09 1.09456688e+09
 1.09456690e+09 1.09456692e+09 1.09456695e+09 1.09456697e+09
 1.09456699e+09 1.09456701e+09 1.09456704e+09 1.09456706e+09
 1.09456708e+09 1.09456710e+09 1.09456713e+09 1.09456715e+09
 1.09456717e+09 1.09456720e+09 1.09456722e+09 1.09456724e+09
 1.09456726e+09 1.09456729e+09 1.09456731e+09 1.09456733e+09
 1.09456735e+09 1.09456738e+09 1.09456740e+09 1.09456742e+09
 1.09456744e+09 1.09456747e+09 1.09456749e+09 1.09456751e+09
 1.09456754e+09 1.09456756e+09 1.09456758e+09 1.09456760e+09
 1.09456763e+09 1.09456765e+09 1.09456767e+09 1.09456769e+09
 1.09456772e+09 1.09456774e+09 1.09456776e+09 1.09456778e+09
 1.09456781e+09 1.09456783e+09 1.09456785e+09 1.09456788e+09
 1.09456790e+09 1.09456792e+09 1.09456794e+09 1.09456797e+09
 1.09456799e+09 1.09456801e+09 1.09456803e+09 1.09456806e+09
 1.09456808e+09 1.09456810e+09 1.09456812e+09 1.09456815e+09
 1.09456817e+09 1.09456819e+09 1.09456822e+09 1.09456824e+09
 1.09456826e+09 1.09456828e+09 1.09456831e+09 1.09456833e+09
 1.09456835e+09 1.09456837e+09 1.09456840e+09 1.09456842e+09
 1.09456844e+09 1.09456847e+09 1.09456849e+09 1.09456851e+09
 1.09456853e+09 1.09456856e+09 1.09456858e+09 1.09456860e+09
 1.09456862e+09 1.09456865e+09 1.09456867e+09 1.09456869e+09
 1.09456871e+09 1.09456874e+09 1.09456876e+09 1.09456878e+09
 1.09456881e+09 1.09456883e+09 1.09456885e+09 1.09456887e+09
 1.09456890e+09 1.09456892e+09 1.09456894e+09 1.09456896e+09
 1.09456899e+09 1.09456901e+09 1.09456903e+09 1.09456905e+09
 1.09456908e+09 1.09456910e+09 1.09456912e+09 1.09456915e+09
 1.09456917e+09 1.09456919e+09 1.09456921e+09 1.09456924e+09
 1.09456926e+09 1.09456928e+09 1.09456930e+09 1.09456933e+09
 1.09456935e+09 1.09456937e+09 1.09456939e+09 1.09456942e+09
 1.09456944e+09 1.09456946e+09 1.09456949e+09 1.09456951e+09
 1.09456953e+09 1.09456955e+09 1.09456958e+09 1.09456960e+09
 1.09456962e+09 1.09456964e+09 1.09456967e+09 1.09456969e+09
 1.09456971e+09 1.09456973e+09 1.09456976e+09 1.09456978e+09
 1.09456980e+09 1.09456983e+09 1.09456985e+09 1.09456987e+09
 1.09456989e+09 1.09456992e+09 1.09456994e+09 1.09456996e+09
 1.09456998e+09 1.09457001e+09 1.09457003e+09 1.09457005e+09
 1.09457007e+09 1.09457010e+09 1.09457012e+09 1.09457014e+09
 1.09457017e+09 1.09457019e+09 1.09457021e+09 1.09457023e+09
 1.09457026e+09 1.09457028e+09 1.09457030e+09 1.09457032e+09
 1.09457035e+09 1.09457037e+09 1.09457039e+09 1.09457041e+09
 1.09457044e+09 1.09457046e+09 1.09457048e+09 1.09457051e+09
 1.09457053e+09 1.09457055e+09 1.09457057e+09 1.09457060e+09
 1.09457062e+09 1.09457064e+09 1.09457066e+09 1.09457069e+09
 1.09457071e+09 1.09457073e+09 1.09457075e+09 1.09457078e+09
 1.09457080e+09 1.09457082e+09 1.09457085e+09 1.09457087e+09
 1.09457089e+09 1.09457091e+09 1.09457094e+09 1.09457096e+09
 1.09457098e+09 1.09457100e+09 1.09457103e+09 1.09457105e+09
 1.09457107e+09 1.09457110e+09 1.09457112e+09 1.09457114e+09
 1.09457116e+09 1.09457119e+09 1.09457121e+09 1.09457123e+09
 1.09457125e+09 1.09457128e+09 1.09457130e+09 1.09457132e+09
 1.09457134e+09 1.09457137e+09 1.09457139e+09 1.09457141e+09
 1.09457144e+09 1.09457146e+09 1.09457148e+09 1.09457150e+09
 1.09457153e+09 1.09457155e+09 1.09457157e+09 1.09457159e+09
 1.09457162e+09 1.09457164e+09 1.09457166e+09 1.09457168e+09
 1.09457171e+09 1.09457173e+09 1.09457175e+09 1.09457178e+09
 1.09457180e+09 1.09457182e+09 1.09457184e+09 1.09457187e+09
 1.09457189e+09 1.09457191e+09 1.09457193e+09 1.09457196e+09
 1.09457198e+09 1.09457200e+09 1.09457202e+09 1.09457205e+09
 1.09457207e+09 1.09457209e+09 1.09457212e+09 1.09457214e+09
 1.09457216e+09 1.09457218e+09 1.09457221e+09 1.09457223e+09
 1.09457225e+09 1.09457227e+09 1.09457230e+09 1.09457232e+09
 1.09457234e+09 1.09457236e+09 1.09457239e+09 1.09457241e+09
 1.09457243e+09 1.09457246e+09 1.09457248e+09 1.09457250e+09
 1.09457252e+09 1.09457255e+09 1.09457257e+09 1.09457259e+09
 1.09457261e+09 1.09457264e+09 1.09457266e+09 1.09457268e+09
 1.09457270e+09 1.09457273e+09 1.09457275e+09 1.09457277e+09
 1.09457280e+09 1.09457282e+09 1.09457284e+09 1.09457286e+09
 1.09457289e+09 1.09457291e+09 1.09457293e+09 1.09457295e+09
 1.09457298e+09 1.09457300e+09 1.09457302e+09 1.09457304e+09
 1.09457307e+09 1.09457309e+09 1.09457311e+09 1.09457314e+09
 1.09457316e+09 1.09457318e+09 1.09457320e+09 1.09457323e+09
 1.09457325e+09 1.09457327e+09 1.09457329e+09 1.09457332e+09
 1.09457334e+09 1.09457336e+09 1.09457339e+09 1.09457341e+09
 1.09457343e+09 1.09457345e+09 1.09457348e+09 1.09457350e+09
 1.09457352e+09 1.09457354e+09 1.09457357e+09 1.09457359e+09
 1.09457361e+09 1.09457363e+09 1.09457366e+09 1.09457368e+09
 1.09457370e+09 1.09457373e+09 1.09457375e+09 1.09457377e+09
 1.09457379e+09 1.09457382e+09 1.09457384e+09 1.09457386e+09
 1.09457388e+09 1.09457391e+09 1.09457393e+09 1.09457395e+09
 1.09457397e+09 1.09457400e+09 1.09457402e+09 1.09457404e+09
 1.09457407e+09 1.09457409e+09 1.09457411e+09 1.09457413e+09
 1.09457416e+09 1.09457418e+09 1.09457420e+09 1.09457422e+09
 1.09457425e+09 1.09457427e+09 1.09457429e+09 1.09457431e+09
 1.09457434e+09 1.09457436e+09 1.09457438e+09 1.09457441e+09
 1.09457443e+09 1.09457445e+09 1.09457447e+09 1.09457450e+09
 1.09457452e+09 1.09457454e+09 1.09457456e+09 1.09457459e+09
 1.09457461e+09 1.09457463e+09 1.09457465e+09 1.09457468e+09
 1.09457470e+09 1.09457472e+09 1.09457475e+09 1.09457477e+09
 1.09457479e+09 1.09457481e+09 1.09457484e+09 1.09457486e+09
 1.09457488e+09 1.09457490e+09 1.09457493e+09 1.09457495e+09
 1.09457497e+09 1.09457499e+09 1.09457502e+09 1.09457504e+09
 1.09457506e+09 1.09457509e+09 1.09457511e+09 1.09457513e+09
 1.09457515e+09 1.09457518e+09 1.09457520e+09 1.09457522e+09
 1.09457524e+09 1.09457527e+09 1.09457529e+09 1.09457531e+09
 1.09457533e+09 1.09457536e+09 1.09457538e+09 1.09457540e+09
 1.09457543e+09 1.09457545e+09 1.09457547e+09 1.09457549e+09
 1.09457552e+09 1.09457554e+09 1.09457556e+09 1.09457558e+09
 1.09457561e+09 1.09457563e+09 1.09457565e+09 1.09457567e+09
 1.09457570e+09 1.09457572e+09 1.09457574e+09 1.09457577e+09
 1.09457579e+09 1.09457581e+09 1.09457583e+09 1.09457586e+09
 1.09457588e+09 1.09457590e+09 1.09457592e+09 1.09457595e+09
 1.09457597e+09 1.09457599e+09 1.09457602e+09 1.09457604e+09
 1.09457606e+09 1.09457608e+09 1.09457611e+09 1.09457613e+09
 1.09457615e+09 1.09457617e+09 1.09457620e+09 1.09457622e+09
 1.09457624e+09 1.09457626e+09 1.09457629e+09 1.09457631e+09
 1.09457633e+09 1.09457636e+09 1.09457638e+09 1.09457640e+09
 1.09457642e+09 1.09457645e+09 1.09457647e+09 1.09457649e+09
 1.09457651e+09 1.09457654e+09 1.09457656e+09 1.09457658e+09
 1.09457660e+09 1.09457663e+09 1.09457665e+09 1.09457667e+09
 1.09457670e+09 1.09457672e+09 1.09457674e+09 1.09457676e+09
 1.09457679e+09 1.09457681e+09 1.09457683e+09 1.09457685e+09
 1.09457688e+09 1.09457690e+09 1.09457692e+09 1.09457694e+09
 1.09457697e+09 1.09457699e+09 1.09457701e+09 1.09457704e+09
 1.09457706e+09 1.09457708e+09 1.09457710e+09 1.09457713e+09
 1.09457715e+09 1.09457717e+09 1.09457719e+09 1.09457722e+09
 1.09457724e+09 1.09457726e+09 1.09457728e+09 1.09457731e+09
 1.09457733e+09 1.09457735e+09 1.09457738e+09 1.09457740e+09
 1.09457742e+09 1.09457744e+09 1.09457747e+09 1.09457749e+09
 1.09457751e+09 1.09457753e+09 1.09457756e+09 1.09457758e+09
 1.09457760e+09 1.09457762e+09 1.09457765e+09 1.09457767e+09
 1.09457769e+09 1.09457772e+09 1.09457774e+09 1.09457776e+09
 1.09457778e+09 1.09457781e+09 1.09457783e+09 1.09457785e+09
 1.09457787e+09 1.09457790e+09 1.09457792e+09 1.09457794e+09
 1.09457796e+09 1.09457799e+09 1.09457801e+09 1.09457803e+09
 1.09457806e+09 1.09457808e+09 1.09457810e+09 1.09457812e+09
 1.09457815e+09 1.09457817e+09 1.09457819e+09 1.09457821e+09
 1.09457824e+09 1.09457826e+09 1.09457828e+09 1.09457830e+09
 1.09457833e+09 1.09457835e+09 1.09457837e+09 1.09457840e+09
 1.09457842e+09 1.09457844e+09 1.09457846e+09 1.09457849e+09
 1.09457851e+09 1.09457853e+09 1.09457855e+09 1.09457858e+09
 1.09457860e+09 1.09457862e+09 1.09457865e+09 1.09457867e+09
 1.09457869e+09 1.09457871e+09 1.09457874e+09 1.09457876e+09
 1.09457878e+09 1.09457880e+09 1.09457883e+09 1.09457885e+09
 1.09457887e+09 1.09457889e+09 1.09457892e+09 1.09457894e+09
 1.09457896e+09 1.09457899e+09 1.09457901e+09 1.09457903e+09
 1.09457905e+09 1.09457908e+09 1.09457910e+09 1.09457912e+09
 1.09457914e+09 1.09457917e+09 1.09457919e+09 1.09457921e+09
 1.09457923e+09 1.09457926e+09 1.09457928e+09 1.09457930e+09
 1.09457933e+09 1.09457935e+09 1.09457937e+09 1.09457939e+09
 1.09457942e+09 1.09457944e+09 1.09457946e+09 1.09457948e+09
 1.09457951e+09 1.09457953e+09 1.09457955e+09 1.09457957e+09
 1.09457960e+09 1.09457962e+09 1.09457964e+09 1.09457967e+09
 1.09457969e+09 1.09457971e+09 1.09457973e+09 1.09457976e+09
 1.09457978e+09 1.09457980e+09 1.09457982e+09 1.09457985e+09
 1.09457987e+09 1.09457989e+09 1.09457991e+09 1.09457994e+09
 1.09457996e+09 1.09457998e+09 1.09458001e+09 1.09458003e+09
 1.09458005e+09 1.09458007e+09 1.09458010e+09 1.09458012e+09
 1.09458014e+09 1.09458016e+09 1.09458019e+09 1.09458021e+09
 1.09458023e+09 1.09458025e+09 1.09458028e+09 1.09458030e+09]
minRes = 1.9705352848223574
minResTime = [1.09455876e+09]
Cov(t) = [100 100 100 100 100 100 100 100 100 100 100 100 100 100 100 100 100 100
 100 100 100 100 100 100 100 100 100 100 100 100 100 100 100 100 100 100
 100 100 100 100 100 100 100 100 100 100 100 100 100 100 100 100 100 100
 100 100 100 100 100 100 100 100 100 100 100 100 100 100 100 100 100 100
 100 100 100 100 100 100 100 100 100 100 100 100 100 100 100 100 100 100
 100 100 100 100 100 100 100 100 100 100 100 100 100 100 100 100 100 100
 100 100 100 100 100 100 100 100 100 100 100 100 100 100 100 100 100 100
 100 100 100 100 100 100 100 100 100 100 100 100 100 100 100 100 100 100
 100 100 100 100 100 100 100 100 100 100 100 100 100 100 100 100 100 100
 100 100 100 100 100 100 100 100 100 100 100 100 100 100 100 100 100 100
 100 100 100 100 100 100 100 100 100 100 100 100 100 100 100 100 100 100
 100 100 100 100 100 100 100 100 100 100 100 100 100 100 100 100 100 100
 100 100 100 100 100 100 100 100 100 100 100 100 100 100 100 100 100 100
 100 100 100 100 100 100 100 100 100 100 100 100 100 100 100 100 100 100
 100 100 100 100 100 100 100 100 100 100 100 100 100 100 100 100 100 100
 100 100 100 100 100 100 100 100 100 100 100 100 100 100 100 100 100 100
 100 100 100 100 100 100 100 100 100 100 100 100 100 100 100 100 100 100
 100 100 100 100 100 100 100 100 100 100 100 100 100 100 100 100 100 100
 100 100 100 100 100 100 100 100 100 100 100 100 100 100 100 100 100 100
 100 100 100 100 100 100 100 100 100 100 100 100 100 100 100 100 100 100
 100 100 100 100 100 100 100 100 100 100 100 100 100 100 100 100 100 100
 100 100 100 100 100 100 100 100 100 100 100 100 100 100 100 100 100 100
 100 100 100 100 100 100 100 100 100 100 100 100 100 100 100 100 100 100
 100 100 100 100 100 100 100 100 100 100 100 100 100 100 100 100 100 100
 100 100 100 100 100 100 100 100 100 100 100 100 100 100 100 100 100 100
 100 100 100 100 100 100 100 100 100 100 100 100 100 100 100 100 100 100
 100 100 100 100 100 100 100 100 100 100 100 100 100 100 100 100 100 100
 100 100 100 100 100 100 100 100 100 100 100 100 100 100 100 100 100 100
 100 100 100 100 100 100 100 100 100 100 100 100 100 100 100 100 100 100
 100 100 100 100 100 100 100 100 100 100 100 100 100 100 100 100 100 100
 100 100 100 100 100 100 100 100 100 100 100 100 100 100 100 100 100 100
 100 100 100 100 100 100 100 100 100 100 100 100 100 100 100 100 100 100
 100 100 100 100 100 100 100 100 100 100 100 100 100 100 100 100 100 100
 100 100 100 100 100 100 100 100 100 100 100 100 100 100 100 100 100 100
 100 100 100 100 100 100 100 100 100 100 100 100 100 100 100 100 100 100
 100 100 100 100 100 100 100 100 100 100 100 100 100 100 100 100 100 100
 100 100 100 100 100 100 100 100 100 100 100 100 100 100 100 100 100 100
 100 100 100 100 100 100 100 100 100 100 100 100 100 100 100 100 100 100
 100 100 100 100 100 100 100 100 100 100 100 100 100 100 100 100 100 100
 100 100 100 100 100 100 100 100 100 100 100 100 100 100 100 100 100 100
 100 100 100 100 100 100 100 100 100 100 100 100 100 100 100 100 100 100
 100 100 100 100 100 100 100 100 100 100 100 100 100 100 100 100 100 100
 100 100 100 100 100 100 100 100 100 100 100 100 100 100 100 100 100 100
 100 100 100 100 100 100 100 100 100 100 100 100 100 100 100 100 100 100
 100 100 100 100 100 100 100 100 100 100 100 100 100 100 100 100 100 100
 100 100 100 100 100 100 100 100 100 100 100 100 100 100 100 100 100 100
 100 100 100 100 100 100 100 100 100 100 100 100 100 100 100 100 100 100
 100 100 100 100 100 100 100 100 100 100 100 100 100 100 100 100 100 100
 100 100 100 100 100 100 100 100 100 100 100 100 100 100 100 100 100 100
 100 100 100 100 100 100 100 100 100 100 100 100 100 100 100 100 100 100
 100 100 100 100 100 100 100 100 100 100 100 100 100 100 100 100 100 100
 100 100 100 100 100 100 100 100 100 100 100 100 100 100 100 100 100 100
 100 100 100 100 100 100 100 100 100 100 100 100 100 100 100 100 100 100
 100 100 100 100 100 100 100 100 100 100 100 100 100 100 100 100 100 100
 100 100 100 100 100 100 100 100 100 100 100 100 100 100 100 100 100 100
 100 100 100 100 100 100 100 100 100 100]
maxCov = 100
maxCovTime = [1.09455765e+09 1.09455767e+09 1.09455770e+09 1.09455772e+09
 1.09455774e+09 1.09455776e+09 1.09455779e+09 1.09455781e+09
 1.09455783e+09 1.09455785e+09 1.09455788e+09 1.09455790e+09
 1.09455792e+09 1.09455794e+09 1.09455797e+09 1.09455799e+09
 1.09455801e+09 1.09455804e+09 1.09455806e+09 1.09455808e+09
 1.09455810e+09 1.09455813e+09 1.09455815e+09 1.09455817e+09
 1.09455819e+09 1.09455822e+09 1.09455824e+09 1.09455826e+09
 1.09455829e+09 1.09455831e+09 1.09455833e+09 1.09455835e+09
 1.09455838e+09 1.09455840e+09 1.09455842e+09 1.09455844e+09
 1.09455847e+09 1.09455849e+09 1.09455851e+09 1.09455853e+09
 1.09455856e+09 1.09455858e+09 1.09455860e+09 1.09455863e+09
 1.09455865e+09 1.09455867e+09 1.09455869e+09 1.09455872e+09
 1.09455874e+09 1.09455876e+09 1.09455878e+09 1.09455881e+09
 1.09455883e+09 1.09455885e+09 1.09455887e+09 1.09455890e+09
 1.09455892e+09 1.09455894e+09 1.09455897e+09 1.09455899e+09
 1.09455901e+09 1.09455903e+09 1.09455906e+09 1.09455908e+09
 1.09455910e+09 1.09455912e+09 1.09455915e+09 1.09455917e+09
 1.09455919e+09 1.09455921e+09 1.09455924e+09 1.09455926e+09
 1.09455928e+09 1.09455931e+09 1.09455933e+09 1.09455935e+09
 1.09455937e+09 1.09455940e+09 1.09455942e+09 1.09455944e+09
 1.09455946e+09 1.09455949e+09 1.09455951e+09 1.09455953e+09
 1.09455955e+09 1.09455958e+09 1.09455960e+09 1.09455962e+09
 1.09455965e+09 1.09455967e+09 1.09455969e+09 1.09455971e+09
 1.09455974e+09 1.09455976e+09 1.09455978e+09 1.09455980e+09
 1.09455983e+09 1.09455985e+09 1.09455987e+09 1.09455989e+09
 1.09455992e+09 1.09455994e+09 1.09455996e+09 1.09455999e+09
 1.09456001e+09 1.09456003e+09 1.09456005e+09 1.09456008e+09
 1.09456010e+09 1.09456012e+09 1.09456014e+09 1.09456017e+09
 1.09456019e+09 1.09456021e+09 1.09456023e+09 1.09456026e+09
 1.09456028e+09 1.09456030e+09 1.09456033e+09 1.09456035e+09
 1.09456037e+09 1.09456039e+09 1.09456042e+09 1.09456044e+09
 1.09456046e+09 1.09456048e+09 1.09456051e+09 1.09456053e+09
 1.09456055e+09 1.09456057e+09 1.09456060e+09 1.09456062e+09
 1.09456064e+09 1.09456067e+09 1.09456069e+09 1.09456071e+09
 1.09456073e+09 1.09456076e+09 1.09456078e+09 1.09456080e+09
 1.09456082e+09 1.09456085e+09 1.09456087e+09 1.09456089e+09
 1.09456092e+09 1.09456094e+09 1.09456096e+09 1.09456098e+09
 1.09456101e+09 1.09456103e+09 1.09456105e+09 1.09456107e+09
 1.09456110e+09 1.09456112e+09 1.09456114e+09 1.09456116e+09
 1.09456119e+09 1.09456121e+09 1.09456123e+09 1.09456126e+09
 1.09456128e+09 1.09456130e+09 1.09456132e+09 1.09456135e+09
 1.09456137e+09 1.09456139e+09 1.09456141e+09 1.09456144e+09
 1.09456146e+09 1.09456148e+09 1.09456150e+09 1.09456153e+09
 1.09456155e+09 1.09456157e+09 1.09456160e+09 1.09456162e+09
 1.09456164e+09 1.09456166e+09 1.09456169e+09 1.09456171e+09
 1.09456173e+09 1.09456175e+09 1.09456178e+09 1.09456180e+09
 1.09456182e+09 1.09456184e+09 1.09456187e+09 1.09456189e+09
 1.09456191e+09 1.09456194e+09 1.09456196e+09 1.09456198e+09
 1.09456200e+09 1.09456203e+09 1.09456205e+09 1.09456207e+09
 1.09456209e+09 1.09456212e+09 1.09456214e+09 1.09456216e+09
 1.09456218e+09 1.09456221e+09 1.09456223e+09 1.09456225e+09
 1.09456228e+09 1.09456230e+09 1.09456232e+09 1.09456234e+09
 1.09456237e+09 1.09456239e+09 1.09456241e+09 1.09456243e+09
 1.09456246e+09 1.09456248e+09 1.09456250e+09 1.09456252e+09
 1.09456255e+09 1.09456257e+09 1.09456259e+09 1.09456262e+09
 1.09456264e+09 1.09456266e+09 1.09456268e+09 1.09456271e+09
 1.09456273e+09 1.09456275e+09 1.09456277e+09 1.09456280e+09
 1.09456282e+09 1.09456284e+09 1.09456286e+09 1.09456289e+09
 1.09456291e+09 1.09456293e+09 1.09456296e+09 1.09456298e+09
 1.09456300e+09 1.09456302e+09 1.09456305e+09 1.09456307e+09
 1.09456309e+09 1.09456311e+09 1.09456314e+09 1.09456316e+09
 1.09456318e+09 1.09456320e+09 1.09456323e+09 1.09456325e+09
 1.09456327e+09 1.09456330e+09 1.09456332e+09 1.09456334e+09
 1.09456336e+09 1.09456339e+09 1.09456341e+09 1.09456343e+09
 1.09456345e+09 1.09456348e+09 1.09456350e+09 1.09456352e+09
 1.09456355e+09 1.09456357e+09 1.09456359e+09 1.09456361e+09
 1.09456364e+09 1.09456366e+09 1.09456368e+09 1.09456370e+09
 1.09456373e+09 1.09456375e+09 1.09456377e+09 1.09456379e+09
 1.09456382e+09 1.09456384e+09 1.09456386e+09 1.09456389e+09
 1.09456391e+09 1.09456393e+09 1.09456395e+09 1.09456398e+09
 1.09456400e+09 1.09456402e+09 1.09456404e+09 1.09456407e+09
 1.09456409e+09 1.09456411e+09 1.09456413e+09 1.09456416e+09
 1.09456418e+09 1.09456420e+09 1.09456423e+09 1.09456425e+09
 1.09456427e+09 1.09456429e+09 1.09456432e+09 1.09456434e+09
 1.09456436e+09 1.09456438e+09 1.09456441e+09 1.09456443e+09
 1.09456445e+09 1.09456447e+09 1.09456450e+09 1.09456452e+09
 1.09456454e+09 1.09456457e+09 1.09456459e+09 1.09456461e+09
 1.09456463e+09 1.09456466e+09 1.09456468e+09 1.09456470e+09
 1.09456472e+09 1.09456475e+09 1.09456477e+09 1.09456479e+09
 1.09456481e+09 1.09456484e+09 1.09456486e+09 1.09456488e+09
 1.09456491e+09 1.09456493e+09 1.09456495e+09 1.09456497e+09
 1.09456500e+09 1.09456502e+09 1.09456504e+09 1.09456506e+09
 1.09456509e+09 1.09456511e+09 1.09456513e+09 1.09456515e+09
 1.09456518e+09 1.09456520e+09 1.09456522e+09 1.09456525e+09
 1.09456527e+09 1.09456529e+09 1.09456531e+09 1.09456534e+09
 1.09456536e+09 1.09456538e+09 1.09456540e+09 1.09456543e+09
 1.09456545e+09 1.09456547e+09 1.09456549e+09 1.09456552e+09
 1.09456554e+09 1.09456556e+09 1.09456559e+09 1.09456561e+09
 1.09456563e+09 1.09456565e+09 1.09456568e+09 1.09456570e+09
 1.09456572e+09 1.09456574e+09 1.09456577e+09 1.09456579e+09
 1.09456581e+09 1.09456584e+09 1.09456586e+09 1.09456588e+09
 1.09456590e+09 1.09456593e+09 1.09456595e+09 1.09456597e+09
 1.09456599e+09 1.09456602e+09 1.09456604e+09 1.09456606e+09
 1.09456608e+09 1.09456611e+09 1.09456613e+09 1.09456615e+09
 1.09456618e+09 1.09456620e+09 1.09456622e+09 1.09456624e+09
 1.09456627e+09 1.09456629e+09 1.09456631e+09 1.09456633e+09
 1.09456636e+09 1.09456638e+09 1.09456640e+09 1.09456642e+09
 1.09456645e+09 1.09456647e+09 1.09456649e+09 1.09456652e+09
 1.09456654e+09 1.09456656e+09 1.09456658e+09 1.09456661e+09
 1.09456663e+09 1.09456665e+09 1.09456667e+09 1.09456670e+09
 1.09456672e+09 1.09456674e+09 1.09456676e+09 1.09456679e+09
 1.09456681e+09 1.09456683e+09 1.09456686e+09 1.09456688e+09
 1.09456690e+09 1.09456692e+09 1.09456695e+09 1.09456697e+09
 1.09456699e+09 1.09456701e+09 1.09456704e+09 1.09456706e+09
 1.09456708e+09 1.09456710e+09 1.09456713e+09 1.09456715e+09
 1.09456717e+09 1.09456720e+09 1.09456722e+09 1.09456724e+09
 1.09456726e+09 1.09456729e+09 1.09456731e+09 1.09456733e+09
 1.09456735e+09 1.09456738e+09 1.09456740e+09 1.09456742e+09
 1.09456744e+09 1.09456747e+09 1.09456749e+09 1.09456751e+09
 1.09456754e+09 1.09456756e+09 1.09456758e+09 1.09456760e+09
 1.09456763e+09 1.09456765e+09 1.09456767e+09 1.09456769e+09
 1.09456772e+09 1.09456774e+09 1.09456776e+09 1.09456778e+09
 1.09456781e+09 1.09456783e+09 1.09456785e+09 1.09456788e+09
 1.09456790e+09 1.09456792e+09 1.09456794e+09 1.09456797e+09
 1.09456799e+09 1.09456801e+09 1.09456803e+09 1.09456806e+09
 1.09456808e+09 1.09456810e+09 1.09456812e+09 1.09456815e+09
 1.09456817e+09 1.09456819e+09 1.09456822e+09 1.09456824e+09
 1.09456826e+09 1.09456828e+09 1.09456831e+09 1.09456833e+09
 1.09456835e+09 1.09456837e+09 1.09456840e+09 1.09456842e+09
 1.09456844e+09 1.09456847e+09 1.09456849e+09 1.09456851e+09
 1.09456853e+09 1.09456856e+09 1.09456858e+09 1.09456860e+09
 1.09456862e+09 1.09456865e+09 1.09456867e+09 1.09456869e+09
 1.09456871e+09 1.09456874e+09 1.09456876e+09 1.09456878e+09
 1.09456881e+09 1.09456883e+09 1.09456885e+09 1.09456887e+09
 1.09456890e+09 1.09456892e+09 1.09456894e+09 1.09456896e+09
 1.09456899e+09 1.09456901e+09 1.09456903e+09 1.09456905e+09
 1.09456908e+09 1.09456910e+09 1.09456912e+09 1.09456915e+09
 1.09456917e+09 1.09456919e+09 1.09456921e+09 1.09456924e+09
 1.09456926e+09 1.09456928e+09 1.09456930e+09 1.09456933e+09
 1.09456935e+09 1.09456937e+09 1.09456939e+09 1.09456942e+09
 1.09456944e+09 1.09456946e+09 1.09456949e+09 1.09456951e+09
 1.09456953e+09 1.09456955e+09 1.09456958e+09 1.09456960e+09
 1.09456962e+09 1.09456964e+09 1.09456967e+09 1.09456969e+09
 1.09456971e+09 1.09456973e+09 1.09456976e+09 1.09456978e+09
 1.09456980e+09 1.09456983e+09 1.09456985e+09 1.09456987e+09
 1.09456989e+09 1.09456992e+09 1.09456994e+09 1.09456996e+09
 1.09456998e+09 1.09457001e+09 1.09457003e+09 1.09457005e+09
 1.09457007e+09 1.09457010e+09 1.09457012e+09 1.09457014e+09
 1.09457017e+09 1.09457019e+09 1.09457021e+09 1.09457023e+09
 1.09457026e+09 1.09457028e+09 1.09457030e+09 1.09457032e+09
 1.09457035e+09 1.09457037e+09 1.09457039e+09 1.09457041e+09
 1.09457044e+09 1.09457046e+09 1.09457048e+09 1.09457051e+09
 1.09457053e+09 1.09457055e+09 1.09457057e+09 1.09457060e+09
 1.09457062e+09 1.09457064e+09 1.09457066e+09 1.09457069e+09
 1.09457071e+09 1.09457073e+09 1.09457075e+09 1.09457078e+09
 1.09457080e+09 1.09457082e+09 1.09457085e+09 1.09457087e+09
 1.09457089e+09 1.09457091e+09 1.09457094e+09 1.09457096e+09
 1.09457098e+09 1.09457100e+09 1.09457103e+09 1.09457105e+09
 1.09457107e+09 1.09457110e+09 1.09457112e+09 1.09457114e+09
 1.09457116e+09 1.09457119e+09 1.09457121e+09 1.09457123e+09
 1.09457125e+09 1.09457128e+09 1.09457130e+09 1.09457132e+09
 1.09457134e+09 1.09457137e+09 1.09457139e+09 1.09457141e+09
 1.09457144e+09 1.09457146e+09 1.09457148e+09 1.09457150e+09
 1.09457153e+09 1.09457155e+09 1.09457157e+09 1.09457159e+09
 1.09457162e+09 1.09457164e+09 1.09457166e+09 1.09457168e+09
 1.09457171e+09 1.09457173e+09 1.09457175e+09 1.09457178e+09
 1.09457180e+09 1.09457182e+09 1.09457184e+09 1.09457187e+09
 1.09457189e+09 1.09457191e+09 1.09457193e+09 1.09457196e+09
 1.09457198e+09 1.09457200e+09 1.09457202e+09 1.09457205e+09
 1.09457207e+09 1.09457209e+09 1.09457212e+09 1.09457214e+09
 1.09457216e+09 1.09457218e+09 1.09457221e+09 1.09457223e+09
 1.09457225e+09 1.09457227e+09 1.09457230e+09 1.09457232e+09
 1.09457234e+09 1.09457236e+09 1.09457239e+09 1.09457241e+09
 1.09457243e+09 1.09457246e+09 1.09457248e+09 1.09457250e+09
 1.09457252e+09 1.09457255e+09 1.09457257e+09 1.09457259e+09
 1.09457261e+09 1.09457264e+09 1.09457266e+09 1.09457268e+09
 1.09457270e+09 1.09457273e+09 1.09457275e+09 1.09457277e+09
 1.09457280e+09 1.09457282e+09 1.09457284e+09 1.09457286e+09
 1.09457289e+09 1.09457291e+09 1.09457293e+09 1.09457295e+09
 1.09457298e+09 1.09457300e+09 1.09457302e+09 1.09457304e+09
 1.09457307e+09 1.09457309e+09 1.09457311e+09 1.09457314e+09
 1.09457316e+09 1.09457318e+09 1.09457320e+09 1.09457323e+09
 1.09457325e+09 1.09457327e+09 1.09457329e+09 1.09457332e+09
 1.09457334e+09 1.09457336e+09 1.09457339e+09 1.09457341e+09
 1.09457343e+09 1.09457345e+09 1.09457348e+09 1.09457350e+09
 1.09457352e+09 1.09457354e+09 1.09457357e+09 1.09457359e+09
 1.09457361e+09 1.09457363e+09 1.09457366e+09 1.09457368e+09
 1.09457370e+09 1.09457373e+09 1.09457375e+09 1.09457377e+09
 1.09457379e+09 1.09457382e+09 1.09457384e+09 1.09457386e+09
 1.09457388e+09 1.09457391e+09 1.09457393e+09 1.09457395e+09
 1.09457397e+09 1.09457400e+09 1.09457402e+09 1.09457404e+09
 1.09457407e+09 1.09457409e+09 1.09457411e+09 1.09457413e+09
 1.09457416e+09 1.09457418e+09 1.09457420e+09 1.09457422e+09
 1.09457425e+09 1.09457427e+09 1.09457429e+09 1.09457431e+09
 1.09457434e+09 1.09457436e+09 1.09457438e+09 1.09457441e+09
 1.09457443e+09 1.09457445e+09 1.09457447e+09 1.09457450e+09
 1.09457452e+09 1.09457454e+09 1.09457456e+09 1.09457459e+09
 1.09457461e+09 1.09457463e+09 1.09457465e+09 1.09457468e+09
 1.09457470e+09 1.09457472e+09 1.09457475e+09 1.09457477e+09
 1.09457479e+09 1.09457481e+09 1.09457484e+09 1.09457486e+09
 1.09457488e+09 1.09457490e+09 1.09457493e+09 1.09457495e+09
 1.09457497e+09 1.09457499e+09 1.09457502e+09 1.09457504e+09
 1.09457506e+09 1.09457509e+09 1.09457511e+09 1.09457513e+09
 1.09457515e+09 1.09457518e+09 1.09457520e+09 1.09457522e+09
 1.09457524e+09 1.09457527e+09 1.09457529e+09 1.09457531e+09
 1.09457533e+09 1.09457536e+09 1.09457538e+09 1.09457540e+09
 1.09457543e+09 1.09457545e+09 1.09457547e+09 1.09457549e+09
 1.09457552e+09 1.09457554e+09 1.09457556e+09 1.09457558e+09
 1.09457561e+09 1.09457563e+09 1.09457565e+09 1.09457567e+09
 1.09457570e+09 1.09457572e+09 1.09457574e+09 1.09457577e+09
 1.09457579e+09 1.09457581e+09 1.09457583e+09 1.09457586e+09
 1.09457588e+09 1.09457590e+09 1.09457592e+09 1.09457595e+09
 1.09457597e+09 1.09457599e+09 1.09457602e+09 1.09457604e+09
 1.09457606e+09 1.09457608e+09 1.09457611e+09 1.09457613e+09
 1.09457615e+09 1.09457617e+09 1.09457620e+09 1.09457622e+09
 1.09457624e+09 1.09457626e+09 1.09457629e+09 1.09457631e+09
 1.09457633e+09 1.09457636e+09 1.09457638e+09 1.09457640e+09
 1.09457642e+09 1.09457645e+09 1.09457647e+09 1.09457649e+09
 1.09457651e+09 1.09457654e+09 1.09457656e+09 1.09457658e+09
 1.09457660e+09 1.09457663e+09 1.09457665e+09 1.09457667e+09
 1.09457670e+09 1.09457672e+09 1.09457674e+09 1.09457676e+09
 1.09457679e+09 1.09457681e+09 1.09457683e+09 1.09457685e+09
 1.09457688e+09 1.09457690e+09 1.09457692e+09 1.09457694e+09
 1.09457697e+09 1.09457699e+09 1.09457701e+09 1.09457704e+09
 1.09457706e+09 1.09457708e+09 1.09457710e+09 1.09457713e+09
 1.09457715e+09 1.09457717e+09 1.09457719e+09 1.09457722e+09
 1.09457724e+09 1.09457726e+09 1.09457728e+09 1.09457731e+09
 1.09457733e+09 1.09457735e+09 1.09457738e+09 1.09457740e+09
 1.09457742e+09 1.09457744e+09 1.09457747e+09 1.09457749e+09
 1.09457751e+09 1.09457753e+09 1.09457756e+09 1.09457758e+09
 1.09457760e+09 1.09457762e+09 1.09457765e+09 1.09457767e+09
 1.09457769e+09 1.09457772e+09 1.09457774e+09 1.09457776e+09
 1.09457778e+09 1.09457781e+09 1.09457783e+09 1.09457785e+09
 1.09457787e+09 1.09457790e+09 1.09457792e+09 1.09457794e+09
 1.09457796e+09 1.09457799e+09 1.09457801e+09 1.09457803e+09
 1.09457806e+09 1.09457808e+09 1.09457810e+09 1.09457812e+09
 1.09457815e+09 1.09457817e+09 1.09457819e+09 1.09457821e+09
 1.09457824e+09 1.09457826e+09 1.09457828e+09 1.09457830e+09
 1.09457833e+09 1.09457835e+09 1.09457837e+09 1.09457840e+09
 1.09457842e+09 1.09457844e+09 1.09457846e+09 1.09457849e+09
 1.09457851e+09 1.09457853e+09 1.09457855e+09 1.09457858e+09
 1.09457860e+09 1.09457862e+09 1.09457865e+09 1.09457867e+09
 1.09457869e+09 1.09457871e+09 1.09457874e+09 1.09457876e+09
 1.09457878e+09 1.09457880e+09 1.09457883e+09 1.09457885e+09
 1.09457887e+09 1.09457889e+09 1.09457892e+09 1.09457894e+09
 1.09457896e+09 1.09457899e+09 1.09457901e+09 1.09457903e+09
 1.09457905e+09 1.09457908e+09 1.09457910e+09 1.09457912e+09
 1.09457914e+09 1.09457917e+09 1.09457919e+09 1.09457921e+09
 1.09457923e+09 1.09457926e+09 1.09457928e+09 1.09457930e+09
 1.09457933e+09 1.09457935e+09 1.09457937e+09 1.09457939e+09
 1.09457942e+09 1.09457944e+09 1.09457946e+09 1.09457948e+09
 1.09457951e+09 1.09457953e+09 1.09457955e+09 1.09457957e+09
 1.09457960e+09 1.09457962e+09 1.09457964e+09 1.09457967e+09
 1.09457969e+09 1.09457971e+09 1.09457973e+09 1.09457976e+09
 1.09457978e+09 1.09457980e+09 1.09457982e+09 1.09457985e+09
 1.09457987e+09 1.09457989e+09 1.09457991e+09 1.09457994e+09
 1.09457996e+09 1.09457998e+09 1.09458001e+09 1.09458003e+09
 1.09458005e+09 1.09458007e+09 1.09458010e+09 1.09458012e+09
 1.09458014e+09 1.09458016e+09 1.09458019e+09 1.09458021e+09
 1.09458023e+09 1.09458025e+09 1.09458028e+09 1.09458030e+09]
