name =JUICE_ROI_GAN_1_0_07
flyby = ['2034 JAN 14 06:38:51', '2034 JAN 15 06:38:51']
Observation TW = <SpiceCell dtype = 1, length = 0, size = 3400, card = 14, is_set = 1, adjust = 0, init = 1, base = 94574003386832, data = 94574003386880>
Res(t) = [3.2752113  3.27228721 3.26936336 3.26643976 3.2635164  3.26059327
 3.25767039 3.25474774 3.25182532 3.24890314 3.24598118 3.24305946
 3.24013795 3.23721667 3.23429561 3.23137477 3.22845414 3.22553373
 3.22261353 3.21969354 3.21677376 3.21385419 3.21093481 3.20801564
 3.20509667 3.2021779  3.19925932 3.19634093 3.19342273 3.19050472
 3.1875869  3.18466926 3.18175181 3.17883453 3.17591743 3.17300051
 3.17008376 3.16716718 3.16425077 3.16133452 3.15841844 3.15550253
 3.15258677 3.14967117 3.14675572 3.14384043 3.14092529 3.1380103
 3.13509546 3.13218076 3.1292662  3.12635178 3.1234375  3.12052336
 3.11760935 3.11469547 3.11178172 3.1088681  3.1059546  3.10304122
 3.10012796 3.09721482 3.0943018  3.09138889 3.08847609 3.08556339
 3.08265081 3.07973833 3.07682595 3.07391367 3.07100149 3.0680894
 3.0651774  3.0622655  3.05935368 3.05644195 3.05353031 3.05061874
 3.04770726 3.04479585 3.04188451 3.03897325 3.03606206 3.03315093
 3.03023987 3.02732887 3.02441793 3.02150706 3.01859623 3.01568546
 3.01277474 3.00986408 3.00695345 3.00404287 3.00113234 2.99822184
 2.99531138 2.99240096 2.98949056 2.9865802  2.98366987 2.98075956
 2.97784927 2.97493901 2.97202876 2.96911853 2.96620831 2.9632981
 2.96038791 2.95747772 2.95456753 2.95165735 2.94874716 2.94583697
 2.94292678 2.94001657 2.93710636 2.93419614 2.9312859  2.92837564
 2.92546536 2.92255506 2.91964474 2.91673439 2.913824   2.91091359
 2.90800314 2.90509266 2.90218213 2.89927157 2.89636096 2.8934503
 2.8905396  2.88762884 2.88471803 2.88180716 2.87889623 2.87598524
 2.87307419 2.87016307 2.86725189 2.86434063 2.8614293  2.85851789
 2.8556064  2.85269483 2.84978318 2.84687145 2.84395962 2.8410477
 2.83813569 2.83522358 2.83231138 2.82939907 2.82648666 2.82357414
 2.82066152 2.81774878 2.81483593 2.81192296 2.80900987 2.80609667
 2.80318334 2.80026988 2.79735629 2.79444258 2.79152872 2.78861473
 2.78570061 2.78278634 2.77987192 2.77695736 2.77404265 2.77112779
 2.76821278 2.7652976  2.76238227 2.75946677 2.75655111 2.75363529
 2.75071929 2.74780312 2.74488677 2.74197025 2.73905355 2.73613666
 2.73321959 2.73030233 2.72738487 2.72446723 2.72154939 2.71863135
 2.71571311 2.71279466 2.70987601 2.70695715 2.70403808 2.70111879
 2.69819929 2.69527956 2.69235961 2.68943944 2.68651904 2.68359841
 2.68067755 2.67775645 2.67483511 2.67191354 2.66899171 2.66606964
 2.66314733 2.66022476 2.65730193 2.65437885 2.65145551 2.64853191
 2.64560804 2.6426839  2.63975949 2.63683481 2.63390985 2.63098462
 2.6280591  2.6251333  2.62220721 2.61928083 2.61635416 2.61342719
 2.61049993 2.60757236 2.60464449 2.60171632 2.59878783 2.59585904
 2.59292993 2.5900005  2.58707075 2.58414069 2.58121029 2.57827957
 2.57534851 2.57241712 2.5694854  2.56655333 2.56362093 2.56068818
 2.55775508 2.55482163 2.55188782 2.54895366 2.54601914 2.54308426
 2.54014902 2.53721341 2.53427742 2.53134107 2.52840434 2.52546723
 2.52252973 2.51959186 2.51665359 2.51371494 2.51077589 2.50783645
 2.50489661 2.50195637 2.49901572 2.49607466 2.4931332  2.49019132
 2.48724903 2.48430632 2.48136318 2.47841962 2.47547564 2.47253122
 2.46958637 2.46664109 2.46369536 2.4607492  2.45780259 2.45485553
 2.45190802 2.44896005 2.44601164 2.44306276 2.44011342 2.43716361
 2.43421334 2.43126259 2.42831137 2.42535967 2.4224075  2.41945484
 2.41650169 2.41354806 2.41059393 2.40763931 2.40468419 2.40172858
 2.39877245 2.39581582 2.39285869 2.38990103 2.38694287 2.38398418
 2.38102497 2.37806524 2.37510498 2.37214419 2.36918287 2.36622101
 2.36325861 2.36029567 2.35733218 2.35436814 2.35140356 2.34843841
 2.34547271 2.34250645 2.33953963 2.33657223 2.33360427 2.33063574
 2.32766663 2.32469693 2.32172666 2.3187558  2.31578436 2.31281232
 2.30983969 2.30686646 2.30389263 2.3009182  2.29794316 2.29496751
 2.29199124 2.28901436 2.28603686 2.28305874 2.28008    2.27710062
 2.27412061 2.27113997 2.26815869 2.26517677 2.26219421 2.259211
 2.25622714 2.25324262 2.25025745 2.24727162 2.24428512 2.24129796
 2.23831013 2.23532162 2.23233245 2.22934259 2.22635205 2.22336082
 2.22036891 2.2173763  2.214383   2.21138901 2.20839431 2.20539891
 2.2024028  2.19940597 2.19640844 2.19341019 2.19041121 2.18741152
 2.1844111  2.18140994 2.17840806 2.17540543 2.17240207 2.16939797
 2.16639312 2.16338751 2.16038116 2.15737405 2.15436618 2.15135755
 2.14834816 2.14533799 2.14232705 2.13931534 2.13630285 2.13328957
 2.13027551 2.12726066 2.12424502 2.12122859 2.11821135 2.11519332
 2.11217448 2.10915483 2.10613437 2.10311309 2.100091   2.09706808
 2.09404434 2.09101977 2.08799437 2.08496813 2.08194106 2.07891314
 2.07588438 2.07285477 2.06982431 2.06679299 2.06376081 2.06072778
 2.05769388 2.0546591  2.05162346 2.04858694 2.04554955 2.04251127
 2.0394721  2.03643205 2.03339111 2.03034927 2.02730653 2.02426288
 2.02121833 2.01817288 2.01512651 2.01207922 2.00903102 2.00598189
 2.00293183 1.99988085 1.99682893 1.99377607 1.99072228 1.98766754
 1.98461186 1.98155522 1.97849763 1.97543908 1.97237957 1.9693191
 1.96625766 1.96319525 1.96013187 1.9570675  1.95400216 1.95093582
 1.94786851 1.94480019 1.94173089 1.93866058 1.93558927 1.93251696
 1.92944363 1.92636929 1.92329394 1.92021757 1.91714017 1.91406174
 1.91098229 1.9079018  1.90482027 1.9017377  1.89865408 1.89556942
 1.89248371 1.88939694 1.88630911 1.88322021 1.88013026 1.87703923
 1.87394713 1.87085395 1.86775969 1.86466435 1.86156792 1.8584704
 1.85537178 1.85227207 1.84917125 1.84606933 1.8429663  1.83986215
 1.83675689 1.83365052 1.83054301 1.82743438 1.82432462 1.82121372
 1.81810169 1.81498852 1.8118742  1.80875873 1.8056421  1.80252433
 1.79940539 1.79628529 1.79316402 1.79004158 1.78691797 1.78379318
 1.7806672  1.77754005 1.7744117  1.77128216 1.76815142 1.76501949
 1.76188635 1.758752   1.75561644 1.75247967 1.74934168 1.74620247
 1.74306203 1.73992036 1.73677746 1.73363332 1.73048794 1.72734132
 1.72419345 1.72104433 1.71789395 1.71474232 1.71158942 1.70843525
 1.70527982 1.70212311 1.69896512 1.69580585 1.6926453  1.68948346
 1.68632032 1.68315589 1.67999016 1.67682313 1.67365479 1.67048513
 1.66731417 1.66414188 1.66096827 1.65779333 1.65461707 1.65143947
 1.64826054 1.64508026 1.64189864 1.63871566 1.63553134 1.63234566
 1.62915862 1.62597022 1.62278045 1.61958931 1.61639679 1.61320289
 1.61000761 1.60681095 1.60361289 1.60041344 1.5972126  1.59401035
 1.59080669 1.58760163 1.58439516 1.58118726 1.57797795 1.57476721
 1.57155505 1.56834145 1.56512642 1.56190994 1.55869203 1.55547267
 1.55225185 1.54902958 1.54580586 1.54258067 1.53935401 1.53612589
 1.53289629 1.52966521 1.52643266 1.52319861 1.51996308 1.51672606
 1.51348754 1.51024752 1.50700599 1.50376296 1.50051841 1.49727235
 1.49402477 1.49077567 1.48752504 1.48427288 1.48101918 1.47776395
 1.47450717 1.47124885 1.46798898 1.46472755 1.46146457 1.45820002
 1.45493392 1.45166624 1.44839699 1.44512616 1.44185375 1.43857976
 1.43530418 1.43202701 1.42874824 1.42546788 1.42218591 1.41890233
 1.41561715 1.41233034 1.40904193 1.40575188 1.40246022 1.39916692
 1.39587199 1.39257542 1.38927722 1.38597736 1.38267586 1.37937271
 1.3760679  1.37276143 1.3694533  1.3661435  1.36283203 1.35951888
 1.35620406 1.35288755 1.34956936 1.34624948 1.34292791 1.33960463
 1.33627966 1.33295298 1.3296246  1.3262945  1.32296269 1.31962915
 1.3162939  1.31295691 1.3096182  1.30627775 1.30293557 1.29959164
 1.29624597 1.29289855 1.28954937 1.28619845 1.28284576 1.2794913
 1.27613508 1.27277709 1.26941733 1.26605579 1.26269246 1.25932735
 1.25596046 1.25259177 1.24922128 1.245849   1.24247491 1.23909902
 1.23572131 1.23234179 1.22896046 1.22557731 1.22219233 1.21880552
 1.21541689 1.21202641 1.20863411 1.20523996 1.20184396 1.19844612
 1.19504642 1.19164487 1.18824147 1.1848362  1.18142907 1.17802006
 1.17460919 1.17119644 1.16778181 1.16436531 1.16094691 1.15752663
 1.15410446 1.15068039 1.14725443 1.14382656 1.14039679 1.13696512
 1.13353153 1.13009603 1.12665861 1.12321928 1.11977802 1.11633483
 1.11288972 1.10944267 1.10599369 1.10254278 1.09908992 1.09563512
 1.09217837 1.08871967 1.08525902 1.08179642 1.07833185 1.07486533
 1.07139684 1.06792639 1.06445397 1.06097958 1.05750321 1.05402487
 1.05054455 1.04706224 1.04357796 1.04009168 1.03660342 1.03311316
 1.02962091 1.02612667 1.02263042 1.01913218 1.01563193 1.01212967
 1.00862541 1.00511914 1.00161086 0.99810056 0.99458825 0.99107391
 0.98755756 0.98403919 0.9805188  0.97699637 0.97347193 0.96994545
 0.96641694 0.9628864  0.95935383 0.95581922 0.95228257 0.94874389
 0.94520317 0.9416604  0.9381156  0.93456875 0.93101986 0.92746892
 0.92391594 0.92036091 0.91680383 0.9132447  0.90968353 0.9061203
 0.90255502 0.89898769 0.89541831 0.89184688 0.8882734  0.88469786
 0.88112027 0.87754063 0.87395894 0.87037519 0.86678939 0.86320154
 0.85961164 0.85601969 0.85242569 0.84882964 0.84523153 0.84163139
 0.83802919 0.83442495 0.83081867 0.82721034 0.82359997 0.81998756
 0.81637311 0.81275663 0.80913811 0.80551756 0.80189498 0.79827038
 0.79464375 0.79101509 0.78738442 0.78375173 0.78011703 0.77648031
 0.77284159 0.76920087 0.76555815 0.76191344 0.75826673 0.75461804
 0.75096736 0.74731471 0.74366009 0.7400035  0.73634495 0.73268444
 0.72902198 0.72535758 0.72169124 0.71802297 0.71435277 0.71068066
 0.70700664 0.70333071 0.69965289 0.69597319 0.6922916  0.68860815
 0.61067143 0.6075503  0.60442741 0.60130273 0.59817627 0.59504802
 0.59191798 0.58878614 0.5856525  0.58251706 0.57937982 0.57624076
 0.57309989 0.56995721 0.56681271 0.5636664  0.56051826 0.5573683
 0.55421651 0.55093883 0.54605674 0.5427676  0.53947911 0.53619125
 0.53290399 0.52961731 0.52633118 0.52304558 0.51976049 0.51647589
 0.51319176 0.50990808 0.50662484 0.503342   0.50005956 0.49677749
 0.49349578 0.49021442 0.48693339 0.48365267 0.48037226 0.47709213
 0.47381229 0.47053271 0.46725339 0.46397431 0.46069548 0.45741688
 0.4541385  0.45086035 0.44758241 0.44423372 0.44095722 0.43768092
 0.43440483 0.43112895 0.42785329 0.42457785 0.42130264 0.41802766
 0.41475292 0.41147844 0.40820423 0.4049303  0.40165667 0.39838335
 0.39511038 0.39183776 0.38856552 0.38529369 0.38202231 0.37875139
 0.37548098 0.37221111 0.36894183 0.36567316 0.36240517 0.3591379
 0.35587139 0.35260572 0.34934093 0.34607709 0.34281426 0.33955253
 0.33629196 0.33303264 0.32977465 0.32651808 0.32326304 0.32000962
 0.51685875 0.46714951 0.43459215 0.41321903 0.39712501 0.39036114
 0.3806552  0.37185057 0.36372658 0.35515185 0.34836462 0.34189131
 0.33568377 0.3297049  0.32392551 0.31832216 0.31287579 0.30757065
 0.30239358 0.29733349 0.29238095 0.28752788 0.28276734 0.27809327
 0.27350045 0.26898428 0.2645408  0.26016648 0.25585828 0.25161351
 0.24741938 0.24183664 0.27151386 0.25775648 0.24825224 0.24104738
 0.22890436 0.22361528 0.21865854 0.25564854 0.24078547 0.22868151
 0.22044775 0.21208288 0.20656342 0.20153006 0.19700147 0.19259236
 0.18841085 0.18186943 0.17793691 0.1791762  0.17485449 0.17081325
 0.16700656 0.16340434 0.17699144 0.16459884 0.15921387 0.15497387
 0.15133816 0.14818563 0.14526029 0.14259716 0.14016936 0.14883619
 0.14205226 0.13879998 0.13637121 0.13447109 0.14328433 0.13796681
 0.13610885 0.13518325 0.13533642 0.13634542 0.13762118 0.14865607
 0.15112259 0.15025785 0.16615826 0.15219358]
t = [1.07410560e+09 1.07410564e+09 1.07410569e+09 1.07410573e+09
 1.07410577e+09 1.07410581e+09 1.07410586e+09 1.07410590e+09
 1.07410594e+09 1.07410599e+09 1.07410603e+09 1.07410607e+09
 1.07410611e+09 1.07410616e+09 1.07410620e+09 1.07410624e+09
 1.07410628e+09 1.07410633e+09 1.07410637e+09 1.07410641e+09
 1.07410646e+09 1.07410650e+09 1.07410654e+09 1.07410658e+09
 1.07410663e+09 1.07410667e+09 1.07410671e+09 1.07410676e+09
 1.07410680e+09 1.07410684e+09 1.07410688e+09 1.07410693e+09
 1.07410697e+09 1.07410701e+09 1.07410705e+09 1.07410710e+09
 1.07410714e+09 1.07410718e+09 1.07410723e+09 1.07410727e+09
 1.07410731e+09 1.07410735e+09 1.07410740e+09 1.07410744e+09
 1.07410748e+09 1.07410753e+09 1.07410757e+09 1.07410761e+09
 1.07410765e+09 1.07410770e+09 1.07410774e+09 1.07410778e+09
 1.07410782e+09 1.07410787e+09 1.07410791e+09 1.07410795e+09
 1.07410800e+09 1.07410804e+09 1.07410808e+09 1.07410812e+09
 1.07410817e+09 1.07410821e+09 1.07410825e+09 1.07410829e+09
 1.07410834e+09 1.07410838e+09 1.07410842e+09 1.07410847e+09
 1.07410851e+09 1.07410855e+09 1.07410859e+09 1.07410864e+09
 1.07410868e+09 1.07410872e+09 1.07410877e+09 1.07410881e+09
 1.07410885e+09 1.07410889e+09 1.07410894e+09 1.07410898e+09
 1.07410902e+09 1.07410906e+09 1.07410911e+09 1.07410915e+09
 1.07410919e+09 1.07410924e+09 1.07410928e+09 1.07410932e+09
 1.07410936e+09 1.07410941e+09 1.07410945e+09 1.07410949e+09
 1.07410954e+09 1.07410958e+09 1.07410962e+09 1.07410966e+09
 1.07410971e+09 1.07410975e+09 1.07410979e+09 1.07410983e+09
 1.07410988e+09 1.07410992e+09 1.07410996e+09 1.07411001e+09
 1.07411005e+09 1.07411009e+09 1.07411013e+09 1.07411018e+09
 1.07411022e+09 1.07411026e+09 1.07411031e+09 1.07411035e+09
 1.07411039e+09 1.07411043e+09 1.07411048e+09 1.07411052e+09
 1.07411056e+09 1.07411060e+09 1.07411065e+09 1.07411069e+09
 1.07411073e+09 1.07411078e+09 1.07411082e+09 1.07411086e+09
 1.07411090e+09 1.07411095e+09 1.07411099e+09 1.07411103e+09
 1.07411108e+09 1.07411112e+09 1.07411116e+09 1.07411120e+09
 1.07411125e+09 1.07411129e+09 1.07411133e+09 1.07411137e+09
 1.07411142e+09 1.07411146e+09 1.07411150e+09 1.07411155e+09
 1.07411159e+09 1.07411163e+09 1.07411167e+09 1.07411172e+09
 1.07411176e+09 1.07411180e+09 1.07411185e+09 1.07411189e+09
 1.07411193e+09 1.07411197e+09 1.07411202e+09 1.07411206e+09
 1.07411210e+09 1.07411214e+09 1.07411219e+09 1.07411223e+09
 1.07411227e+09 1.07411232e+09 1.07411236e+09 1.07411240e+09
 1.07411244e+09 1.07411249e+09 1.07411253e+09 1.07411257e+09
 1.07411262e+09 1.07411266e+09 1.07411270e+09 1.07411274e+09
 1.07411279e+09 1.07411283e+09 1.07411287e+09 1.07411291e+09
 1.07411296e+09 1.07411300e+09 1.07411304e+09 1.07411309e+09
 1.07411313e+09 1.07411317e+09 1.07411321e+09 1.07411326e+09
 1.07411330e+09 1.07411334e+09 1.07411339e+09 1.07411343e+09
 1.07411347e+09 1.07411351e+09 1.07411356e+09 1.07411360e+09
 1.07411364e+09 1.07411368e+09 1.07411373e+09 1.07411377e+09
 1.07411381e+09 1.07411386e+09 1.07411390e+09 1.07411394e+09
 1.07411398e+09 1.07411403e+09 1.07411407e+09 1.07411411e+09
 1.07411415e+09 1.07411420e+09 1.07411424e+09 1.07411428e+09
 1.07411433e+09 1.07411437e+09 1.07411441e+09 1.07411445e+09
 1.07411450e+09 1.07411454e+09 1.07411458e+09 1.07411463e+09
 1.07411467e+09 1.07411471e+09 1.07411475e+09 1.07411480e+09
 1.07411484e+09 1.07411488e+09 1.07411492e+09 1.07411497e+09
 1.07411501e+09 1.07411505e+09 1.07411510e+09 1.07411514e+09
 1.07411518e+09 1.07411522e+09 1.07411527e+09 1.07411531e+09
 1.07411535e+09 1.07411540e+09 1.07411544e+09 1.07411548e+09
 1.07411552e+09 1.07411557e+09 1.07411561e+09 1.07411565e+09
 1.07411569e+09 1.07411574e+09 1.07411578e+09 1.07411582e+09
 1.07411587e+09 1.07411591e+09 1.07411595e+09 1.07411599e+09
 1.07411604e+09 1.07411608e+09 1.07411612e+09 1.07411617e+09
 1.07411621e+09 1.07411625e+09 1.07411629e+09 1.07411634e+09
 1.07411638e+09 1.07411642e+09 1.07411646e+09 1.07411651e+09
 1.07411655e+09 1.07411659e+09 1.07411664e+09 1.07411668e+09
 1.07411672e+09 1.07411676e+09 1.07411681e+09 1.07411685e+09
 1.07411689e+09 1.07411694e+09 1.07411698e+09 1.07411702e+09
 1.07411706e+09 1.07411711e+09 1.07411715e+09 1.07411719e+09
 1.07411723e+09 1.07411728e+09 1.07411732e+09 1.07411736e+09
 1.07411741e+09 1.07411745e+09 1.07411749e+09 1.07411753e+09
 1.07411758e+09 1.07411762e+09 1.07411766e+09 1.07411771e+09
 1.07411775e+09 1.07411779e+09 1.07411783e+09 1.07411788e+09
 1.07411792e+09 1.07411796e+09 1.07411800e+09 1.07411805e+09
 1.07411809e+09 1.07411813e+09 1.07411818e+09 1.07411822e+09
 1.07411826e+09 1.07411830e+09 1.07411835e+09 1.07411839e+09
 1.07411843e+09 1.07411848e+09 1.07411852e+09 1.07411856e+09
 1.07411860e+09 1.07411865e+09 1.07411869e+09 1.07411873e+09
 1.07411877e+09 1.07411882e+09 1.07411886e+09 1.07411890e+09
 1.07411895e+09 1.07411899e+09 1.07411903e+09 1.07411907e+09
 1.07411912e+09 1.07411916e+09 1.07411920e+09 1.07411925e+09
 1.07411929e+09 1.07411933e+09 1.07411937e+09 1.07411942e+09
 1.07411946e+09 1.07411950e+09 1.07411954e+09 1.07411959e+09
 1.07411963e+09 1.07411967e+09 1.07411972e+09 1.07411976e+09
 1.07411980e+09 1.07411984e+09 1.07411989e+09 1.07411993e+09
 1.07411997e+09 1.07412002e+09 1.07412006e+09 1.07412010e+09
 1.07412014e+09 1.07412019e+09 1.07412023e+09 1.07412027e+09
 1.07412031e+09 1.07412036e+09 1.07412040e+09 1.07412044e+09
 1.07412049e+09 1.07412053e+09 1.07412057e+09 1.07412061e+09
 1.07412066e+09 1.07412070e+09 1.07412074e+09 1.07412078e+09
 1.07412083e+09 1.07412087e+09 1.07412091e+09 1.07412096e+09
 1.07412100e+09 1.07412104e+09 1.07412108e+09 1.07412113e+09
 1.07412117e+09 1.07412121e+09 1.07412126e+09 1.07412130e+09
 1.07412134e+09 1.07412138e+09 1.07412143e+09 1.07412147e+09
 1.07412151e+09 1.07412155e+09 1.07412160e+09 1.07412164e+09
 1.07412168e+09 1.07412173e+09 1.07412177e+09 1.07412181e+09
 1.07412185e+09 1.07412190e+09 1.07412194e+09 1.07412198e+09
 1.07412203e+09 1.07412207e+09 1.07412211e+09 1.07412215e+09
 1.07412220e+09 1.07412224e+09 1.07412228e+09 1.07412232e+09
 1.07412237e+09 1.07412241e+09 1.07412245e+09 1.07412250e+09
 1.07412254e+09 1.07412258e+09 1.07412262e+09 1.07412267e+09
 1.07412271e+09 1.07412275e+09 1.07412280e+09 1.07412284e+09
 1.07412288e+09 1.07412292e+09 1.07412297e+09 1.07412301e+09
 1.07412305e+09 1.07412309e+09 1.07412314e+09 1.07412318e+09
 1.07412322e+09 1.07412327e+09 1.07412331e+09 1.07412335e+09
 1.07412339e+09 1.07412344e+09 1.07412348e+09 1.07412352e+09
 1.07412357e+09 1.07412361e+09 1.07412365e+09 1.07412369e+09
 1.07412374e+09 1.07412378e+09 1.07412382e+09 1.07412386e+09
 1.07412391e+09 1.07412395e+09 1.07412399e+09 1.07412404e+09
 1.07412408e+09 1.07412412e+09 1.07412416e+09 1.07412421e+09
 1.07412425e+09 1.07412429e+09 1.07412434e+09 1.07412438e+09
 1.07412442e+09 1.07412446e+09 1.07412451e+09 1.07412455e+09
 1.07412459e+09 1.07412463e+09 1.07412468e+09 1.07412472e+09
 1.07412476e+09 1.07412481e+09 1.07412485e+09 1.07412489e+09
 1.07412493e+09 1.07412498e+09 1.07412502e+09 1.07412506e+09
 1.07412511e+09 1.07412515e+09 1.07412519e+09 1.07412523e+09
 1.07412528e+09 1.07412532e+09 1.07412536e+09 1.07412540e+09
 1.07412545e+09 1.07412549e+09 1.07412553e+09 1.07412558e+09
 1.07412562e+09 1.07412566e+09 1.07412570e+09 1.07412575e+09
 1.07412579e+09 1.07412583e+09 1.07412588e+09 1.07412592e+09
 1.07412596e+09 1.07412600e+09 1.07412605e+09 1.07412609e+09
 1.07412613e+09 1.07412617e+09 1.07412622e+09 1.07412626e+09
 1.07412630e+09 1.07412635e+09 1.07412639e+09 1.07412643e+09
 1.07412647e+09 1.07412652e+09 1.07412656e+09 1.07412660e+09
 1.07412665e+09 1.07412669e+09 1.07412673e+09 1.07412677e+09
 1.07412682e+09 1.07412686e+09 1.07412690e+09 1.07412694e+09
 1.07412699e+09 1.07412703e+09 1.07412707e+09 1.07412712e+09
 1.07412716e+09 1.07412720e+09 1.07412724e+09 1.07412729e+09
 1.07412733e+09 1.07412737e+09 1.07412741e+09 1.07412746e+09
 1.07412750e+09 1.07412754e+09 1.07412759e+09 1.07412763e+09
 1.07412767e+09 1.07412771e+09 1.07412776e+09 1.07412780e+09
 1.07412784e+09 1.07412789e+09 1.07412793e+09 1.07412797e+09
 1.07412801e+09 1.07412806e+09 1.07412810e+09 1.07412814e+09
 1.07412818e+09 1.07412823e+09 1.07412827e+09 1.07412831e+09
 1.07412836e+09 1.07412840e+09 1.07412844e+09 1.07412848e+09
 1.07412853e+09 1.07412857e+09 1.07412861e+09 1.07412866e+09
 1.07412870e+09 1.07412874e+09 1.07412878e+09 1.07412883e+09
 1.07412887e+09 1.07412891e+09 1.07412895e+09 1.07412900e+09
 1.07412904e+09 1.07412908e+09 1.07412913e+09 1.07412917e+09
 1.07412921e+09 1.07412925e+09 1.07412930e+09 1.07412934e+09
 1.07412938e+09 1.07412943e+09 1.07412947e+09 1.07412951e+09
 1.07412955e+09 1.07412960e+09 1.07412964e+09 1.07412968e+09
 1.07412972e+09 1.07412977e+09 1.07412981e+09 1.07412985e+09
 1.07412990e+09 1.07412994e+09 1.07412998e+09 1.07413002e+09
 1.07413007e+09 1.07413011e+09 1.07413015e+09 1.07413020e+09
 1.07413024e+09 1.07413028e+09 1.07413032e+09 1.07413037e+09
 1.07413041e+09 1.07413045e+09 1.07413049e+09 1.07413054e+09
 1.07413058e+09 1.07413062e+09 1.07413067e+09 1.07413071e+09
 1.07413075e+09 1.07413079e+09 1.07413084e+09 1.07413088e+09
 1.07413092e+09 1.07413097e+09 1.07413101e+09 1.07413105e+09
 1.07413109e+09 1.07413114e+09 1.07413118e+09 1.07413122e+09
 1.07413126e+09 1.07413131e+09 1.07413135e+09 1.07413139e+09
 1.07413144e+09 1.07413148e+09 1.07413152e+09 1.07413156e+09
 1.07413161e+09 1.07413165e+09 1.07413169e+09 1.07413174e+09
 1.07413178e+09 1.07413182e+09 1.07413186e+09 1.07413191e+09
 1.07413195e+09 1.07413199e+09 1.07413203e+09 1.07413208e+09
 1.07413212e+09 1.07413216e+09 1.07413221e+09 1.07413225e+09
 1.07413229e+09 1.07413233e+09 1.07413238e+09 1.07413242e+09
 1.07413246e+09 1.07413251e+09 1.07413255e+09 1.07413259e+09
 1.07413263e+09 1.07413268e+09 1.07413272e+09 1.07413276e+09
 1.07413280e+09 1.07413285e+09 1.07413289e+09 1.07413293e+09
 1.07413298e+09 1.07413302e+09 1.07413306e+09 1.07413310e+09
 1.07413315e+09 1.07413319e+09 1.07413323e+09 1.07413327e+09
 1.07413332e+09 1.07413336e+09 1.07413340e+09 1.07413345e+09
 1.07413349e+09 1.07413353e+09 1.07413357e+09 1.07413362e+09
 1.07413366e+09 1.07413370e+09 1.07413375e+09 1.07413379e+09
 1.07413383e+09 1.07413387e+09 1.07413392e+09 1.07413396e+09
 1.07413400e+09 1.07413404e+09 1.07413409e+09 1.07413413e+09
 1.07413417e+09 1.07413422e+09 1.07413426e+09 1.07413430e+09
 1.07413434e+09 1.07413439e+09 1.07413443e+09 1.07413447e+09
 1.07413452e+09 1.07413456e+09 1.07413460e+09 1.07413464e+09
 1.07413469e+09 1.07413473e+09 1.07413477e+09 1.07413481e+09
 1.07413486e+09 1.07413490e+09 1.07413494e+09 1.07413499e+09
 1.07413503e+09 1.07413507e+09 1.07413511e+09 1.07413516e+09
 1.07413520e+09 1.07413524e+09 1.07413529e+09 1.07413533e+09
 1.07413537e+09 1.07413541e+09 1.07413546e+09 1.07413550e+09
 1.07413554e+09 1.07413558e+09 1.07413563e+09 1.07413567e+09
 1.07413571e+09 1.07413576e+09 1.07413580e+09 1.07413584e+09
 1.07413588e+09 1.07413593e+09 1.07413597e+09 1.07413601e+09
 1.07413606e+09 1.07413610e+09 1.07413614e+09 1.07413618e+09
 1.07413623e+09 1.07413627e+09 1.07413631e+09 1.07413635e+09
 1.07413640e+09 1.07413644e+09 1.07413648e+09 1.07413653e+09
 1.07413657e+09 1.07413661e+09 1.07413665e+09 1.07413670e+09
 1.07413674e+09 1.07413678e+09 1.07413683e+09 1.07413687e+09
 1.07413691e+09 1.07413695e+09 1.07413700e+09 1.07413704e+09
 1.07413708e+09 1.07413712e+09 1.07413717e+09 1.07413721e+09
 1.07413725e+09 1.07413730e+09 1.07413734e+09 1.07413738e+09
 1.07413742e+09 1.07413747e+09 1.07413751e+09 1.07413755e+09
 1.07413760e+09 1.07413764e+09 1.07413768e+09 1.07413772e+09
 1.07413777e+09 1.07413781e+09 1.07413785e+09 1.07413789e+09
 1.07413794e+09 1.07413798e+09 1.07413802e+09 1.07413807e+09
 1.07413811e+09 1.07413815e+09 1.07413819e+09 1.07413824e+09
 1.07413828e+09 1.07413832e+09 1.07413837e+09 1.07413841e+09
 1.07413845e+09 1.07413849e+09 1.07413854e+09 1.07413858e+09
 1.07413862e+09 1.07413866e+09 1.07413871e+09 1.07413875e+09
 1.07413879e+09 1.07413884e+09 1.07413888e+09 1.07413892e+09
 1.07413896e+09 1.07413901e+09 1.07413905e+09 1.07413909e+09
 1.07413914e+09 1.07413918e+09 1.07413922e+09 1.07413926e+09
 1.07413931e+09 1.07413935e+09 1.07413939e+09 1.07413943e+09
 1.07413948e+09 1.07413952e+09 1.07413956e+09 1.07413961e+09
 1.07413965e+09 1.07413969e+09 1.07413973e+09 1.07413978e+09
 1.07413982e+09 1.07413986e+09 1.07413990e+09 1.07413995e+09
 1.07413999e+09 1.07414003e+09 1.07414008e+09 1.07414012e+09
 1.07414016e+09 1.07414020e+09 1.07414025e+09 1.07414029e+09
 1.07414033e+09 1.07414038e+09 1.07414042e+09 1.07414046e+09
 1.07414050e+09 1.07414055e+09 1.07414059e+09 1.07414063e+09
 1.07414067e+09 1.07414072e+09 1.07414076e+09 1.07414080e+09
 1.07414085e+09 1.07414089e+09 1.07414093e+09 1.07414097e+09
 1.07414102e+09 1.07414106e+09 1.07414110e+09 1.07414115e+09
 1.07414119e+09 1.07414123e+09 1.07414127e+09 1.07414132e+09
 1.07414136e+09 1.07414140e+09 1.07414144e+09 1.07414149e+09
 1.07414153e+09 1.07414157e+09 1.07414162e+09 1.07414166e+09
 1.07414170e+09 1.07414174e+09 1.07414179e+09 1.07414183e+09
 1.07414187e+09 1.07414192e+09 1.07414196e+09 1.07414200e+09
 1.07414204e+09 1.07414209e+09 1.07414213e+09 1.07414217e+09
 1.07414221e+09 1.07414226e+09 1.07414230e+09 1.07414234e+09
 1.07414239e+09 1.07414243e+09 1.07414247e+09 1.07414251e+09
 1.07414256e+09 1.07414260e+09 1.07414264e+09 1.07414269e+09
 1.07414273e+09 1.07414277e+09 1.07414281e+09 1.07414286e+09
 1.07414290e+09 1.07414294e+09 1.07414298e+09 1.07414303e+09
 1.07414307e+09 1.07414311e+09 1.07414316e+09 1.07414320e+09
 1.07414324e+09 1.07414328e+09 1.07414333e+09 1.07414337e+09
 1.07414341e+09 1.07414346e+09 1.07414350e+09 1.07414354e+09
 1.07414358e+09 1.07414363e+09 1.07414367e+09 1.07414371e+09
 1.07414375e+09 1.07414380e+09 1.07414384e+09 1.07414388e+09
 1.07414393e+09 1.07414397e+09 1.07414401e+09 1.07414405e+09
 1.07414410e+09 1.07414414e+09 1.07414418e+09 1.07414423e+09
 1.07414427e+09 1.07414431e+09 1.07414435e+09 1.07414440e+09
 1.07414444e+09 1.07414448e+09 1.07414452e+09 1.07414457e+09
 1.07414461e+09 1.07414465e+09 1.07414470e+09 1.07414474e+09
 1.07414478e+09 1.07414482e+09 1.07414487e+09 1.07414491e+09
 1.07414495e+09 1.07414500e+09 1.07414504e+09 1.07414508e+09
 1.07414512e+09 1.07414517e+09 1.07414521e+09 1.07414525e+09
 1.07414529e+09 1.07414534e+09 1.07414538e+09 1.07414542e+09
 1.07414547e+09 1.07414551e+09 1.07414555e+09 1.07414559e+09
 1.07414564e+09 1.07414568e+09 1.07414572e+09 1.07414576e+09
 1.07414581e+09 1.07414585e+09 1.07414589e+09 1.07414594e+09
 1.07414598e+09 1.07414602e+09 1.07414606e+09 1.07414611e+09
 1.07414615e+09 1.07414619e+09 1.07414624e+09 1.07414628e+09
 1.07414632e+09 1.07414636e+09 1.07414641e+09 1.07414645e+09
 1.07414649e+09 1.07414653e+09 1.07414658e+09 1.07414662e+09
 1.07414666e+09 1.07414671e+09 1.07414675e+09 1.07414679e+09
 1.07414683e+09 1.07414688e+09 1.07414692e+09 1.07414696e+09
 1.07414701e+09 1.07414705e+09 1.07414709e+09 1.07414713e+09
 1.07414718e+09 1.07414722e+09 1.07414726e+09 1.07414730e+09
 1.07414735e+09 1.07414739e+09 1.07414743e+09 1.07414748e+09
 1.07414752e+09 1.07414756e+09 1.07414760e+09 1.07414765e+09
 1.07414769e+09 1.07414773e+09 1.07414778e+09 1.07414782e+09
 1.07414786e+09 1.07414790e+09 1.07414795e+09 1.07414799e+09
 1.07414803e+09 1.07414807e+09 1.07414812e+09 1.07414816e+09
 1.07414820e+09 1.07414825e+09 1.07414829e+09 1.07414833e+09]
minRes = 0.1344710888894689
minResTime = [1.07414782e+09]
Cov(t) = [ 77.27535979  77.1803653   77.08587134  76.99187543  76.89837446
  76.80536732  76.7128487   76.62081859  76.52927287  76.4382091
  76.34762466  76.25751865  76.16788537  76.07872543  75.99003483
  75.90181186  75.8140527   75.72675639  75.63991947  75.55354087
  75.46761806  75.38214637  75.29712705  75.21255552  75.12842994
  75.04474889  74.96150942  74.87870941  74.79634717  74.71441993
  74.63292573  74.55186308  74.47122909  74.39102197  74.31124014
  74.23188114  74.15294206  74.07442295  86.57962717  86.61286979
  86.64598412  86.6789711   86.71183162  86.74456672  86.77717731
  86.80966427  86.84202839  86.87427082  86.90639236  86.93839387
  86.97027614  87.00204025  87.03368681  87.0652168   87.09663105
  87.12793049  87.15911576  87.19018775  87.22114737  87.25199513
  87.28273211  87.31335913  87.3438766   87.37428563  87.40458687
  87.43478115  87.46486896  87.49485131  87.52472871  87.55450211
  87.58417212  87.61373948  87.64320469  87.6725688   87.70183216
  87.73099562  87.76005983  87.7890256   87.81789336  87.84666385
  87.87533777  87.90391582  87.93239839  87.96078647  87.98908026
  88.01728088  88.04538851  88.07340397  88.10132784  88.12916058
  88.15690305  88.18455555  88.21211907  88.23959365  88.26698031
  88.29427932  88.32149148  88.34861715  88.37565703  88.40261164
  88.42948125  88.45626685  88.4829688   88.50958746  88.53612348
  88.56257736  88.58894976  88.61524099  88.64145161  88.66758215
  88.69363306  88.71960501  88.74549816  88.77131329  88.79705075
  88.82271097  88.84829468  88.87380196  88.8992337   88.92458992
  88.94987144  88.97507852  89.00021167  89.02527125  89.05025778
  89.07517177  89.1000136   89.12478366  89.14948223  89.1741102
  89.19866747  89.22315473  89.2475723   89.27192065  89.29620029
  89.32041141  89.34455459  89.36863007  89.39263829  89.41657982
  89.44045479  89.46426367  89.4880068   89.51168473  89.53529783
  89.5588462   89.58233045  89.60575101  89.62910805  89.65240198
  89.67563309  89.69880193  89.72190876  89.74495391  89.76793777
  89.79086065  89.81372281  89.83652468  89.85926682  89.88194916
  89.90457229  89.92713638  89.94964197  89.97208916  89.99447848
  90.01681015  90.03908438 100.         100.         100.
 100.         100.         100.         100.         100.
 100.         100.         100.         100.         100.
 100.         100.         100.         100.         100.
 100.         100.         100.         100.         100.
 100.         100.         100.         100.         100.
 100.         100.         100.         100.         100.
 100.         100.         100.         100.         100.
 100.         100.         100.         100.         100.
 100.         100.         100.         100.         100.
 100.         100.         100.         100.         100.
 100.         100.         100.         100.         100.
 100.         100.         100.         100.         100.
 100.         100.         100.         100.         100.
 100.         100.         100.         100.         100.
 100.         100.         100.         100.         100.
 100.         100.         100.         100.         100.
 100.         100.         100.         100.         100.
 100.         100.         100.         100.         100.
 100.         100.         100.         100.         100.
 100.         100.         100.          94.93330957  94.76942614
  94.60885099  94.45141171  94.29694714  94.14530518  93.99634559
  93.84993461  93.7059492   93.5642726   93.42479627  93.28741657
  93.15203842  93.01857027  92.88692706  92.75702827  92.6287976
  92.5021647  100.         100.         100.         100.
 100.         100.         100.         100.         100.
 100.         100.         100.         100.         100.
 100.         100.         100.         100.         100.
 100.         100.         100.         100.         100.
 100.         100.         100.         100.         100.
 100.         100.         100.         100.         100.
 100.         100.         100.         100.         100.
 100.         100.         100.         100.         100.
 100.         100.         100.         100.         100.
 100.         100.         100.         100.         100.
 100.         100.         100.         100.         100.
 100.         100.         100.         100.         100.
 100.         100.         100.         100.         100.
 100.         100.         100.         100.         100.
 100.         100.         100.         100.         100.
 100.         100.         100.         100.         100.
 100.         100.         100.         100.         100.
 100.         100.         100.         100.         100.
 100.         100.         100.         100.         100.
 100.         100.         100.         100.         100.
 100.         100.         100.         100.         100.
 100.         100.         100.         100.         100.
 100.         100.          94.99524219  94.887561    94.78042212
  94.67381634  94.56773352  94.46216477  94.35710079  94.25253202
  94.1484512   94.04484875  93.94171706  93.83904859 100.
 100.         100.         100.         100.         100.
 100.         100.         100.         100.         100.
 100.         100.         100.         100.         100.
 100.         100.         100.         100.         100.
 100.         100.         100.         100.         100.
 100.         100.         100.         100.         100.
 100.         100.         100.         100.         100.
 100.         100.         100.         100.         100.
 100.         100.         100.         100.         100.
 100.         100.         100.         100.         100.
 100.         100.         100.         100.         100.
 100.         100.         100.         100.         100.
 100.         100.         100.         100.         100.
 100.         100.         100.         100.         100.
 100.         100.         100.         100.         100.
 100.         100.         100.         100.         100.
 100.         100.         100.         100.         100.
 100.         100.         100.         100.         100.
 100.         100.         100.         100.         100.
 100.         100.         100.         100.         100.
 100.         100.         100.         100.         100.
 100.         100.         100.         100.         100.
 100.         100.         100.         100.         100.
 100.         100.         100.         100.         100.
 100.         100.         100.         100.         100.
 100.         100.         100.         100.         100.
 100.         100.         100.         100.         100.
 100.         100.         100.         100.         100.
 100.         100.         100.         100.         100.
 100.         100.         100.         100.         100.
 100.         100.         100.         100.         100.
 100.         100.         100.         100.         100.
 100.         100.         100.         100.         100.
 100.         100.         100.         100.         100.
 100.         100.         100.         100.         100.
 100.         100.         100.         100.         100.
 100.         100.         100.         100.         100.
 100.         100.         100.         100.         100.
 100.         100.         100.         100.         100.
 100.         100.         100.         100.         100.
 100.         100.         100.         100.         100.
 100.         100.         100.         100.         100.
 100.         100.         100.         100.         100.
 100.         100.         100.         100.         100.
 100.         100.         100.         100.         100.
 100.         100.         100.         100.         100.
 100.         100.         100.         100.         100.
 100.         100.         100.         100.         100.
 100.         100.         100.         100.         100.
 100.         100.         100.         100.         100.
 100.         100.         100.         100.         100.
 100.         100.         100.         100.         100.
 100.         100.         100.         100.         100.
 100.         100.         100.         100.         100.
 100.         100.         100.         100.         100.
 100.         100.         100.         100.         100.
 100.         100.         100.         100.         100.
 100.         100.         100.         100.         100.
 100.         100.         100.         100.         100.
 100.         100.         100.         100.         100.
 100.         100.         100.         100.         100.
 100.         100.         100.         100.         100.
 100.         100.         100.         100.         100.
 100.         100.         100.         100.         100.
 100.         100.         100.         100.         100.
 100.         100.         100.         100.         100.
 100.         100.         100.         100.         100.
 100.         100.         100.         100.         100.
 100.         100.         100.         100.         100.
 100.         100.         100.         100.         100.
 100.         100.         100.         100.         100.
 100.         100.         100.         100.         100.
 100.         100.         100.         100.         100.
 100.         100.         100.         100.         100.
 100.         100.         100.         100.         100.
 100.         100.         100.         100.         100.
 100.         100.         100.          94.93062578  94.74729213
  94.56104362  94.37190054  94.17988221  93.98500782  93.78729588
  93.58676413  93.38343045  93.17748372  92.96918971  92.7585484
  92.54555879  92.3302205   92.11253377  91.89249982  91.67011984
  91.44539572  91.21832967  90.98892406  90.75718151  90.52310496
  90.2866975   90.04796235  89.80690265  89.56352729  89.31793689
  89.07016919  88.82022463  88.56810328 100.         100.
 100.          94.89852457  94.77823269  94.65670714  94.53394569
  94.40994624  94.28470699  94.15822638  94.03050277  93.90153486
  93.77132163  93.63986187  93.50715482  93.3731998   93.23799626
  93.10154382  92.96384202  92.77479689 100.         100.
 100.         100.         100.         100.         100.
 100.         100.         100.         100.         100.
 100.         100.         100.         100.         100.
 100.         100.         100.         100.         100.
 100.         100.         100.          94.88984846  94.64519271
  94.36953994  93.66538517  93.38610488  93.0940087   92.80747009
  92.50581064  92.19892612  91.88694154  91.57000953  91.2482928
  90.78450973  90.48423102  94.20067425  93.87504953  93.52171943
  93.1086886   92.66348995  92.16317738  91.62631112  91.06033941
  90.4588914   89.81927551  89.13284945  88.28582178  87.61536643
  86.95589561  86.30726082  85.66891367  85.04018028  84.35982392
  83.70113663  83.05730667  82.41877126  81.65662466  81.06616961
  80.46831807  79.86142136  79.236109    80.47964895  79.54771979
  78.80764095  78.09790556  77.40691663  59.67353042  59.65925672
  59.62364158  59.5668233   59.48865422 100.         100.
 100.         100.         100.         100.         100.
 100.         100.         100.         100.         100.
 100.         100.         100.         100.         100.
 100.         100.         100.         100.         100.
 100.         100.         100.         100.         100.
 100.         100.         100.         100.          94.83553724
  94.50918769  94.16363747 100.         100.         100.
 100.         100.         100.         100.         100.
 100.         100.         100.         100.         100.
 100.         100.         100.         100.         100.
 100.         100.         100.         100.         100.
 100.         100.         100.         100.         100.
 100.         100.         100.         100.         100.
 100.         100.         100.         100.         100.
 100.         100.         100.         100.         100.        ]
maxCov = 100.0
maxCovTime = [1.07411274e+09 1.07411279e+09 1.07411283e+09 1.07411287e+09
 1.07411291e+09 1.07411296e+09 1.07411300e+09 1.07411304e+09
 1.07411309e+09 1.07411313e+09 1.07411317e+09 1.07411321e+09
 1.07411326e+09 1.07411330e+09 1.07411334e+09 1.07411339e+09
 1.07411343e+09 1.07411347e+09 1.07411351e+09 1.07411356e+09
 1.07411360e+09 1.07411364e+09 1.07411368e+09 1.07411373e+09
 1.07411377e+09 1.07411381e+09 1.07411386e+09 1.07411390e+09
 1.07411394e+09 1.07411398e+09 1.07411403e+09 1.07411407e+09
 1.07411411e+09 1.07411415e+09 1.07411420e+09 1.07411424e+09
 1.07411428e+09 1.07411433e+09 1.07411437e+09 1.07411441e+09
 1.07411445e+09 1.07411450e+09 1.07411454e+09 1.07411458e+09
 1.07411463e+09 1.07411467e+09 1.07411471e+09 1.07411475e+09
 1.07411480e+09 1.07411484e+09 1.07411488e+09 1.07411492e+09
 1.07411497e+09 1.07411501e+09 1.07411505e+09 1.07411510e+09
 1.07411514e+09 1.07411518e+09 1.07411522e+09 1.07411527e+09
 1.07411531e+09 1.07411535e+09 1.07411540e+09 1.07411544e+09
 1.07411548e+09 1.07411552e+09 1.07411557e+09 1.07411561e+09
 1.07411565e+09 1.07411569e+09 1.07411574e+09 1.07411578e+09
 1.07411582e+09 1.07411587e+09 1.07411591e+09 1.07411595e+09
 1.07411599e+09 1.07411604e+09 1.07411608e+09 1.07411612e+09
 1.07411617e+09 1.07411621e+09 1.07411625e+09 1.07411629e+09
 1.07411634e+09 1.07411638e+09 1.07411642e+09 1.07411646e+09
 1.07411651e+09 1.07411655e+09 1.07411659e+09 1.07411664e+09
 1.07411668e+09 1.07411672e+09 1.07411676e+09 1.07411681e+09
 1.07411685e+09 1.07411689e+09 1.07411694e+09 1.07411698e+09
 1.07411702e+09 1.07411783e+09 1.07411788e+09 1.07411792e+09
 1.07411796e+09 1.07411800e+09 1.07411805e+09 1.07411809e+09
 1.07411813e+09 1.07411818e+09 1.07411822e+09 1.07411826e+09
 1.07411830e+09 1.07411835e+09 1.07411839e+09 1.07411843e+09
 1.07411848e+09 1.07411852e+09 1.07411856e+09 1.07411860e+09
 1.07411865e+09 1.07411869e+09 1.07411873e+09 1.07411877e+09
 1.07411882e+09 1.07411886e+09 1.07411890e+09 1.07411895e+09
 1.07411899e+09 1.07411903e+09 1.07411907e+09 1.07411912e+09
 1.07411916e+09 1.07411920e+09 1.07411925e+09 1.07411929e+09
 1.07411933e+09 1.07411937e+09 1.07411942e+09 1.07411946e+09
 1.07411950e+09 1.07411954e+09 1.07411959e+09 1.07411963e+09
 1.07411967e+09 1.07411972e+09 1.07411976e+09 1.07411980e+09
 1.07411984e+09 1.07411989e+09 1.07411993e+09 1.07411997e+09
 1.07412002e+09 1.07412006e+09 1.07412010e+09 1.07412014e+09
 1.07412019e+09 1.07412023e+09 1.07412027e+09 1.07412031e+09
 1.07412036e+09 1.07412040e+09 1.07412044e+09 1.07412049e+09
 1.07412053e+09 1.07412057e+09 1.07412061e+09 1.07412066e+09
 1.07412070e+09 1.07412074e+09 1.07412078e+09 1.07412083e+09
 1.07412087e+09 1.07412091e+09 1.07412096e+09 1.07412100e+09
 1.07412104e+09 1.07412108e+09 1.07412113e+09 1.07412117e+09
 1.07412121e+09 1.07412126e+09 1.07412130e+09 1.07412134e+09
 1.07412138e+09 1.07412143e+09 1.07412147e+09 1.07412151e+09
 1.07412155e+09 1.07412160e+09 1.07412164e+09 1.07412168e+09
 1.07412173e+09 1.07412177e+09 1.07412181e+09 1.07412185e+09
 1.07412190e+09 1.07412194e+09 1.07412198e+09 1.07412203e+09
 1.07412207e+09 1.07412211e+09 1.07412215e+09 1.07412220e+09
 1.07412224e+09 1.07412228e+09 1.07412232e+09 1.07412237e+09
 1.07412241e+09 1.07412245e+09 1.07412250e+09 1.07412254e+09
 1.07412258e+09 1.07412262e+09 1.07412267e+09 1.07412271e+09
 1.07412275e+09 1.07412331e+09 1.07412335e+09 1.07412339e+09
 1.07412344e+09 1.07412348e+09 1.07412352e+09 1.07412357e+09
 1.07412361e+09 1.07412365e+09 1.07412369e+09 1.07412374e+09
 1.07412378e+09 1.07412382e+09 1.07412386e+09 1.07412391e+09
 1.07412395e+09 1.07412399e+09 1.07412404e+09 1.07412408e+09
 1.07412412e+09 1.07412416e+09 1.07412421e+09 1.07412425e+09
 1.07412429e+09 1.07412434e+09 1.07412438e+09 1.07412442e+09
 1.07412446e+09 1.07412451e+09 1.07412455e+09 1.07412459e+09
 1.07412463e+09 1.07412468e+09 1.07412472e+09 1.07412476e+09
 1.07412481e+09 1.07412485e+09 1.07412489e+09 1.07412493e+09
 1.07412498e+09 1.07412502e+09 1.07412506e+09 1.07412511e+09
 1.07412515e+09 1.07412519e+09 1.07412523e+09 1.07412528e+09
 1.07412532e+09 1.07412536e+09 1.07412540e+09 1.07412545e+09
 1.07412549e+09 1.07412553e+09 1.07412558e+09 1.07412562e+09
 1.07412566e+09 1.07412570e+09 1.07412575e+09 1.07412579e+09
 1.07412583e+09 1.07412588e+09 1.07412592e+09 1.07412596e+09
 1.07412600e+09 1.07412605e+09 1.07412609e+09 1.07412613e+09
 1.07412617e+09 1.07412622e+09 1.07412626e+09 1.07412630e+09
 1.07412635e+09 1.07412639e+09 1.07412643e+09 1.07412647e+09
 1.07412652e+09 1.07412656e+09 1.07412660e+09 1.07412665e+09
 1.07412669e+09 1.07412673e+09 1.07412677e+09 1.07412682e+09
 1.07412686e+09 1.07412690e+09 1.07412694e+09 1.07412699e+09
 1.07412703e+09 1.07412707e+09 1.07412712e+09 1.07412716e+09
 1.07412720e+09 1.07412724e+09 1.07412729e+09 1.07412733e+09
 1.07412737e+09 1.07412741e+09 1.07412746e+09 1.07412750e+09
 1.07412754e+09 1.07412759e+09 1.07412763e+09 1.07412767e+09
 1.07412771e+09 1.07412776e+09 1.07412780e+09 1.07412784e+09
 1.07412789e+09 1.07412793e+09 1.07412797e+09 1.07412801e+09
 1.07412806e+09 1.07412810e+09 1.07412814e+09 1.07412818e+09
 1.07412823e+09 1.07412827e+09 1.07412831e+09 1.07412836e+09
 1.07412840e+09 1.07412844e+09 1.07412848e+09 1.07412853e+09
 1.07412857e+09 1.07412861e+09 1.07412866e+09 1.07412870e+09
 1.07412874e+09 1.07412878e+09 1.07412883e+09 1.07412887e+09
 1.07412891e+09 1.07412895e+09 1.07412900e+09 1.07412904e+09
 1.07412908e+09 1.07412913e+09 1.07412917e+09 1.07412921e+09
 1.07412925e+09 1.07412930e+09 1.07412934e+09 1.07412938e+09
 1.07412943e+09 1.07412947e+09 1.07412951e+09 1.07412955e+09
 1.07412960e+09 1.07412964e+09 1.07412968e+09 1.07412972e+09
 1.07412977e+09 1.07412981e+09 1.07412985e+09 1.07412990e+09
 1.07412994e+09 1.07412998e+09 1.07413002e+09 1.07413007e+09
 1.07413011e+09 1.07413015e+09 1.07413020e+09 1.07413024e+09
 1.07413028e+09 1.07413032e+09 1.07413037e+09 1.07413041e+09
 1.07413045e+09 1.07413049e+09 1.07413054e+09 1.07413058e+09
 1.07413062e+09 1.07413067e+09 1.07413071e+09 1.07413075e+09
 1.07413079e+09 1.07413084e+09 1.07413088e+09 1.07413092e+09
 1.07413097e+09 1.07413101e+09 1.07413105e+09 1.07413109e+09
 1.07413114e+09 1.07413118e+09 1.07413122e+09 1.07413126e+09
 1.07413131e+09 1.07413135e+09 1.07413139e+09 1.07413144e+09
 1.07413148e+09 1.07413152e+09 1.07413156e+09 1.07413161e+09
 1.07413165e+09 1.07413169e+09 1.07413174e+09 1.07413178e+09
 1.07413182e+09 1.07413186e+09 1.07413191e+09 1.07413195e+09
 1.07413199e+09 1.07413203e+09 1.07413208e+09 1.07413212e+09
 1.07413216e+09 1.07413221e+09 1.07413225e+09 1.07413229e+09
 1.07413233e+09 1.07413238e+09 1.07413242e+09 1.07413246e+09
 1.07413251e+09 1.07413255e+09 1.07413259e+09 1.07413263e+09
 1.07413268e+09 1.07413272e+09 1.07413276e+09 1.07413280e+09
 1.07413285e+09 1.07413289e+09 1.07413293e+09 1.07413298e+09
 1.07413302e+09 1.07413306e+09 1.07413310e+09 1.07413315e+09
 1.07413319e+09 1.07413323e+09 1.07413327e+09 1.07413332e+09
 1.07413336e+09 1.07413340e+09 1.07413345e+09 1.07413349e+09
 1.07413353e+09 1.07413357e+09 1.07413362e+09 1.07413366e+09
 1.07413370e+09 1.07413375e+09 1.07413379e+09 1.07413383e+09
 1.07413387e+09 1.07413392e+09 1.07413396e+09 1.07413400e+09
 1.07413404e+09 1.07413409e+09 1.07413413e+09 1.07413417e+09
 1.07413422e+09 1.07413426e+09 1.07413430e+09 1.07413434e+09
 1.07413439e+09 1.07413443e+09 1.07413447e+09 1.07413452e+09
 1.07413456e+09 1.07413460e+09 1.07413464e+09 1.07413469e+09
 1.07413473e+09 1.07413477e+09 1.07413481e+09 1.07413486e+09
 1.07413490e+09 1.07413494e+09 1.07413499e+09 1.07413503e+09
 1.07413507e+09 1.07413511e+09 1.07413516e+09 1.07413520e+09
 1.07413524e+09 1.07413529e+09 1.07413533e+09 1.07413537e+09
 1.07413541e+09 1.07413546e+09 1.07413550e+09 1.07413554e+09
 1.07413558e+09 1.07413563e+09 1.07413567e+09 1.07413571e+09
 1.07413576e+09 1.07413580e+09 1.07413584e+09 1.07413588e+09
 1.07413593e+09 1.07413597e+09 1.07413601e+09 1.07413606e+09
 1.07413610e+09 1.07413614e+09 1.07413618e+09 1.07413623e+09
 1.07413627e+09 1.07413631e+09 1.07413635e+09 1.07413640e+09
 1.07413644e+09 1.07413648e+09 1.07413653e+09 1.07413657e+09
 1.07413661e+09 1.07413665e+09 1.07413670e+09 1.07413674e+09
 1.07413678e+09 1.07413683e+09 1.07413687e+09 1.07413691e+09
 1.07413695e+09 1.07413700e+09 1.07413704e+09 1.07413708e+09
 1.07413712e+09 1.07413717e+09 1.07413721e+09 1.07413725e+09
 1.07413730e+09 1.07413734e+09 1.07413738e+09 1.07413742e+09
 1.07413747e+09 1.07413751e+09 1.07413755e+09 1.07413760e+09
 1.07413764e+09 1.07413768e+09 1.07413772e+09 1.07413777e+09
 1.07413781e+09 1.07413785e+09 1.07413789e+09 1.07413794e+09
 1.07413798e+09 1.07413802e+09 1.07413807e+09 1.07413811e+09
 1.07413815e+09 1.07413819e+09 1.07413824e+09 1.07413828e+09
 1.07413832e+09 1.07413837e+09 1.07413841e+09 1.07413845e+09
 1.07413849e+09 1.07413854e+09 1.07413858e+09 1.07413862e+09
 1.07413866e+09 1.07413871e+09 1.07413875e+09 1.07413879e+09
 1.07413884e+09 1.07413888e+09 1.07413892e+09 1.07413896e+09
 1.07413901e+09 1.07413905e+09 1.07413909e+09 1.07413914e+09
 1.07413918e+09 1.07413922e+09 1.07413926e+09 1.07413931e+09
 1.07413935e+09 1.07413939e+09 1.07413943e+09 1.07413948e+09
 1.07413952e+09 1.07413956e+09 1.07413961e+09 1.07413965e+09
 1.07413969e+09 1.07414102e+09 1.07414106e+09 1.07414110e+09
 1.07414187e+09 1.07414192e+09 1.07414196e+09 1.07414200e+09
 1.07414204e+09 1.07414209e+09 1.07414213e+09 1.07414217e+09
 1.07414221e+09 1.07414226e+09 1.07414230e+09 1.07414234e+09
 1.07414239e+09 1.07414243e+09 1.07414247e+09 1.07414251e+09
 1.07414256e+09 1.07414260e+09 1.07414264e+09 1.07414269e+09
 1.07414273e+09 1.07414277e+09 1.07414281e+09 1.07414286e+09
 1.07414290e+09 1.07414508e+09 1.07414512e+09 1.07414517e+09
 1.07414521e+09 1.07414525e+09 1.07414529e+09 1.07414534e+09
 1.07414538e+09 1.07414542e+09 1.07414547e+09 1.07414551e+09
 1.07414555e+09 1.07414559e+09 1.07414564e+09 1.07414568e+09
 1.07414572e+09 1.07414576e+09 1.07414581e+09 1.07414585e+09
 1.07414589e+09 1.07414594e+09 1.07414598e+09 1.07414602e+09
 1.07414606e+09 1.07414611e+09 1.07414615e+09 1.07414619e+09
 1.07414624e+09 1.07414628e+09 1.07414632e+09 1.07414636e+09
 1.07414653e+09 1.07414658e+09 1.07414662e+09 1.07414666e+09
 1.07414671e+09 1.07414675e+09 1.07414679e+09 1.07414683e+09
 1.07414688e+09 1.07414692e+09 1.07414696e+09 1.07414701e+09
 1.07414705e+09 1.07414709e+09 1.07414713e+09 1.07414718e+09
 1.07414722e+09 1.07414726e+09 1.07414730e+09 1.07414735e+09
 1.07414739e+09 1.07414743e+09 1.07414748e+09 1.07414752e+09
 1.07414756e+09 1.07414760e+09 1.07414765e+09 1.07414769e+09
 1.07414773e+09 1.07414778e+09 1.07414782e+09 1.07414786e+09
 1.07414790e+09 1.07414795e+09 1.07414799e+09 1.07414803e+09
 1.07414807e+09 1.07414812e+09 1.07414816e+09 1.07414820e+09
 1.07414825e+09 1.07414829e+09 1.07414833e+09]
