name =JUICE_ROI_GAN_6_3_06
flyby = ['2034 JAN 14 06:38:51', '2034 JAN 15 06:38:51']
Observation TW = <SpiceCell dtype = 1, length = 0, size = 3000, card = 10, is_set = 1, adjust = 0, init = 1, base = 94527700103840, data = 94527700103888>
Res(t) = [0.10302495 0.09758285 0.09272671 0.08653428 0.08171943 0.07465136
 0.07189086 0.06806352 0.06721956 0.06634654 0.06571989 0.06526049
 0.06495458 0.06459516 0.06440951 0.06418923 0.06437766 0.06427655
 0.06483696 0.06527448 0.06587132 0.06637822 0.06720433 0.06816622
 0.06920758 0.07032555 0.07101617 0.07176974 0.07247014 0.07323833
 0.07379508 0.07524154 0.07675224 0.07815799 0.07978441 0.08146692
 0.08320296 0.08499014 0.08644792 0.08832956 0.09000116 0.09156096
 0.09315402 0.09431243 0.09535748 0.09693883 0.09933352 0.10142188
 0.1031392  0.10529216 0.10747393 0.10968332 0.11110582 0.11306487
 0.11486858 0.11704605 0.11868214 0.12027383 0.12265328 0.12505448
 0.12747674 0.1299194  0.13238185 0.13486351 0.13736386 0.13861582
 0.14111062 0.14362142 0.14516669 0.14600926 0.14846952 0.15094137
 0.15342441 0.15591826 0.15842257 0.160937   0.16346122 0.16599496
 0.16853792 0.17108984 0.17365046 0.17621955 0.17879689 0.18138227
 0.18397548 0.18657635 0.18918469 0.19180035 0.19442317 0.197053
 0.19968972 0.20233318 0.20498328 0.20763989 0.21030293 0.21297228
 0.21564786 0.21832959 0.22101739 0.22371119 0.22641092 0.22911652
 0.23182794 0.23454513 0.23726804 0.23999665 0.2427309  0.24547077
 0.24821623 0.25096727 0.25372387 0.256486   0.25676631 0.25948344
 0.26220519 0.26493154 0.26766248 0.27175866 0.26881669 0.2685207
 0.27205936 0.27810689 0.28082179 0.28353997 0.2862614  0.28909016
 0.29184169 0.29457222 0.29730595 0.30004287 0.30278299 0.30552629
 0.30827277 0.31102244 0.31377529 0.31653133 0.31929055 0.31575697
 0.3183808  0.32100483 0.32362903 0.32625336 0.32887781 0.33150234
 0.33412691 0.33675151 0.33937611 0.34200069 0.34462521 0.34724965
 0.34987399 0.35249822 0.35512229 0.35774621 0.36036993 0.36299346
 0.36561675 0.36823981 0.3708626  0.37348511 0.37610732 0.37872922
 0.3813508  0.38397202 0.38659289 0.38921338 0.39183348 0.39445318
 0.39707247 0.39969132 0.40230973 0.40492769 0.40754518 0.41016219
 0.41277871 0.41539474 0.41801025 0.42062524 0.4232397  0.42585363
 0.428467   0.43107981 0.43369206 0.43630373 0.43891481 0.44152531
 0.4441352  0.44674448 0.44935315 0.4519612  0.45456862 0.45717541
 0.45978155 0.46238704 0.46499188 0.46759606 0.47019958 0.47280242
 0.47540459 0.47800607 0.48060687 0.48320698 0.48580639 0.4884051
 0.4910031  0.4936004  0.49619698 0.49879285 0.50138799 0.50398241
 0.5065761  0.50916906 0.51176129 0.51435278 0.51694352 0.51953352
 0.52212278 0.52471129 0.52729904 0.52988604 0.53247229 0.53505777
 0.53764249 0.54022645 0.54280965 0.54539207 0.54797373 0.55055461
 0.55313473 0.55571407 0.55829263 0.56087041 0.56344742 0.56602365
 0.5685991  0.57117376 0.57374764 0.57632074 0.57889305 0.58146457
 0.58403531 0.58660526 0.58917442 0.59174279 0.59431037 0.59687717
 0.59944317 0.60200838 0.6045728  0.60713642 0.60969926 0.6122613
 0.61482255 0.61738301 0.61994267 0.62250155 0.62505963 0.62761691
 0.63017341 0.63272911 0.63528402 0.63783814 0.64039146 0.64294399
 0.64549574 0.64804669 0.65059685 0.65314622 0.6556948  0.6582426
 0.6607896  0.66333582 0.66588124 0.66842588 0.67096974 0.67351281
 0.67605509 0.67859659 0.68113731 0.68367725 0.6862164  0.68875477
 0.69129236 0.69382917 0.69636521 0.69890046 0.70143494 0.70396865
 0.70650158 0.70903373 0.71156511 0.71409573 0.71662557 0.71915464
 0.72168294 0.72421048 0.72673725 0.72926325 0.73178849 0.73431297
 0.73683669 0.73935965 0.74188185 0.74440329 0.74692397 0.7494439
 0.75196307 0.7544815  0.75699917 0.75951609 0.76203226 0.76454769
 0.76706237 0.76957631 0.7720895  0.77460195 0.77711366 0.77962463
 0.78213487 0.78464437 0.78715313 0.78966116 0.79216846 0.79467503
 0.79718087 0.79968599 0.80219037 0.80469404 0.80719698 0.8096992
 0.8122007  0.81470149 0.81720156 0.81970091 0.82219955 0.82469748
 0.8271947  0.82969121 0.83218701 0.83468211 0.8371765  0.8396702
 0.84216319 0.84465548 0.84714708 0.84963798 0.85212819 0.85461771
 0.85710653 0.85959467 0.86208212 0.86456889 0.86705497 0.86954037
 0.87202509 0.87450913 0.87699249 0.87947518 0.88195719 0.88443854
 0.88691921 0.88939921 0.89187855 0.89435722 0.89683523 0.89931258
 0.90178927 0.9042653  0.90674068 0.9092154  0.91168946 0.91416288
 0.91663565 0.91910776 0.92157924 0.92405007 0.92652025 0.9289898
 0.93145871 0.93392698 0.93639461 0.93886162 0.94132799 0.94379373
 0.94625884 0.94872332 0.95118718 0.95365042 0.95611304 0.95857503
 0.96103641 0.96349718 0.96595733 0.96841686 0.97087579 0.97333411
 0.97579182 0.97824892 0.98070543 0.98316133 0.98561663 0.98807133
 0.99052544 0.99297895 0.99543187 0.9978842  1.00033594 1.00278709
 1.00523765 1.00768764 1.01013704 1.01258586 1.0150341  1.01748176
 1.01992885 1.02237537 1.02482131 1.02726669 1.02971149 1.03215574
 1.03459941 1.03704253 1.03948508 1.04192707 1.04436851 1.04680939
 1.04924972 1.0516895  1.05412872 1.0565674  1.05900553 1.06144312
 1.06388016 1.06631666 1.06875262 1.07118805 1.07362293 1.07605729
 1.07849111 1.0809244  1.08335716 1.08578939 1.0882211  1.09065228
 1.09308295 1.09551309 1.09794271 1.10037182 1.10280041 1.10522849
 1.10765605 1.11008311 1.11250966 1.1149357  1.11736123 1.11978627
 1.1222108  1.12463483 1.12705837 1.12948141 1.13190395 1.13432601
 1.13674757 1.13916864 1.14158922 1.14400932 1.14642894 1.14884807
 1.15126672 1.15368489 1.15610259 1.15851981 1.16093655 1.16335283
 1.16576863 1.16818397 1.17059883 1.17301324 1.17542717 1.17784065
 1.18025367 1.18266623 1.18507833 1.18748997 1.18990116 1.1923119
 1.19472219 1.19713203 1.19954143 1.20195037 1.20435888 1.20676694
 1.20917456 1.21158175 1.21398849 1.21639481 1.21880068 1.22120613
 1.22361114 1.22601573 1.22841989 1.23082362 1.23322693 1.23562982
 1.23803229 1.24043434 1.24283597 1.24523718 1.24763798 1.25003837
 1.25243835 1.25483791 1.25723707 1.25963583 1.26203418 1.26443212
 1.26682967 1.26922681 1.27162356 1.27401991 1.27641587 1.27881143
 1.2812066  1.28360138 1.28599578 1.28838978 1.2907834  1.29317664
 1.29556949 1.29796196 1.30035406 1.30274577 1.30513711 1.30752808
 1.30991867 1.31230889 1.31469874 1.31708823 1.31947734 1.3218661
 1.32425448 1.32664251 1.32903017 1.33141748 1.33380443 1.33619102
 1.33857726 1.34096314 1.34334868 1.34573386 1.34811869 1.35050318
 1.35288732 1.35527112 1.35765458 1.36003769 1.36242047 1.36480291
 1.36718501 1.36956678 1.37194821 1.37432931 1.37671008 1.37909052
 1.38147064 1.38385043 1.38622989 1.38860903 1.39098785 1.39336635
 1.39574453 1.39812239 1.40049994 1.40287717 1.40525409 1.4076307
 1.410007   1.41238299 1.41475867 1.41713404 1.41950912 1.42188389
 1.42425835 1.42663252 1.42900639 1.43137996 1.43375324 1.43612622
 1.43849891 1.44087131 1.44324342 1.44561524 1.44798677 1.45035802
 1.45272898 1.45509965 1.45747005 1.45984017 1.46221    1.46457956
 1.46694885 1.46931786 1.47168659 1.47405505 1.47642325 1.47879117
 1.48115882 1.48352621 1.48589334 1.4882602  1.49062679 1.49299313
 1.4953592  1.49772502 1.50009058 1.50245588 1.50482093 1.50718573
 1.50955027 1.51191457 1.51427861 1.51664241 1.51900596 1.52136927
 1.52373233 1.52609515 1.52845772 1.53082006 1.53318216 1.53554402
 1.53790565 1.54026704 1.54262819 1.54498912 1.54734981 1.54971028
 1.55207051 1.55443052 1.5567903  1.55914986 1.5615092  1.56386831
 1.5662272  1.56858587 1.57094433 1.57330257 1.57566059 1.5780184
 1.58037599 1.58273337 1.58509055 1.58744751 1.58980426 1.59216081
 1.59451715 1.59687329 1.59922922 1.60158495 1.60394048 1.60629581
 1.60865095 1.61100588 1.61336062 1.61571517 1.61806952 1.62042368
 1.62277764 1.62513142 1.62748501 1.62983841 1.63219163 1.63454466
 1.6368975  1.63925017 1.64160265 1.64395495 1.64630707 1.64865901
 1.65101078 1.65336237 1.65571379 1.65806503 1.6604161  1.662767
 1.66511773 1.66746829 1.66981868 1.67216891 1.67451897 1.67686886
 1.6792186  1.68156817 1.68391758 1.68626683 1.68861592 1.69096486
 1.69331364 1.69566226 1.69801073 1.70035905 1.70270721 1.70505522
 1.70740309 1.7097508  1.71209837 1.71444579 1.71679307 1.7191402
 1.72148719 1.72383404 1.72618074 1.72852731 1.73087374 1.73322003
 1.73556618 1.7379122  1.74025808 1.74260383 1.74494945 1.74729494
 1.74964029 1.75198552 1.75433062 1.75667559 1.75902044 1.76136516
 1.76370976 1.76605423 1.76839859 1.77074282 1.77308693 1.77543093
 1.7777748  1.78011856 1.7824622  1.78480573 1.78714915 1.78949245
 1.79183564 1.79417873 1.7965217  1.79886456 1.80120732 1.80354997
 1.80589251 1.80823495 1.81057728 1.81291952 1.81526165 1.81760368
 1.81994561 1.82228745 1.82462918 1.82697082 1.82931236 1.83165381
 1.83399517 1.83633643 1.8386776  1.84101868 1.84335967 1.84570057
 1.84804138 1.85038211 1.85272275 1.8550633  1.85740377 1.85974416
 1.86208447 1.86442469 1.86676483 1.8691049  1.87144488 1.87378479
 1.87612462 1.87846438 1.88080406 1.88314367 1.8854832  1.88782266
 1.89016205 1.89250137 1.89484062 1.89717981 1.89951892 1.90185797
 1.90419695 1.90653587 1.90887472 1.91121351 1.91355224 1.91589091
 1.91822951 1.92056806 1.92290655 1.92524498 1.92758335 1.92992167
 1.93225993 1.93459814 1.93693629 1.9392744  1.94161245 1.94395045
 1.94628839 1.94862629 1.95096415 1.95330195 1.95563971 1.95797742
 1.96031508 1.96265271 1.96499029 1.96732782 1.96966532 1.97200277
 1.97434018 1.97667756 1.97901489 1.98135219 1.98368945 1.98602668
 1.98836387 1.99070103 1.99303815 1.99537524 1.9977123  2.00004933
 2.00238632 2.00472329 2.00706023 2.00939714 2.01173402 2.01407088
 2.01640771 2.01874452 2.0210813  2.02341806 2.02575479 2.02809151
 2.0304282  2.03276488 2.03510153 2.03743817 2.03977478 2.04211138
 2.04444797 2.04678454 2.04912109 2.05145763 2.05379415 2.05613067
 2.05846717 2.06080366 2.06314014 2.0654766  2.06781306 2.07014952
 2.07248596 2.0748224  2.07715883 2.07949526 2.08183168 2.08416809
 2.08650451 2.08884092 2.09117733 2.09351374 2.09585015 2.09818655
 2.10052296 2.10285937 2.10519579 2.1075322  2.10986862 2.11220505
 2.11454148 2.11687791 2.11921435 2.1215508  2.12388726 2.12622372
 2.1285602  2.13089668 2.13323318 2.13556968 2.1379062  2.14024273
 2.14257927 2.14491583 2.1472524  2.14958899 2.15192559 2.15426221
 2.15659884 2.15893549 2.16127216 2.16360885 2.16594556 2.16828229
 2.17061904 2.17295582 2.17529261 2.17762943 2.17996627 2.18230313
 2.18464002 2.18697694 2.18931388 2.19165084 2.19398783 2.19632486
 2.1986619  2.20099898 2.20333609 2.20567323 2.2080104  2.21034759
 2.21268483 2.21502209 2.21735939 2.21969672 2.22203408 2.22437148
 2.22670891 2.22904638 2.23138389 2.23372143 2.23605901 2.23839663
 2.24073429 2.24307199 2.24540973 2.2477475  2.25008532 2.25242318
 2.25476109 2.25709903 2.25943702 2.26177505 2.26411313 2.26645125
 2.26878941 2.27112763 2.27346589 2.27580419 2.27814254 2.28048095
 2.28281939 2.28515789 2.28749644 2.28983504 2.29217369 2.29451239
 2.29685114 2.29918995 2.3015288  2.30386771 2.30620668 2.30854569
 2.31088477 2.3132239  2.31556308 2.31790232 2.32024162 2.32258097
 2.32492038 2.32725985 2.32959938 2.33193897 2.33427861 2.33661832
 2.33895809 2.34129792 2.34363781 2.34597776 2.34831777 2.35065785
 2.35299799 2.3553382  2.35767847 2.3600188  2.3623592  2.36469967
 2.3670402  2.3693808  2.37172146 2.37406219 2.37640299 2.37874386
 2.3810848  2.38342581 2.38576688 2.38810803 2.39044925 2.39279053
 2.39513189 2.39747332 2.39981483 2.4021564 ]
t = [1.07414860e+09 1.07414865e+09 1.07414869e+09 1.07414873e+09
 1.07414877e+09 1.07414881e+09 1.07414886e+09 1.07414890e+09
 1.07414894e+09 1.07414898e+09 1.07414902e+09 1.07414907e+09
 1.07414911e+09 1.07414915e+09 1.07414919e+09 1.07414923e+09
 1.07414928e+09 1.07414932e+09 1.07414936e+09 1.07414940e+09
 1.07414945e+09 1.07414949e+09 1.07414953e+09 1.07414957e+09
 1.07414961e+09 1.07414966e+09 1.07414970e+09 1.07414974e+09
 1.07414978e+09 1.07414982e+09 1.07414987e+09 1.07414991e+09
 1.07414995e+09 1.07414999e+09 1.07415003e+09 1.07415008e+09
 1.07415012e+09 1.07415016e+09 1.07415020e+09 1.07415024e+09
 1.07415029e+09 1.07415033e+09 1.07415037e+09 1.07415041e+09
 1.07415046e+09 1.07415050e+09 1.07415054e+09 1.07415058e+09
 1.07415062e+09 1.07415067e+09 1.07415071e+09 1.07415075e+09
 1.07415079e+09 1.07415083e+09 1.07415088e+09 1.07415092e+09
 1.07415096e+09 1.07415100e+09 1.07415104e+09 1.07415109e+09
 1.07415113e+09 1.07415117e+09 1.07415121e+09 1.07415125e+09
 1.07415130e+09 1.07415134e+09 1.07415138e+09 1.07415142e+09
 1.07415147e+09 1.07415151e+09 1.07415155e+09 1.07415159e+09
 1.07415163e+09 1.07415168e+09 1.07415172e+09 1.07415176e+09
 1.07415180e+09 1.07415184e+09 1.07415189e+09 1.07415193e+09
 1.07415197e+09 1.07415201e+09 1.07415205e+09 1.07415210e+09
 1.07415214e+09 1.07415218e+09 1.07415222e+09 1.07415227e+09
 1.07415231e+09 1.07415235e+09 1.07415239e+09 1.07415243e+09
 1.07415248e+09 1.07415252e+09 1.07415256e+09 1.07415260e+09
 1.07415264e+09 1.07415269e+09 1.07415273e+09 1.07415277e+09
 1.07415281e+09 1.07415285e+09 1.07415290e+09 1.07415294e+09
 1.07415298e+09 1.07415302e+09 1.07415306e+09 1.07415311e+09
 1.07415315e+09 1.07415319e+09 1.07415323e+09 1.07415328e+09
 1.07415332e+09 1.07415336e+09 1.07415340e+09 1.07415344e+09
 1.07415349e+09 1.07415353e+09 1.07415357e+09 1.07415361e+09
 1.07415365e+09 1.07415370e+09 1.07415374e+09 1.07415378e+09
 1.07415382e+09 1.07415386e+09 1.07415391e+09 1.07415395e+09
 1.07415399e+09 1.07415403e+09 1.07415407e+09 1.07415412e+09
 1.07415416e+09 1.07415420e+09 1.07415424e+09 1.07415429e+09
 1.07415433e+09 1.07415437e+09 1.07415441e+09 1.07415445e+09
 1.07415450e+09 1.07415454e+09 1.07415458e+09 1.07415462e+09
 1.07415466e+09 1.07415471e+09 1.07415475e+09 1.07415479e+09
 1.07415483e+09 1.07415487e+09 1.07415492e+09 1.07415496e+09
 1.07415500e+09 1.07415504e+09 1.07415509e+09 1.07415513e+09
 1.07415517e+09 1.07415521e+09 1.07415525e+09 1.07415530e+09
 1.07415534e+09 1.07415538e+09 1.07415542e+09 1.07415546e+09
 1.07415551e+09 1.07415555e+09 1.07415559e+09 1.07415563e+09
 1.07415567e+09 1.07415572e+09 1.07415576e+09 1.07415580e+09
 1.07415584e+09 1.07415588e+09 1.07415593e+09 1.07415597e+09
 1.07415601e+09 1.07415605e+09 1.07415610e+09 1.07415614e+09
 1.07415618e+09 1.07415622e+09 1.07415626e+09 1.07415631e+09
 1.07415635e+09 1.07415639e+09 1.07415643e+09 1.07415647e+09
 1.07415652e+09 1.07415656e+09 1.07415660e+09 1.07415664e+09
 1.07415668e+09 1.07415673e+09 1.07415677e+09 1.07415681e+09
 1.07415685e+09 1.07415689e+09 1.07415694e+09 1.07415698e+09
 1.07415702e+09 1.07415706e+09 1.07415711e+09 1.07415715e+09
 1.07415719e+09 1.07415723e+09 1.07415727e+09 1.07415732e+09
 1.07415736e+09 1.07415740e+09 1.07415744e+09 1.07415748e+09
 1.07415753e+09 1.07415757e+09 1.07415761e+09 1.07415765e+09
 1.07415769e+09 1.07415774e+09 1.07415778e+09 1.07415782e+09
 1.07415786e+09 1.07415790e+09 1.07415795e+09 1.07415799e+09
 1.07415803e+09 1.07415807e+09 1.07415812e+09 1.07415816e+09
 1.07415820e+09 1.07415824e+09 1.07415828e+09 1.07415833e+09
 1.07415837e+09 1.07415841e+09 1.07415845e+09 1.07415849e+09
 1.07415854e+09 1.07415858e+09 1.07415862e+09 1.07415866e+09
 1.07415870e+09 1.07415875e+09 1.07415879e+09 1.07415883e+09
 1.07415887e+09 1.07415892e+09 1.07415896e+09 1.07415900e+09
 1.07415904e+09 1.07415908e+09 1.07415913e+09 1.07415917e+09
 1.07415921e+09 1.07415925e+09 1.07415929e+09 1.07415934e+09
 1.07415938e+09 1.07415942e+09 1.07415946e+09 1.07415950e+09
 1.07415955e+09 1.07415959e+09 1.07415963e+09 1.07415967e+09
 1.07415971e+09 1.07415976e+09 1.07415980e+09 1.07415984e+09
 1.07415988e+09 1.07415993e+09 1.07415997e+09 1.07416001e+09
 1.07416005e+09 1.07416009e+09 1.07416014e+09 1.07416018e+09
 1.07416022e+09 1.07416026e+09 1.07416030e+09 1.07416035e+09
 1.07416039e+09 1.07416043e+09 1.07416047e+09 1.07416051e+09
 1.07416056e+09 1.07416060e+09 1.07416064e+09 1.07416068e+09
 1.07416072e+09 1.07416077e+09 1.07416081e+09 1.07416085e+09
 1.07416089e+09 1.07416094e+09 1.07416098e+09 1.07416102e+09
 1.07416106e+09 1.07416110e+09 1.07416115e+09 1.07416119e+09
 1.07416123e+09 1.07416127e+09 1.07416131e+09 1.07416136e+09
 1.07416140e+09 1.07416144e+09 1.07416148e+09 1.07416152e+09
 1.07416157e+09 1.07416161e+09 1.07416165e+09 1.07416169e+09
 1.07416174e+09 1.07416178e+09 1.07416182e+09 1.07416186e+09
 1.07416190e+09 1.07416195e+09 1.07416199e+09 1.07416203e+09
 1.07416207e+09 1.07416211e+09 1.07416216e+09 1.07416220e+09
 1.07416224e+09 1.07416228e+09 1.07416232e+09 1.07416237e+09
 1.07416241e+09 1.07416245e+09 1.07416249e+09 1.07416253e+09
 1.07416258e+09 1.07416262e+09 1.07416266e+09 1.07416270e+09
 1.07416275e+09 1.07416279e+09 1.07416283e+09 1.07416287e+09
 1.07416291e+09 1.07416296e+09 1.07416300e+09 1.07416304e+09
 1.07416308e+09 1.07416312e+09 1.07416317e+09 1.07416321e+09
 1.07416325e+09 1.07416329e+09 1.07416333e+09 1.07416338e+09
 1.07416342e+09 1.07416346e+09 1.07416350e+09 1.07416354e+09
 1.07416359e+09 1.07416363e+09 1.07416367e+09 1.07416371e+09
 1.07416376e+09 1.07416380e+09 1.07416384e+09 1.07416388e+09
 1.07416392e+09 1.07416397e+09 1.07416401e+09 1.07416405e+09
 1.07416409e+09 1.07416413e+09 1.07416418e+09 1.07416422e+09
 1.07416426e+09 1.07416430e+09 1.07416434e+09 1.07416439e+09
 1.07416443e+09 1.07416447e+09 1.07416451e+09 1.07416456e+09
 1.07416460e+09 1.07416464e+09 1.07416468e+09 1.07416472e+09
 1.07416477e+09 1.07416481e+09 1.07416485e+09 1.07416489e+09
 1.07416493e+09 1.07416498e+09 1.07416502e+09 1.07416506e+09
 1.07416510e+09 1.07416514e+09 1.07416519e+09 1.07416523e+09
 1.07416527e+09 1.07416531e+09 1.07416535e+09 1.07416540e+09
 1.07416544e+09 1.07416548e+09 1.07416552e+09 1.07416557e+09
 1.07416561e+09 1.07416565e+09 1.07416569e+09 1.07416573e+09
 1.07416578e+09 1.07416582e+09 1.07416586e+09 1.07416590e+09
 1.07416594e+09 1.07416599e+09 1.07416603e+09 1.07416607e+09
 1.07416611e+09 1.07416615e+09 1.07416620e+09 1.07416624e+09
 1.07416628e+09 1.07416632e+09 1.07416636e+09 1.07416641e+09
 1.07416645e+09 1.07416649e+09 1.07416653e+09 1.07416658e+09
 1.07416662e+09 1.07416666e+09 1.07416670e+09 1.07416674e+09
 1.07416679e+09 1.07416683e+09 1.07416687e+09 1.07416691e+09
 1.07416695e+09 1.07416700e+09 1.07416704e+09 1.07416708e+09
 1.07416712e+09 1.07416716e+09 1.07416721e+09 1.07416725e+09
 1.07416729e+09 1.07416733e+09 1.07416737e+09 1.07416742e+09
 1.07416746e+09 1.07416750e+09 1.07416754e+09 1.07416759e+09
 1.07416763e+09 1.07416767e+09 1.07416771e+09 1.07416775e+09
 1.07416780e+09 1.07416784e+09 1.07416788e+09 1.07416792e+09
 1.07416796e+09 1.07416801e+09 1.07416805e+09 1.07416809e+09
 1.07416813e+09 1.07416817e+09 1.07416822e+09 1.07416826e+09
 1.07416830e+09 1.07416834e+09 1.07416839e+09 1.07416843e+09
 1.07416847e+09 1.07416851e+09 1.07416855e+09 1.07416860e+09
 1.07416864e+09 1.07416868e+09 1.07416872e+09 1.07416876e+09
 1.07416881e+09 1.07416885e+09 1.07416889e+09 1.07416893e+09
 1.07416897e+09 1.07416902e+09 1.07416906e+09 1.07416910e+09
 1.07416914e+09 1.07416918e+09 1.07416923e+09 1.07416927e+09
 1.07416931e+09 1.07416935e+09 1.07416940e+09 1.07416944e+09
 1.07416948e+09 1.07416952e+09 1.07416956e+09 1.07416961e+09
 1.07416965e+09 1.07416969e+09 1.07416973e+09 1.07416977e+09
 1.07416982e+09 1.07416986e+09 1.07416990e+09 1.07416994e+09
 1.07416998e+09 1.07417003e+09 1.07417007e+09 1.07417011e+09
 1.07417015e+09 1.07417019e+09 1.07417024e+09 1.07417028e+09
 1.07417032e+09 1.07417036e+09 1.07417041e+09 1.07417045e+09
 1.07417049e+09 1.07417053e+09 1.07417057e+09 1.07417062e+09
 1.07417066e+09 1.07417070e+09 1.07417074e+09 1.07417078e+09
 1.07417083e+09 1.07417087e+09 1.07417091e+09 1.07417095e+09
 1.07417099e+09 1.07417104e+09 1.07417108e+09 1.07417112e+09
 1.07417116e+09 1.07417121e+09 1.07417125e+09 1.07417129e+09
 1.07417133e+09 1.07417137e+09 1.07417142e+09 1.07417146e+09
 1.07417150e+09 1.07417154e+09 1.07417158e+09 1.07417163e+09
 1.07417167e+09 1.07417171e+09 1.07417175e+09 1.07417179e+09
 1.07417184e+09 1.07417188e+09 1.07417192e+09 1.07417196e+09
 1.07417200e+09 1.07417205e+09 1.07417209e+09 1.07417213e+09
 1.07417217e+09 1.07417222e+09 1.07417226e+09 1.07417230e+09
 1.07417234e+09 1.07417238e+09 1.07417243e+09 1.07417247e+09
 1.07417251e+09 1.07417255e+09 1.07417259e+09 1.07417264e+09
 1.07417268e+09 1.07417272e+09 1.07417276e+09 1.07417280e+09
 1.07417285e+09 1.07417289e+09 1.07417293e+09 1.07417297e+09
 1.07417301e+09 1.07417306e+09 1.07417310e+09 1.07417314e+09
 1.07417318e+09 1.07417323e+09 1.07417327e+09 1.07417331e+09
 1.07417335e+09 1.07417339e+09 1.07417344e+09 1.07417348e+09
 1.07417352e+09 1.07417356e+09 1.07417360e+09 1.07417365e+09
 1.07417369e+09 1.07417373e+09 1.07417377e+09 1.07417381e+09
 1.07417386e+09 1.07417390e+09 1.07417394e+09 1.07417398e+09
 1.07417403e+09 1.07417407e+09 1.07417411e+09 1.07417415e+09
 1.07417419e+09 1.07417424e+09 1.07417428e+09 1.07417432e+09
 1.07417436e+09 1.07417440e+09 1.07417445e+09 1.07417449e+09
 1.07417453e+09 1.07417457e+09 1.07417461e+09 1.07417466e+09
 1.07417470e+09 1.07417474e+09 1.07417478e+09 1.07417482e+09
 1.07417487e+09 1.07417491e+09 1.07417495e+09 1.07417499e+09
 1.07417504e+09 1.07417508e+09 1.07417512e+09 1.07417516e+09
 1.07417520e+09 1.07417525e+09 1.07417529e+09 1.07417533e+09
 1.07417537e+09 1.07417541e+09 1.07417546e+09 1.07417550e+09
 1.07417554e+09 1.07417558e+09 1.07417562e+09 1.07417567e+09
 1.07417571e+09 1.07417575e+09 1.07417579e+09 1.07417583e+09
 1.07417588e+09 1.07417592e+09 1.07417596e+09 1.07417600e+09
 1.07417605e+09 1.07417609e+09 1.07417613e+09 1.07417617e+09
 1.07417621e+09 1.07417626e+09 1.07417630e+09 1.07417634e+09
 1.07417638e+09 1.07417642e+09 1.07417647e+09 1.07417651e+09
 1.07417655e+09 1.07417659e+09 1.07417663e+09 1.07417668e+09
 1.07417672e+09 1.07417676e+09 1.07417680e+09 1.07417685e+09
 1.07417689e+09 1.07417693e+09 1.07417697e+09 1.07417701e+09
 1.07417706e+09 1.07417710e+09 1.07417714e+09 1.07417718e+09
 1.07417722e+09 1.07417727e+09 1.07417731e+09 1.07417735e+09
 1.07417739e+09 1.07417743e+09 1.07417748e+09 1.07417752e+09
 1.07417756e+09 1.07417760e+09 1.07417764e+09 1.07417769e+09
 1.07417773e+09 1.07417777e+09 1.07417781e+09 1.07417786e+09
 1.07417790e+09 1.07417794e+09 1.07417798e+09 1.07417802e+09
 1.07417807e+09 1.07417811e+09 1.07417815e+09 1.07417819e+09
 1.07417823e+09 1.07417828e+09 1.07417832e+09 1.07417836e+09
 1.07417840e+09 1.07417844e+09 1.07417849e+09 1.07417853e+09
 1.07417857e+09 1.07417861e+09 1.07417865e+09 1.07417870e+09
 1.07417874e+09 1.07417878e+09 1.07417882e+09 1.07417887e+09
 1.07417891e+09 1.07417895e+09 1.07417899e+09 1.07417903e+09
 1.07417908e+09 1.07417912e+09 1.07417916e+09 1.07417920e+09
 1.07417924e+09 1.07417929e+09 1.07417933e+09 1.07417937e+09
 1.07417941e+09 1.07417945e+09 1.07417950e+09 1.07417954e+09
 1.07417958e+09 1.07417962e+09 1.07417966e+09 1.07417971e+09
 1.07417975e+09 1.07417979e+09 1.07417983e+09 1.07417988e+09
 1.07417992e+09 1.07417996e+09 1.07418000e+09 1.07418004e+09
 1.07418009e+09 1.07418013e+09 1.07418017e+09 1.07418021e+09
 1.07418025e+09 1.07418030e+09 1.07418034e+09 1.07418038e+09
 1.07418042e+09 1.07418046e+09 1.07418051e+09 1.07418055e+09
 1.07418059e+09 1.07418063e+09 1.07418068e+09 1.07418072e+09
 1.07418076e+09 1.07418080e+09 1.07418084e+09 1.07418089e+09
 1.07418093e+09 1.07418097e+09 1.07418101e+09 1.07418105e+09
 1.07418110e+09 1.07418114e+09 1.07418118e+09 1.07418122e+09
 1.07418126e+09 1.07418131e+09 1.07418135e+09 1.07418139e+09
 1.07418143e+09 1.07418147e+09 1.07418152e+09 1.07418156e+09
 1.07418160e+09 1.07418164e+09 1.07418169e+09 1.07418173e+09
 1.07418177e+09 1.07418181e+09 1.07418185e+09 1.07418190e+09
 1.07418194e+09 1.07418198e+09 1.07418202e+09 1.07418206e+09
 1.07418211e+09 1.07418215e+09 1.07418219e+09 1.07418223e+09
 1.07418227e+09 1.07418232e+09 1.07418236e+09 1.07418240e+09
 1.07418244e+09 1.07418248e+09 1.07418253e+09 1.07418257e+09
 1.07418261e+09 1.07418265e+09 1.07418270e+09 1.07418274e+09
 1.07418278e+09 1.07418282e+09 1.07418286e+09 1.07418291e+09
 1.07418295e+09 1.07418299e+09 1.07418303e+09 1.07418307e+09
 1.07418312e+09 1.07418316e+09 1.07418320e+09 1.07418324e+09
 1.07418328e+09 1.07418333e+09 1.07418337e+09 1.07418341e+09
 1.07418345e+09 1.07418350e+09 1.07418354e+09 1.07418358e+09
 1.07418362e+09 1.07418366e+09 1.07418371e+09 1.07418375e+09
 1.07418379e+09 1.07418383e+09 1.07418387e+09 1.07418392e+09
 1.07418396e+09 1.07418400e+09 1.07418404e+09 1.07418408e+09
 1.07418413e+09 1.07418417e+09 1.07418421e+09 1.07418425e+09
 1.07418429e+09 1.07418434e+09 1.07418438e+09 1.07418442e+09
 1.07418446e+09 1.07418451e+09 1.07418455e+09 1.07418459e+09
 1.07418463e+09 1.07418467e+09 1.07418472e+09 1.07418476e+09
 1.07418480e+09 1.07418484e+09 1.07418488e+09 1.07418493e+09
 1.07418497e+09 1.07418501e+09 1.07418505e+09 1.07418509e+09
 1.07418514e+09 1.07418518e+09 1.07418522e+09 1.07418526e+09
 1.07418530e+09 1.07418535e+09 1.07418539e+09 1.07418543e+09
 1.07418547e+09 1.07418552e+09 1.07418556e+09 1.07418560e+09
 1.07418564e+09 1.07418568e+09 1.07418573e+09 1.07418577e+09
 1.07418581e+09 1.07418585e+09 1.07418589e+09 1.07418594e+09
 1.07418598e+09 1.07418602e+09 1.07418606e+09 1.07418610e+09
 1.07418615e+09 1.07418619e+09 1.07418623e+09 1.07418627e+09
 1.07418632e+09 1.07418636e+09 1.07418640e+09 1.07418644e+09
 1.07418648e+09 1.07418653e+09 1.07418657e+09 1.07418661e+09
 1.07418665e+09 1.07418669e+09 1.07418674e+09 1.07418678e+09
 1.07418682e+09 1.07418686e+09 1.07418690e+09 1.07418695e+09
 1.07418699e+09 1.07418703e+09 1.07418707e+09 1.07418711e+09
 1.07418716e+09 1.07418720e+09 1.07418724e+09 1.07418728e+09
 1.07418733e+09 1.07418737e+09 1.07418741e+09 1.07418745e+09
 1.07418749e+09 1.07418754e+09 1.07418758e+09 1.07418762e+09
 1.07418766e+09 1.07418770e+09 1.07418775e+09 1.07418779e+09
 1.07418783e+09 1.07418787e+09 1.07418791e+09 1.07418796e+09
 1.07418800e+09 1.07418804e+09 1.07418808e+09 1.07418812e+09
 1.07418817e+09 1.07418821e+09 1.07418825e+09 1.07418829e+09
 1.07418834e+09 1.07418838e+09 1.07418842e+09 1.07418846e+09
 1.07418850e+09 1.07418855e+09 1.07418859e+09 1.07418863e+09
 1.07418867e+09 1.07418871e+09 1.07418876e+09 1.07418880e+09
 1.07418884e+09 1.07418888e+09 1.07418892e+09 1.07418897e+09
 1.07418901e+09 1.07418905e+09 1.07418909e+09 1.07418913e+09
 1.07418918e+09 1.07418922e+09 1.07418926e+09 1.07418930e+09
 1.07418935e+09 1.07418939e+09 1.07418943e+09 1.07418947e+09
 1.07418951e+09 1.07418956e+09 1.07418960e+09 1.07418964e+09
 1.07418968e+09 1.07418972e+09 1.07418977e+09 1.07418981e+09
 1.07418985e+09 1.07418989e+09 1.07418993e+09 1.07418998e+09
 1.07419002e+09 1.07419006e+09 1.07419010e+09 1.07419015e+09
 1.07419019e+09 1.07419023e+09 1.07419027e+09 1.07419031e+09
 1.07419036e+09 1.07419040e+09 1.07419044e+09 1.07419048e+09
 1.07419052e+09 1.07419057e+09 1.07419061e+09 1.07419065e+09]
minRes = 0.06418923335090466
minResTime = [1.07414923e+09]
Cov(t) = [100 100 100 100 100 100 100 100 100 100 100 100 100 100 100 100 100 100
 100 100 100 100 100 100 100 100 100 100 100 100 100 100 100 100 100 100
 100 100 100 100 100 100 100 100 100 100 100 100 100 100 100 100 100 100
 100 100 100 100 100 100 100 100 100 100 100 100 100 100 100 100 100 100
 100 100 100 100 100 100 100 100 100 100 100 100 100 100 100 100 100 100
 100 100 100 100 100 100 100 100 100 100 100 100 100 100 100 100 100 100
 100 100 100 100 100 100 100 100 100 100 100 100 100 100 100 100 100 100
 100 100 100 100 100 100 100 100 100 100 100 100 100 100 100 100 100 100
 100 100 100 100 100 100 100 100 100 100 100 100 100 100 100 100 100 100
 100 100 100 100 100 100 100 100 100 100 100 100 100 100 100 100 100 100
 100 100 100 100 100 100 100 100 100 100 100 100 100 100 100 100 100 100
 100 100 100 100 100 100 100 100 100 100 100 100 100 100 100 100 100 100
 100 100 100 100 100 100 100 100 100 100 100 100 100 100 100 100 100 100
 100 100 100 100 100 100 100 100 100 100 100 100 100 100 100 100 100 100
 100 100 100 100 100 100 100 100 100 100 100 100 100 100 100 100 100 100
 100 100 100 100 100 100 100 100 100 100 100 100 100 100 100 100 100 100
 100 100 100 100 100 100 100 100 100 100 100 100 100 100 100 100 100 100
 100 100 100 100 100 100 100 100 100 100 100 100 100 100 100 100 100 100
 100 100 100 100 100 100 100 100 100 100 100 100 100 100 100 100 100 100
 100 100 100 100 100 100 100 100 100 100 100 100 100 100 100 100 100 100
 100 100 100 100 100 100 100 100 100 100 100 100 100 100 100 100 100 100
 100 100 100 100 100 100 100 100 100 100 100 100 100 100 100 100 100 100
 100 100 100 100 100 100 100 100 100 100 100 100 100 100 100 100 100 100
 100 100 100 100 100 100 100 100 100 100 100 100 100 100 100 100 100 100
 100 100 100 100 100 100 100 100 100 100 100 100 100 100 100 100 100 100
 100 100 100 100 100 100 100 100 100 100 100 100 100 100 100 100 100 100
 100 100 100 100 100 100 100 100 100 100 100 100 100 100 100 100 100 100
 100 100 100 100 100 100 100 100 100 100 100 100 100 100 100 100 100 100
 100 100 100 100 100 100 100 100 100 100 100 100 100 100 100 100 100 100
 100 100 100 100 100 100 100 100 100 100 100 100 100 100 100 100 100 100
 100 100 100 100 100 100 100 100 100 100 100 100 100 100 100 100 100 100
 100 100 100 100 100 100 100 100 100 100 100 100 100 100 100 100 100 100
 100 100 100 100 100 100 100 100 100 100 100 100 100 100 100 100 100 100
 100 100 100 100 100 100 100 100 100 100 100 100 100 100 100 100 100 100
 100 100 100 100 100 100 100 100 100 100 100 100 100 100 100 100 100 100
 100 100 100 100 100 100 100 100 100 100 100 100 100 100 100 100 100 100
 100 100 100 100 100 100 100 100 100 100 100 100 100 100 100 100 100 100
 100 100 100 100 100 100 100 100 100 100 100 100 100 100 100 100 100 100
 100 100 100 100 100 100 100 100 100 100 100 100 100 100 100 100 100 100
 100 100 100 100 100 100 100 100 100 100 100 100 100 100 100 100 100 100
 100 100 100 100 100 100 100 100 100 100 100 100 100 100 100 100 100 100
 100 100 100 100 100 100 100 100 100 100 100 100 100 100 100 100 100 100
 100 100 100 100 100 100 100 100 100 100 100 100 100 100 100 100 100 100
 100 100 100 100 100 100 100 100 100 100 100 100 100 100 100 100 100 100
 100 100 100 100 100 100 100 100 100 100 100 100 100 100 100 100 100 100
 100 100 100 100 100 100 100 100 100 100 100 100 100 100 100 100 100 100
 100 100 100 100 100 100 100 100 100 100 100 100 100 100 100 100 100 100
 100 100 100 100 100 100 100 100 100 100 100 100 100 100 100 100 100 100
 100 100 100 100 100 100 100 100 100 100 100 100 100 100 100 100 100 100
 100 100 100 100 100 100 100 100 100 100 100 100 100 100 100 100 100 100
 100 100 100 100 100 100 100 100 100 100 100 100 100 100 100 100 100 100
 100 100 100 100 100 100 100 100 100 100 100 100 100 100 100 100 100 100
 100 100 100 100 100 100 100 100 100 100 100 100 100 100 100 100 100 100
 100 100 100 100 100 100 100 100 100 100 100 100 100 100 100 100 100 100
 100 100 100 100 100 100 100 100 100 100 100 100 100 100 100 100 100 100
 100 100 100 100 100 100 100 100 100 100]
maxCov = 100
maxCovTime = [1.07414860e+09 1.07414865e+09 1.07414869e+09 1.07414873e+09
 1.07414877e+09 1.07414881e+09 1.07414886e+09 1.07414890e+09
 1.07414894e+09 1.07414898e+09 1.07414902e+09 1.07414907e+09
 1.07414911e+09 1.07414915e+09 1.07414919e+09 1.07414923e+09
 1.07414928e+09 1.07414932e+09 1.07414936e+09 1.07414940e+09
 1.07414945e+09 1.07414949e+09 1.07414953e+09 1.07414957e+09
 1.07414961e+09 1.07414966e+09 1.07414970e+09 1.07414974e+09
 1.07414978e+09 1.07414982e+09 1.07414987e+09 1.07414991e+09
 1.07414995e+09 1.07414999e+09 1.07415003e+09 1.07415008e+09
 1.07415012e+09 1.07415016e+09 1.07415020e+09 1.07415024e+09
 1.07415029e+09 1.07415033e+09 1.07415037e+09 1.07415041e+09
 1.07415046e+09 1.07415050e+09 1.07415054e+09 1.07415058e+09
 1.07415062e+09 1.07415067e+09 1.07415071e+09 1.07415075e+09
 1.07415079e+09 1.07415083e+09 1.07415088e+09 1.07415092e+09
 1.07415096e+09 1.07415100e+09 1.07415104e+09 1.07415109e+09
 1.07415113e+09 1.07415117e+09 1.07415121e+09 1.07415125e+09
 1.07415130e+09 1.07415134e+09 1.07415138e+09 1.07415142e+09
 1.07415147e+09 1.07415151e+09 1.07415155e+09 1.07415159e+09
 1.07415163e+09 1.07415168e+09 1.07415172e+09 1.07415176e+09
 1.07415180e+09 1.07415184e+09 1.07415189e+09 1.07415193e+09
 1.07415197e+09 1.07415201e+09 1.07415205e+09 1.07415210e+09
 1.07415214e+09 1.07415218e+09 1.07415222e+09 1.07415227e+09
 1.07415231e+09 1.07415235e+09 1.07415239e+09 1.07415243e+09
 1.07415248e+09 1.07415252e+09 1.07415256e+09 1.07415260e+09
 1.07415264e+09 1.07415269e+09 1.07415273e+09 1.07415277e+09
 1.07415281e+09 1.07415285e+09 1.07415290e+09 1.07415294e+09
 1.07415298e+09 1.07415302e+09 1.07415306e+09 1.07415311e+09
 1.07415315e+09 1.07415319e+09 1.07415323e+09 1.07415328e+09
 1.07415332e+09 1.07415336e+09 1.07415340e+09 1.07415344e+09
 1.07415349e+09 1.07415353e+09 1.07415357e+09 1.07415361e+09
 1.07415365e+09 1.07415370e+09 1.07415374e+09 1.07415378e+09
 1.07415382e+09 1.07415386e+09 1.07415391e+09 1.07415395e+09
 1.07415399e+09 1.07415403e+09 1.07415407e+09 1.07415412e+09
 1.07415416e+09 1.07415420e+09 1.07415424e+09 1.07415429e+09
 1.07415433e+09 1.07415437e+09 1.07415441e+09 1.07415445e+09
 1.07415450e+09 1.07415454e+09 1.07415458e+09 1.07415462e+09
 1.07415466e+09 1.07415471e+09 1.07415475e+09 1.07415479e+09
 1.07415483e+09 1.07415487e+09 1.07415492e+09 1.07415496e+09
 1.07415500e+09 1.07415504e+09 1.07415509e+09 1.07415513e+09
 1.07415517e+09 1.07415521e+09 1.07415525e+09 1.07415530e+09
 1.07415534e+09 1.07415538e+09 1.07415542e+09 1.07415546e+09
 1.07415551e+09 1.07415555e+09 1.07415559e+09 1.07415563e+09
 1.07415567e+09 1.07415572e+09 1.07415576e+09 1.07415580e+09
 1.07415584e+09 1.07415588e+09 1.07415593e+09 1.07415597e+09
 1.07415601e+09 1.07415605e+09 1.07415610e+09 1.07415614e+09
 1.07415618e+09 1.07415622e+09 1.07415626e+09 1.07415631e+09
 1.07415635e+09 1.07415639e+09 1.07415643e+09 1.07415647e+09
 1.07415652e+09 1.07415656e+09 1.07415660e+09 1.07415664e+09
 1.07415668e+09 1.07415673e+09 1.07415677e+09 1.07415681e+09
 1.07415685e+09 1.07415689e+09 1.07415694e+09 1.07415698e+09
 1.07415702e+09 1.07415706e+09 1.07415711e+09 1.07415715e+09
 1.07415719e+09 1.07415723e+09 1.07415727e+09 1.07415732e+09
 1.07415736e+09 1.07415740e+09 1.07415744e+09 1.07415748e+09
 1.07415753e+09 1.07415757e+09 1.07415761e+09 1.07415765e+09
 1.07415769e+09 1.07415774e+09 1.07415778e+09 1.07415782e+09
 1.07415786e+09 1.07415790e+09 1.07415795e+09 1.07415799e+09
 1.07415803e+09 1.07415807e+09 1.07415812e+09 1.07415816e+09
 1.07415820e+09 1.07415824e+09 1.07415828e+09 1.07415833e+09
 1.07415837e+09 1.07415841e+09 1.07415845e+09 1.07415849e+09
 1.07415854e+09 1.07415858e+09 1.07415862e+09 1.07415866e+09
 1.07415870e+09 1.07415875e+09 1.07415879e+09 1.07415883e+09
 1.07415887e+09 1.07415892e+09 1.07415896e+09 1.07415900e+09
 1.07415904e+09 1.07415908e+09 1.07415913e+09 1.07415917e+09
 1.07415921e+09 1.07415925e+09 1.07415929e+09 1.07415934e+09
 1.07415938e+09 1.07415942e+09 1.07415946e+09 1.07415950e+09
 1.07415955e+09 1.07415959e+09 1.07415963e+09 1.07415967e+09
 1.07415971e+09 1.07415976e+09 1.07415980e+09 1.07415984e+09
 1.07415988e+09 1.07415993e+09 1.07415997e+09 1.07416001e+09
 1.07416005e+09 1.07416009e+09 1.07416014e+09 1.07416018e+09
 1.07416022e+09 1.07416026e+09 1.07416030e+09 1.07416035e+09
 1.07416039e+09 1.07416043e+09 1.07416047e+09 1.07416051e+09
 1.07416056e+09 1.07416060e+09 1.07416064e+09 1.07416068e+09
 1.07416072e+09 1.07416077e+09 1.07416081e+09 1.07416085e+09
 1.07416089e+09 1.07416094e+09 1.07416098e+09 1.07416102e+09
 1.07416106e+09 1.07416110e+09 1.07416115e+09 1.07416119e+09
 1.07416123e+09 1.07416127e+09 1.07416131e+09 1.07416136e+09
 1.07416140e+09 1.07416144e+09 1.07416148e+09 1.07416152e+09
 1.07416157e+09 1.07416161e+09 1.07416165e+09 1.07416169e+09
 1.07416174e+09 1.07416178e+09 1.07416182e+09 1.07416186e+09
 1.07416190e+09 1.07416195e+09 1.07416199e+09 1.07416203e+09
 1.07416207e+09 1.07416211e+09 1.07416216e+09 1.07416220e+09
 1.07416224e+09 1.07416228e+09 1.07416232e+09 1.07416237e+09
 1.07416241e+09 1.07416245e+09 1.07416249e+09 1.07416253e+09
 1.07416258e+09 1.07416262e+09 1.07416266e+09 1.07416270e+09
 1.07416275e+09 1.07416279e+09 1.07416283e+09 1.07416287e+09
 1.07416291e+09 1.07416296e+09 1.07416300e+09 1.07416304e+09
 1.07416308e+09 1.07416312e+09 1.07416317e+09 1.07416321e+09
 1.07416325e+09 1.07416329e+09 1.07416333e+09 1.07416338e+09
 1.07416342e+09 1.07416346e+09 1.07416350e+09 1.07416354e+09
 1.07416359e+09 1.07416363e+09 1.07416367e+09 1.07416371e+09
 1.07416376e+09 1.07416380e+09 1.07416384e+09 1.07416388e+09
 1.07416392e+09 1.07416397e+09 1.07416401e+09 1.07416405e+09
 1.07416409e+09 1.07416413e+09 1.07416418e+09 1.07416422e+09
 1.07416426e+09 1.07416430e+09 1.07416434e+09 1.07416439e+09
 1.07416443e+09 1.07416447e+09 1.07416451e+09 1.07416456e+09
 1.07416460e+09 1.07416464e+09 1.07416468e+09 1.07416472e+09
 1.07416477e+09 1.07416481e+09 1.07416485e+09 1.07416489e+09
 1.07416493e+09 1.07416498e+09 1.07416502e+09 1.07416506e+09
 1.07416510e+09 1.07416514e+09 1.07416519e+09 1.07416523e+09
 1.07416527e+09 1.07416531e+09 1.07416535e+09 1.07416540e+09
 1.07416544e+09 1.07416548e+09 1.07416552e+09 1.07416557e+09
 1.07416561e+09 1.07416565e+09 1.07416569e+09 1.07416573e+09
 1.07416578e+09 1.07416582e+09 1.07416586e+09 1.07416590e+09
 1.07416594e+09 1.07416599e+09 1.07416603e+09 1.07416607e+09
 1.07416611e+09 1.07416615e+09 1.07416620e+09 1.07416624e+09
 1.07416628e+09 1.07416632e+09 1.07416636e+09 1.07416641e+09
 1.07416645e+09 1.07416649e+09 1.07416653e+09 1.07416658e+09
 1.07416662e+09 1.07416666e+09 1.07416670e+09 1.07416674e+09
 1.07416679e+09 1.07416683e+09 1.07416687e+09 1.07416691e+09
 1.07416695e+09 1.07416700e+09 1.07416704e+09 1.07416708e+09
 1.07416712e+09 1.07416716e+09 1.07416721e+09 1.07416725e+09
 1.07416729e+09 1.07416733e+09 1.07416737e+09 1.07416742e+09
 1.07416746e+09 1.07416750e+09 1.07416754e+09 1.07416759e+09
 1.07416763e+09 1.07416767e+09 1.07416771e+09 1.07416775e+09
 1.07416780e+09 1.07416784e+09 1.07416788e+09 1.07416792e+09
 1.07416796e+09 1.07416801e+09 1.07416805e+09 1.07416809e+09
 1.07416813e+09 1.07416817e+09 1.07416822e+09 1.07416826e+09
 1.07416830e+09 1.07416834e+09 1.07416839e+09 1.07416843e+09
 1.07416847e+09 1.07416851e+09 1.07416855e+09 1.07416860e+09
 1.07416864e+09 1.07416868e+09 1.07416872e+09 1.07416876e+09
 1.07416881e+09 1.07416885e+09 1.07416889e+09 1.07416893e+09
 1.07416897e+09 1.07416902e+09 1.07416906e+09 1.07416910e+09
 1.07416914e+09 1.07416918e+09 1.07416923e+09 1.07416927e+09
 1.07416931e+09 1.07416935e+09 1.07416940e+09 1.07416944e+09
 1.07416948e+09 1.07416952e+09 1.07416956e+09 1.07416961e+09
 1.07416965e+09 1.07416969e+09 1.07416973e+09 1.07416977e+09
 1.07416982e+09 1.07416986e+09 1.07416990e+09 1.07416994e+09
 1.07416998e+09 1.07417003e+09 1.07417007e+09 1.07417011e+09
 1.07417015e+09 1.07417019e+09 1.07417024e+09 1.07417028e+09
 1.07417032e+09 1.07417036e+09 1.07417041e+09 1.07417045e+09
 1.07417049e+09 1.07417053e+09 1.07417057e+09 1.07417062e+09
 1.07417066e+09 1.07417070e+09 1.07417074e+09 1.07417078e+09
 1.07417083e+09 1.07417087e+09 1.07417091e+09 1.07417095e+09
 1.07417099e+09 1.07417104e+09 1.07417108e+09 1.07417112e+09
 1.07417116e+09 1.07417121e+09 1.07417125e+09 1.07417129e+09
 1.07417133e+09 1.07417137e+09 1.07417142e+09 1.07417146e+09
 1.07417150e+09 1.07417154e+09 1.07417158e+09 1.07417163e+09
 1.07417167e+09 1.07417171e+09 1.07417175e+09 1.07417179e+09
 1.07417184e+09 1.07417188e+09 1.07417192e+09 1.07417196e+09
 1.07417200e+09 1.07417205e+09 1.07417209e+09 1.07417213e+09
 1.07417217e+09 1.07417222e+09 1.07417226e+09 1.07417230e+09
 1.07417234e+09 1.07417238e+09 1.07417243e+09 1.07417247e+09
 1.07417251e+09 1.07417255e+09 1.07417259e+09 1.07417264e+09
 1.07417268e+09 1.07417272e+09 1.07417276e+09 1.07417280e+09
 1.07417285e+09 1.07417289e+09 1.07417293e+09 1.07417297e+09
 1.07417301e+09 1.07417306e+09 1.07417310e+09 1.07417314e+09
 1.07417318e+09 1.07417323e+09 1.07417327e+09 1.07417331e+09
 1.07417335e+09 1.07417339e+09 1.07417344e+09 1.07417348e+09
 1.07417352e+09 1.07417356e+09 1.07417360e+09 1.07417365e+09
 1.07417369e+09 1.07417373e+09 1.07417377e+09 1.07417381e+09
 1.07417386e+09 1.07417390e+09 1.07417394e+09 1.07417398e+09
 1.07417403e+09 1.07417407e+09 1.07417411e+09 1.07417415e+09
 1.07417419e+09 1.07417424e+09 1.07417428e+09 1.07417432e+09
 1.07417436e+09 1.07417440e+09 1.07417445e+09 1.07417449e+09
 1.07417453e+09 1.07417457e+09 1.07417461e+09 1.07417466e+09
 1.07417470e+09 1.07417474e+09 1.07417478e+09 1.07417482e+09
 1.07417487e+09 1.07417491e+09 1.07417495e+09 1.07417499e+09
 1.07417504e+09 1.07417508e+09 1.07417512e+09 1.07417516e+09
 1.07417520e+09 1.07417525e+09 1.07417529e+09 1.07417533e+09
 1.07417537e+09 1.07417541e+09 1.07417546e+09 1.07417550e+09
 1.07417554e+09 1.07417558e+09 1.07417562e+09 1.07417567e+09
 1.07417571e+09 1.07417575e+09 1.07417579e+09 1.07417583e+09
 1.07417588e+09 1.07417592e+09 1.07417596e+09 1.07417600e+09
 1.07417605e+09 1.07417609e+09 1.07417613e+09 1.07417617e+09
 1.07417621e+09 1.07417626e+09 1.07417630e+09 1.07417634e+09
 1.07417638e+09 1.07417642e+09 1.07417647e+09 1.07417651e+09
 1.07417655e+09 1.07417659e+09 1.07417663e+09 1.07417668e+09
 1.07417672e+09 1.07417676e+09 1.07417680e+09 1.07417685e+09
 1.07417689e+09 1.07417693e+09 1.07417697e+09 1.07417701e+09
 1.07417706e+09 1.07417710e+09 1.07417714e+09 1.07417718e+09
 1.07417722e+09 1.07417727e+09 1.07417731e+09 1.07417735e+09
 1.07417739e+09 1.07417743e+09 1.07417748e+09 1.07417752e+09
 1.07417756e+09 1.07417760e+09 1.07417764e+09 1.07417769e+09
 1.07417773e+09 1.07417777e+09 1.07417781e+09 1.07417786e+09
 1.07417790e+09 1.07417794e+09 1.07417798e+09 1.07417802e+09
 1.07417807e+09 1.07417811e+09 1.07417815e+09 1.07417819e+09
 1.07417823e+09 1.07417828e+09 1.07417832e+09 1.07417836e+09
 1.07417840e+09 1.07417844e+09 1.07417849e+09 1.07417853e+09
 1.07417857e+09 1.07417861e+09 1.07417865e+09 1.07417870e+09
 1.07417874e+09 1.07417878e+09 1.07417882e+09 1.07417887e+09
 1.07417891e+09 1.07417895e+09 1.07417899e+09 1.07417903e+09
 1.07417908e+09 1.07417912e+09 1.07417916e+09 1.07417920e+09
 1.07417924e+09 1.07417929e+09 1.07417933e+09 1.07417937e+09
 1.07417941e+09 1.07417945e+09 1.07417950e+09 1.07417954e+09
 1.07417958e+09 1.07417962e+09 1.07417966e+09 1.07417971e+09
 1.07417975e+09 1.07417979e+09 1.07417983e+09 1.07417988e+09
 1.07417992e+09 1.07417996e+09 1.07418000e+09 1.07418004e+09
 1.07418009e+09 1.07418013e+09 1.07418017e+09 1.07418021e+09
 1.07418025e+09 1.07418030e+09 1.07418034e+09 1.07418038e+09
 1.07418042e+09 1.07418046e+09 1.07418051e+09 1.07418055e+09
 1.07418059e+09 1.07418063e+09 1.07418068e+09 1.07418072e+09
 1.07418076e+09 1.07418080e+09 1.07418084e+09 1.07418089e+09
 1.07418093e+09 1.07418097e+09 1.07418101e+09 1.07418105e+09
 1.07418110e+09 1.07418114e+09 1.07418118e+09 1.07418122e+09
 1.07418126e+09 1.07418131e+09 1.07418135e+09 1.07418139e+09
 1.07418143e+09 1.07418147e+09 1.07418152e+09 1.07418156e+09
 1.07418160e+09 1.07418164e+09 1.07418169e+09 1.07418173e+09
 1.07418177e+09 1.07418181e+09 1.07418185e+09 1.07418190e+09
 1.07418194e+09 1.07418198e+09 1.07418202e+09 1.07418206e+09
 1.07418211e+09 1.07418215e+09 1.07418219e+09 1.07418223e+09
 1.07418227e+09 1.07418232e+09 1.07418236e+09 1.07418240e+09
 1.07418244e+09 1.07418248e+09 1.07418253e+09 1.07418257e+09
 1.07418261e+09 1.07418265e+09 1.07418270e+09 1.07418274e+09
 1.07418278e+09 1.07418282e+09 1.07418286e+09 1.07418291e+09
 1.07418295e+09 1.07418299e+09 1.07418303e+09 1.07418307e+09
 1.07418312e+09 1.07418316e+09 1.07418320e+09 1.07418324e+09
 1.07418328e+09 1.07418333e+09 1.07418337e+09 1.07418341e+09
 1.07418345e+09 1.07418350e+09 1.07418354e+09 1.07418358e+09
 1.07418362e+09 1.07418366e+09 1.07418371e+09 1.07418375e+09
 1.07418379e+09 1.07418383e+09 1.07418387e+09 1.07418392e+09
 1.07418396e+09 1.07418400e+09 1.07418404e+09 1.07418408e+09
 1.07418413e+09 1.07418417e+09 1.07418421e+09 1.07418425e+09
 1.07418429e+09 1.07418434e+09 1.07418438e+09 1.07418442e+09
 1.07418446e+09 1.07418451e+09 1.07418455e+09 1.07418459e+09
 1.07418463e+09 1.07418467e+09 1.07418472e+09 1.07418476e+09
 1.07418480e+09 1.07418484e+09 1.07418488e+09 1.07418493e+09
 1.07418497e+09 1.07418501e+09 1.07418505e+09 1.07418509e+09
 1.07418514e+09 1.07418518e+09 1.07418522e+09 1.07418526e+09
 1.07418530e+09 1.07418535e+09 1.07418539e+09 1.07418543e+09
 1.07418547e+09 1.07418552e+09 1.07418556e+09 1.07418560e+09
 1.07418564e+09 1.07418568e+09 1.07418573e+09 1.07418577e+09
 1.07418581e+09 1.07418585e+09 1.07418589e+09 1.07418594e+09
 1.07418598e+09 1.07418602e+09 1.07418606e+09 1.07418610e+09
 1.07418615e+09 1.07418619e+09 1.07418623e+09 1.07418627e+09
 1.07418632e+09 1.07418636e+09 1.07418640e+09 1.07418644e+09
 1.07418648e+09 1.07418653e+09 1.07418657e+09 1.07418661e+09
 1.07418665e+09 1.07418669e+09 1.07418674e+09 1.07418678e+09
 1.07418682e+09 1.07418686e+09 1.07418690e+09 1.07418695e+09
 1.07418699e+09 1.07418703e+09 1.07418707e+09 1.07418711e+09
 1.07418716e+09 1.07418720e+09 1.07418724e+09 1.07418728e+09
 1.07418733e+09 1.07418737e+09 1.07418741e+09 1.07418745e+09
 1.07418749e+09 1.07418754e+09 1.07418758e+09 1.07418762e+09
 1.07418766e+09 1.07418770e+09 1.07418775e+09 1.07418779e+09
 1.07418783e+09 1.07418787e+09 1.07418791e+09 1.07418796e+09
 1.07418800e+09 1.07418804e+09 1.07418808e+09 1.07418812e+09
 1.07418817e+09 1.07418821e+09 1.07418825e+09 1.07418829e+09
 1.07418834e+09 1.07418838e+09 1.07418842e+09 1.07418846e+09
 1.07418850e+09 1.07418855e+09 1.07418859e+09 1.07418863e+09
 1.07418867e+09 1.07418871e+09 1.07418876e+09 1.07418880e+09
 1.07418884e+09 1.07418888e+09 1.07418892e+09 1.07418897e+09
 1.07418901e+09 1.07418905e+09 1.07418909e+09 1.07418913e+09
 1.07418918e+09 1.07418922e+09 1.07418926e+09 1.07418930e+09
 1.07418935e+09 1.07418939e+09 1.07418943e+09 1.07418947e+09
 1.07418951e+09 1.07418956e+09 1.07418960e+09 1.07418964e+09
 1.07418968e+09 1.07418972e+09 1.07418977e+09 1.07418981e+09
 1.07418985e+09 1.07418989e+09 1.07418993e+09 1.07418998e+09
 1.07419002e+09 1.07419006e+09 1.07419010e+09 1.07419015e+09
 1.07419019e+09 1.07419023e+09 1.07419027e+09 1.07419031e+09
 1.07419036e+09 1.07419040e+09 1.07419044e+09 1.07419048e+09
 1.07419052e+09 1.07419057e+09 1.07419061e+09 1.07419065e+09]
