name =JUICE_ROI_GAN_4_5_06
flyby = ['2034 NOV 18 09:58:51', '2034 NOV 19 09:58:51']
Observation TW = <SpiceCell dtype = 1, length = 0, size = 3400, card = 14, is_set = 1, adjust = 0, init = 1, base = 94191841846400, data = 94191841846448>
Res(t) = [0.97257518 0.97143363 0.97029179 0.96914968 0.9680073  0.96686466
 0.96572175 0.96457858 0.96343517 0.9622915  0.96114759 0.96000344
 0.95885906 0.95771444 0.9565696  0.95542455 0.95427927 0.95313379
 0.9519881  0.95084222 0.94969613 0.94854986 0.94740341 0.94625678
 0.94510997 0.94396299 0.94281586 0.94166856 0.94052112 0.93937353
 0.9382258  0.93707793 0.93592994 0.93478183 0.9336336  0.93248525
 0.93133681 0.93018827 0.92903963 0.92789091 0.92674211 0.92559323
 0.92444429 0.92329529 0.92214624 0.92099713 0.91984799 0.91869881
 0.91754961 0.91640038 0.91525114 0.91410189 0.91295264 0.9118034
 0.91065417 0.90950497 0.90835579 0.90720664 0.90605754 0.90490849
 0.90375949 0.90261056 0.9014617  0.90031292 0.89916422 0.89801562
 0.89686712 0.89571873 0.89457046 0.89342231 0.89227429 0.89112641
 0.88997869 0.88883111 0.8876837  0.88653647 0.88538941 0.88424254
 0.88309587 0.8819494  0.88080314 0.87965711 0.8785113  0.87736573
 0.87622041 0.87507534 0.87393054 0.87278601 0.87164175 0.87049779
 0.86935413 0.86821077 0.86706772 0.865925   0.86478261 0.86364057
 0.86249887 0.86135753 0.86021656 0.85907597 0.85793577 0.85679596
 0.85565656 0.85451756 0.853379   0.85224086 0.85110317 0.84996593
 0.84882915 0.84769284 0.84655701 0.84542166 0.84428682 0.84315248
 0.84201866 0.84088537 0.83975262 0.83862041 0.83748875 0.83635767
 0.83522716 0.83409723 0.8329679  0.83183917 0.83071106 0.82958358
 0.82845673 0.82733052 0.82620497 0.82508009 0.82395588 0.82283235
 0.82170952 0.8205874  0.81946599 0.8183453  0.81722536 0.81610615
 0.81498771 0.81387003 0.81275313 0.81163702 0.8105217  0.80940719
 0.8082935  0.80718064 0.80606862 0.80495745 0.80384713 0.80273769
 0.80162913 0.80052147 0.7994147  0.79830885 0.79720392 0.79609992
 0.79499687 0.79389478 0.79279365 0.79169349 0.79059433 0.78949616
 0.788399   0.78730286 0.78620775 0.78511368 0.78402066 0.78292871
 0.78183783 0.78074803 0.77965932 0.77857172 0.77748524 0.77639988
 0.77531567 0.7742326  0.77315068 0.77206994 0.77099038 0.76991201
 0.76883485 0.7677589  0.76668417 0.76561067 0.76453843 0.76346743
 0.76239771 0.76132927 0.76026211 0.75919626 0.75813171 0.75706849
 0.7560066  0.75494605 0.75388686 0.75282903 0.75177258 0.75071751
 0.74966385 0.74861159 0.74756075 0.74651134 0.74546337 0.74441685
 0.74337179 0.74232821 0.74128611 0.74024551 0.73920641 0.73816883
 0.73713277 0.73609825 0.73506528 0.73403387 0.73300403 0.73197577
 0.7309491  0.72992403 0.72890057 0.72787873 0.72685853 0.72583997
 0.72482307 0.72380783 0.72279426 0.72178239 0.7207722  0.71976373
 0.71875697 0.71775194 0.71674865 0.7157471  0.71474732 0.7137493
 0.71275306 0.71175861 0.71076596 0.70977513 0.70878611 0.70779892
 0.70681357 0.70583008 0.70484844 0.70386868 0.7028908  0.7019148
 0.70094071 0.69996853 0.69899828 0.69802995 0.69706356 0.69609913
 0.69513665 0.69417615 0.69321762 0.69226109 0.69130655 0.69035403
 0.68940352 0.68845504 0.6875086  0.68656421 0.68562188 0.68468161
 0.68374342 0.68280731 0.6818733  0.6809414  0.6800116  0.67908394
 0.6781584  0.67723501 0.67631376 0.67539468 0.67447776 0.67356303
 0.67265048 0.67174012 0.67083198 0.66992604 0.66902233 0.66812085
 0.66722161 0.66632462 0.66542989 0.66453742 0.66364723 0.66275933
 0.66187371 0.6609904  0.66010939 0.65923071 0.65835435 0.65748032
 0.65660864 0.6557393  0.65487233 0.65400772 0.65314549 0.65228564
 0.65142818 0.65057313 0.64972048 0.64887024 0.64802243 0.64717704
 0.6463341  0.6454936  0.64465555 0.64381997 0.64298685 0.64215621
 0.64132806 0.64050239 0.63967923 0.63885856 0.63804042 0.63722479
 0.63641169 0.63560112 0.63479309 0.63398761 0.63318469 0.63238433
 0.63158654 0.63079132 0.62999869 0.62920864 0.62842119 0.62763635
 0.62685411 0.62607448 0.62529748 0.62452311 0.62375137 0.62298227
 0.62221582 0.62145202 0.62069088 0.6199324  0.6191766  0.61842347
 0.61767303 0.61692527 0.61618021 0.61543785 0.6146982  0.61396125
 0.61322703 0.61249552 0.61176674 0.6110407  0.6103174  0.60959684
 0.60887902 0.60816397 0.60745167 0.60674214 0.60603537 0.60533138
 0.60463017 0.60393175 0.60323611 0.60254327 0.60185322 0.60116598
 0.60048154 0.59979992 0.59912111 0.59844513 0.59777197 0.59710164
 0.59643414 0.59576948 0.59510766 0.59444869 0.59379256 0.59313929
 0.59248888 0.59184133 0.59119665 0.59055483 0.58991589 0.58927982
 0.58864664 0.58801633 0.58738891 0.58676439 0.58614275 0.58552401
 0.58490818 0.58429524 0.58368521 0.58307809 0.58247388 0.58187259
 0.58127421 0.58067875 0.58008622 0.57949661 0.57890993 0.57832619
 0.57774537 0.57716749 0.57659255 0.57602056 0.5754515  0.57488539
 0.57432223 0.57376201 0.57320475 0.57265044 0.57209909 0.57155069
 0.57100526 0.57046278 0.56992327 0.56938672 0.56885314 0.56832253
 0.56779489 0.56727021 0.56674851 0.56622978 0.56571403 0.56520126
 0.56469146 0.56418464 0.56368079 0.56317993 0.56268205 0.56218716
 0.56169524 0.56120632 0.56072037 0.56023741 0.55975744 0.55928045
 0.55880646 0.55833544 0.55786742 0.55740239 0.55694035 0.55648129
 0.55602523 0.55557215 0.55512206 0.55467497 0.55423086 0.55378975
 0.55335162 0.55291649 0.55248434 0.55205518 0.55162902 0.55120584
 0.55078565 0.55036844 0.54995423 0.549543   0.54913476 0.5487295
 0.54832723 0.54792795 0.54753165 0.54713833 0.54674799 0.54636064
 0.54597626 0.54559486 0.54521645 0.544841   0.54446854 0.54409905
 0.54373253 0.54336899 0.54300841 0.54265081 0.54229617 0.54194451
 0.5415958  0.54125006 0.54090728 0.54056747 0.54023061 0.5398967
 0.53956576 0.53923777 0.53891272 0.53859063 0.53827149 0.53795529
 0.53764204 0.53733172 0.53702435 0.53671991 0.53641841 0.53611985
 0.53582421 0.5355315  0.53524172 0.53495486 0.53467092 0.5343899
 0.5341118  0.53383661 0.53356433 0.53329496 0.5330285  0.53276494
 0.53250428 0.53224652 0.53199165 0.53173967 0.53149059 0.53124439
 0.53100107 0.53076063 0.53052307 0.53028838 0.53005657 0.52982762
 0.52960153 0.52937831 0.52915795 0.52894044 0.52872578 0.52851397
 0.52830501 0.52809888 0.5278956  0.52769515 0.52749752 0.52730273
 0.52711076 0.52692161 0.52673528 0.52655176 0.52637105 0.52619314
 0.52601804 0.52584573 0.52567622 0.5255095  0.52534557 0.52518441
 0.52502604 0.52487044 0.52471761 0.52456754 0.52442024 0.5242757
 0.52413391 0.52399488 0.52385858 0.52372503 0.52359422 0.52346614
 0.52334079 0.52321817 0.52309826 0.52298107 0.5228666  0.52275483
 0.52264576 0.52253939 0.52243572 0.52233473 0.52223643 0.52214082
 0.52204787 0.5219576  0.52187    0.52178506 0.52170278 0.52162314
 0.52154616 0.52147182 0.52140012 0.52133106 0.52126462 0.52120081
 0.52113962 0.52108105 0.52102508 0.52097172 0.52092096 0.5208728
 0.52082723 0.52078424 0.52074383 0.520706   0.52067074 0.52063805
 0.52060792 0.52058035 0.52055532 0.52053284 0.52051291 0.5204955
 0.52048063 0.52046829 0.52045846 0.52045116 0.52044636 0.52044406
 0.52044427 0.52044697 0.52045217 0.52045984 0.52047    0.52048263
 0.52049772 0.52051529 0.52053531 0.52055778 0.5205827  0.52061006
 0.52063986 0.5206721  0.52070676 0.52074384 0.52078333 0.52082524
 0.52086955 0.52091626 0.52096537 0.52101686 0.52107074 0.521127
 0.52118563 0.52124663 0.52130999 0.52137571 0.52144378 0.52151419
 0.52158694 0.52166203 0.52173945 0.52181919 0.52190126 0.52198563
 0.52207231 0.5221613  0.52225258 0.52234615 0.52244201 0.52254015
 0.52264056 0.52274324 0.52284819 0.5229554  0.52306485 0.52317656
 0.52329051 0.52340669 0.5235251  0.52364574 0.5237686  0.52389368
 0.52402096 0.52415045 0.52428213 0.52441601 0.52455207 0.52469031
 0.52483073 0.52497332 0.52511808 0.52526499 0.52541406 0.52556528
 0.52571864 0.52587413 0.52603176 0.52619152 0.52635339 0.52651738
 0.52668348 0.52685169 0.52702199 0.52719439 0.52736887 0.52754544
 0.52772409 0.5279048  0.52808759 0.52827243 0.52845933 0.52864828
 0.52883927 0.5290323  0.52922736 0.52942446 0.52962357 0.52982471
 0.53002785 0.530233   0.53044015 0.5306493  0.53086044 0.53107356
 0.53128867 0.53150574 0.53172479 0.5319458  0.53216877 0.53239369
 0.53262056 0.53284937 0.53308011 0.53331279 0.5335474  0.53378392
 0.53402237 0.53426272 0.53450498 0.53474914 0.53499519 0.53524313
 0.53549296 0.53574467 0.53599825 0.5362537  0.53651101 0.53677018
 0.5370312  0.53729408 0.53755879 0.53782535 0.53809373 0.53836395
 0.53863598 0.53890984 0.5391855  0.53946298 0.53974225 0.54002333
 0.54030619 0.54059084 0.54087728 0.54116549 0.54145548 0.54174723
 0.54204074 0.54233601 0.54263304 0.54293181 0.54323232 0.54353457
 0.54383856 0.54414427 0.54445171 0.54476086 0.54507173 0.54538431
 0.54569859 0.54601457 0.54633224 0.54665161 0.54697265 0.54729538
 0.54761979 0.54794586 0.5482736  0.548603   0.54893406 0.54926677
 0.54960113 0.54993713 0.55027477 0.55061405 0.55095495 0.55129747
 0.55164162 0.55198738 0.55233475 0.55268373 0.55303431 0.55338649
 0.55374026 0.55409563 0.55445257 0.55481109 0.55517119 0.55553286
 0.5558961  0.5562609  0.55662726 0.55699517 0.55736463 0.55773563
 0.55810818 0.55848226 0.55885788 0.55923502 0.55961369 0.55999388
 0.56037558 0.56075879 0.56114351 0.56152974 0.56191746 0.56230668
 0.56269739 0.56308959 0.56348327 0.56387842 0.56427506 0.56467316
 0.56507273 0.56547377 0.56587626 0.56628021 0.56668561 0.56709245
 0.56750074 0.56791047 0.56832164 0.56873424 0.56914826 0.56956371
 0.56998058 0.57039887 0.57081857 0.57123969 0.5716622  0.57208612
 0.57251144 0.57293815 0.57336626 0.57379575 0.57422663 0.57465888
 0.57509252 0.57552752 0.5759639  0.57640164 0.57684075 0.57728122
 0.57772304 0.57816622 0.57861074 0.57905661 0.57950383 0.57995238
 0.58040227 0.58085349 0.58130604 0.58175992 0.58221512 0.58267164
 0.58312948 0.58358863 0.58404909 0.58451085 0.58497392 0.5854383
 0.58590396 0.58637093 0.58683918 0.58730872 0.58777955 0.58825166
 0.58872505 0.58919972 0.58967566 0.59015287 0.59063135 0.59111109
 0.5915921  0.59207436 0.59255788 0.59304265 0.59352867 0.59401594
 0.59450446 0.59499422 0.59548521 0.59597745 0.59647092 0.59696561
 0.59746154 0.5979587  0.59845707 0.59895667 0.59945749 0.59995952
 0.60046277 0.60096722 0.60147289 0.60197976 0.60248783 0.6029971
 0.60350757 0.60401924 0.6045321  0.60504615 0.60556139 0.60607782
 0.60659543 0.60711423 0.6076342  0.60815535 0.60867767 0.60920117
 0.60972584 0.61025168 0.61077868 0.61130685 0.61183618 0.61236666
 0.61289831 0.61343111 0.61396507 0.61450018 0.61503643 0.61557384
 0.61611239 0.61665208 0.61719292 0.61773489 0.618278   0.61882225
 0.61936764 0.61991415 0.6204618  0.62101057 0.62156047 0.6221115
 0.62266365 0.62321692 0.62377131 0.62432682 0.62488344 0.62544118
 0.62600003 0.62656    0.62712107 0.62768325 0.62824654 0.62881094
 0.62937643 0.62994303 0.63051073 0.63107953 0.63164943 0.63222042
 0.63279251 0.63336569 0.63393997 0.63451533 0.63509179 0.63566933
 0.63624795 0.63682767 0.63740847 0.63799035 0.63857331 0.63915735
 0.63974247 0.64032867 0.64091595 0.6415043  0.64209372 0.64268422
 0.64327579 0.64386844 0.64446215 0.64505693 0.64565278 0.6462497
 0.64684768 0.64744673 0.64804684 0.64864802 0.64925025 0.64985355
 0.65045791 0.65106333 0.65166981 0.65227734 0.65288594 0.65349559
 0.65410629 0.65471805 0.65533087 0.65594473 0.65655965 0.65717563
 0.65779265 0.65841072 0.65902985 0.65965002 0.66027124 0.66089351
 0.66151683 0.6621412  0.66276661 0.66339307]
t = [1.10072880e+09 1.10072889e+09 1.10072897e+09 1.10072906e+09
 1.10072915e+09 1.10072923e+09 1.10072932e+09 1.10072941e+09
 1.10072949e+09 1.10072958e+09 1.10072967e+09 1.10072975e+09
 1.10072984e+09 1.10072992e+09 1.10073001e+09 1.10073010e+09
 1.10073018e+09 1.10073027e+09 1.10073036e+09 1.10073044e+09
 1.10073053e+09 1.10073062e+09 1.10073070e+09 1.10073079e+09
 1.10073088e+09 1.10073096e+09 1.10073105e+09 1.10073114e+09
 1.10073122e+09 1.10073131e+09 1.10073139e+09 1.10073148e+09
 1.10073157e+09 1.10073165e+09 1.10073174e+09 1.10073183e+09
 1.10073191e+09 1.10073200e+09 1.10073209e+09 1.10073217e+09
 1.10073226e+09 1.10073235e+09 1.10073243e+09 1.10073252e+09
 1.10073261e+09 1.10073269e+09 1.10073278e+09 1.10073287e+09
 1.10073295e+09 1.10073304e+09 1.10073312e+09 1.10073321e+09
 1.10073330e+09 1.10073338e+09 1.10073347e+09 1.10073356e+09
 1.10073364e+09 1.10073373e+09 1.10073382e+09 1.10073390e+09
 1.10073399e+09 1.10073408e+09 1.10073416e+09 1.10073425e+09
 1.10073434e+09 1.10073442e+09 1.10073451e+09 1.10073459e+09
 1.10073468e+09 1.10073477e+09 1.10073485e+09 1.10073494e+09
 1.10073503e+09 1.10073511e+09 1.10073520e+09 1.10073529e+09
 1.10073537e+09 1.10073546e+09 1.10073555e+09 1.10073563e+09
 1.10073572e+09 1.10073581e+09 1.10073589e+09 1.10073598e+09
 1.10073607e+09 1.10073615e+09 1.10073624e+09 1.10073632e+09
 1.10073641e+09 1.10073650e+09 1.10073658e+09 1.10073667e+09
 1.10073676e+09 1.10073684e+09 1.10073693e+09 1.10073702e+09
 1.10073710e+09 1.10073719e+09 1.10073728e+09 1.10073736e+09
 1.10073745e+09 1.10073754e+09 1.10073762e+09 1.10073771e+09
 1.10073779e+09 1.10073788e+09 1.10073797e+09 1.10073805e+09
 1.10073814e+09 1.10073823e+09 1.10073831e+09 1.10073840e+09
 1.10073849e+09 1.10073857e+09 1.10073866e+09 1.10073875e+09
 1.10073883e+09 1.10073892e+09 1.10073901e+09 1.10073909e+09
 1.10073918e+09 1.10073927e+09 1.10073935e+09 1.10073944e+09
 1.10073952e+09 1.10073961e+09 1.10073970e+09 1.10073978e+09
 1.10073987e+09 1.10073996e+09 1.10074004e+09 1.10074013e+09
 1.10074022e+09 1.10074030e+09 1.10074039e+09 1.10074048e+09
 1.10074056e+09 1.10074065e+09 1.10074074e+09 1.10074082e+09
 1.10074091e+09 1.10074099e+09 1.10074108e+09 1.10074117e+09
 1.10074125e+09 1.10074134e+09 1.10074143e+09 1.10074151e+09
 1.10074160e+09 1.10074169e+09 1.10074177e+09 1.10074186e+09
 1.10074195e+09 1.10074203e+09 1.10074212e+09 1.10074221e+09
 1.10074229e+09 1.10074238e+09 1.10074247e+09 1.10074255e+09
 1.10074264e+09 1.10074272e+09 1.10074281e+09 1.10074290e+09
 1.10074298e+09 1.10074307e+09 1.10074316e+09 1.10074324e+09
 1.10074333e+09 1.10074342e+09 1.10074350e+09 1.10074359e+09
 1.10074368e+09 1.10074376e+09 1.10074385e+09 1.10074394e+09
 1.10074402e+09 1.10074411e+09 1.10074419e+09 1.10074428e+09
 1.10074437e+09 1.10074445e+09 1.10074454e+09 1.10074463e+09
 1.10074471e+09 1.10074480e+09 1.10074489e+09 1.10074497e+09
 1.10074506e+09 1.10074515e+09 1.10074523e+09 1.10074532e+09
 1.10074541e+09 1.10074549e+09 1.10074558e+09 1.10074567e+09
 1.10074575e+09 1.10074584e+09 1.10074592e+09 1.10074601e+09
 1.10074610e+09 1.10074618e+09 1.10074627e+09 1.10074636e+09
 1.10074644e+09 1.10074653e+09 1.10074662e+09 1.10074670e+09
 1.10074679e+09 1.10074688e+09 1.10074696e+09 1.10074705e+09
 1.10074714e+09 1.10074722e+09 1.10074731e+09 1.10074739e+09
 1.10074748e+09 1.10074757e+09 1.10074765e+09 1.10074774e+09
 1.10074783e+09 1.10074791e+09 1.10074800e+09 1.10074809e+09
 1.10074817e+09 1.10074826e+09 1.10074835e+09 1.10074843e+09
 1.10074852e+09 1.10074861e+09 1.10074869e+09 1.10074878e+09
 1.10074887e+09 1.10074895e+09 1.10074904e+09 1.10074912e+09
 1.10074921e+09 1.10074930e+09 1.10074938e+09 1.10074947e+09
 1.10074956e+09 1.10074964e+09 1.10074973e+09 1.10074982e+09
 1.10074990e+09 1.10074999e+09 1.10075008e+09 1.10075016e+09
 1.10075025e+09 1.10075034e+09 1.10075042e+09 1.10075051e+09
 1.10075059e+09 1.10075068e+09 1.10075077e+09 1.10075085e+09
 1.10075094e+09 1.10075103e+09 1.10075111e+09 1.10075120e+09
 1.10075129e+09 1.10075137e+09 1.10075146e+09 1.10075155e+09
 1.10075163e+09 1.10075172e+09 1.10075181e+09 1.10075189e+09
 1.10075198e+09 1.10075207e+09 1.10075215e+09 1.10075224e+09
 1.10075232e+09 1.10075241e+09 1.10075250e+09 1.10075258e+09
 1.10075267e+09 1.10075276e+09 1.10075284e+09 1.10075293e+09
 1.10075302e+09 1.10075310e+09 1.10075319e+09 1.10075328e+09
 1.10075336e+09 1.10075345e+09 1.10075354e+09 1.10075362e+09
 1.10075371e+09 1.10075379e+09 1.10075388e+09 1.10075397e+09
 1.10075405e+09 1.10075414e+09 1.10075423e+09 1.10075431e+09
 1.10075440e+09 1.10075449e+09 1.10075457e+09 1.10075466e+09
 1.10075475e+09 1.10075483e+09 1.10075492e+09 1.10075501e+09
 1.10075509e+09 1.10075518e+09 1.10075527e+09 1.10075535e+09
 1.10075544e+09 1.10075552e+09 1.10075561e+09 1.10075570e+09
 1.10075578e+09 1.10075587e+09 1.10075596e+09 1.10075604e+09
 1.10075613e+09 1.10075622e+09 1.10075630e+09 1.10075639e+09
 1.10075648e+09 1.10075656e+09 1.10075665e+09 1.10075674e+09
 1.10075682e+09 1.10075691e+09 1.10075699e+09 1.10075708e+09
 1.10075717e+09 1.10075725e+09 1.10075734e+09 1.10075743e+09
 1.10075751e+09 1.10075760e+09 1.10075769e+09 1.10075777e+09
 1.10075786e+09 1.10075795e+09 1.10075803e+09 1.10075812e+09
 1.10075821e+09 1.10075829e+09 1.10075838e+09 1.10075847e+09
 1.10075855e+09 1.10075864e+09 1.10075872e+09 1.10075881e+09
 1.10075890e+09 1.10075898e+09 1.10075907e+09 1.10075916e+09
 1.10075924e+09 1.10075933e+09 1.10075942e+09 1.10075950e+09
 1.10075959e+09 1.10075968e+09 1.10075976e+09 1.10075985e+09
 1.10075994e+09 1.10076002e+09 1.10076011e+09 1.10076019e+09
 1.10076028e+09 1.10076037e+09 1.10076045e+09 1.10076054e+09
 1.10076063e+09 1.10076071e+09 1.10076080e+09 1.10076089e+09
 1.10076097e+09 1.10076106e+09 1.10076115e+09 1.10076123e+09
 1.10076132e+09 1.10076141e+09 1.10076149e+09 1.10076158e+09
 1.10076167e+09 1.10076175e+09 1.10076184e+09 1.10076192e+09
 1.10076201e+09 1.10076210e+09 1.10076218e+09 1.10076227e+09
 1.10076236e+09 1.10076244e+09 1.10076253e+09 1.10076262e+09
 1.10076270e+09 1.10076279e+09 1.10076288e+09 1.10076296e+09
 1.10076305e+09 1.10076314e+09 1.10076322e+09 1.10076331e+09
 1.10076339e+09 1.10076348e+09 1.10076357e+09 1.10076365e+09
 1.10076374e+09 1.10076383e+09 1.10076391e+09 1.10076400e+09
 1.10076409e+09 1.10076417e+09 1.10076426e+09 1.10076435e+09
 1.10076443e+09 1.10076452e+09 1.10076461e+09 1.10076469e+09
 1.10076478e+09 1.10076487e+09 1.10076495e+09 1.10076504e+09
 1.10076512e+09 1.10076521e+09 1.10076530e+09 1.10076538e+09
 1.10076547e+09 1.10076556e+09 1.10076564e+09 1.10076573e+09
 1.10076582e+09 1.10076590e+09 1.10076599e+09 1.10076608e+09
 1.10076616e+09 1.10076625e+09 1.10076634e+09 1.10076642e+09
 1.10076651e+09 1.10076659e+09 1.10076668e+09 1.10076677e+09
 1.10076685e+09 1.10076694e+09 1.10076703e+09 1.10076711e+09
 1.10076720e+09 1.10076729e+09 1.10076737e+09 1.10076746e+09
 1.10076755e+09 1.10076763e+09 1.10076772e+09 1.10076781e+09
 1.10076789e+09 1.10076798e+09 1.10076807e+09 1.10076815e+09
 1.10076824e+09 1.10076832e+09 1.10076841e+09 1.10076850e+09
 1.10076858e+09 1.10076867e+09 1.10076876e+09 1.10076884e+09
 1.10076893e+09 1.10076902e+09 1.10076910e+09 1.10076919e+09
 1.10076928e+09 1.10076936e+09 1.10076945e+09 1.10076954e+09
 1.10076962e+09 1.10076971e+09 1.10076979e+09 1.10076988e+09
 1.10076997e+09 1.10077005e+09 1.10077014e+09 1.10077023e+09
 1.10077031e+09 1.10077040e+09 1.10077049e+09 1.10077057e+09
 1.10077066e+09 1.10077075e+09 1.10077083e+09 1.10077092e+09
 1.10077101e+09 1.10077109e+09 1.10077118e+09 1.10077127e+09
 1.10077135e+09 1.10077144e+09 1.10077152e+09 1.10077161e+09
 1.10077170e+09 1.10077178e+09 1.10077187e+09 1.10077196e+09
 1.10077204e+09 1.10077213e+09 1.10077222e+09 1.10077230e+09
 1.10077239e+09 1.10077248e+09 1.10077256e+09 1.10077265e+09
 1.10077274e+09 1.10077282e+09 1.10077291e+09 1.10077299e+09
 1.10077308e+09 1.10077317e+09 1.10077325e+09 1.10077334e+09
 1.10077343e+09 1.10077351e+09 1.10077360e+09 1.10077369e+09
 1.10077377e+09 1.10077386e+09 1.10077395e+09 1.10077403e+09
 1.10077412e+09 1.10077421e+09 1.10077429e+09 1.10077438e+09
 1.10077447e+09 1.10077455e+09 1.10077464e+09 1.10077472e+09
 1.10077481e+09 1.10077490e+09 1.10077498e+09 1.10077507e+09
 1.10077516e+09 1.10077524e+09 1.10077533e+09 1.10077542e+09
 1.10077550e+09 1.10077559e+09 1.10077568e+09 1.10077576e+09
 1.10077585e+09 1.10077594e+09 1.10077602e+09 1.10077611e+09
 1.10077619e+09 1.10077628e+09 1.10077637e+09 1.10077645e+09
 1.10077654e+09 1.10077663e+09 1.10077671e+09 1.10077680e+09
 1.10077689e+09 1.10077697e+09 1.10077706e+09 1.10077715e+09
 1.10077723e+09 1.10077732e+09 1.10077741e+09 1.10077749e+09
 1.10077758e+09 1.10077767e+09 1.10077775e+09 1.10077784e+09
 1.10077792e+09 1.10077801e+09 1.10077810e+09 1.10077818e+09
 1.10077827e+09 1.10077836e+09 1.10077844e+09 1.10077853e+09
 1.10077862e+09 1.10077870e+09 1.10077879e+09 1.10077888e+09
 1.10077896e+09 1.10077905e+09 1.10077914e+09 1.10077922e+09
 1.10077931e+09 1.10077939e+09 1.10077948e+09 1.10077957e+09
 1.10077965e+09 1.10077974e+09 1.10077983e+09 1.10077991e+09
 1.10078000e+09 1.10078009e+09 1.10078017e+09 1.10078026e+09
 1.10078035e+09 1.10078043e+09 1.10078052e+09 1.10078061e+09
 1.10078069e+09 1.10078078e+09 1.10078087e+09 1.10078095e+09
 1.10078104e+09 1.10078112e+09 1.10078121e+09 1.10078130e+09
 1.10078138e+09 1.10078147e+09 1.10078156e+09 1.10078164e+09
 1.10078173e+09 1.10078182e+09 1.10078190e+09 1.10078199e+09
 1.10078208e+09 1.10078216e+09 1.10078225e+09 1.10078234e+09
 1.10078242e+09 1.10078251e+09 1.10078259e+09 1.10078268e+09
 1.10078277e+09 1.10078285e+09 1.10078294e+09 1.10078303e+09
 1.10078311e+09 1.10078320e+09 1.10078329e+09 1.10078337e+09
 1.10078346e+09 1.10078355e+09 1.10078363e+09 1.10078372e+09
 1.10078381e+09 1.10078389e+09 1.10078398e+09 1.10078407e+09
 1.10078415e+09 1.10078424e+09 1.10078432e+09 1.10078441e+09
 1.10078450e+09 1.10078458e+09 1.10078467e+09 1.10078476e+09
 1.10078484e+09 1.10078493e+09 1.10078502e+09 1.10078510e+09
 1.10078519e+09 1.10078528e+09 1.10078536e+09 1.10078545e+09
 1.10078554e+09 1.10078562e+09 1.10078571e+09 1.10078579e+09
 1.10078588e+09 1.10078597e+09 1.10078605e+09 1.10078614e+09
 1.10078623e+09 1.10078631e+09 1.10078640e+09 1.10078649e+09
 1.10078657e+09 1.10078666e+09 1.10078675e+09 1.10078683e+09
 1.10078692e+09 1.10078701e+09 1.10078709e+09 1.10078718e+09
 1.10078727e+09 1.10078735e+09 1.10078744e+09 1.10078752e+09
 1.10078761e+09 1.10078770e+09 1.10078778e+09 1.10078787e+09
 1.10078796e+09 1.10078804e+09 1.10078813e+09 1.10078822e+09
 1.10078830e+09 1.10078839e+09 1.10078848e+09 1.10078856e+09
 1.10078865e+09 1.10078874e+09 1.10078882e+09 1.10078891e+09
 1.10078899e+09 1.10078908e+09 1.10078917e+09 1.10078925e+09
 1.10078934e+09 1.10078943e+09 1.10078951e+09 1.10078960e+09
 1.10078969e+09 1.10078977e+09 1.10078986e+09 1.10078995e+09
 1.10079003e+09 1.10079012e+09 1.10079021e+09 1.10079029e+09
 1.10079038e+09 1.10079047e+09 1.10079055e+09 1.10079064e+09
 1.10079072e+09 1.10079081e+09 1.10079090e+09 1.10079098e+09
 1.10079107e+09 1.10079116e+09 1.10079124e+09 1.10079133e+09
 1.10079142e+09 1.10079150e+09 1.10079159e+09 1.10079168e+09
 1.10079176e+09 1.10079185e+09 1.10079194e+09 1.10079202e+09
 1.10079211e+09 1.10079219e+09 1.10079228e+09 1.10079237e+09
 1.10079245e+09 1.10079254e+09 1.10079263e+09 1.10079271e+09
 1.10079280e+09 1.10079289e+09 1.10079297e+09 1.10079306e+09
 1.10079315e+09 1.10079323e+09 1.10079332e+09 1.10079341e+09
 1.10079349e+09 1.10079358e+09 1.10079367e+09 1.10079375e+09
 1.10079384e+09 1.10079392e+09 1.10079401e+09 1.10079410e+09
 1.10079418e+09 1.10079427e+09 1.10079436e+09 1.10079444e+09
 1.10079453e+09 1.10079462e+09 1.10079470e+09 1.10079479e+09
 1.10079488e+09 1.10079496e+09 1.10079505e+09 1.10079514e+09
 1.10079522e+09 1.10079531e+09 1.10079539e+09 1.10079548e+09
 1.10079557e+09 1.10079565e+09 1.10079574e+09 1.10079583e+09
 1.10079591e+09 1.10079600e+09 1.10079609e+09 1.10079617e+09
 1.10079626e+09 1.10079635e+09 1.10079643e+09 1.10079652e+09
 1.10079661e+09 1.10079669e+09 1.10079678e+09 1.10079687e+09
 1.10079695e+09 1.10079704e+09 1.10079712e+09 1.10079721e+09
 1.10079730e+09 1.10079738e+09 1.10079747e+09 1.10079756e+09
 1.10079764e+09 1.10079773e+09 1.10079782e+09 1.10079790e+09
 1.10079799e+09 1.10079808e+09 1.10079816e+09 1.10079825e+09
 1.10079834e+09 1.10079842e+09 1.10079851e+09 1.10079859e+09
 1.10079868e+09 1.10079877e+09 1.10079885e+09 1.10079894e+09
 1.10079903e+09 1.10079911e+09 1.10079920e+09 1.10079929e+09
 1.10079937e+09 1.10079946e+09 1.10079955e+09 1.10079963e+09
 1.10079972e+09 1.10079981e+09 1.10079989e+09 1.10079998e+09
 1.10080007e+09 1.10080015e+09 1.10080024e+09 1.10080032e+09
 1.10080041e+09 1.10080050e+09 1.10080058e+09 1.10080067e+09
 1.10080076e+09 1.10080084e+09 1.10080093e+09 1.10080102e+09
 1.10080110e+09 1.10080119e+09 1.10080128e+09 1.10080136e+09
 1.10080145e+09 1.10080154e+09 1.10080162e+09 1.10080171e+09
 1.10080179e+09 1.10080188e+09 1.10080197e+09 1.10080205e+09
 1.10080214e+09 1.10080223e+09 1.10080231e+09 1.10080240e+09
 1.10080249e+09 1.10080257e+09 1.10080266e+09 1.10080275e+09
 1.10080283e+09 1.10080292e+09 1.10080301e+09 1.10080309e+09
 1.10080318e+09 1.10080327e+09 1.10080335e+09 1.10080344e+09
 1.10080352e+09 1.10080361e+09 1.10080370e+09 1.10080378e+09
 1.10080387e+09 1.10080396e+09 1.10080404e+09 1.10080413e+09
 1.10080422e+09 1.10080430e+09 1.10080439e+09 1.10080448e+09
 1.10080456e+09 1.10080465e+09 1.10080474e+09 1.10080482e+09
 1.10080491e+09 1.10080499e+09 1.10080508e+09 1.10080517e+09
 1.10080525e+09 1.10080534e+09 1.10080543e+09 1.10080551e+09
 1.10080560e+09 1.10080569e+09 1.10080577e+09 1.10080586e+09
 1.10080595e+09 1.10080603e+09 1.10080612e+09 1.10080621e+09
 1.10080629e+09 1.10080638e+09 1.10080647e+09 1.10080655e+09
 1.10080664e+09 1.10080672e+09 1.10080681e+09 1.10080690e+09
 1.10080698e+09 1.10080707e+09 1.10080716e+09 1.10080724e+09
 1.10080733e+09 1.10080742e+09 1.10080750e+09 1.10080759e+09
 1.10080768e+09 1.10080776e+09 1.10080785e+09 1.10080794e+09
 1.10080802e+09 1.10080811e+09 1.10080819e+09 1.10080828e+09
 1.10080837e+09 1.10080845e+09 1.10080854e+09 1.10080863e+09
 1.10080871e+09 1.10080880e+09 1.10080889e+09 1.10080897e+09
 1.10080906e+09 1.10080915e+09 1.10080923e+09 1.10080932e+09
 1.10080941e+09 1.10080949e+09 1.10080958e+09 1.10080967e+09
 1.10080975e+09 1.10080984e+09 1.10080992e+09 1.10081001e+09
 1.10081010e+09 1.10081018e+09 1.10081027e+09 1.10081036e+09
 1.10081044e+09 1.10081053e+09 1.10081062e+09 1.10081070e+09
 1.10081079e+09 1.10081088e+09 1.10081096e+09 1.10081105e+09
 1.10081114e+09 1.10081122e+09 1.10081131e+09 1.10081139e+09
 1.10081148e+09 1.10081157e+09 1.10081165e+09 1.10081174e+09
 1.10081183e+09 1.10081191e+09 1.10081200e+09 1.10081209e+09
 1.10081217e+09 1.10081226e+09 1.10081235e+09 1.10081243e+09
 1.10081252e+09 1.10081261e+09 1.10081269e+09 1.10081278e+09
 1.10081287e+09 1.10081295e+09 1.10081304e+09 1.10081312e+09
 1.10081321e+09 1.10081330e+09 1.10081338e+09 1.10081347e+09
 1.10081356e+09 1.10081364e+09 1.10081373e+09 1.10081382e+09
 1.10081390e+09 1.10081399e+09 1.10081408e+09 1.10081416e+09
 1.10081425e+09 1.10081434e+09 1.10081442e+09 1.10081451e+09
 1.10081459e+09 1.10081468e+09 1.10081477e+09 1.10081485e+09
 1.10081494e+09 1.10081503e+09 1.10081511e+09 1.10081520e+09]
minRes = 0.5204440646411133
minResTime = [1.10078112e+09]
Cov(t) = [100 100 100 100 100 100 100 100 100 100 100 100 100 100 100 100 100 100
 100 100 100 100 100 100 100 100 100 100 100 100 100 100 100 100 100 100
 100 100 100 100 100 100 100 100 100 100 100 100 100 100 100 100 100 100
 100 100 100 100 100 100 100 100 100 100 100 100 100 100 100 100 100 100
 100 100 100 100 100 100 100 100 100 100 100 100 100 100 100 100 100 100
 100 100 100 100 100 100 100 100 100 100 100 100 100 100 100 100 100 100
 100 100 100 100 100 100 100 100 100 100 100 100 100 100 100 100 100 100
 100 100 100 100 100 100 100 100 100 100 100 100 100 100 100 100 100 100
 100 100 100 100 100 100 100 100 100 100 100 100 100 100 100 100 100 100
 100 100 100 100 100 100 100 100 100 100 100 100 100 100 100 100 100 100
 100 100 100 100 100 100 100 100 100 100 100 100 100 100 100 100 100 100
 100 100 100 100 100 100 100 100 100 100 100 100 100 100 100 100 100 100
 100 100 100 100 100 100 100 100 100 100 100 100 100 100 100 100 100 100
 100 100 100 100 100 100 100 100 100 100 100 100 100 100 100 100 100 100
 100 100 100 100 100 100 100 100 100 100 100 100 100 100 100 100 100 100
 100 100 100 100 100 100 100 100 100 100 100 100 100 100 100 100 100 100
 100 100 100 100 100 100 100 100 100 100 100 100 100 100 100 100 100 100
 100 100 100 100 100 100 100 100 100 100 100 100 100 100 100 100 100 100
 100 100 100 100 100 100 100 100 100 100 100 100 100 100 100 100 100 100
 100 100 100 100 100 100 100 100 100 100 100 100 100 100 100 100 100 100
 100 100 100 100 100 100 100 100 100 100 100 100 100 100 100 100 100 100
 100 100 100 100 100 100 100 100 100 100 100 100 100 100 100 100 100 100
 100 100 100 100 100 100 100 100 100 100 100 100 100 100 100 100 100 100
 100 100 100 100 100 100 100 100 100 100 100 100 100 100 100 100 100 100
 100 100 100 100 100 100 100 100 100 100 100 100 100 100 100 100 100 100
 100 100 100 100 100 100 100 100 100 100 100 100 100 100 100 100 100 100
 100 100 100 100 100 100 100 100 100 100 100 100 100 100 100 100 100 100
 100 100 100 100 100 100 100 100 100 100 100 100 100 100 100 100 100 100
 100 100 100 100 100 100 100 100 100 100 100 100 100 100 100 100 100 100
 100 100 100 100 100 100 100 100 100 100 100 100 100 100 100 100 100 100
 100 100 100 100 100 100 100 100 100 100 100 100 100 100 100 100 100 100
 100 100 100 100 100 100 100 100 100 100 100 100 100 100 100 100 100 100
 100 100 100 100 100 100 100 100 100 100 100 100 100 100 100 100 100 100
 100 100 100 100 100 100 100 100 100 100 100 100 100 100 100 100 100 100
 100 100 100 100 100 100 100 100 100 100 100 100 100 100 100 100 100 100
 100 100 100 100 100 100 100 100 100 100 100 100 100 100 100 100 100 100
 100 100 100 100 100 100 100 100 100 100 100 100 100 100 100 100 100 100
 100 100 100 100 100 100 100 100 100 100 100 100 100 100 100 100 100 100
 100 100 100 100 100 100 100 100 100 100 100 100 100 100 100 100 100 100
 100 100 100 100 100 100 100 100 100 100 100 100 100 100 100 100 100 100
 100 100 100 100 100 100 100 100 100 100 100 100 100 100 100 100 100 100
 100 100 100 100 100 100 100 100 100 100 100 100 100 100 100 100 100 100
 100 100 100 100 100 100 100 100 100 100 100 100 100 100 100 100 100 100
 100 100 100 100 100 100 100 100 100 100 100 100 100 100 100 100 100 100
 100 100 100 100 100 100 100 100 100 100 100 100 100 100 100 100 100 100
 100 100 100 100 100 100 100 100 100 100 100 100 100 100 100 100 100 100
 100 100 100 100 100 100 100 100 100 100 100 100 100 100 100 100 100 100
 100 100 100 100 100 100 100 100 100 100 100 100 100 100 100 100 100 100
 100 100 100 100 100 100 100 100 100 100 100 100 100 100 100 100 100 100
 100 100 100 100 100 100 100 100 100 100 100 100 100 100 100 100 100 100
 100 100 100 100 100 100 100 100 100 100 100 100 100 100 100 100 100 100
 100 100 100 100 100 100 100 100 100 100 100 100 100 100 100 100 100 100
 100 100 100 100 100 100 100 100 100 100 100 100 100 100 100 100 100 100
 100 100 100 100 100 100 100 100 100 100 100 100 100 100 100 100 100 100
 100 100 100 100 100 100 100 100 100 100 100 100 100 100 100 100 100 100
 100 100 100 100 100 100 100 100 100 100]
maxCov = 100
maxCovTime = [1.10072880e+09 1.10072889e+09 1.10072897e+09 1.10072906e+09
 1.10072915e+09 1.10072923e+09 1.10072932e+09 1.10072941e+09
 1.10072949e+09 1.10072958e+09 1.10072967e+09 1.10072975e+09
 1.10072984e+09 1.10072992e+09 1.10073001e+09 1.10073010e+09
 1.10073018e+09 1.10073027e+09 1.10073036e+09 1.10073044e+09
 1.10073053e+09 1.10073062e+09 1.10073070e+09 1.10073079e+09
 1.10073088e+09 1.10073096e+09 1.10073105e+09 1.10073114e+09
 1.10073122e+09 1.10073131e+09 1.10073139e+09 1.10073148e+09
 1.10073157e+09 1.10073165e+09 1.10073174e+09 1.10073183e+09
 1.10073191e+09 1.10073200e+09 1.10073209e+09 1.10073217e+09
 1.10073226e+09 1.10073235e+09 1.10073243e+09 1.10073252e+09
 1.10073261e+09 1.10073269e+09 1.10073278e+09 1.10073287e+09
 1.10073295e+09 1.10073304e+09 1.10073312e+09 1.10073321e+09
 1.10073330e+09 1.10073338e+09 1.10073347e+09 1.10073356e+09
 1.10073364e+09 1.10073373e+09 1.10073382e+09 1.10073390e+09
 1.10073399e+09 1.10073408e+09 1.10073416e+09 1.10073425e+09
 1.10073434e+09 1.10073442e+09 1.10073451e+09 1.10073459e+09
 1.10073468e+09 1.10073477e+09 1.10073485e+09 1.10073494e+09
 1.10073503e+09 1.10073511e+09 1.10073520e+09 1.10073529e+09
 1.10073537e+09 1.10073546e+09 1.10073555e+09 1.10073563e+09
 1.10073572e+09 1.10073581e+09 1.10073589e+09 1.10073598e+09
 1.10073607e+09 1.10073615e+09 1.10073624e+09 1.10073632e+09
 1.10073641e+09 1.10073650e+09 1.10073658e+09 1.10073667e+09
 1.10073676e+09 1.10073684e+09 1.10073693e+09 1.10073702e+09
 1.10073710e+09 1.10073719e+09 1.10073728e+09 1.10073736e+09
 1.10073745e+09 1.10073754e+09 1.10073762e+09 1.10073771e+09
 1.10073779e+09 1.10073788e+09 1.10073797e+09 1.10073805e+09
 1.10073814e+09 1.10073823e+09 1.10073831e+09 1.10073840e+09
 1.10073849e+09 1.10073857e+09 1.10073866e+09 1.10073875e+09
 1.10073883e+09 1.10073892e+09 1.10073901e+09 1.10073909e+09
 1.10073918e+09 1.10073927e+09 1.10073935e+09 1.10073944e+09
 1.10073952e+09 1.10073961e+09 1.10073970e+09 1.10073978e+09
 1.10073987e+09 1.10073996e+09 1.10074004e+09 1.10074013e+09
 1.10074022e+09 1.10074030e+09 1.10074039e+09 1.10074048e+09
 1.10074056e+09 1.10074065e+09 1.10074074e+09 1.10074082e+09
 1.10074091e+09 1.10074099e+09 1.10074108e+09 1.10074117e+09
 1.10074125e+09 1.10074134e+09 1.10074143e+09 1.10074151e+09
 1.10074160e+09 1.10074169e+09 1.10074177e+09 1.10074186e+09
 1.10074195e+09 1.10074203e+09 1.10074212e+09 1.10074221e+09
 1.10074229e+09 1.10074238e+09 1.10074247e+09 1.10074255e+09
 1.10074264e+09 1.10074272e+09 1.10074281e+09 1.10074290e+09
 1.10074298e+09 1.10074307e+09 1.10074316e+09 1.10074324e+09
 1.10074333e+09 1.10074342e+09 1.10074350e+09 1.10074359e+09
 1.10074368e+09 1.10074376e+09 1.10074385e+09 1.10074394e+09
 1.10074402e+09 1.10074411e+09 1.10074419e+09 1.10074428e+09
 1.10074437e+09 1.10074445e+09 1.10074454e+09 1.10074463e+09
 1.10074471e+09 1.10074480e+09 1.10074489e+09 1.10074497e+09
 1.10074506e+09 1.10074515e+09 1.10074523e+09 1.10074532e+09
 1.10074541e+09 1.10074549e+09 1.10074558e+09 1.10074567e+09
 1.10074575e+09 1.10074584e+09 1.10074592e+09 1.10074601e+09
 1.10074610e+09 1.10074618e+09 1.10074627e+09 1.10074636e+09
 1.10074644e+09 1.10074653e+09 1.10074662e+09 1.10074670e+09
 1.10074679e+09 1.10074688e+09 1.10074696e+09 1.10074705e+09
 1.10074714e+09 1.10074722e+09 1.10074731e+09 1.10074739e+09
 1.10074748e+09 1.10074757e+09 1.10074765e+09 1.10074774e+09
 1.10074783e+09 1.10074791e+09 1.10074800e+09 1.10074809e+09
 1.10074817e+09 1.10074826e+09 1.10074835e+09 1.10074843e+09
 1.10074852e+09 1.10074861e+09 1.10074869e+09 1.10074878e+09
 1.10074887e+09 1.10074895e+09 1.10074904e+09 1.10074912e+09
 1.10074921e+09 1.10074930e+09 1.10074938e+09 1.10074947e+09
 1.10074956e+09 1.10074964e+09 1.10074973e+09 1.10074982e+09
 1.10074990e+09 1.10074999e+09 1.10075008e+09 1.10075016e+09
 1.10075025e+09 1.10075034e+09 1.10075042e+09 1.10075051e+09
 1.10075059e+09 1.10075068e+09 1.10075077e+09 1.10075085e+09
 1.10075094e+09 1.10075103e+09 1.10075111e+09 1.10075120e+09
 1.10075129e+09 1.10075137e+09 1.10075146e+09 1.10075155e+09
 1.10075163e+09 1.10075172e+09 1.10075181e+09 1.10075189e+09
 1.10075198e+09 1.10075207e+09 1.10075215e+09 1.10075224e+09
 1.10075232e+09 1.10075241e+09 1.10075250e+09 1.10075258e+09
 1.10075267e+09 1.10075276e+09 1.10075284e+09 1.10075293e+09
 1.10075302e+09 1.10075310e+09 1.10075319e+09 1.10075328e+09
 1.10075336e+09 1.10075345e+09 1.10075354e+09 1.10075362e+09
 1.10075371e+09 1.10075379e+09 1.10075388e+09 1.10075397e+09
 1.10075405e+09 1.10075414e+09 1.10075423e+09 1.10075431e+09
 1.10075440e+09 1.10075449e+09 1.10075457e+09 1.10075466e+09
 1.10075475e+09 1.10075483e+09 1.10075492e+09 1.10075501e+09
 1.10075509e+09 1.10075518e+09 1.10075527e+09 1.10075535e+09
 1.10075544e+09 1.10075552e+09 1.10075561e+09 1.10075570e+09
 1.10075578e+09 1.10075587e+09 1.10075596e+09 1.10075604e+09
 1.10075613e+09 1.10075622e+09 1.10075630e+09 1.10075639e+09
 1.10075648e+09 1.10075656e+09 1.10075665e+09 1.10075674e+09
 1.10075682e+09 1.10075691e+09 1.10075699e+09 1.10075708e+09
 1.10075717e+09 1.10075725e+09 1.10075734e+09 1.10075743e+09
 1.10075751e+09 1.10075760e+09 1.10075769e+09 1.10075777e+09
 1.10075786e+09 1.10075795e+09 1.10075803e+09 1.10075812e+09
 1.10075821e+09 1.10075829e+09 1.10075838e+09 1.10075847e+09
 1.10075855e+09 1.10075864e+09 1.10075872e+09 1.10075881e+09
 1.10075890e+09 1.10075898e+09 1.10075907e+09 1.10075916e+09
 1.10075924e+09 1.10075933e+09 1.10075942e+09 1.10075950e+09
 1.10075959e+09 1.10075968e+09 1.10075976e+09 1.10075985e+09
 1.10075994e+09 1.10076002e+09 1.10076011e+09 1.10076019e+09
 1.10076028e+09 1.10076037e+09 1.10076045e+09 1.10076054e+09
 1.10076063e+09 1.10076071e+09 1.10076080e+09 1.10076089e+09
 1.10076097e+09 1.10076106e+09 1.10076115e+09 1.10076123e+09
 1.10076132e+09 1.10076141e+09 1.10076149e+09 1.10076158e+09
 1.10076167e+09 1.10076175e+09 1.10076184e+09 1.10076192e+09
 1.10076201e+09 1.10076210e+09 1.10076218e+09 1.10076227e+09
 1.10076236e+09 1.10076244e+09 1.10076253e+09 1.10076262e+09
 1.10076270e+09 1.10076279e+09 1.10076288e+09 1.10076296e+09
 1.10076305e+09 1.10076314e+09 1.10076322e+09 1.10076331e+09
 1.10076339e+09 1.10076348e+09 1.10076357e+09 1.10076365e+09
 1.10076374e+09 1.10076383e+09 1.10076391e+09 1.10076400e+09
 1.10076409e+09 1.10076417e+09 1.10076426e+09 1.10076435e+09
 1.10076443e+09 1.10076452e+09 1.10076461e+09 1.10076469e+09
 1.10076478e+09 1.10076487e+09 1.10076495e+09 1.10076504e+09
 1.10076512e+09 1.10076521e+09 1.10076530e+09 1.10076538e+09
 1.10076547e+09 1.10076556e+09 1.10076564e+09 1.10076573e+09
 1.10076582e+09 1.10076590e+09 1.10076599e+09 1.10076608e+09
 1.10076616e+09 1.10076625e+09 1.10076634e+09 1.10076642e+09
 1.10076651e+09 1.10076659e+09 1.10076668e+09 1.10076677e+09
 1.10076685e+09 1.10076694e+09 1.10076703e+09 1.10076711e+09
 1.10076720e+09 1.10076729e+09 1.10076737e+09 1.10076746e+09
 1.10076755e+09 1.10076763e+09 1.10076772e+09 1.10076781e+09
 1.10076789e+09 1.10076798e+09 1.10076807e+09 1.10076815e+09
 1.10076824e+09 1.10076832e+09 1.10076841e+09 1.10076850e+09
 1.10076858e+09 1.10076867e+09 1.10076876e+09 1.10076884e+09
 1.10076893e+09 1.10076902e+09 1.10076910e+09 1.10076919e+09
 1.10076928e+09 1.10076936e+09 1.10076945e+09 1.10076954e+09
 1.10076962e+09 1.10076971e+09 1.10076979e+09 1.10076988e+09
 1.10076997e+09 1.10077005e+09 1.10077014e+09 1.10077023e+09
 1.10077031e+09 1.10077040e+09 1.10077049e+09 1.10077057e+09
 1.10077066e+09 1.10077075e+09 1.10077083e+09 1.10077092e+09
 1.10077101e+09 1.10077109e+09 1.10077118e+09 1.10077127e+09
 1.10077135e+09 1.10077144e+09 1.10077152e+09 1.10077161e+09
 1.10077170e+09 1.10077178e+09 1.10077187e+09 1.10077196e+09
 1.10077204e+09 1.10077213e+09 1.10077222e+09 1.10077230e+09
 1.10077239e+09 1.10077248e+09 1.10077256e+09 1.10077265e+09
 1.10077274e+09 1.10077282e+09 1.10077291e+09 1.10077299e+09
 1.10077308e+09 1.10077317e+09 1.10077325e+09 1.10077334e+09
 1.10077343e+09 1.10077351e+09 1.10077360e+09 1.10077369e+09
 1.10077377e+09 1.10077386e+09 1.10077395e+09 1.10077403e+09
 1.10077412e+09 1.10077421e+09 1.10077429e+09 1.10077438e+09
 1.10077447e+09 1.10077455e+09 1.10077464e+09 1.10077472e+09
 1.10077481e+09 1.10077490e+09 1.10077498e+09 1.10077507e+09
 1.10077516e+09 1.10077524e+09 1.10077533e+09 1.10077542e+09
 1.10077550e+09 1.10077559e+09 1.10077568e+09 1.10077576e+09
 1.10077585e+09 1.10077594e+09 1.10077602e+09 1.10077611e+09
 1.10077619e+09 1.10077628e+09 1.10077637e+09 1.10077645e+09
 1.10077654e+09 1.10077663e+09 1.10077671e+09 1.10077680e+09
 1.10077689e+09 1.10077697e+09 1.10077706e+09 1.10077715e+09
 1.10077723e+09 1.10077732e+09 1.10077741e+09 1.10077749e+09
 1.10077758e+09 1.10077767e+09 1.10077775e+09 1.10077784e+09
 1.10077792e+09 1.10077801e+09 1.10077810e+09 1.10077818e+09
 1.10077827e+09 1.10077836e+09 1.10077844e+09 1.10077853e+09
 1.10077862e+09 1.10077870e+09 1.10077879e+09 1.10077888e+09
 1.10077896e+09 1.10077905e+09 1.10077914e+09 1.10077922e+09
 1.10077931e+09 1.10077939e+09 1.10077948e+09 1.10077957e+09
 1.10077965e+09 1.10077974e+09 1.10077983e+09 1.10077991e+09
 1.10078000e+09 1.10078009e+09 1.10078017e+09 1.10078026e+09
 1.10078035e+09 1.10078043e+09 1.10078052e+09 1.10078061e+09
 1.10078069e+09 1.10078078e+09 1.10078087e+09 1.10078095e+09
 1.10078104e+09 1.10078112e+09 1.10078121e+09 1.10078130e+09
 1.10078138e+09 1.10078147e+09 1.10078156e+09 1.10078164e+09
 1.10078173e+09 1.10078182e+09 1.10078190e+09 1.10078199e+09
 1.10078208e+09 1.10078216e+09 1.10078225e+09 1.10078234e+09
 1.10078242e+09 1.10078251e+09 1.10078259e+09 1.10078268e+09
 1.10078277e+09 1.10078285e+09 1.10078294e+09 1.10078303e+09
 1.10078311e+09 1.10078320e+09 1.10078329e+09 1.10078337e+09
 1.10078346e+09 1.10078355e+09 1.10078363e+09 1.10078372e+09
 1.10078381e+09 1.10078389e+09 1.10078398e+09 1.10078407e+09
 1.10078415e+09 1.10078424e+09 1.10078432e+09 1.10078441e+09
 1.10078450e+09 1.10078458e+09 1.10078467e+09 1.10078476e+09
 1.10078484e+09 1.10078493e+09 1.10078502e+09 1.10078510e+09
 1.10078519e+09 1.10078528e+09 1.10078536e+09 1.10078545e+09
 1.10078554e+09 1.10078562e+09 1.10078571e+09 1.10078579e+09
 1.10078588e+09 1.10078597e+09 1.10078605e+09 1.10078614e+09
 1.10078623e+09 1.10078631e+09 1.10078640e+09 1.10078649e+09
 1.10078657e+09 1.10078666e+09 1.10078675e+09 1.10078683e+09
 1.10078692e+09 1.10078701e+09 1.10078709e+09 1.10078718e+09
 1.10078727e+09 1.10078735e+09 1.10078744e+09 1.10078752e+09
 1.10078761e+09 1.10078770e+09 1.10078778e+09 1.10078787e+09
 1.10078796e+09 1.10078804e+09 1.10078813e+09 1.10078822e+09
 1.10078830e+09 1.10078839e+09 1.10078848e+09 1.10078856e+09
 1.10078865e+09 1.10078874e+09 1.10078882e+09 1.10078891e+09
 1.10078899e+09 1.10078908e+09 1.10078917e+09 1.10078925e+09
 1.10078934e+09 1.10078943e+09 1.10078951e+09 1.10078960e+09
 1.10078969e+09 1.10078977e+09 1.10078986e+09 1.10078995e+09
 1.10079003e+09 1.10079012e+09 1.10079021e+09 1.10079029e+09
 1.10079038e+09 1.10079047e+09 1.10079055e+09 1.10079064e+09
 1.10079072e+09 1.10079081e+09 1.10079090e+09 1.10079098e+09
 1.10079107e+09 1.10079116e+09 1.10079124e+09 1.10079133e+09
 1.10079142e+09 1.10079150e+09 1.10079159e+09 1.10079168e+09
 1.10079176e+09 1.10079185e+09 1.10079194e+09 1.10079202e+09
 1.10079211e+09 1.10079219e+09 1.10079228e+09 1.10079237e+09
 1.10079245e+09 1.10079254e+09 1.10079263e+09 1.10079271e+09
 1.10079280e+09 1.10079289e+09 1.10079297e+09 1.10079306e+09
 1.10079315e+09 1.10079323e+09 1.10079332e+09 1.10079341e+09
 1.10079349e+09 1.10079358e+09 1.10079367e+09 1.10079375e+09
 1.10079384e+09 1.10079392e+09 1.10079401e+09 1.10079410e+09
 1.10079418e+09 1.10079427e+09 1.10079436e+09 1.10079444e+09
 1.10079453e+09 1.10079462e+09 1.10079470e+09 1.10079479e+09
 1.10079488e+09 1.10079496e+09 1.10079505e+09 1.10079514e+09
 1.10079522e+09 1.10079531e+09 1.10079539e+09 1.10079548e+09
 1.10079557e+09 1.10079565e+09 1.10079574e+09 1.10079583e+09
 1.10079591e+09 1.10079600e+09 1.10079609e+09 1.10079617e+09
 1.10079626e+09 1.10079635e+09 1.10079643e+09 1.10079652e+09
 1.10079661e+09 1.10079669e+09 1.10079678e+09 1.10079687e+09
 1.10079695e+09 1.10079704e+09 1.10079712e+09 1.10079721e+09
 1.10079730e+09 1.10079738e+09 1.10079747e+09 1.10079756e+09
 1.10079764e+09 1.10079773e+09 1.10079782e+09 1.10079790e+09
 1.10079799e+09 1.10079808e+09 1.10079816e+09 1.10079825e+09
 1.10079834e+09 1.10079842e+09 1.10079851e+09 1.10079859e+09
 1.10079868e+09 1.10079877e+09 1.10079885e+09 1.10079894e+09
 1.10079903e+09 1.10079911e+09 1.10079920e+09 1.10079929e+09
 1.10079937e+09 1.10079946e+09 1.10079955e+09 1.10079963e+09
 1.10079972e+09 1.10079981e+09 1.10079989e+09 1.10079998e+09
 1.10080007e+09 1.10080015e+09 1.10080024e+09 1.10080032e+09
 1.10080041e+09 1.10080050e+09 1.10080058e+09 1.10080067e+09
 1.10080076e+09 1.10080084e+09 1.10080093e+09 1.10080102e+09
 1.10080110e+09 1.10080119e+09 1.10080128e+09 1.10080136e+09
 1.10080145e+09 1.10080154e+09 1.10080162e+09 1.10080171e+09
 1.10080179e+09 1.10080188e+09 1.10080197e+09 1.10080205e+09
 1.10080214e+09 1.10080223e+09 1.10080231e+09 1.10080240e+09
 1.10080249e+09 1.10080257e+09 1.10080266e+09 1.10080275e+09
 1.10080283e+09 1.10080292e+09 1.10080301e+09 1.10080309e+09
 1.10080318e+09 1.10080327e+09 1.10080335e+09 1.10080344e+09
 1.10080352e+09 1.10080361e+09 1.10080370e+09 1.10080378e+09
 1.10080387e+09 1.10080396e+09 1.10080404e+09 1.10080413e+09
 1.10080422e+09 1.10080430e+09 1.10080439e+09 1.10080448e+09
 1.10080456e+09 1.10080465e+09 1.10080474e+09 1.10080482e+09
 1.10080491e+09 1.10080499e+09 1.10080508e+09 1.10080517e+09
 1.10080525e+09 1.10080534e+09 1.10080543e+09 1.10080551e+09
 1.10080560e+09 1.10080569e+09 1.10080577e+09 1.10080586e+09
 1.10080595e+09 1.10080603e+09 1.10080612e+09 1.10080621e+09
 1.10080629e+09 1.10080638e+09 1.10080647e+09 1.10080655e+09
 1.10080664e+09 1.10080672e+09 1.10080681e+09 1.10080690e+09
 1.10080698e+09 1.10080707e+09 1.10080716e+09 1.10080724e+09
 1.10080733e+09 1.10080742e+09 1.10080750e+09 1.10080759e+09
 1.10080768e+09 1.10080776e+09 1.10080785e+09 1.10080794e+09
 1.10080802e+09 1.10080811e+09 1.10080819e+09 1.10080828e+09
 1.10080837e+09 1.10080845e+09 1.10080854e+09 1.10080863e+09
 1.10080871e+09 1.10080880e+09 1.10080889e+09 1.10080897e+09
 1.10080906e+09 1.10080915e+09 1.10080923e+09 1.10080932e+09
 1.10080941e+09 1.10080949e+09 1.10080958e+09 1.10080967e+09
 1.10080975e+09 1.10080984e+09 1.10080992e+09 1.10081001e+09
 1.10081010e+09 1.10081018e+09 1.10081027e+09 1.10081036e+09
 1.10081044e+09 1.10081053e+09 1.10081062e+09 1.10081070e+09
 1.10081079e+09 1.10081088e+09 1.10081096e+09 1.10081105e+09
 1.10081114e+09 1.10081122e+09 1.10081131e+09 1.10081139e+09
 1.10081148e+09 1.10081157e+09 1.10081165e+09 1.10081174e+09
 1.10081183e+09 1.10081191e+09 1.10081200e+09 1.10081209e+09
 1.10081217e+09 1.10081226e+09 1.10081235e+09 1.10081243e+09
 1.10081252e+09 1.10081261e+09 1.10081269e+09 1.10081278e+09
 1.10081287e+09 1.10081295e+09 1.10081304e+09 1.10081312e+09
 1.10081321e+09 1.10081330e+09 1.10081338e+09 1.10081347e+09
 1.10081356e+09 1.10081364e+09 1.10081373e+09 1.10081382e+09
 1.10081390e+09 1.10081399e+09 1.10081408e+09 1.10081416e+09
 1.10081425e+09 1.10081434e+09 1.10081442e+09 1.10081451e+09
 1.10081459e+09 1.10081468e+09 1.10081477e+09 1.10081485e+09
 1.10081494e+09 1.10081503e+09 1.10081511e+09 1.10081520e+09]
