name =JUICE_ROI_GAN_6_3_03
flyby = ['2033 NOV 26 18:22:11', '2033 NOV 27 18:22:11']
Observation TW = <SpiceCell dtype = 1, length = 0, size = 3200, card = 12, is_set = 1, adjust = 0, init = 1, base = 94872018727680, data = 94872018727728>
Res(t) = [0.1921259  0.18765177 0.18531736 0.18300954 0.18135674 0.18017773
 0.1793623  0.1884814  0.18188092 0.18156195 0.18146299 0.1815495
 0.18179497 0.18217852 0.18268333 0.18329562 0.18400391 0.18479851
 0.18567116 0.18661476 0.18762312 0.18869084 0.18981315 0.19098582
 0.19220511 0.19346764 0.19477038 0.19611061 0.19748586 0.19889388
 0.20033262 0.2018002  0.20329493 0.20481522 0.20635962 0.20792679
 0.20951552 0.21112464 0.21275309 0.2143999  0.21606415 0.21774498
 0.21944159 0.22115323 0.22287923 0.22461893 0.2263717  0.22813698
 0.22549448 0.22727984 0.22907519 0.23088014 0.23533127 0.23716143
 0.23900074 0.24084885 0.24270543 0.24766564 0.24953253 0.25140754
 0.25329036 0.248136   0.25001272 0.25216854 0.25406393 0.25596507
 0.25787178 0.25978387 0.26170117 0.26362351 0.26555981 0.26749186
 0.26942849 0.27136957 0.27331497 0.27526455 0.27721821 0.27917581
 0.28113725 0.28310242 0.28507123 0.28704357 0.28901935 0.29099848
 0.2925565  0.2945332  0.29651292 0.29849559 0.30048113 0.30246948
 0.30518734 0.30715275 0.30912035 0.31109008 0.31306186 0.31503564
 0.31701134 0.31898891 0.32096829 0.32294943 0.32493228 0.32691677
 0.32890286 0.33089051 0.33287966 0.33487027 0.3368623  0.33885571
 0.34085044 0.34284647 0.34484376 0.34684226 0.34884195 0.35084279
 0.35284474 0.35484777 0.35685186 0.35885696 0.36086305 0.36287011
 0.3648781  0.366887   0.36889677 0.3709074  0.37291886 0.37493113
 0.37694418 0.378958   0.38097255 0.38298782 0.38500379 0.38702044
 0.38903775 0.3910557  0.39307427 0.39509344 0.3971132  0.39913353
 0.40115441 0.40317584 0.40519778 0.40722023 0.40924318 0.41126661
 0.4132905  0.41531484 0.41733962 0.41936483 0.42139046 0.42341648
 0.4254429  0.4274697  0.42949686 0.43152439 0.43355226 0.43558047
 0.43760901 0.43963786 0.44166703 0.44369649 0.44572625 0.44775628
 0.4497866  0.45181717 0.45384801 0.4558791  0.45791043 0.45994199
 0.46197379 0.4640058  0.46603803 0.46807047 0.47010312 0.47213595
 0.47416898 0.47620219 0.47823558 0.48026915 0.48230288 0.48433677
 0.48637082 0.48840502 0.49043937 0.49247386 0.49450849 0.49654325
 0.49857814 0.50061316 0.50264829 0.50468354 0.50671891 0.50875438
 0.51078996 0.51282565 0.51486143 0.5168973  0.51893327 0.52096932
 0.52300546 0.52504168 0.52707798 0.52911436 0.53115081 0.53318733
 0.53522392 0.53726058 0.5392973  0.54133408 0.54337091 0.54540781
 0.54744476 0.54948176 0.55151881 0.55355591 0.55559305 0.55763024
 0.55966747 0.56170474 0.56374205 0.5657794  0.56781678 0.5698542
 0.57189165 0.57392913 0.57596664 0.57800418 0.58004174 0.58207933
 0.58411695 0.58615459 0.58819225 0.59022994 0.59226764 0.59430537
 0.59634311 0.59838087 0.60041865 0.60245644 0.60449425 0.60653207
 0.60856991 0.61060776 0.61264562 0.61468349 0.61672138 0.61875927
 0.62079718 0.62283509 0.62487302 0.62691095 0.62894889 0.63098684
 0.6330248  0.63506276 0.63710073 0.63913871 0.6411767  0.64321469
 0.64525268 0.64729069 0.6493287  0.65136671 0.65340473 0.65544276
 0.65748079 0.65951883 0.66155687 0.66359492 0.66563297 0.66767103
 0.6697091  0.67174717 0.67378525 0.67582333 0.67786142 0.67989952
 0.68193762 0.68397573 0.68601385 0.68805197 0.69009011 0.69212825
 0.6941664  0.69620455 0.69824272 0.70028089 0.70231908 0.70435727
 0.70639548 0.70843369 0.71047192 0.71251016 0.71454841 0.71658667
 0.71862495 0.72066324 0.72270154 0.72473986 0.72677819 0.72881654
 0.7308549  0.73289328 0.73493168 0.73697009 0.73900853 0.74104698
 0.74308545 0.74512394 0.74716246 0.74920099 0.75123955 0.75327812
 0.75531673 0.75735535 0.759394   0.76143268 0.76347138 0.76551011
 0.76754887 0.76958765 0.77162646 0.77366531 0.77570418 0.77774309
 0.77978202 0.78182099 0.78386    0.78589904 0.78793811 0.78997722
 0.79201636 0.79405555 0.79609477 0.79813403 0.80017333 0.80221267
 0.80425206 0.80629149 0.80833096 0.81037047 0.81241003 0.81444964
 0.81648929 0.81852899 0.82056875 0.82260855 0.8246484  0.8266883
 0.82872826 0.83076827 0.83280833 0.83484845 0.83688863 0.83892886
 0.84096915 0.8430095  0.84504991 0.84709039 0.84913092 0.85117152
 0.85321218 0.85525291 0.8572937  0.85933456 0.86137549 0.86341649
 0.86545756 0.8674987  0.86953991 0.8715812  0.87362256 0.87566399
 0.8777055  0.87974709 0.88178876 0.88383051 0.88587233 0.88791424
 0.88995623 0.89199831 0.89404047 0.89608272 0.89812505 0.90016747
 0.90220999 0.90425259 0.90629528 0.90833806 0.91038094 0.91242392
 0.91446699 0.91651015 0.91855342 0.92059678 0.92264024 0.92468381
 0.92672748 0.92877125 0.93081512 0.9328591  0.93490319 0.93694739
 0.9389917  0.94103611 0.94308064 0.94512528 0.94717003 0.9492149
 0.95125989 0.95330499 0.95535021 0.95739555 0.95944101 0.9614866
 0.9635323  0.96557814 0.96762409 0.96967017 0.97171639 0.97376273
 0.97580919 0.9778558  0.97990253 0.9819494  0.9839964  0.98604354
 0.98809081 0.99013823 0.99218578 0.99423347 0.99628131 0.99832929
 1.00037741 1.00242568 1.0044741  1.00652267 1.00857138 1.01062025
 1.01266926 1.01471843 1.01676775 1.01881723 1.02086687 1.02291666
 1.02496661 1.02701673 1.029067   1.03111744 1.03316804 1.0352188
 1.03726974 1.03932084 1.0413721  1.04342354 1.04547515 1.04752694
 1.04957889 1.05163103 1.05368333 1.05573582 1.05778848 1.05984133
 1.06189435 1.06394756 1.06600095 1.06805453 1.0701083  1.07216225
 1.07421639 1.07627072 1.07832524 1.08037995 1.08243486 1.08448996
 1.08654526 1.08860076 1.09065646 1.09271235 1.09476845 1.09682475
 1.09888126 1.10093797 1.10299488 1.10505201 1.10710934 1.10916689
 1.11122464 1.11328261 1.11534079 1.11739919 1.11945781 1.12151664
 1.12357569 1.12563496 1.12769446 1.12975418 1.13181412 1.13387429
 1.13593468 1.13799531 1.14005616 1.14211725 1.14417856 1.14624011
 1.1483019  1.15036392 1.15242618 1.15448868 1.15655141 1.15861439
 1.16067761 1.16274108 1.16480479 1.16686875 1.16893295 1.1709974
 1.17306211 1.17512706 1.17719227 1.17925774 1.18132346 1.18338943
 1.18545567 1.18752216 1.18958891 1.19165593 1.19372321 1.19579076
 1.19785857 1.19992664 1.20199499 1.20406361 1.2061325  1.20820166
 1.21027109 1.2123408  1.21441079 1.21648106 1.2185516  1.22062243
 1.22269353 1.22476492 1.2268366  1.22890856 1.23098081 1.23305334
 1.23512617 1.23719929 1.23927269 1.2413464  1.2434204  1.24549469
 1.24756928 1.24964418 1.25171937 1.25379486 1.25587066 1.25794676
 1.26002317 1.26209988 1.2641769  1.26625424 1.26833188 1.27040984
 1.27248811 1.27456669 1.27664559 1.27872481 1.28080435 1.28288421
 1.28496439 1.28704489 1.28912572 1.29120687 1.29328835 1.29537016
 1.2974523  1.29953477 1.30161757 1.3037007  1.30578417 1.30786798
 1.30995213 1.31203661 1.31412143 1.3162066  1.31829211 1.32037796
 1.32246416 1.32455071 1.32663761 1.32872485 1.33081245 1.3329004
 1.3349887  1.33707736 1.33916637 1.34125575 1.34334548 1.34543557
 1.34752602 1.34961684 1.35170802 1.35379957 1.35589149 1.35798377
 1.36007643 1.36216945 1.36426285 1.36635663 1.36845078 1.3705453
 1.3726402  1.37473549 1.37683115 1.3789272  1.38102363 1.38312044
 1.38521764 1.38731523 1.38941321 1.39151158 1.39361034 1.39570949
 1.39780903 1.39990898 1.40200932 1.40411006 1.40621119 1.40831273
 1.41041467 1.41251702 1.41461977 1.41672293 1.41882649 1.42093047
 1.42303485 1.42513965 1.42724486 1.42935049 1.43145653 1.43356299
 1.43566987 1.43777717 1.43988489 1.44199303 1.4441016  1.44621059
 1.44832001 1.45042986 1.45254013 1.45465084 1.45676198 1.45887356
 1.46098557 1.46309802 1.4652109  1.46732423 1.46943799 1.4715522
 1.47366685 1.47578194 1.47789748 1.48001347 1.48212991 1.48424679
 1.48636413 1.48848192 1.49060017 1.49271887 1.49483803 1.49695765
 1.49907772 1.50119826 1.50331926 1.50544073 1.50756265 1.50968505
 1.51180791 1.51393125 1.51605505 1.51817933 1.52030408 1.5224293
 1.524555   1.52668118 1.52880783 1.53093497 1.53306259 1.53519069
 1.53731927 1.53944835 1.5415779  1.54370795 1.54583849 1.54796952
 1.55010104 1.55223305 1.55436556 1.55649857 1.55863207 1.56076608
 1.56290058 1.56503559 1.5671711  1.56930711 1.57144363 1.57358066
 1.5757182  1.57785625 1.57999481 1.58213389 1.58427347 1.58641358
 1.5885542  1.59069534 1.592837   1.59497918 1.59712189 1.59926511
 1.60140887 1.60355315 1.60569796 1.6078433  1.60998917 1.61213557
 1.6142825  1.61642998 1.61857798 1.62072653 1.62287561 1.62502524
 1.62717541 1.62932612 1.63147737 1.63362918 1.63578152 1.63793442
 1.64008787 1.64224187 1.64439642 1.64655153 1.6487072  1.65086342
 1.6530202  1.65517753 1.65733543 1.6594939  1.66165293 1.66381252
 1.66597268 1.6681334  1.6702947  1.67245657 1.67461901 1.67678202
 1.67894561 1.68110978 1.68327452 1.68543984 1.68760575 1.68977223
 1.6919393  1.69410695 1.69627519 1.69844402 1.70061344 1.70278344
 1.70495404 1.70712523 1.70929701 1.71146939 1.71364237 1.71581595
 1.71799013 1.7201649  1.72234028 1.72451627 1.72669286 1.72887005
 1.73104786 1.73322627 1.7354053  1.73758493 1.73976518 1.74194605
 1.74412753 1.74630963 1.74849235 1.75067569 1.75285966 1.75504424
 1.75722945 1.75941529 1.76160175 1.76378885 1.76597657 1.76816492
 1.77035391 1.77254353 1.77473379 1.77692469 1.77911622 1.78130839
 1.78350121 1.78569467 1.78788877 1.79008352 1.79227891 1.79447495
 1.79667165 1.79886899 1.80106698 1.80326563 1.80546494 1.8076649
 1.80986552 1.8120668  1.81426873 1.81647134 1.8186746  1.82087853
 1.82308312 1.82528839 1.82749432 1.82970092 1.8319082  1.83411614
 1.83632476 1.83853406 1.84074404 1.84295469 1.84516602 1.84737804
 1.84959074 1.85180412 1.85401819 1.85623294 1.85844839 1.86066452
 1.86288134 1.86509886 1.86731707 1.86953597 1.87175558 1.87397588
 1.87619688 1.87841858 1.88064098 1.88286409 1.8850879  1.88731242
 1.88953764 1.89176358 1.89399022 1.89621758 1.89844565 1.90067443
 1.90290393 1.90513415 1.90736509 1.90959674 1.91182912 1.91406223
 1.91629605 1.9185306  1.92076588 1.92300189 1.92523863 1.9274761
 1.9297143  1.93195323 1.9341929  1.93643331 1.93867446 1.94091634
 1.94315897 1.94540234 1.94764645 1.94989131 1.95213691 1.95438326
 1.95663036 1.95887821 1.96112682 1.96337617 1.96562629 1.96787716
 1.97012878 1.97238117 1.97463431 1.97688822 1.97914289 1.98139832
 1.98365452 1.98591149 1.98816923 1.99042773 1.99268701 1.99494706
 1.99720789 1.99946949 2.00173186 2.00399502 2.00625896 2.00852367
 2.01078917 2.01305545 2.01532252 2.01759038 2.01985902 2.02212845
 2.02439868 2.02666969 2.0289415  2.03121411 2.03348751 2.03576171
 2.0380367  2.0403125  2.0425891  2.0448665  2.04714471 2.04942373
 2.05170355 2.05398418 2.05626562 2.05854787 2.06083094 2.06311482
 2.06539951 2.06768502 2.06997135 2.07225851 2.07454648 2.07683527
 2.07912489 2.08141534 2.08370661 2.08599871 2.08829164 2.0905854
 2.09287999 2.09517542 2.09747168 2.09976878 2.10206671 2.10436549
 2.1066651  2.10896556 2.11126686 2.11356901 2.115872   2.11817585
 2.12048053 2.12278607 2.12509247 2.12739971 2.12970781 2.13201677
 2.13432658 2.13663725 2.13894878 2.14126118 2.14357443 2.14588855
 2.14820354 2.15051939 2.15283611 2.15515371 2.15747217 2.1597915
 2.16211171 2.1644328  2.16675476 2.1690776  2.17140132 2.17372592
 2.1760514  2.17837776 2.18070502 2.18303315 2.18536218 2.18769209
 2.1900229  2.19235459 2.19468718 2.19702067 2.19935505 2.20169033
 2.20402651 2.20636358 2.20870156 2.21104045 2.21338023 2.21572093
 2.21806253 2.22040504 2.22274845 2.22509278]
t = [1.06995933e+09 1.06995937e+09 1.06995941e+09 1.06995945e+09
 1.06995949e+09 1.06995953e+09 1.06995957e+09 1.06995962e+09
 1.06995966e+09 1.06995970e+09 1.06995974e+09 1.06995978e+09
 1.06995982e+09 1.06995986e+09 1.06995991e+09 1.06995995e+09
 1.06995999e+09 1.06996003e+09 1.06996007e+09 1.06996011e+09
 1.06996015e+09 1.06996019e+09 1.06996024e+09 1.06996028e+09
 1.06996032e+09 1.06996036e+09 1.06996040e+09 1.06996044e+09
 1.06996048e+09 1.06996052e+09 1.06996057e+09 1.06996061e+09
 1.06996065e+09 1.06996069e+09 1.06996073e+09 1.06996077e+09
 1.06996081e+09 1.06996086e+09 1.06996090e+09 1.06996094e+09
 1.06996098e+09 1.06996102e+09 1.06996106e+09 1.06996110e+09
 1.06996114e+09 1.06996119e+09 1.06996123e+09 1.06996127e+09
 1.06996131e+09 1.06996135e+09 1.06996139e+09 1.06996143e+09
 1.06996148e+09 1.06996152e+09 1.06996156e+09 1.06996160e+09
 1.06996164e+09 1.06996168e+09 1.06996172e+09 1.06996176e+09
 1.06996181e+09 1.06996185e+09 1.06996189e+09 1.06996193e+09
 1.06996197e+09 1.06996201e+09 1.06996205e+09 1.06996209e+09
 1.06996214e+09 1.06996218e+09 1.06996222e+09 1.06996226e+09
 1.06996230e+09 1.06996234e+09 1.06996238e+09 1.06996243e+09
 1.06996247e+09 1.06996251e+09 1.06996255e+09 1.06996259e+09
 1.06996263e+09 1.06996267e+09 1.06996271e+09 1.06996276e+09
 1.06996280e+09 1.06996284e+09 1.06996288e+09 1.06996292e+09
 1.06996296e+09 1.06996300e+09 1.06996305e+09 1.06996309e+09
 1.06996313e+09 1.06996317e+09 1.06996321e+09 1.06996325e+09
 1.06996329e+09 1.06996333e+09 1.06996338e+09 1.06996342e+09
 1.06996346e+09 1.06996350e+09 1.06996354e+09 1.06996358e+09
 1.06996362e+09 1.06996366e+09 1.06996371e+09 1.06996375e+09
 1.06996379e+09 1.06996383e+09 1.06996387e+09 1.06996391e+09
 1.06996395e+09 1.06996400e+09 1.06996404e+09 1.06996408e+09
 1.06996412e+09 1.06996416e+09 1.06996420e+09 1.06996424e+09
 1.06996428e+09 1.06996433e+09 1.06996437e+09 1.06996441e+09
 1.06996445e+09 1.06996449e+09 1.06996453e+09 1.06996457e+09
 1.06996462e+09 1.06996466e+09 1.06996470e+09 1.06996474e+09
 1.06996478e+09 1.06996482e+09 1.06996486e+09 1.06996490e+09
 1.06996495e+09 1.06996499e+09 1.06996503e+09 1.06996507e+09
 1.06996511e+09 1.06996515e+09 1.06996519e+09 1.06996523e+09
 1.06996528e+09 1.06996532e+09 1.06996536e+09 1.06996540e+09
 1.06996544e+09 1.06996548e+09 1.06996552e+09 1.06996557e+09
 1.06996561e+09 1.06996565e+09 1.06996569e+09 1.06996573e+09
 1.06996577e+09 1.06996581e+09 1.06996585e+09 1.06996590e+09
 1.06996594e+09 1.06996598e+09 1.06996602e+09 1.06996606e+09
 1.06996610e+09 1.06996614e+09 1.06996618e+09 1.06996623e+09
 1.06996627e+09 1.06996631e+09 1.06996635e+09 1.06996639e+09
 1.06996643e+09 1.06996647e+09 1.06996652e+09 1.06996656e+09
 1.06996660e+09 1.06996664e+09 1.06996668e+09 1.06996672e+09
 1.06996676e+09 1.06996680e+09 1.06996685e+09 1.06996689e+09
 1.06996693e+09 1.06996697e+09 1.06996701e+09 1.06996705e+09
 1.06996709e+09 1.06996714e+09 1.06996718e+09 1.06996722e+09
 1.06996726e+09 1.06996730e+09 1.06996734e+09 1.06996738e+09
 1.06996742e+09 1.06996747e+09 1.06996751e+09 1.06996755e+09
 1.06996759e+09 1.06996763e+09 1.06996767e+09 1.06996771e+09
 1.06996775e+09 1.06996780e+09 1.06996784e+09 1.06996788e+09
 1.06996792e+09 1.06996796e+09 1.06996800e+09 1.06996804e+09
 1.06996809e+09 1.06996813e+09 1.06996817e+09 1.06996821e+09
 1.06996825e+09 1.06996829e+09 1.06996833e+09 1.06996837e+09
 1.06996842e+09 1.06996846e+09 1.06996850e+09 1.06996854e+09
 1.06996858e+09 1.06996862e+09 1.06996866e+09 1.06996871e+09
 1.06996875e+09 1.06996879e+09 1.06996883e+09 1.06996887e+09
 1.06996891e+09 1.06996895e+09 1.06996899e+09 1.06996904e+09
 1.06996908e+09 1.06996912e+09 1.06996916e+09 1.06996920e+09
 1.06996924e+09 1.06996928e+09 1.06996932e+09 1.06996937e+09
 1.06996941e+09 1.06996945e+09 1.06996949e+09 1.06996953e+09
 1.06996957e+09 1.06996961e+09 1.06996966e+09 1.06996970e+09
 1.06996974e+09 1.06996978e+09 1.06996982e+09 1.06996986e+09
 1.06996990e+09 1.06996994e+09 1.06996999e+09 1.06997003e+09
 1.06997007e+09 1.06997011e+09 1.06997015e+09 1.06997019e+09
 1.06997023e+09 1.06997028e+09 1.06997032e+09 1.06997036e+09
 1.06997040e+09 1.06997044e+09 1.06997048e+09 1.06997052e+09
 1.06997056e+09 1.06997061e+09 1.06997065e+09 1.06997069e+09
 1.06997073e+09 1.06997077e+09 1.06997081e+09 1.06997085e+09
 1.06997089e+09 1.06997094e+09 1.06997098e+09 1.06997102e+09
 1.06997106e+09 1.06997110e+09 1.06997114e+09 1.06997118e+09
 1.06997123e+09 1.06997127e+09 1.06997131e+09 1.06997135e+09
 1.06997139e+09 1.06997143e+09 1.06997147e+09 1.06997151e+09
 1.06997156e+09 1.06997160e+09 1.06997164e+09 1.06997168e+09
 1.06997172e+09 1.06997176e+09 1.06997180e+09 1.06997185e+09
 1.06997189e+09 1.06997193e+09 1.06997197e+09 1.06997201e+09
 1.06997205e+09 1.06997209e+09 1.06997213e+09 1.06997218e+09
 1.06997222e+09 1.06997226e+09 1.06997230e+09 1.06997234e+09
 1.06997238e+09 1.06997242e+09 1.06997246e+09 1.06997251e+09
 1.06997255e+09 1.06997259e+09 1.06997263e+09 1.06997267e+09
 1.06997271e+09 1.06997275e+09 1.06997280e+09 1.06997284e+09
 1.06997288e+09 1.06997292e+09 1.06997296e+09 1.06997300e+09
 1.06997304e+09 1.06997308e+09 1.06997313e+09 1.06997317e+09
 1.06997321e+09 1.06997325e+09 1.06997329e+09 1.06997333e+09
 1.06997337e+09 1.06997342e+09 1.06997346e+09 1.06997350e+09
 1.06997354e+09 1.06997358e+09 1.06997362e+09 1.06997366e+09
 1.06997370e+09 1.06997375e+09 1.06997379e+09 1.06997383e+09
 1.06997387e+09 1.06997391e+09 1.06997395e+09 1.06997399e+09
 1.06997403e+09 1.06997408e+09 1.06997412e+09 1.06997416e+09
 1.06997420e+09 1.06997424e+09 1.06997428e+09 1.06997432e+09
 1.06997437e+09 1.06997441e+09 1.06997445e+09 1.06997449e+09
 1.06997453e+09 1.06997457e+09 1.06997461e+09 1.06997465e+09
 1.06997470e+09 1.06997474e+09 1.06997478e+09 1.06997482e+09
 1.06997486e+09 1.06997490e+09 1.06997494e+09 1.06997499e+09
 1.06997503e+09 1.06997507e+09 1.06997511e+09 1.06997515e+09
 1.06997519e+09 1.06997523e+09 1.06997527e+09 1.06997532e+09
 1.06997536e+09 1.06997540e+09 1.06997544e+09 1.06997548e+09
 1.06997552e+09 1.06997556e+09 1.06997560e+09 1.06997565e+09
 1.06997569e+09 1.06997573e+09 1.06997577e+09 1.06997581e+09
 1.06997585e+09 1.06997589e+09 1.06997594e+09 1.06997598e+09
 1.06997602e+09 1.06997606e+09 1.06997610e+09 1.06997614e+09
 1.06997618e+09 1.06997622e+09 1.06997627e+09 1.06997631e+09
 1.06997635e+09 1.06997639e+09 1.06997643e+09 1.06997647e+09
 1.06997651e+09 1.06997655e+09 1.06997660e+09 1.06997664e+09
 1.06997668e+09 1.06997672e+09 1.06997676e+09 1.06997680e+09
 1.06997684e+09 1.06997689e+09 1.06997693e+09 1.06997697e+09
 1.06997701e+09 1.06997705e+09 1.06997709e+09 1.06997713e+09
 1.06997717e+09 1.06997722e+09 1.06997726e+09 1.06997730e+09
 1.06997734e+09 1.06997738e+09 1.06997742e+09 1.06997746e+09
 1.06997751e+09 1.06997755e+09 1.06997759e+09 1.06997763e+09
 1.06997767e+09 1.06997771e+09 1.06997775e+09 1.06997779e+09
 1.06997784e+09 1.06997788e+09 1.06997792e+09 1.06997796e+09
 1.06997800e+09 1.06997804e+09 1.06997808e+09 1.06997812e+09
 1.06997817e+09 1.06997821e+09 1.06997825e+09 1.06997829e+09
 1.06997833e+09 1.06997837e+09 1.06997841e+09 1.06997846e+09
 1.06997850e+09 1.06997854e+09 1.06997858e+09 1.06997862e+09
 1.06997866e+09 1.06997870e+09 1.06997874e+09 1.06997879e+09
 1.06997883e+09 1.06997887e+09 1.06997891e+09 1.06997895e+09
 1.06997899e+09 1.06997903e+09 1.06997908e+09 1.06997912e+09
 1.06997916e+09 1.06997920e+09 1.06997924e+09 1.06997928e+09
 1.06997932e+09 1.06997936e+09 1.06997941e+09 1.06997945e+09
 1.06997949e+09 1.06997953e+09 1.06997957e+09 1.06997961e+09
 1.06997965e+09 1.06997969e+09 1.06997974e+09 1.06997978e+09
 1.06997982e+09 1.06997986e+09 1.06997990e+09 1.06997994e+09
 1.06997998e+09 1.06998003e+09 1.06998007e+09 1.06998011e+09
 1.06998015e+09 1.06998019e+09 1.06998023e+09 1.06998027e+09
 1.06998031e+09 1.06998036e+09 1.06998040e+09 1.06998044e+09
 1.06998048e+09 1.06998052e+09 1.06998056e+09 1.06998060e+09
 1.06998065e+09 1.06998069e+09 1.06998073e+09 1.06998077e+09
 1.06998081e+09 1.06998085e+09 1.06998089e+09 1.06998093e+09
 1.06998098e+09 1.06998102e+09 1.06998106e+09 1.06998110e+09
 1.06998114e+09 1.06998118e+09 1.06998122e+09 1.06998126e+09
 1.06998131e+09 1.06998135e+09 1.06998139e+09 1.06998143e+09
 1.06998147e+09 1.06998151e+09 1.06998155e+09 1.06998160e+09
 1.06998164e+09 1.06998168e+09 1.06998172e+09 1.06998176e+09
 1.06998180e+09 1.06998184e+09 1.06998188e+09 1.06998193e+09
 1.06998197e+09 1.06998201e+09 1.06998205e+09 1.06998209e+09
 1.06998213e+09 1.06998217e+09 1.06998222e+09 1.06998226e+09
 1.06998230e+09 1.06998234e+09 1.06998238e+09 1.06998242e+09
 1.06998246e+09 1.06998250e+09 1.06998255e+09 1.06998259e+09
 1.06998263e+09 1.06998267e+09 1.06998271e+09 1.06998275e+09
 1.06998279e+09 1.06998283e+09 1.06998288e+09 1.06998292e+09
 1.06998296e+09 1.06998300e+09 1.06998304e+09 1.06998308e+09
 1.06998312e+09 1.06998317e+09 1.06998321e+09 1.06998325e+09
 1.06998329e+09 1.06998333e+09 1.06998337e+09 1.06998341e+09
 1.06998345e+09 1.06998350e+09 1.06998354e+09 1.06998358e+09
 1.06998362e+09 1.06998366e+09 1.06998370e+09 1.06998374e+09
 1.06998379e+09 1.06998383e+09 1.06998387e+09 1.06998391e+09
 1.06998395e+09 1.06998399e+09 1.06998403e+09 1.06998407e+09
 1.06998412e+09 1.06998416e+09 1.06998420e+09 1.06998424e+09
 1.06998428e+09 1.06998432e+09 1.06998436e+09 1.06998440e+09
 1.06998445e+09 1.06998449e+09 1.06998453e+09 1.06998457e+09
 1.06998461e+09 1.06998465e+09 1.06998469e+09 1.06998474e+09
 1.06998478e+09 1.06998482e+09 1.06998486e+09 1.06998490e+09
 1.06998494e+09 1.06998498e+09 1.06998502e+09 1.06998507e+09
 1.06998511e+09 1.06998515e+09 1.06998519e+09 1.06998523e+09
 1.06998527e+09 1.06998531e+09 1.06998536e+09 1.06998540e+09
 1.06998544e+09 1.06998548e+09 1.06998552e+09 1.06998556e+09
 1.06998560e+09 1.06998564e+09 1.06998569e+09 1.06998573e+09
 1.06998577e+09 1.06998581e+09 1.06998585e+09 1.06998589e+09
 1.06998593e+09 1.06998597e+09 1.06998602e+09 1.06998606e+09
 1.06998610e+09 1.06998614e+09 1.06998618e+09 1.06998622e+09
 1.06998626e+09 1.06998631e+09 1.06998635e+09 1.06998639e+09
 1.06998643e+09 1.06998647e+09 1.06998651e+09 1.06998655e+09
 1.06998659e+09 1.06998664e+09 1.06998668e+09 1.06998672e+09
 1.06998676e+09 1.06998680e+09 1.06998684e+09 1.06998688e+09
 1.06998692e+09 1.06998697e+09 1.06998701e+09 1.06998705e+09
 1.06998709e+09 1.06998713e+09 1.06998717e+09 1.06998721e+09
 1.06998726e+09 1.06998730e+09 1.06998734e+09 1.06998738e+09
 1.06998742e+09 1.06998746e+09 1.06998750e+09 1.06998754e+09
 1.06998759e+09 1.06998763e+09 1.06998767e+09 1.06998771e+09
 1.06998775e+09 1.06998779e+09 1.06998783e+09 1.06998788e+09
 1.06998792e+09 1.06998796e+09 1.06998800e+09 1.06998804e+09
 1.06998808e+09 1.06998812e+09 1.06998816e+09 1.06998821e+09
 1.06998825e+09 1.06998829e+09 1.06998833e+09 1.06998837e+09
 1.06998841e+09 1.06998845e+09 1.06998849e+09 1.06998854e+09
 1.06998858e+09 1.06998862e+09 1.06998866e+09 1.06998870e+09
 1.06998874e+09 1.06998878e+09 1.06998883e+09 1.06998887e+09
 1.06998891e+09 1.06998895e+09 1.06998899e+09 1.06998903e+09
 1.06998907e+09 1.06998911e+09 1.06998916e+09 1.06998920e+09
 1.06998924e+09 1.06998928e+09 1.06998932e+09 1.06998936e+09
 1.06998940e+09 1.06998945e+09 1.06998949e+09 1.06998953e+09
 1.06998957e+09 1.06998961e+09 1.06998965e+09 1.06998969e+09
 1.06998973e+09 1.06998978e+09 1.06998982e+09 1.06998986e+09
 1.06998990e+09 1.06998994e+09 1.06998998e+09 1.06999002e+09
 1.06999006e+09 1.06999011e+09 1.06999015e+09 1.06999019e+09
 1.06999023e+09 1.06999027e+09 1.06999031e+09 1.06999035e+09
 1.06999040e+09 1.06999044e+09 1.06999048e+09 1.06999052e+09
 1.06999056e+09 1.06999060e+09 1.06999064e+09 1.06999068e+09
 1.06999073e+09 1.06999077e+09 1.06999081e+09 1.06999085e+09
 1.06999089e+09 1.06999093e+09 1.06999097e+09 1.06999102e+09
 1.06999106e+09 1.06999110e+09 1.06999114e+09 1.06999118e+09
 1.06999122e+09 1.06999126e+09 1.06999130e+09 1.06999135e+09
 1.06999139e+09 1.06999143e+09 1.06999147e+09 1.06999151e+09
 1.06999155e+09 1.06999159e+09 1.06999163e+09 1.06999168e+09
 1.06999172e+09 1.06999176e+09 1.06999180e+09 1.06999184e+09
 1.06999188e+09 1.06999192e+09 1.06999197e+09 1.06999201e+09
 1.06999205e+09 1.06999209e+09 1.06999213e+09 1.06999217e+09
 1.06999221e+09 1.06999225e+09 1.06999230e+09 1.06999234e+09
 1.06999238e+09 1.06999242e+09 1.06999246e+09 1.06999250e+09
 1.06999254e+09 1.06999259e+09 1.06999263e+09 1.06999267e+09
 1.06999271e+09 1.06999275e+09 1.06999279e+09 1.06999283e+09
 1.06999287e+09 1.06999292e+09 1.06999296e+09 1.06999300e+09
 1.06999304e+09 1.06999308e+09 1.06999312e+09 1.06999316e+09
 1.06999320e+09 1.06999325e+09 1.06999329e+09 1.06999333e+09
 1.06999337e+09 1.06999341e+09 1.06999345e+09 1.06999349e+09
 1.06999354e+09 1.06999358e+09 1.06999362e+09 1.06999366e+09
 1.06999370e+09 1.06999374e+09 1.06999378e+09 1.06999382e+09
 1.06999387e+09 1.06999391e+09 1.06999395e+09 1.06999399e+09
 1.06999403e+09 1.06999407e+09 1.06999411e+09 1.06999416e+09
 1.06999420e+09 1.06999424e+09 1.06999428e+09 1.06999432e+09
 1.06999436e+09 1.06999440e+09 1.06999444e+09 1.06999449e+09
 1.06999453e+09 1.06999457e+09 1.06999461e+09 1.06999465e+09
 1.06999469e+09 1.06999473e+09 1.06999477e+09 1.06999482e+09
 1.06999486e+09 1.06999490e+09 1.06999494e+09 1.06999498e+09
 1.06999502e+09 1.06999506e+09 1.06999511e+09 1.06999515e+09
 1.06999519e+09 1.06999523e+09 1.06999527e+09 1.06999531e+09
 1.06999535e+09 1.06999539e+09 1.06999544e+09 1.06999548e+09
 1.06999552e+09 1.06999556e+09 1.06999560e+09 1.06999564e+09
 1.06999568e+09 1.06999573e+09 1.06999577e+09 1.06999581e+09
 1.06999585e+09 1.06999589e+09 1.06999593e+09 1.06999597e+09
 1.06999601e+09 1.06999606e+09 1.06999610e+09 1.06999614e+09
 1.06999618e+09 1.06999622e+09 1.06999626e+09 1.06999630e+09
 1.06999634e+09 1.06999639e+09 1.06999643e+09 1.06999647e+09
 1.06999651e+09 1.06999655e+09 1.06999659e+09 1.06999663e+09
 1.06999668e+09 1.06999672e+09 1.06999676e+09 1.06999680e+09
 1.06999684e+09 1.06999688e+09 1.06999692e+09 1.06999696e+09
 1.06999701e+09 1.06999705e+09 1.06999709e+09 1.06999713e+09
 1.06999717e+09 1.06999721e+09 1.06999725e+09 1.06999730e+09
 1.06999734e+09 1.06999738e+09 1.06999742e+09 1.06999746e+09
 1.06999750e+09 1.06999754e+09 1.06999758e+09 1.06999763e+09
 1.06999767e+09 1.06999771e+09 1.06999775e+09 1.06999779e+09
 1.06999783e+09 1.06999787e+09 1.06999791e+09 1.06999796e+09
 1.06999800e+09 1.06999804e+09 1.06999808e+09 1.06999812e+09
 1.06999816e+09 1.06999820e+09 1.06999825e+09 1.06999829e+09
 1.06999833e+09 1.06999837e+09 1.06999841e+09 1.06999845e+09
 1.06999849e+09 1.06999853e+09 1.06999858e+09 1.06999862e+09
 1.06999866e+09 1.06999870e+09 1.06999874e+09 1.06999878e+09
 1.06999882e+09 1.06999886e+09 1.06999891e+09 1.06999895e+09
 1.06999899e+09 1.06999903e+09 1.06999907e+09 1.06999911e+09
 1.06999915e+09 1.06999920e+09 1.06999924e+09 1.06999928e+09
 1.06999932e+09 1.06999936e+09 1.06999940e+09 1.06999944e+09
 1.06999948e+09 1.06999953e+09 1.06999957e+09 1.06999961e+09
 1.06999965e+09 1.06999969e+09 1.06999973e+09 1.06999977e+09
 1.06999982e+09 1.06999986e+09 1.06999990e+09 1.06999994e+09
 1.06999998e+09 1.07000002e+09 1.07000006e+09 1.07000010e+09
 1.07000015e+09 1.07000019e+09 1.07000023e+09 1.07000027e+09
 1.07000031e+09 1.07000035e+09 1.07000039e+09 1.07000043e+09
 1.07000048e+09 1.07000052e+09 1.07000056e+09 1.07000060e+09]
minRes = 0.17936229918555524
minResTime = [1.06995957e+09]
Cov(t) = [100.         100.         100.         100.         100.
 100.         100.         100.         100.         100.
 100.         100.         100.         100.         100.
 100.         100.         100.         100.         100.
 100.         100.         100.         100.         100.
 100.         100.         100.         100.         100.
 100.         100.         100.         100.         100.
 100.         100.         100.         100.         100.
 100.         100.         100.         100.         100.
   0.         100.         100.         100.         100.
 100.         100.         100.         100.         100.
 100.         100.         100.         100.         100.
 100.         100.         100.         100.         100.
 100.         100.         100.         100.         100.
 100.         100.         100.         100.         100.
 100.         100.         100.         100.         100.
 100.         100.         100.         100.         100.
 100.         100.         100.         100.         100.
 100.         100.         100.         100.         100.
 100.         100.         100.         100.         100.
 100.         100.         100.         100.         100.
 100.         100.         100.         100.         100.
 100.         100.         100.         100.         100.
 100.         100.         100.         100.         100.
 100.         100.         100.         100.         100.
 100.         100.         100.         100.         100.
 100.         100.         100.         100.         100.
 100.         100.         100.         100.         100.
 100.         100.         100.         100.         100.
 100.         100.         100.         100.         100.
 100.         100.         100.         100.         100.
 100.         100.         100.         100.         100.
 100.         100.         100.         100.         100.
 100.         100.         100.         100.         100.
 100.         100.         100.         100.         100.
 100.         100.         100.         100.         100.
 100.         100.         100.         100.         100.
 100.         100.         100.         100.         100.
 100.         100.         100.         100.         100.
 100.         100.         100.         100.         100.
 100.         100.         100.         100.         100.
 100.         100.         100.         100.         100.
 100.         100.         100.         100.         100.
 100.         100.         100.         100.         100.
 100.         100.         100.         100.         100.
 100.         100.         100.         100.         100.
 100.         100.         100.         100.         100.
 100.         100.         100.         100.         100.
 100.         100.         100.         100.         100.
 100.         100.         100.         100.         100.
 100.         100.         100.         100.         100.
 100.         100.         100.         100.         100.
 100.         100.         100.         100.         100.
 100.         100.         100.         100.         100.
 100.         100.         100.         100.         100.
 100.         100.         100.         100.         100.
 100.         100.         100.         100.         100.
 100.         100.         100.         100.         100.
 100.         100.         100.         100.         100.
 100.         100.         100.         100.         100.
 100.         100.         100.         100.         100.
 100.         100.         100.         100.         100.
 100.         100.         100.         100.         100.
 100.         100.         100.         100.         100.
 100.         100.         100.         100.         100.
 100.         100.         100.         100.         100.
 100.         100.         100.         100.         100.
 100.         100.         100.         100.         100.
 100.         100.         100.         100.         100.
 100.         100.         100.         100.         100.
 100.         100.         100.         100.         100.
 100.         100.         100.         100.         100.
 100.         100.         100.         100.         100.
 100.         100.         100.         100.         100.
 100.         100.         100.         100.         100.
 100.         100.         100.         100.         100.
 100.         100.         100.         100.         100.
 100.         100.         100.         100.         100.
 100.         100.         100.         100.         100.
 100.         100.         100.         100.         100.
 100.         100.         100.         100.         100.
 100.         100.         100.         100.         100.
 100.         100.         100.         100.         100.
 100.         100.         100.         100.         100.
 100.         100.         100.         100.         100.
 100.         100.         100.         100.         100.
 100.         100.         100.         100.         100.
 100.         100.         100.         100.         100.
 100.         100.         100.         100.         100.
 100.         100.         100.         100.         100.
 100.         100.         100.         100.         100.
 100.         100.         100.         100.         100.
 100.         100.         100.         100.         100.
 100.         100.         100.         100.         100.
 100.         100.         100.         100.         100.
 100.         100.         100.         100.         100.
 100.         100.         100.         100.         100.
 100.         100.         100.         100.         100.
 100.         100.         100.         100.         100.
 100.         100.         100.         100.         100.
 100.         100.         100.         100.         100.
 100.         100.         100.         100.         100.
 100.         100.         100.         100.         100.
 100.         100.         100.         100.         100.
 100.         100.         100.         100.         100.
 100.         100.         100.         100.         100.
 100.         100.         100.         100.         100.
 100.         100.         100.         100.         100.
 100.         100.         100.         100.         100.
 100.         100.         100.         100.         100.
 100.         100.         100.         100.         100.
 100.         100.         100.         100.         100.
 100.         100.         100.         100.         100.
 100.         100.         100.         100.         100.
 100.         100.         100.         100.         100.
 100.         100.         100.         100.         100.
 100.         100.         100.         100.         100.
 100.         100.         100.         100.         100.
 100.         100.         100.         100.         100.
 100.         100.         100.         100.         100.
 100.         100.         100.         100.         100.
 100.         100.         100.         100.         100.
 100.         100.         100.         100.         100.
 100.         100.         100.         100.         100.
 100.         100.         100.         100.         100.
 100.         100.         100.         100.         100.
 100.         100.         100.         100.         100.
 100.         100.         100.         100.         100.
 100.         100.         100.         100.         100.
 100.         100.         100.         100.         100.
 100.         100.         100.         100.         100.
 100.         100.         100.         100.         100.
 100.         100.         100.         100.         100.
 100.         100.         100.         100.         100.
 100.         100.         100.         100.         100.
 100.         100.         100.         100.         100.
 100.         100.         100.         100.         100.
 100.         100.         100.         100.         100.
 100.         100.         100.         100.         100.
 100.         100.         100.         100.         100.
 100.         100.         100.         100.         100.
 100.         100.         100.         100.         100.
 100.         100.         100.         100.         100.
 100.         100.         100.         100.         100.
 100.         100.         100.         100.         100.
 100.         100.         100.         100.         100.
 100.         100.         100.         100.         100.
 100.         100.         100.         100.         100.
 100.         100.         100.         100.         100.
 100.         100.         100.         100.         100.
 100.         100.         100.         100.         100.
 100.         100.         100.         100.         100.
 100.         100.         100.         100.         100.
 100.         100.         100.         100.         100.
 100.         100.         100.         100.         100.
 100.         100.         100.         100.         100.
 100.         100.         100.         100.         100.
 100.         100.         100.         100.         100.
 100.         100.         100.         100.         100.
 100.         100.         100.         100.         100.
 100.         100.         100.         100.         100.
 100.         100.         100.         100.         100.
 100.         100.         100.         100.         100.
 100.         100.         100.         100.         100.
 100.         100.         100.         100.         100.
 100.         100.         100.         100.         100.
 100.         100.         100.         100.         100.
 100.         100.         100.         100.          34.43220974
  34.41330495  34.39434677  34.375335    34.35626944 100.
 100.         100.         100.         100.         100.
 100.         100.         100.         100.         100.
 100.         100.         100.         100.         100.
 100.         100.         100.         100.         100.
 100.         100.         100.         100.         100.
 100.         100.         100.         100.         100.
 100.         100.         100.         100.         100.
 100.         100.         100.         100.         100.
 100.         100.         100.         100.         100.
 100.         100.         100.         100.         100.
 100.         100.         100.         100.         100.
 100.         100.         100.         100.         100.
 100.         100.         100.         100.         100.
 100.         100.         100.         100.         100.
 100.         100.         100.         100.         100.
 100.         100.         100.         100.         100.
 100.         100.         100.         100.         100.
 100.         100.         100.         100.         100.
 100.         100.         100.         100.         100.
 100.         100.         100.          67.917255    67.94321735
 100.         100.         100.         100.         100.
 100.         100.         100.         100.         100.
 100.         100.         100.         100.         100.
 100.         100.         100.         100.         100.
 100.         100.         100.         100.          77.96692337
  77.94410867  77.92093689  77.89740597  77.87351403  77.84925853
  77.82463756  77.7996487   77.77428996  77.74855895  77.72245364
  77.69597146  77.66911052  77.6418679   77.61424198  77.58623
  77.5578295   77.52903828  77.49985382  77.47027376  77.44029559
  77.40991669  77.37913481  77.34794714  77.31635132  77.28434463
  77.25192458  77.21908829  77.18583327  77.15215697  77.11805645]
maxCov = 100.0
maxCovTime = [1.06995933e+09 1.06995937e+09 1.06995941e+09 1.06995945e+09
 1.06995949e+09 1.06995953e+09 1.06995957e+09 1.06995962e+09
 1.06995966e+09 1.06995970e+09 1.06995974e+09 1.06995978e+09
 1.06995982e+09 1.06995986e+09 1.06995991e+09 1.06995995e+09
 1.06995999e+09 1.06996003e+09 1.06996007e+09 1.06996011e+09
 1.06996015e+09 1.06996019e+09 1.06996024e+09 1.06996028e+09
 1.06996032e+09 1.06996036e+09 1.06996040e+09 1.06996044e+09
 1.06996048e+09 1.06996052e+09 1.06996057e+09 1.06996061e+09
 1.06996065e+09 1.06996069e+09 1.06996073e+09 1.06996077e+09
 1.06996081e+09 1.06996086e+09 1.06996090e+09 1.06996094e+09
 1.06996098e+09 1.06996102e+09 1.06996106e+09 1.06996110e+09
 1.06996114e+09 1.06996123e+09 1.06996127e+09 1.06996131e+09
 1.06996135e+09 1.06996139e+09 1.06996143e+09 1.06996148e+09
 1.06996152e+09 1.06996156e+09 1.06996160e+09 1.06996164e+09
 1.06996168e+09 1.06996172e+09 1.06996176e+09 1.06996181e+09
 1.06996185e+09 1.06996189e+09 1.06996193e+09 1.06996197e+09
 1.06996201e+09 1.06996205e+09 1.06996209e+09 1.06996214e+09
 1.06996218e+09 1.06996222e+09 1.06996226e+09 1.06996230e+09
 1.06996234e+09 1.06996238e+09 1.06996243e+09 1.06996247e+09
 1.06996251e+09 1.06996255e+09 1.06996259e+09 1.06996263e+09
 1.06996267e+09 1.06996271e+09 1.06996276e+09 1.06996280e+09
 1.06996284e+09 1.06996288e+09 1.06996292e+09 1.06996296e+09
 1.06996300e+09 1.06996305e+09 1.06996309e+09 1.06996313e+09
 1.06996317e+09 1.06996321e+09 1.06996325e+09 1.06996329e+09
 1.06996333e+09 1.06996338e+09 1.06996342e+09 1.06996346e+09
 1.06996350e+09 1.06996354e+09 1.06996358e+09 1.06996362e+09
 1.06996366e+09 1.06996371e+09 1.06996375e+09 1.06996379e+09
 1.06996383e+09 1.06996387e+09 1.06996391e+09 1.06996395e+09
 1.06996400e+09 1.06996404e+09 1.06996408e+09 1.06996412e+09
 1.06996416e+09 1.06996420e+09 1.06996424e+09 1.06996428e+09
 1.06996433e+09 1.06996437e+09 1.06996441e+09 1.06996445e+09
 1.06996449e+09 1.06996453e+09 1.06996457e+09 1.06996462e+09
 1.06996466e+09 1.06996470e+09 1.06996474e+09 1.06996478e+09
 1.06996482e+09 1.06996486e+09 1.06996490e+09 1.06996495e+09
 1.06996499e+09 1.06996503e+09 1.06996507e+09 1.06996511e+09
 1.06996515e+09 1.06996519e+09 1.06996523e+09 1.06996528e+09
 1.06996532e+09 1.06996536e+09 1.06996540e+09 1.06996544e+09
 1.06996548e+09 1.06996552e+09 1.06996557e+09 1.06996561e+09
 1.06996565e+09 1.06996569e+09 1.06996573e+09 1.06996577e+09
 1.06996581e+09 1.06996585e+09 1.06996590e+09 1.06996594e+09
 1.06996598e+09 1.06996602e+09 1.06996606e+09 1.06996610e+09
 1.06996614e+09 1.06996618e+09 1.06996623e+09 1.06996627e+09
 1.06996631e+09 1.06996635e+09 1.06996639e+09 1.06996643e+09
 1.06996647e+09 1.06996652e+09 1.06996656e+09 1.06996660e+09
 1.06996664e+09 1.06996668e+09 1.06996672e+09 1.06996676e+09
 1.06996680e+09 1.06996685e+09 1.06996689e+09 1.06996693e+09
 1.06996697e+09 1.06996701e+09 1.06996705e+09 1.06996709e+09
 1.06996714e+09 1.06996718e+09 1.06996722e+09 1.06996726e+09
 1.06996730e+09 1.06996734e+09 1.06996738e+09 1.06996742e+09
 1.06996747e+09 1.06996751e+09 1.06996755e+09 1.06996759e+09
 1.06996763e+09 1.06996767e+09 1.06996771e+09 1.06996775e+09
 1.06996780e+09 1.06996784e+09 1.06996788e+09 1.06996792e+09
 1.06996796e+09 1.06996800e+09 1.06996804e+09 1.06996809e+09
 1.06996813e+09 1.06996817e+09 1.06996821e+09 1.06996825e+09
 1.06996829e+09 1.06996833e+09 1.06996837e+09 1.06996842e+09
 1.06996846e+09 1.06996850e+09 1.06996854e+09 1.06996858e+09
 1.06996862e+09 1.06996866e+09 1.06996871e+09 1.06996875e+09
 1.06996879e+09 1.06996883e+09 1.06996887e+09 1.06996891e+09
 1.06996895e+09 1.06996899e+09 1.06996904e+09 1.06996908e+09
 1.06996912e+09 1.06996916e+09 1.06996920e+09 1.06996924e+09
 1.06996928e+09 1.06996932e+09 1.06996937e+09 1.06996941e+09
 1.06996945e+09 1.06996949e+09 1.06996953e+09 1.06996957e+09
 1.06996961e+09 1.06996966e+09 1.06996970e+09 1.06996974e+09
 1.06996978e+09 1.06996982e+09 1.06996986e+09 1.06996990e+09
 1.06996994e+09 1.06996999e+09 1.06997003e+09 1.06997007e+09
 1.06997011e+09 1.06997015e+09 1.06997019e+09 1.06997023e+09
 1.06997028e+09 1.06997032e+09 1.06997036e+09 1.06997040e+09
 1.06997044e+09 1.06997048e+09 1.06997052e+09 1.06997056e+09
 1.06997061e+09 1.06997065e+09 1.06997069e+09 1.06997073e+09
 1.06997077e+09 1.06997081e+09 1.06997085e+09 1.06997089e+09
 1.06997094e+09 1.06997098e+09 1.06997102e+09 1.06997106e+09
 1.06997110e+09 1.06997114e+09 1.06997118e+09 1.06997123e+09
 1.06997127e+09 1.06997131e+09 1.06997135e+09 1.06997139e+09
 1.06997143e+09 1.06997147e+09 1.06997151e+09 1.06997156e+09
 1.06997160e+09 1.06997164e+09 1.06997168e+09 1.06997172e+09
 1.06997176e+09 1.06997180e+09 1.06997185e+09 1.06997189e+09
 1.06997193e+09 1.06997197e+09 1.06997201e+09 1.06997205e+09
 1.06997209e+09 1.06997213e+09 1.06997218e+09 1.06997222e+09
 1.06997226e+09 1.06997230e+09 1.06997234e+09 1.06997238e+09
 1.06997242e+09 1.06997246e+09 1.06997251e+09 1.06997255e+09
 1.06997259e+09 1.06997263e+09 1.06997267e+09 1.06997271e+09
 1.06997275e+09 1.06997280e+09 1.06997284e+09 1.06997288e+09
 1.06997292e+09 1.06997296e+09 1.06997300e+09 1.06997304e+09
 1.06997308e+09 1.06997313e+09 1.06997317e+09 1.06997321e+09
 1.06997325e+09 1.06997329e+09 1.06997333e+09 1.06997337e+09
 1.06997342e+09 1.06997346e+09 1.06997350e+09 1.06997354e+09
 1.06997358e+09 1.06997362e+09 1.06997366e+09 1.06997370e+09
 1.06997375e+09 1.06997379e+09 1.06997383e+09 1.06997387e+09
 1.06997391e+09 1.06997395e+09 1.06997399e+09 1.06997403e+09
 1.06997408e+09 1.06997412e+09 1.06997416e+09 1.06997420e+09
 1.06997424e+09 1.06997428e+09 1.06997432e+09 1.06997437e+09
 1.06997441e+09 1.06997445e+09 1.06997449e+09 1.06997453e+09
 1.06997457e+09 1.06997461e+09 1.06997465e+09 1.06997470e+09
 1.06997474e+09 1.06997478e+09 1.06997482e+09 1.06997486e+09
 1.06997490e+09 1.06997494e+09 1.06997499e+09 1.06997503e+09
 1.06997507e+09 1.06997511e+09 1.06997515e+09 1.06997519e+09
 1.06997523e+09 1.06997527e+09 1.06997532e+09 1.06997536e+09
 1.06997540e+09 1.06997544e+09 1.06997548e+09 1.06997552e+09
 1.06997556e+09 1.06997560e+09 1.06997565e+09 1.06997569e+09
 1.06997573e+09 1.06997577e+09 1.06997581e+09 1.06997585e+09
 1.06997589e+09 1.06997594e+09 1.06997598e+09 1.06997602e+09
 1.06997606e+09 1.06997610e+09 1.06997614e+09 1.06997618e+09
 1.06997622e+09 1.06997627e+09 1.06997631e+09 1.06997635e+09
 1.06997639e+09 1.06997643e+09 1.06997647e+09 1.06997651e+09
 1.06997655e+09 1.06997660e+09 1.06997664e+09 1.06997668e+09
 1.06997672e+09 1.06997676e+09 1.06997680e+09 1.06997684e+09
 1.06997689e+09 1.06997693e+09 1.06997697e+09 1.06997701e+09
 1.06997705e+09 1.06997709e+09 1.06997713e+09 1.06997717e+09
 1.06997722e+09 1.06997726e+09 1.06997730e+09 1.06997734e+09
 1.06997738e+09 1.06997742e+09 1.06997746e+09 1.06997751e+09
 1.06997755e+09 1.06997759e+09 1.06997763e+09 1.06997767e+09
 1.06997771e+09 1.06997775e+09 1.06997779e+09 1.06997784e+09
 1.06997788e+09 1.06997792e+09 1.06997796e+09 1.06997800e+09
 1.06997804e+09 1.06997808e+09 1.06997812e+09 1.06997817e+09
 1.06997821e+09 1.06997825e+09 1.06997829e+09 1.06997833e+09
 1.06997837e+09 1.06997841e+09 1.06997846e+09 1.06997850e+09
 1.06997854e+09 1.06997858e+09 1.06997862e+09 1.06997866e+09
 1.06997870e+09 1.06997874e+09 1.06997879e+09 1.06997883e+09
 1.06997887e+09 1.06997891e+09 1.06997895e+09 1.06997899e+09
 1.06997903e+09 1.06997908e+09 1.06997912e+09 1.06997916e+09
 1.06997920e+09 1.06997924e+09 1.06997928e+09 1.06997932e+09
 1.06997936e+09 1.06997941e+09 1.06997945e+09 1.06997949e+09
 1.06997953e+09 1.06997957e+09 1.06997961e+09 1.06997965e+09
 1.06997969e+09 1.06997974e+09 1.06997978e+09 1.06997982e+09
 1.06997986e+09 1.06997990e+09 1.06997994e+09 1.06997998e+09
 1.06998003e+09 1.06998007e+09 1.06998011e+09 1.06998015e+09
 1.06998019e+09 1.06998023e+09 1.06998027e+09 1.06998031e+09
 1.06998036e+09 1.06998040e+09 1.06998044e+09 1.06998048e+09
 1.06998052e+09 1.06998056e+09 1.06998060e+09 1.06998065e+09
 1.06998069e+09 1.06998073e+09 1.06998077e+09 1.06998081e+09
 1.06998085e+09 1.06998089e+09 1.06998093e+09 1.06998098e+09
 1.06998102e+09 1.06998106e+09 1.06998110e+09 1.06998114e+09
 1.06998118e+09 1.06998122e+09 1.06998126e+09 1.06998131e+09
 1.06998135e+09 1.06998139e+09 1.06998143e+09 1.06998147e+09
 1.06998151e+09 1.06998155e+09 1.06998160e+09 1.06998164e+09
 1.06998168e+09 1.06998172e+09 1.06998176e+09 1.06998180e+09
 1.06998184e+09 1.06998188e+09 1.06998193e+09 1.06998197e+09
 1.06998201e+09 1.06998205e+09 1.06998209e+09 1.06998213e+09
 1.06998217e+09 1.06998222e+09 1.06998226e+09 1.06998230e+09
 1.06998234e+09 1.06998238e+09 1.06998242e+09 1.06998246e+09
 1.06998250e+09 1.06998255e+09 1.06998259e+09 1.06998263e+09
 1.06998267e+09 1.06998271e+09 1.06998275e+09 1.06998279e+09
 1.06998283e+09 1.06998288e+09 1.06998292e+09 1.06998296e+09
 1.06998300e+09 1.06998304e+09 1.06998308e+09 1.06998312e+09
 1.06998317e+09 1.06998321e+09 1.06998325e+09 1.06998329e+09
 1.06998333e+09 1.06998337e+09 1.06998341e+09 1.06998345e+09
 1.06998350e+09 1.06998354e+09 1.06998358e+09 1.06998362e+09
 1.06998366e+09 1.06998370e+09 1.06998374e+09 1.06998379e+09
 1.06998383e+09 1.06998387e+09 1.06998391e+09 1.06998395e+09
 1.06998399e+09 1.06998403e+09 1.06998407e+09 1.06998412e+09
 1.06998416e+09 1.06998420e+09 1.06998424e+09 1.06998428e+09
 1.06998432e+09 1.06998436e+09 1.06998440e+09 1.06998445e+09
 1.06998449e+09 1.06998453e+09 1.06998457e+09 1.06998461e+09
 1.06998465e+09 1.06998469e+09 1.06998474e+09 1.06998478e+09
 1.06998482e+09 1.06998486e+09 1.06998490e+09 1.06998494e+09
 1.06998498e+09 1.06998502e+09 1.06998507e+09 1.06998511e+09
 1.06998515e+09 1.06998519e+09 1.06998523e+09 1.06998527e+09
 1.06998531e+09 1.06998536e+09 1.06998540e+09 1.06998544e+09
 1.06998548e+09 1.06998552e+09 1.06998556e+09 1.06998560e+09
 1.06998564e+09 1.06998569e+09 1.06998573e+09 1.06998577e+09
 1.06998581e+09 1.06998585e+09 1.06998589e+09 1.06998593e+09
 1.06998597e+09 1.06998602e+09 1.06998606e+09 1.06998610e+09
 1.06998614e+09 1.06998618e+09 1.06998622e+09 1.06998626e+09
 1.06998631e+09 1.06998635e+09 1.06998639e+09 1.06998643e+09
 1.06998647e+09 1.06998651e+09 1.06998655e+09 1.06998659e+09
 1.06998664e+09 1.06998668e+09 1.06998672e+09 1.06998676e+09
 1.06998680e+09 1.06998684e+09 1.06998688e+09 1.06998692e+09
 1.06998697e+09 1.06998701e+09 1.06998705e+09 1.06998709e+09
 1.06998713e+09 1.06998717e+09 1.06998721e+09 1.06998726e+09
 1.06998730e+09 1.06998734e+09 1.06998738e+09 1.06998742e+09
 1.06998746e+09 1.06998750e+09 1.06998754e+09 1.06998759e+09
 1.06998763e+09 1.06998767e+09 1.06998771e+09 1.06998775e+09
 1.06998779e+09 1.06998783e+09 1.06998788e+09 1.06998792e+09
 1.06998796e+09 1.06998800e+09 1.06998804e+09 1.06998808e+09
 1.06998812e+09 1.06998816e+09 1.06998821e+09 1.06998825e+09
 1.06998829e+09 1.06998833e+09 1.06998837e+09 1.06998841e+09
 1.06998845e+09 1.06998849e+09 1.06998854e+09 1.06998858e+09
 1.06998862e+09 1.06998866e+09 1.06998870e+09 1.06998874e+09
 1.06998878e+09 1.06998883e+09 1.06998887e+09 1.06998891e+09
 1.06998895e+09 1.06998899e+09 1.06998903e+09 1.06998907e+09
 1.06998911e+09 1.06998916e+09 1.06998920e+09 1.06998924e+09
 1.06998928e+09 1.06998932e+09 1.06998936e+09 1.06998940e+09
 1.06998945e+09 1.06998949e+09 1.06998953e+09 1.06998957e+09
 1.06998961e+09 1.06998965e+09 1.06998969e+09 1.06998973e+09
 1.06998978e+09 1.06998982e+09 1.06998986e+09 1.06998990e+09
 1.06998994e+09 1.06998998e+09 1.06999002e+09 1.06999006e+09
 1.06999011e+09 1.06999015e+09 1.06999019e+09 1.06999023e+09
 1.06999027e+09 1.06999031e+09 1.06999035e+09 1.06999040e+09
 1.06999044e+09 1.06999048e+09 1.06999052e+09 1.06999056e+09
 1.06999060e+09 1.06999064e+09 1.06999068e+09 1.06999073e+09
 1.06999077e+09 1.06999081e+09 1.06999085e+09 1.06999089e+09
 1.06999093e+09 1.06999097e+09 1.06999102e+09 1.06999106e+09
 1.06999110e+09 1.06999114e+09 1.06999118e+09 1.06999122e+09
 1.06999126e+09 1.06999130e+09 1.06999135e+09 1.06999139e+09
 1.06999143e+09 1.06999147e+09 1.06999151e+09 1.06999155e+09
 1.06999159e+09 1.06999163e+09 1.06999168e+09 1.06999172e+09
 1.06999176e+09 1.06999180e+09 1.06999184e+09 1.06999188e+09
 1.06999192e+09 1.06999197e+09 1.06999201e+09 1.06999205e+09
 1.06999209e+09 1.06999213e+09 1.06999217e+09 1.06999221e+09
 1.06999225e+09 1.06999230e+09 1.06999234e+09 1.06999238e+09
 1.06999242e+09 1.06999246e+09 1.06999250e+09 1.06999254e+09
 1.06999259e+09 1.06999263e+09 1.06999267e+09 1.06999271e+09
 1.06999275e+09 1.06999279e+09 1.06999283e+09 1.06999287e+09
 1.06999292e+09 1.06999296e+09 1.06999300e+09 1.06999304e+09
 1.06999308e+09 1.06999312e+09 1.06999316e+09 1.06999320e+09
 1.06999325e+09 1.06999329e+09 1.06999333e+09 1.06999337e+09
 1.06999341e+09 1.06999345e+09 1.06999349e+09 1.06999354e+09
 1.06999358e+09 1.06999362e+09 1.06999366e+09 1.06999370e+09
 1.06999374e+09 1.06999378e+09 1.06999382e+09 1.06999387e+09
 1.06999391e+09 1.06999395e+09 1.06999420e+09 1.06999424e+09
 1.06999428e+09 1.06999432e+09 1.06999436e+09 1.06999440e+09
 1.06999444e+09 1.06999449e+09 1.06999453e+09 1.06999457e+09
 1.06999461e+09 1.06999465e+09 1.06999469e+09 1.06999473e+09
 1.06999477e+09 1.06999482e+09 1.06999486e+09 1.06999490e+09
 1.06999494e+09 1.06999498e+09 1.06999502e+09 1.06999506e+09
 1.06999511e+09 1.06999515e+09 1.06999519e+09 1.06999523e+09
 1.06999527e+09 1.06999531e+09 1.06999535e+09 1.06999539e+09
 1.06999544e+09 1.06999548e+09 1.06999552e+09 1.06999556e+09
 1.06999560e+09 1.06999564e+09 1.06999568e+09 1.06999573e+09
 1.06999577e+09 1.06999581e+09 1.06999585e+09 1.06999589e+09
 1.06999593e+09 1.06999597e+09 1.06999601e+09 1.06999606e+09
 1.06999610e+09 1.06999614e+09 1.06999618e+09 1.06999622e+09
 1.06999626e+09 1.06999630e+09 1.06999634e+09 1.06999639e+09
 1.06999643e+09 1.06999647e+09 1.06999651e+09 1.06999655e+09
 1.06999659e+09 1.06999663e+09 1.06999668e+09 1.06999672e+09
 1.06999676e+09 1.06999680e+09 1.06999684e+09 1.06999688e+09
 1.06999692e+09 1.06999696e+09 1.06999701e+09 1.06999705e+09
 1.06999709e+09 1.06999713e+09 1.06999717e+09 1.06999721e+09
 1.06999725e+09 1.06999730e+09 1.06999734e+09 1.06999738e+09
 1.06999742e+09 1.06999746e+09 1.06999750e+09 1.06999754e+09
 1.06999758e+09 1.06999763e+09 1.06999767e+09 1.06999771e+09
 1.06999775e+09 1.06999779e+09 1.06999783e+09 1.06999787e+09
 1.06999791e+09 1.06999796e+09 1.06999800e+09 1.06999804e+09
 1.06999808e+09 1.06999812e+09 1.06999816e+09 1.06999820e+09
 1.06999825e+09 1.06999837e+09 1.06999841e+09 1.06999845e+09
 1.06999849e+09 1.06999853e+09 1.06999858e+09 1.06999862e+09
 1.06999866e+09 1.06999870e+09 1.06999874e+09 1.06999878e+09
 1.06999882e+09 1.06999886e+09 1.06999891e+09 1.06999895e+09
 1.06999899e+09 1.06999903e+09 1.06999907e+09 1.06999911e+09
 1.06999915e+09 1.06999920e+09 1.06999924e+09 1.06999928e+09
 1.06999932e+09]
