name =JUICE_ROI_GAN_1_0_07
flyby = ['2034 JUN 05 18:53:51', '2034 JUN 06 18:53:51']
Observation TW = <SpiceCell dtype = 1, length = 0, size = 3400, card = 14, is_set = 1, adjust = 0, init = 1, base = 94574003386832, data = 94574003386880>
Res(t) = [1.3957808  1.39629315 1.39680535 1.39731741 1.39782932 1.39834108
 1.3988527  1.39936417 1.39987549 1.40038666 1.40089769 1.40140856
 1.4019193  1.40242988 1.40294032 1.40345061 1.40396075 1.40447075
 1.4049806  1.40549031 1.40599986 1.40650928 1.40701854 1.40752766
 1.40803663 1.40854545 1.40905413 1.40956266 1.41007105 1.41057929
 1.41108738 1.41159533 1.41210313 1.41261079 1.4131183  1.41362566
 1.41413288 1.41463995 1.41514688 1.41565366 1.41616029 1.41666678
 1.41717313 1.41767932 1.41818538 1.41869128 1.41919705 1.41970266
 1.42020813 1.42071346 1.42121864 1.42172368 1.42222857 1.42273331
 1.42323792 1.42374237 1.42424668 1.42475085 1.42525487 1.42575875
 1.42626248 1.42676607 1.42726951 1.42777281 1.42827596 1.42877897
 1.42928184 1.42978456 1.43028714 1.43078957 1.43129186 1.431794
 1.432296   1.43279786 1.43329957 1.43380114 1.43430256 1.43480384
 1.43530498 1.43580597 1.43630682 1.43680753 1.43730809 1.43780851
 1.43830879 1.43880892 1.43930891 1.43980875 1.44030845 1.44080801
 1.44130743 1.4418067  1.44230583 1.44280481 1.44330366 1.44380236
 1.44430091 1.44479933 1.4452976  1.44579573 1.44629372 1.44679156
 1.44728926 1.44778682 1.44828423 1.44878151 1.44927864 1.44977563
 1.45027247 1.45076918 1.45126574 1.45176216 1.45225844 1.45275457
 1.45325057 1.45374642 1.45424213 1.4547377  1.45523312 1.45572841
 1.45622355 1.45671855 1.45721341 1.45770813 1.4582027  1.45869714
 1.45919143 1.45968558 1.46017959 1.46067346 1.46116719 1.46166078
 1.46215422 1.46264753 1.46314069 1.46363371 1.4641266  1.46461934
 1.46511194 1.4656044  1.46609671 1.46658889 1.46708093 1.46757282
 1.46806458 1.4685562  1.46904767 1.46953901 1.4700302  1.47052125
 1.47101217 1.47150294 1.47199357 1.47248407 1.47297442 1.47346463
 1.4739547  1.47444464 1.47493443 1.47542408 1.4759136  1.47640297
 1.4768922  1.4773813  1.47787025 1.47835907 1.47884774 1.47933628
 1.47982468 1.48031293 1.48080105 1.48128903 1.48177687 1.48226457
 1.48275213 1.48323955 1.48372684 1.48421398 1.48470099 1.48518785
 1.48567458 1.48616117 1.48664762 1.48713393 1.4876201  1.48810614
 1.48859203 1.48907779 1.48956341 1.49004889 1.49053423 1.49101943
 1.4915045  1.49198942 1.49247421 1.49295886 1.49344338 1.49392775
 1.49441199 1.49489609 1.49538005 1.49586387 1.49634755 1.4968311
 1.49731451 1.49779778 1.49828092 1.49876391 1.49924677 1.4997295
 1.50021208 1.50069453 1.50117684 1.50165901 1.50214104 1.50262294
 1.5031047  1.50358633 1.50406781 1.50454916 1.50503037 1.50551145
 1.50599239 1.50647319 1.50695386 1.50743439 1.50791478 1.50839503
 1.50887515 1.50935513 1.50983498 1.51031469 1.51079426 1.5112737
 1.511753   1.51223216 1.51271119 1.51319008 1.51366884 1.51414746
 1.51462594 1.51510429 1.5155825  1.51606057 1.51653851 1.51701632
 1.51749399 1.51797152 1.51844892 1.51892618 1.5194033  1.51988029
 1.52035715 1.52083387 1.52131045 1.5217869  1.52226321 1.52273939
 1.52321543 1.52369134 1.52416712 1.52464275 1.52511826 1.52559362
 1.52606886 1.52654395 1.52701892 1.52749374 1.52796844 1.528443
 1.52891742 1.52939171 1.52986587 1.53033989 1.53081377 1.53128752
 1.53176114 1.53223463 1.53270797 1.53318119 1.53365427 1.53412721
 1.53460003 1.53507271 1.53554525 1.53601766 1.53648994 1.53696208
 1.53743409 1.53790596 1.5383777  1.53884931 1.53932078 1.53979212
 1.54026333 1.5407344  1.54120534 1.54167615 1.54214682 1.54261736
 1.54308777 1.54355804 1.54402818 1.54449819 1.54496806 1.5454378
 1.54590741 1.54637688 1.54684623 1.54731544 1.54778451 1.54825345
 1.54872227 1.54919094 1.54965949 1.5501279  1.55059618 1.55106433
 1.55153234 1.55200023 1.55246798 1.55293559 1.55340308 1.55387043
 1.55433766 1.55480474 1.5552717  1.55573853 1.55620522 1.55667178
 1.55713821 1.55760451 1.55807067 1.55853671 1.55900261 1.55946838
 1.55993402 1.56039952 1.5608649  1.56133014 1.56179526 1.56226024
 1.56272509 1.5631898  1.56365439 1.56411885 1.56458317 1.56504737
 1.56551143 1.56597536 1.56643916 1.56690283 1.56736637 1.56782977
 1.56829305 1.5687562  1.56921921 1.5696821  1.57014485 1.57060747
 1.57106996 1.57153233 1.57199456 1.57245666 1.57291863 1.57338047
 1.57384218 1.57430376 1.57476521 1.57522653 1.57568771 1.57614877
 1.5766097  1.5770705  1.57753117 1.57799171 1.57845212 1.5789124
 1.57937255 1.57983256 1.58029245 1.58075221 1.58121185 1.58167135
 1.58213072 1.58258996 1.58304907 1.58350806 1.58396691 1.58442563
 1.58488423 1.58534269 1.58580103 1.58625924 1.58671732 1.58717527
 1.58763309 1.58809078 1.58854834 1.58900578 1.58946308 1.58992026
 1.5903773  1.59083422 1.59129101 1.59174767 1.59220421 1.59266061
 1.59311689 1.59357303 1.59402905 1.59448494 1.59494071 1.59539634
 1.59585185 1.59630722 1.59676247 1.59721759 1.59767259 1.59812745
 1.59858219 1.5990368  1.59949128 1.59994563 1.60039986 1.60085396
 1.60130793 1.60176177 1.60221549 1.60266907 1.60312253 1.60357587
 1.60402907 1.60448215 1.6049351  1.60538792 1.60584062 1.60629318
 1.60674563 1.60719794 1.60765013 1.60810219 1.60855412 1.60900593
 1.6094576  1.60990916 1.61036058 1.61081188 1.61126305 1.6117141
 1.61216501 1.6126158  1.61306647 1.61351701 1.61396742 1.6144177
 1.61486786 1.6153179  1.6157678  1.61621758 1.61666724 1.61711676
 1.61756616 1.61801544 1.61846459 1.61891361 1.61936251 1.61981128
 1.62025992 1.62070844 1.62115684 1.6216051  1.62205324 1.62250126
 1.62294915 1.62339691 1.62384455 1.62429207 1.62473946 1.62518672
 1.62563385 1.62608087 1.62652775 1.62697451 1.62742115 1.62786766
 1.62831405 1.62876031 1.62920644 1.62965245 1.63009834 1.6305441
 1.63098973 1.63143524 1.63188063 1.63232589 1.63277102 1.63321603
 1.63366092 1.63410568 1.63455032 1.63499483 1.63543922 1.63588348
 1.63632762 1.63677164 1.63721553 1.6376593  1.63810294 1.63854646
 1.63898985 1.63943312 1.63987626 1.64031929 1.64076218 1.64120496
 1.64164761 1.64209013 1.64253253 1.64297481 1.64341696 1.64385899
 1.6443009  1.64474268 1.64518434 1.64562588 1.64606729 1.64650858
 1.64694975 1.64739079 1.64783171 1.6482725  1.64871317 1.64915372
 1.64959415 1.65003445 1.65047463 1.65091469 1.65135462 1.65179443
 1.65223412 1.65267368 1.65311312 1.65355244 1.65399164 1.65443071
 1.65486966 1.65530849 1.6557472  1.65618578 1.65662424 1.65706258
 1.65750079 1.65793888 1.65837685 1.6588147  1.65925243 1.65969003
 1.66012751 1.66056487 1.66100211 1.66143922 1.66187622 1.66231309
 1.66274983 1.66318646 1.66362297 1.66405935 1.66449561 1.66493175
 1.66536777 1.66580366 1.66623944 1.66667509 1.66711062 1.66754603
 1.66798132 1.66841649 1.66885153 1.66928645 1.66972126 1.67015594
 1.6705905  1.67102494 1.67145925 1.67189345 1.67232753 1.67276148
 1.67319531 1.67362903 1.67406262 1.67449609 1.67492944 1.67536267
 1.67579577 1.67622876 1.67666163 1.67709437 1.677527   1.6779595
 1.67839189 1.67882415 1.67925629 1.67968832 1.68012022 1.680552
 1.68098366 1.6814152  1.68184662 1.68227793 1.68270911 1.68314017
 1.68357111 1.68400193 1.68443263 1.68486321 1.68529367 1.68572401
 1.68615423 1.68658433 1.68701431 1.68744418 1.68787392 1.68830354
 1.68873304 1.68916243 1.68959169 1.69002084 1.69044986 1.69087877
 1.69130755 1.69173622 1.69216477 1.69259319 1.6930215  1.69344969
 1.69387776 1.69430571 1.69473355 1.69516126 1.69558886 1.69601633
 1.69644369 1.69687093 1.69729804 1.69772504 1.69815193 1.69857869
 1.69900533 1.69943186 1.69985827 1.70028455 1.70071072 1.70113678
 1.70156271 1.70198852 1.70241422 1.7028398  1.70326526 1.7036906
 1.70411582 1.70454093 1.70496591 1.70539078 1.70581553 1.70624016
 1.70666468 1.70708908 1.70751335 1.70793752 1.70836156 1.70878548
 1.70920929 1.70963298 1.71005655 1.71048001 1.71090334 1.71132656
 1.71174967 1.71217265 1.71259552 1.71301827 1.7134409  1.71386341
 1.71428581 1.71470809 1.71513026 1.7155523  1.71597423 1.71639604
 1.71681774 1.71723931 1.71766078 1.71808212 1.71850335 1.71892446
 1.71934545 1.71976632 1.72018708 1.72060773 1.72102825 1.72144866
 1.72186896 1.72228913 1.72270919 1.72312913 1.72354896 1.72396867
 1.72438827 1.72480774 1.72522711 1.72564635 1.72606548 1.72648449
 1.72690339 1.72732217 1.72774083 1.72815938 1.72857781 1.72899613
 1.72941433 1.72983241 1.73025038 1.73066824 1.73108597 1.73150359
 1.7319211  1.73233849 1.73275576 1.73317292 1.73358996 1.73400689
 1.7344237  1.7348404  1.73525698 1.73567345 1.7360898  1.73650603
 1.73692215 1.73733816 1.73775405 1.73816982 1.73858548 1.73900102
 1.73941645 1.73983177 1.74024697 1.74066205 1.74107702 1.74149187
 1.74190661 1.74232124 1.74273575 1.74315014 1.74356442 1.74397859
 1.74439264 1.74480658 1.7452204  1.74563411 1.7460477  1.74646118
 1.74687454 1.74728779 1.74770093 1.74811395 1.74852686 1.74893965
 1.74935233 1.7497649  1.75017735 1.75058968 1.75100191 1.75141401
 1.75182601 1.75223789 1.75264966 1.75306131 1.75347285 1.75388427
 1.75429559 1.75470678 1.75511787 1.75552884 1.7559397  1.75635044
 1.75676107 1.75717159 1.75758199 1.75799228 1.75840246 1.75881252
 1.75922247 1.75963231 1.76004203 1.76045164 1.76086114 1.76127052
 1.76167979 1.76208895 1.76249799 1.76290692 1.76331574 1.76372445
 1.76413304 1.76454152 1.76494989 1.76535814 1.76576629 1.76617432
 1.76658223 1.76699004 1.76739773 1.76780531 1.76821277 1.76862013
 1.76902737 1.7694345  1.76984151 1.77024842 1.77065521 1.77106189
 1.77146846 1.77187491 1.77228125 1.77268749 1.77309361 1.77349961
 1.77390551 1.77431129 1.77471696 1.77512252 1.77552797 1.7759333
 1.77633853 1.77674364 1.77714864 1.77755353 1.7779583  1.77836297
 1.77876752 1.77917196 1.77957629 1.77998051 1.78038462 1.78078862
 1.7811925  1.78159627 1.78199994 1.78240349 1.78280693 1.78321025
 1.78361347 1.78401658 1.78441957 1.78482246 1.78522523 1.78562789
 1.78603044 1.78643288 1.78683521 1.78723743 1.78763954 1.78804153
 1.78844342 1.78884519 1.78924686 1.78964841 1.79004985 1.79045119
 1.79085241 1.79125352 1.79165452 1.79205541 1.79245619 1.79285686
 1.79325742 1.79365787 1.79405821 1.79445844 1.79485856 1.79525857
 1.79565846 1.79605825 1.79645793 1.7968575  1.79725696 1.7976563
 1.79805554 1.79845467 1.79885369 1.7992526  1.7996514  1.80005009
 1.80044866 1.80084713 1.80124549 1.80164374 1.80204189 1.80243992
 1.80283784 1.80323565 1.80363335 1.80403095 1.80442843 1.80482581
 1.80522307 1.80562023 1.80601727 1.80641421 1.80681104 1.80720776
 1.80760437 1.80800087 1.80839726 1.80879355 1.80918972 1.80958579
 1.80998174 1.81037759 1.81077333 1.81116896 1.81156448 1.81195989
 1.81235519 1.81275039 1.81314548 1.81354045 1.81393532 1.81433008
 1.81472474 1.81511928 1.81551371 1.81590804 1.81630226 1.81669637
 1.81709037 1.81748427 1.81787805 1.81827173 1.8186653  1.81905876
 1.81945211 1.81984536 1.82023849 1.82063152 1.82102444 1.82141726
 1.82180996 1.82220256 1.82259505 1.82298743 1.8233797  1.82377187
 1.82416393 1.82455588 1.82494772 1.82533946 1.82573108 1.8261226
 1.82651402 1.82690532 1.82729652 1.82768761 1.82807859 1.82846947
 1.82886024 1.8292509  1.82964145 1.8300319  1.83042224 1.83081247
 1.8312026  1.83159262 1.83198253 1.83237233 1.83276203 1.83315162
 1.8335411  1.83393048 1.83431975 1.83470891 1.83509797 1.83548692
 1.83587576 1.8362645  1.83665313 1.83704165 1.83743007 1.83781838
 1.83820658 1.83859468 1.83898267 1.83937055 1.83975833 1.840146
 1.84053357 1.84092103 1.84130838 1.84169562]
t = [1.08649110e+09 1.08649111e+09 1.08649113e+09 1.08649114e+09
 1.08649116e+09 1.08649117e+09 1.08649118e+09 1.08649120e+09
 1.08649121e+09 1.08649122e+09 1.08649124e+09 1.08649125e+09
 1.08649127e+09 1.08649128e+09 1.08649129e+09 1.08649131e+09
 1.08649132e+09 1.08649134e+09 1.08649135e+09 1.08649136e+09
 1.08649138e+09 1.08649139e+09 1.08649140e+09 1.08649142e+09
 1.08649143e+09 1.08649145e+09 1.08649146e+09 1.08649147e+09
 1.08649149e+09 1.08649150e+09 1.08649151e+09 1.08649153e+09
 1.08649154e+09 1.08649156e+09 1.08649157e+09 1.08649158e+09
 1.08649160e+09 1.08649161e+09 1.08649163e+09 1.08649164e+09
 1.08649165e+09 1.08649167e+09 1.08649168e+09 1.08649169e+09
 1.08649171e+09 1.08649172e+09 1.08649174e+09 1.08649175e+09
 1.08649176e+09 1.08649178e+09 1.08649179e+09 1.08649180e+09
 1.08649182e+09 1.08649183e+09 1.08649185e+09 1.08649186e+09
 1.08649187e+09 1.08649189e+09 1.08649190e+09 1.08649192e+09
 1.08649193e+09 1.08649194e+09 1.08649196e+09 1.08649197e+09
 1.08649198e+09 1.08649200e+09 1.08649201e+09 1.08649203e+09
 1.08649204e+09 1.08649205e+09 1.08649207e+09 1.08649208e+09
 1.08649209e+09 1.08649211e+09 1.08649212e+09 1.08649214e+09
 1.08649215e+09 1.08649216e+09 1.08649218e+09 1.08649219e+09
 1.08649221e+09 1.08649222e+09 1.08649223e+09 1.08649225e+09
 1.08649226e+09 1.08649227e+09 1.08649229e+09 1.08649230e+09
 1.08649232e+09 1.08649233e+09 1.08649234e+09 1.08649236e+09
 1.08649237e+09 1.08649238e+09 1.08649240e+09 1.08649241e+09
 1.08649243e+09 1.08649244e+09 1.08649245e+09 1.08649247e+09
 1.08649248e+09 1.08649250e+09 1.08649251e+09 1.08649252e+09
 1.08649254e+09 1.08649255e+09 1.08649256e+09 1.08649258e+09
 1.08649259e+09 1.08649261e+09 1.08649262e+09 1.08649263e+09
 1.08649265e+09 1.08649266e+09 1.08649267e+09 1.08649269e+09
 1.08649270e+09 1.08649272e+09 1.08649273e+09 1.08649274e+09
 1.08649276e+09 1.08649277e+09 1.08649279e+09 1.08649280e+09
 1.08649281e+09 1.08649283e+09 1.08649284e+09 1.08649285e+09
 1.08649287e+09 1.08649288e+09 1.08649290e+09 1.08649291e+09
 1.08649292e+09 1.08649294e+09 1.08649295e+09 1.08649297e+09
 1.08649298e+09 1.08649299e+09 1.08649301e+09 1.08649302e+09
 1.08649303e+09 1.08649305e+09 1.08649306e+09 1.08649308e+09
 1.08649309e+09 1.08649310e+09 1.08649312e+09 1.08649313e+09
 1.08649314e+09 1.08649316e+09 1.08649317e+09 1.08649319e+09
 1.08649320e+09 1.08649321e+09 1.08649323e+09 1.08649324e+09
 1.08649326e+09 1.08649327e+09 1.08649328e+09 1.08649330e+09
 1.08649331e+09 1.08649332e+09 1.08649334e+09 1.08649335e+09
 1.08649337e+09 1.08649338e+09 1.08649339e+09 1.08649341e+09
 1.08649342e+09 1.08649343e+09 1.08649345e+09 1.08649346e+09
 1.08649348e+09 1.08649349e+09 1.08649350e+09 1.08649352e+09
 1.08649353e+09 1.08649355e+09 1.08649356e+09 1.08649357e+09
 1.08649359e+09 1.08649360e+09 1.08649361e+09 1.08649363e+09
 1.08649364e+09 1.08649366e+09 1.08649367e+09 1.08649368e+09
 1.08649370e+09 1.08649371e+09 1.08649372e+09 1.08649374e+09
 1.08649375e+09 1.08649377e+09 1.08649378e+09 1.08649379e+09
 1.08649381e+09 1.08649382e+09 1.08649384e+09 1.08649385e+09
 1.08649386e+09 1.08649388e+09 1.08649389e+09 1.08649390e+09
 1.08649392e+09 1.08649393e+09 1.08649395e+09 1.08649396e+09
 1.08649397e+09 1.08649399e+09 1.08649400e+09 1.08649401e+09
 1.08649403e+09 1.08649404e+09 1.08649406e+09 1.08649407e+09
 1.08649408e+09 1.08649410e+09 1.08649411e+09 1.08649413e+09
 1.08649414e+09 1.08649415e+09 1.08649417e+09 1.08649418e+09
 1.08649419e+09 1.08649421e+09 1.08649422e+09 1.08649424e+09
 1.08649425e+09 1.08649426e+09 1.08649428e+09 1.08649429e+09
 1.08649430e+09 1.08649432e+09 1.08649433e+09 1.08649435e+09
 1.08649436e+09 1.08649437e+09 1.08649439e+09 1.08649440e+09
 1.08649442e+09 1.08649443e+09 1.08649444e+09 1.08649446e+09
 1.08649447e+09 1.08649448e+09 1.08649450e+09 1.08649451e+09
 1.08649453e+09 1.08649454e+09 1.08649455e+09 1.08649457e+09
 1.08649458e+09 1.08649460e+09 1.08649461e+09 1.08649462e+09
 1.08649464e+09 1.08649465e+09 1.08649466e+09 1.08649468e+09
 1.08649469e+09 1.08649471e+09 1.08649472e+09 1.08649473e+09
 1.08649475e+09 1.08649476e+09 1.08649477e+09 1.08649479e+09
 1.08649480e+09 1.08649482e+09 1.08649483e+09 1.08649484e+09
 1.08649486e+09 1.08649487e+09 1.08649489e+09 1.08649490e+09
 1.08649491e+09 1.08649493e+09 1.08649494e+09 1.08649495e+09
 1.08649497e+09 1.08649498e+09 1.08649500e+09 1.08649501e+09
 1.08649502e+09 1.08649504e+09 1.08649505e+09 1.08649506e+09
 1.08649508e+09 1.08649509e+09 1.08649511e+09 1.08649512e+09
 1.08649513e+09 1.08649515e+09 1.08649516e+09 1.08649518e+09
 1.08649519e+09 1.08649520e+09 1.08649522e+09 1.08649523e+09
 1.08649524e+09 1.08649526e+09 1.08649527e+09 1.08649529e+09
 1.08649530e+09 1.08649531e+09 1.08649533e+09 1.08649534e+09
 1.08649535e+09 1.08649537e+09 1.08649538e+09 1.08649540e+09
 1.08649541e+09 1.08649542e+09 1.08649544e+09 1.08649545e+09
 1.08649547e+09 1.08649548e+09 1.08649549e+09 1.08649551e+09
 1.08649552e+09 1.08649553e+09 1.08649555e+09 1.08649556e+09
 1.08649558e+09 1.08649559e+09 1.08649560e+09 1.08649562e+09
 1.08649563e+09 1.08649564e+09 1.08649566e+09 1.08649567e+09
 1.08649569e+09 1.08649570e+09 1.08649571e+09 1.08649573e+09
 1.08649574e+09 1.08649576e+09 1.08649577e+09 1.08649578e+09
 1.08649580e+09 1.08649581e+09 1.08649582e+09 1.08649584e+09
 1.08649585e+09 1.08649587e+09 1.08649588e+09 1.08649589e+09
 1.08649591e+09 1.08649592e+09 1.08649594e+09 1.08649595e+09
 1.08649596e+09 1.08649598e+09 1.08649599e+09 1.08649600e+09
 1.08649602e+09 1.08649603e+09 1.08649605e+09 1.08649606e+09
 1.08649607e+09 1.08649609e+09 1.08649610e+09 1.08649611e+09
 1.08649613e+09 1.08649614e+09 1.08649616e+09 1.08649617e+09
 1.08649618e+09 1.08649620e+09 1.08649621e+09 1.08649623e+09
 1.08649624e+09 1.08649625e+09 1.08649627e+09 1.08649628e+09
 1.08649629e+09 1.08649631e+09 1.08649632e+09 1.08649634e+09
 1.08649635e+09 1.08649636e+09 1.08649638e+09 1.08649639e+09
 1.08649640e+09 1.08649642e+09 1.08649643e+09 1.08649645e+09
 1.08649646e+09 1.08649647e+09 1.08649649e+09 1.08649650e+09
 1.08649652e+09 1.08649653e+09 1.08649654e+09 1.08649656e+09
 1.08649657e+09 1.08649658e+09 1.08649660e+09 1.08649661e+09
 1.08649663e+09 1.08649664e+09 1.08649665e+09 1.08649667e+09
 1.08649668e+09 1.08649669e+09 1.08649671e+09 1.08649672e+09
 1.08649674e+09 1.08649675e+09 1.08649676e+09 1.08649678e+09
 1.08649679e+09 1.08649681e+09 1.08649682e+09 1.08649683e+09
 1.08649685e+09 1.08649686e+09 1.08649687e+09 1.08649689e+09
 1.08649690e+09 1.08649692e+09 1.08649693e+09 1.08649694e+09
 1.08649696e+09 1.08649697e+09 1.08649698e+09 1.08649700e+09
 1.08649701e+09 1.08649703e+09 1.08649704e+09 1.08649705e+09
 1.08649707e+09 1.08649708e+09 1.08649710e+09 1.08649711e+09
 1.08649712e+09 1.08649714e+09 1.08649715e+09 1.08649716e+09
 1.08649718e+09 1.08649719e+09 1.08649721e+09 1.08649722e+09
 1.08649723e+09 1.08649725e+09 1.08649726e+09 1.08649727e+09
 1.08649729e+09 1.08649730e+09 1.08649732e+09 1.08649733e+09
 1.08649734e+09 1.08649736e+09 1.08649737e+09 1.08649739e+09
 1.08649740e+09 1.08649741e+09 1.08649743e+09 1.08649744e+09
 1.08649745e+09 1.08649747e+09 1.08649748e+09 1.08649750e+09
 1.08649751e+09 1.08649752e+09 1.08649754e+09 1.08649755e+09
 1.08649757e+09 1.08649758e+09 1.08649759e+09 1.08649761e+09
 1.08649762e+09 1.08649763e+09 1.08649765e+09 1.08649766e+09
 1.08649768e+09 1.08649769e+09 1.08649770e+09 1.08649772e+09
 1.08649773e+09 1.08649774e+09 1.08649776e+09 1.08649777e+09
 1.08649779e+09 1.08649780e+09 1.08649781e+09 1.08649783e+09
 1.08649784e+09 1.08649786e+09 1.08649787e+09 1.08649788e+09
 1.08649790e+09 1.08649791e+09 1.08649792e+09 1.08649794e+09
 1.08649795e+09 1.08649797e+09 1.08649798e+09 1.08649799e+09
 1.08649801e+09 1.08649802e+09 1.08649803e+09 1.08649805e+09
 1.08649806e+09 1.08649808e+09 1.08649809e+09 1.08649810e+09
 1.08649812e+09 1.08649813e+09 1.08649815e+09 1.08649816e+09
 1.08649817e+09 1.08649819e+09 1.08649820e+09 1.08649821e+09
 1.08649823e+09 1.08649824e+09 1.08649826e+09 1.08649827e+09
 1.08649828e+09 1.08649830e+09 1.08649831e+09 1.08649832e+09
 1.08649834e+09 1.08649835e+09 1.08649837e+09 1.08649838e+09
 1.08649839e+09 1.08649841e+09 1.08649842e+09 1.08649844e+09
 1.08649845e+09 1.08649846e+09 1.08649848e+09 1.08649849e+09
 1.08649850e+09 1.08649852e+09 1.08649853e+09 1.08649855e+09
 1.08649856e+09 1.08649857e+09 1.08649859e+09 1.08649860e+09
 1.08649861e+09 1.08649863e+09 1.08649864e+09 1.08649866e+09
 1.08649867e+09 1.08649868e+09 1.08649870e+09 1.08649871e+09
 1.08649873e+09 1.08649874e+09 1.08649875e+09 1.08649877e+09
 1.08649878e+09 1.08649879e+09 1.08649881e+09 1.08649882e+09
 1.08649884e+09 1.08649885e+09 1.08649886e+09 1.08649888e+09
 1.08649889e+09 1.08649890e+09 1.08649892e+09 1.08649893e+09
 1.08649895e+09 1.08649896e+09 1.08649897e+09 1.08649899e+09
 1.08649900e+09 1.08649902e+09 1.08649903e+09 1.08649904e+09
 1.08649906e+09 1.08649907e+09 1.08649908e+09 1.08649910e+09
 1.08649911e+09 1.08649913e+09 1.08649914e+09 1.08649915e+09
 1.08649917e+09 1.08649918e+09 1.08649920e+09 1.08649921e+09
 1.08649922e+09 1.08649924e+09 1.08649925e+09 1.08649926e+09
 1.08649928e+09 1.08649929e+09 1.08649931e+09 1.08649932e+09
 1.08649933e+09 1.08649935e+09 1.08649936e+09 1.08649937e+09
 1.08649939e+09 1.08649940e+09 1.08649942e+09 1.08649943e+09
 1.08649944e+09 1.08649946e+09 1.08649947e+09 1.08649949e+09
 1.08649950e+09 1.08649951e+09 1.08649953e+09 1.08649954e+09
 1.08649955e+09 1.08649957e+09 1.08649958e+09 1.08649960e+09
 1.08649961e+09 1.08649962e+09 1.08649964e+09 1.08649965e+09
 1.08649966e+09 1.08649968e+09 1.08649969e+09 1.08649971e+09
 1.08649972e+09 1.08649973e+09 1.08649975e+09 1.08649976e+09
 1.08649978e+09 1.08649979e+09 1.08649980e+09 1.08649982e+09
 1.08649983e+09 1.08649984e+09 1.08649986e+09 1.08649987e+09
 1.08649989e+09 1.08649990e+09 1.08649991e+09 1.08649993e+09
 1.08649994e+09 1.08649995e+09 1.08649997e+09 1.08649998e+09
 1.08650000e+09 1.08650001e+09 1.08650002e+09 1.08650004e+09
 1.08650005e+09 1.08650007e+09 1.08650008e+09 1.08650009e+09
 1.08650011e+09 1.08650012e+09 1.08650013e+09 1.08650015e+09
 1.08650016e+09 1.08650018e+09 1.08650019e+09 1.08650020e+09
 1.08650022e+09 1.08650023e+09 1.08650024e+09 1.08650026e+09
 1.08650027e+09 1.08650029e+09 1.08650030e+09 1.08650031e+09
 1.08650033e+09 1.08650034e+09 1.08650036e+09 1.08650037e+09
 1.08650038e+09 1.08650040e+09 1.08650041e+09 1.08650042e+09
 1.08650044e+09 1.08650045e+09 1.08650047e+09 1.08650048e+09
 1.08650049e+09 1.08650051e+09 1.08650052e+09 1.08650054e+09
 1.08650055e+09 1.08650056e+09 1.08650058e+09 1.08650059e+09
 1.08650060e+09 1.08650062e+09 1.08650063e+09 1.08650065e+09
 1.08650066e+09 1.08650067e+09 1.08650069e+09 1.08650070e+09
 1.08650071e+09 1.08650073e+09 1.08650074e+09 1.08650076e+09
 1.08650077e+09 1.08650078e+09 1.08650080e+09 1.08650081e+09
 1.08650083e+09 1.08650084e+09 1.08650085e+09 1.08650087e+09
 1.08650088e+09 1.08650089e+09 1.08650091e+09 1.08650092e+09
 1.08650094e+09 1.08650095e+09 1.08650096e+09 1.08650098e+09
 1.08650099e+09 1.08650100e+09 1.08650102e+09 1.08650103e+09
 1.08650105e+09 1.08650106e+09 1.08650107e+09 1.08650109e+09
 1.08650110e+09 1.08650112e+09 1.08650113e+09 1.08650114e+09
 1.08650116e+09 1.08650117e+09 1.08650118e+09 1.08650120e+09
 1.08650121e+09 1.08650123e+09 1.08650124e+09 1.08650125e+09
 1.08650127e+09 1.08650128e+09 1.08650129e+09 1.08650131e+09
 1.08650132e+09 1.08650134e+09 1.08650135e+09 1.08650136e+09
 1.08650138e+09 1.08650139e+09 1.08650141e+09 1.08650142e+09
 1.08650143e+09 1.08650145e+09 1.08650146e+09 1.08650147e+09
 1.08650149e+09 1.08650150e+09 1.08650152e+09 1.08650153e+09
 1.08650154e+09 1.08650156e+09 1.08650157e+09 1.08650158e+09
 1.08650160e+09 1.08650161e+09 1.08650163e+09 1.08650164e+09
 1.08650165e+09 1.08650167e+09 1.08650168e+09 1.08650170e+09
 1.08650171e+09 1.08650172e+09 1.08650174e+09 1.08650175e+09
 1.08650176e+09 1.08650178e+09 1.08650179e+09 1.08650181e+09
 1.08650182e+09 1.08650183e+09 1.08650185e+09 1.08650186e+09
 1.08650187e+09 1.08650189e+09 1.08650190e+09 1.08650192e+09
 1.08650193e+09 1.08650194e+09 1.08650196e+09 1.08650197e+09
 1.08650199e+09 1.08650200e+09 1.08650201e+09 1.08650203e+09
 1.08650204e+09 1.08650205e+09 1.08650207e+09 1.08650208e+09
 1.08650210e+09 1.08650211e+09 1.08650212e+09 1.08650214e+09
 1.08650215e+09 1.08650217e+09 1.08650218e+09 1.08650219e+09
 1.08650221e+09 1.08650222e+09 1.08650223e+09 1.08650225e+09
 1.08650226e+09 1.08650228e+09 1.08650229e+09 1.08650230e+09
 1.08650232e+09 1.08650233e+09 1.08650234e+09 1.08650236e+09
 1.08650237e+09 1.08650239e+09 1.08650240e+09 1.08650241e+09
 1.08650243e+09 1.08650244e+09 1.08650246e+09 1.08650247e+09
 1.08650248e+09 1.08650250e+09 1.08650251e+09 1.08650252e+09
 1.08650254e+09 1.08650255e+09 1.08650257e+09 1.08650258e+09
 1.08650259e+09 1.08650261e+09 1.08650262e+09 1.08650263e+09
 1.08650265e+09 1.08650266e+09 1.08650268e+09 1.08650269e+09
 1.08650270e+09 1.08650272e+09 1.08650273e+09 1.08650275e+09
 1.08650276e+09 1.08650277e+09 1.08650279e+09 1.08650280e+09
 1.08650281e+09 1.08650283e+09 1.08650284e+09 1.08650286e+09
 1.08650287e+09 1.08650288e+09 1.08650290e+09 1.08650291e+09
 1.08650292e+09 1.08650294e+09 1.08650295e+09 1.08650297e+09
 1.08650298e+09 1.08650299e+09 1.08650301e+09 1.08650302e+09
 1.08650304e+09 1.08650305e+09 1.08650306e+09 1.08650308e+09
 1.08650309e+09 1.08650310e+09 1.08650312e+09 1.08650313e+09
 1.08650315e+09 1.08650316e+09 1.08650317e+09 1.08650319e+09
 1.08650320e+09 1.08650321e+09 1.08650323e+09 1.08650324e+09
 1.08650326e+09 1.08650327e+09 1.08650328e+09 1.08650330e+09
 1.08650331e+09 1.08650333e+09 1.08650334e+09 1.08650335e+09
 1.08650337e+09 1.08650338e+09 1.08650339e+09 1.08650341e+09
 1.08650342e+09 1.08650344e+09 1.08650345e+09 1.08650346e+09
 1.08650348e+09 1.08650349e+09 1.08650350e+09 1.08650352e+09
 1.08650353e+09 1.08650355e+09 1.08650356e+09 1.08650357e+09
 1.08650359e+09 1.08650360e+09 1.08650362e+09 1.08650363e+09
 1.08650364e+09 1.08650366e+09 1.08650367e+09 1.08650368e+09
 1.08650370e+09 1.08650371e+09 1.08650373e+09 1.08650374e+09
 1.08650375e+09 1.08650377e+09 1.08650378e+09 1.08650380e+09
 1.08650381e+09 1.08650382e+09 1.08650384e+09 1.08650385e+09
 1.08650386e+09 1.08650388e+09 1.08650389e+09 1.08650391e+09
 1.08650392e+09 1.08650393e+09 1.08650395e+09 1.08650396e+09
 1.08650397e+09 1.08650399e+09 1.08650400e+09 1.08650402e+09
 1.08650403e+09 1.08650404e+09 1.08650406e+09 1.08650407e+09
 1.08650409e+09 1.08650410e+09 1.08650411e+09 1.08650413e+09
 1.08650414e+09 1.08650415e+09 1.08650417e+09 1.08650418e+09
 1.08650420e+09 1.08650421e+09 1.08650422e+09 1.08650424e+09
 1.08650425e+09 1.08650426e+09 1.08650428e+09 1.08650429e+09
 1.08650431e+09 1.08650432e+09 1.08650433e+09 1.08650435e+09
 1.08650436e+09 1.08650438e+09 1.08650439e+09 1.08650440e+09
 1.08650442e+09 1.08650443e+09 1.08650444e+09 1.08650446e+09
 1.08650447e+09 1.08650449e+09 1.08650450e+09 1.08650451e+09
 1.08650453e+09 1.08650454e+09 1.08650455e+09 1.08650457e+09
 1.08650458e+09 1.08650460e+09 1.08650461e+09 1.08650462e+09
 1.08650464e+09 1.08650465e+09 1.08650467e+09 1.08650468e+09
 1.08650469e+09 1.08650471e+09 1.08650472e+09 1.08650473e+09
 1.08650475e+09 1.08650476e+09 1.08650478e+09 1.08650479e+09
 1.08650480e+09 1.08650482e+09 1.08650483e+09 1.08650484e+09
 1.08650486e+09 1.08650487e+09 1.08650489e+09 1.08650490e+09]
minRes = 1.3957807958833512
minResTime = [1.0864911e+09]
Cov(t) = [100 100 100 100 100 100 100 100 100 100 100 100 100 100 100 100 100 100
 100 100 100 100 100 100 100 100 100 100 100 100 100 100 100 100 100 100
 100 100 100 100 100 100 100 100 100 100 100 100 100 100 100 100 100 100
 100 100 100 100 100 100 100 100 100 100 100 100 100 100 100 100 100 100
 100 100 100 100 100 100 100 100 100 100 100 100 100 100 100 100 100 100
 100 100 100 100 100 100 100 100 100 100 100 100 100 100 100 100 100 100
 100 100 100 100 100 100 100 100 100 100 100 100 100 100 100 100 100 100
 100 100 100 100 100 100 100 100 100 100 100 100 100 100 100 100 100 100
 100 100 100 100 100 100 100 100 100 100 100 100 100 100 100 100 100 100
 100 100 100 100 100 100 100 100 100 100 100 100 100 100 100 100 100 100
 100 100 100 100 100 100 100 100 100 100 100 100 100 100 100 100 100 100
 100 100 100 100 100 100 100 100 100 100 100 100 100 100 100 100 100 100
 100 100 100 100 100 100 100 100 100 100 100 100 100 100 100 100 100 100
 100 100 100 100 100 100 100 100 100 100 100 100 100 100 100 100 100 100
 100 100 100 100 100 100 100 100 100 100 100 100 100 100 100 100 100 100
 100 100 100 100 100 100 100 100 100 100 100 100 100 100 100 100 100 100
 100 100 100 100 100 100 100 100 100 100 100 100 100 100 100 100 100 100
 100 100 100 100 100 100 100 100 100 100 100 100 100 100 100 100 100 100
 100 100 100 100 100 100 100 100 100 100 100 100 100 100 100 100 100 100
 100 100 100 100 100 100 100 100 100 100 100 100 100 100 100 100 100 100
 100 100 100 100 100 100 100 100 100 100 100 100 100 100 100 100 100 100
 100 100 100 100 100 100 100 100 100 100 100 100 100 100 100 100 100 100
 100 100 100 100 100 100 100 100 100 100 100 100 100 100 100 100 100 100
 100 100 100 100 100 100 100 100 100 100 100 100 100 100 100 100 100 100
 100 100 100 100 100 100 100 100 100 100 100 100 100 100 100 100 100 100
 100 100 100 100 100 100 100 100 100 100 100 100 100 100 100 100 100 100
 100 100 100 100 100 100 100 100 100 100 100 100 100 100 100 100 100 100
 100 100 100 100 100 100 100 100 100 100 100 100 100 100 100 100 100 100
 100 100 100 100 100 100 100 100 100 100 100 100 100 100 100 100 100 100
 100 100 100 100 100 100 100 100 100 100 100 100 100 100 100 100 100 100
 100 100 100 100 100 100 100 100 100 100 100 100 100 100 100 100 100 100
 100 100 100 100 100 100 100 100 100 100 100 100 100 100 100 100 100 100
 100 100 100 100 100 100 100 100 100 100 100 100 100 100 100 100 100 100
 100 100 100 100 100 100 100 100 100 100 100 100 100 100 100 100 100 100
 100 100 100 100 100 100 100 100 100 100 100 100 100 100 100 100 100 100
 100 100 100 100 100 100 100 100 100 100 100 100 100 100 100 100 100 100
 100 100 100 100 100 100 100 100 100 100 100 100 100 100 100 100 100 100
 100 100 100 100 100 100 100 100 100 100 100 100 100 100 100 100 100 100
 100 100 100 100 100 100 100 100 100 100 100 100 100 100 100 100 100 100
 100 100 100 100 100 100 100 100 100 100 100 100 100 100 100 100 100 100
 100 100 100 100 100 100 100 100 100 100 100 100 100 100 100 100 100 100
 100 100 100 100 100 100 100 100 100 100 100 100 100 100 100 100 100 100
 100 100 100 100 100 100 100 100 100 100 100 100 100 100 100 100 100 100
 100 100 100 100 100 100 100 100 100 100 100 100 100 100 100 100 100 100
 100 100 100 100 100 100 100 100 100 100 100 100 100 100 100 100 100 100
 100 100 100 100 100 100 100 100 100 100 100 100 100 100 100 100 100 100
 100 100 100 100 100 100 100 100 100 100 100 100 100 100 100 100 100 100
 100 100 100 100 100 100 100 100 100 100 100 100 100 100 100 100 100 100
 100 100 100 100 100 100 100 100 100 100 100 100 100 100 100 100 100 100
 100 100 100 100 100 100 100 100 100 100 100 100 100 100 100 100 100 100
 100 100 100 100 100 100 100 100 100 100 100 100 100 100 100 100 100 100
 100 100 100 100 100 100 100 100 100 100 100 100 100 100 100 100 100 100
 100 100 100 100 100 100 100 100 100 100 100 100 100 100 100 100 100 100
 100 100 100 100 100 100 100 100 100 100 100 100 100 100 100 100 100 100
 100 100 100 100 100 100 100 100 100 100 100 100 100 100 100 100 100 100
 100 100 100 100 100 100 100 100 100 100]
maxCov = 100
maxCovTime = [1.08649110e+09 1.08649111e+09 1.08649113e+09 1.08649114e+09
 1.08649116e+09 1.08649117e+09 1.08649118e+09 1.08649120e+09
 1.08649121e+09 1.08649122e+09 1.08649124e+09 1.08649125e+09
 1.08649127e+09 1.08649128e+09 1.08649129e+09 1.08649131e+09
 1.08649132e+09 1.08649134e+09 1.08649135e+09 1.08649136e+09
 1.08649138e+09 1.08649139e+09 1.08649140e+09 1.08649142e+09
 1.08649143e+09 1.08649145e+09 1.08649146e+09 1.08649147e+09
 1.08649149e+09 1.08649150e+09 1.08649151e+09 1.08649153e+09
 1.08649154e+09 1.08649156e+09 1.08649157e+09 1.08649158e+09
 1.08649160e+09 1.08649161e+09 1.08649163e+09 1.08649164e+09
 1.08649165e+09 1.08649167e+09 1.08649168e+09 1.08649169e+09
 1.08649171e+09 1.08649172e+09 1.08649174e+09 1.08649175e+09
 1.08649176e+09 1.08649178e+09 1.08649179e+09 1.08649180e+09
 1.08649182e+09 1.08649183e+09 1.08649185e+09 1.08649186e+09
 1.08649187e+09 1.08649189e+09 1.08649190e+09 1.08649192e+09
 1.08649193e+09 1.08649194e+09 1.08649196e+09 1.08649197e+09
 1.08649198e+09 1.08649200e+09 1.08649201e+09 1.08649203e+09
 1.08649204e+09 1.08649205e+09 1.08649207e+09 1.08649208e+09
 1.08649209e+09 1.08649211e+09 1.08649212e+09 1.08649214e+09
 1.08649215e+09 1.08649216e+09 1.08649218e+09 1.08649219e+09
 1.08649221e+09 1.08649222e+09 1.08649223e+09 1.08649225e+09
 1.08649226e+09 1.08649227e+09 1.08649229e+09 1.08649230e+09
 1.08649232e+09 1.08649233e+09 1.08649234e+09 1.08649236e+09
 1.08649237e+09 1.08649238e+09 1.08649240e+09 1.08649241e+09
 1.08649243e+09 1.08649244e+09 1.08649245e+09 1.08649247e+09
 1.08649248e+09 1.08649250e+09 1.08649251e+09 1.08649252e+09
 1.08649254e+09 1.08649255e+09 1.08649256e+09 1.08649258e+09
 1.08649259e+09 1.08649261e+09 1.08649262e+09 1.08649263e+09
 1.08649265e+09 1.08649266e+09 1.08649267e+09 1.08649269e+09
 1.08649270e+09 1.08649272e+09 1.08649273e+09 1.08649274e+09
 1.08649276e+09 1.08649277e+09 1.08649279e+09 1.08649280e+09
 1.08649281e+09 1.08649283e+09 1.08649284e+09 1.08649285e+09
 1.08649287e+09 1.08649288e+09 1.08649290e+09 1.08649291e+09
 1.08649292e+09 1.08649294e+09 1.08649295e+09 1.08649297e+09
 1.08649298e+09 1.08649299e+09 1.08649301e+09 1.08649302e+09
 1.08649303e+09 1.08649305e+09 1.08649306e+09 1.08649308e+09
 1.08649309e+09 1.08649310e+09 1.08649312e+09 1.08649313e+09
 1.08649314e+09 1.08649316e+09 1.08649317e+09 1.08649319e+09
 1.08649320e+09 1.08649321e+09 1.08649323e+09 1.08649324e+09
 1.08649326e+09 1.08649327e+09 1.08649328e+09 1.08649330e+09
 1.08649331e+09 1.08649332e+09 1.08649334e+09 1.08649335e+09
 1.08649337e+09 1.08649338e+09 1.08649339e+09 1.08649341e+09
 1.08649342e+09 1.08649343e+09 1.08649345e+09 1.08649346e+09
 1.08649348e+09 1.08649349e+09 1.08649350e+09 1.08649352e+09
 1.08649353e+09 1.08649355e+09 1.08649356e+09 1.08649357e+09
 1.08649359e+09 1.08649360e+09 1.08649361e+09 1.08649363e+09
 1.08649364e+09 1.08649366e+09 1.08649367e+09 1.08649368e+09
 1.08649370e+09 1.08649371e+09 1.08649372e+09 1.08649374e+09
 1.08649375e+09 1.08649377e+09 1.08649378e+09 1.08649379e+09
 1.08649381e+09 1.08649382e+09 1.08649384e+09 1.08649385e+09
 1.08649386e+09 1.08649388e+09 1.08649389e+09 1.08649390e+09
 1.08649392e+09 1.08649393e+09 1.08649395e+09 1.08649396e+09
 1.08649397e+09 1.08649399e+09 1.08649400e+09 1.08649401e+09
 1.08649403e+09 1.08649404e+09 1.08649406e+09 1.08649407e+09
 1.08649408e+09 1.08649410e+09 1.08649411e+09 1.08649413e+09
 1.08649414e+09 1.08649415e+09 1.08649417e+09 1.08649418e+09
 1.08649419e+09 1.08649421e+09 1.08649422e+09 1.08649424e+09
 1.08649425e+09 1.08649426e+09 1.08649428e+09 1.08649429e+09
 1.08649430e+09 1.08649432e+09 1.08649433e+09 1.08649435e+09
 1.08649436e+09 1.08649437e+09 1.08649439e+09 1.08649440e+09
 1.08649442e+09 1.08649443e+09 1.08649444e+09 1.08649446e+09
 1.08649447e+09 1.08649448e+09 1.08649450e+09 1.08649451e+09
 1.08649453e+09 1.08649454e+09 1.08649455e+09 1.08649457e+09
 1.08649458e+09 1.08649460e+09 1.08649461e+09 1.08649462e+09
 1.08649464e+09 1.08649465e+09 1.08649466e+09 1.08649468e+09
 1.08649469e+09 1.08649471e+09 1.08649472e+09 1.08649473e+09
 1.08649475e+09 1.08649476e+09 1.08649477e+09 1.08649479e+09
 1.08649480e+09 1.08649482e+09 1.08649483e+09 1.08649484e+09
 1.08649486e+09 1.08649487e+09 1.08649489e+09 1.08649490e+09
 1.08649491e+09 1.08649493e+09 1.08649494e+09 1.08649495e+09
 1.08649497e+09 1.08649498e+09 1.08649500e+09 1.08649501e+09
 1.08649502e+09 1.08649504e+09 1.08649505e+09 1.08649506e+09
 1.08649508e+09 1.08649509e+09 1.08649511e+09 1.08649512e+09
 1.08649513e+09 1.08649515e+09 1.08649516e+09 1.08649518e+09
 1.08649519e+09 1.08649520e+09 1.08649522e+09 1.08649523e+09
 1.08649524e+09 1.08649526e+09 1.08649527e+09 1.08649529e+09
 1.08649530e+09 1.08649531e+09 1.08649533e+09 1.08649534e+09
 1.08649535e+09 1.08649537e+09 1.08649538e+09 1.08649540e+09
 1.08649541e+09 1.08649542e+09 1.08649544e+09 1.08649545e+09
 1.08649547e+09 1.08649548e+09 1.08649549e+09 1.08649551e+09
 1.08649552e+09 1.08649553e+09 1.08649555e+09 1.08649556e+09
 1.08649558e+09 1.08649559e+09 1.08649560e+09 1.08649562e+09
 1.08649563e+09 1.08649564e+09 1.08649566e+09 1.08649567e+09
 1.08649569e+09 1.08649570e+09 1.08649571e+09 1.08649573e+09
 1.08649574e+09 1.08649576e+09 1.08649577e+09 1.08649578e+09
 1.08649580e+09 1.08649581e+09 1.08649582e+09 1.08649584e+09
 1.08649585e+09 1.08649587e+09 1.08649588e+09 1.08649589e+09
 1.08649591e+09 1.08649592e+09 1.08649594e+09 1.08649595e+09
 1.08649596e+09 1.08649598e+09 1.08649599e+09 1.08649600e+09
 1.08649602e+09 1.08649603e+09 1.08649605e+09 1.08649606e+09
 1.08649607e+09 1.08649609e+09 1.08649610e+09 1.08649611e+09
 1.08649613e+09 1.08649614e+09 1.08649616e+09 1.08649617e+09
 1.08649618e+09 1.08649620e+09 1.08649621e+09 1.08649623e+09
 1.08649624e+09 1.08649625e+09 1.08649627e+09 1.08649628e+09
 1.08649629e+09 1.08649631e+09 1.08649632e+09 1.08649634e+09
 1.08649635e+09 1.08649636e+09 1.08649638e+09 1.08649639e+09
 1.08649640e+09 1.08649642e+09 1.08649643e+09 1.08649645e+09
 1.08649646e+09 1.08649647e+09 1.08649649e+09 1.08649650e+09
 1.08649652e+09 1.08649653e+09 1.08649654e+09 1.08649656e+09
 1.08649657e+09 1.08649658e+09 1.08649660e+09 1.08649661e+09
 1.08649663e+09 1.08649664e+09 1.08649665e+09 1.08649667e+09
 1.08649668e+09 1.08649669e+09 1.08649671e+09 1.08649672e+09
 1.08649674e+09 1.08649675e+09 1.08649676e+09 1.08649678e+09
 1.08649679e+09 1.08649681e+09 1.08649682e+09 1.08649683e+09
 1.08649685e+09 1.08649686e+09 1.08649687e+09 1.08649689e+09
 1.08649690e+09 1.08649692e+09 1.08649693e+09 1.08649694e+09
 1.08649696e+09 1.08649697e+09 1.08649698e+09 1.08649700e+09
 1.08649701e+09 1.08649703e+09 1.08649704e+09 1.08649705e+09
 1.08649707e+09 1.08649708e+09 1.08649710e+09 1.08649711e+09
 1.08649712e+09 1.08649714e+09 1.08649715e+09 1.08649716e+09
 1.08649718e+09 1.08649719e+09 1.08649721e+09 1.08649722e+09
 1.08649723e+09 1.08649725e+09 1.08649726e+09 1.08649727e+09
 1.08649729e+09 1.08649730e+09 1.08649732e+09 1.08649733e+09
 1.08649734e+09 1.08649736e+09 1.08649737e+09 1.08649739e+09
 1.08649740e+09 1.08649741e+09 1.08649743e+09 1.08649744e+09
 1.08649745e+09 1.08649747e+09 1.08649748e+09 1.08649750e+09
 1.08649751e+09 1.08649752e+09 1.08649754e+09 1.08649755e+09
 1.08649757e+09 1.08649758e+09 1.08649759e+09 1.08649761e+09
 1.08649762e+09 1.08649763e+09 1.08649765e+09 1.08649766e+09
 1.08649768e+09 1.08649769e+09 1.08649770e+09 1.08649772e+09
 1.08649773e+09 1.08649774e+09 1.08649776e+09 1.08649777e+09
 1.08649779e+09 1.08649780e+09 1.08649781e+09 1.08649783e+09
 1.08649784e+09 1.08649786e+09 1.08649787e+09 1.08649788e+09
 1.08649790e+09 1.08649791e+09 1.08649792e+09 1.08649794e+09
 1.08649795e+09 1.08649797e+09 1.08649798e+09 1.08649799e+09
 1.08649801e+09 1.08649802e+09 1.08649803e+09 1.08649805e+09
 1.08649806e+09 1.08649808e+09 1.08649809e+09 1.08649810e+09
 1.08649812e+09 1.08649813e+09 1.08649815e+09 1.08649816e+09
 1.08649817e+09 1.08649819e+09 1.08649820e+09 1.08649821e+09
 1.08649823e+09 1.08649824e+09 1.08649826e+09 1.08649827e+09
 1.08649828e+09 1.08649830e+09 1.08649831e+09 1.08649832e+09
 1.08649834e+09 1.08649835e+09 1.08649837e+09 1.08649838e+09
 1.08649839e+09 1.08649841e+09 1.08649842e+09 1.08649844e+09
 1.08649845e+09 1.08649846e+09 1.08649848e+09 1.08649849e+09
 1.08649850e+09 1.08649852e+09 1.08649853e+09 1.08649855e+09
 1.08649856e+09 1.08649857e+09 1.08649859e+09 1.08649860e+09
 1.08649861e+09 1.08649863e+09 1.08649864e+09 1.08649866e+09
 1.08649867e+09 1.08649868e+09 1.08649870e+09 1.08649871e+09
 1.08649873e+09 1.08649874e+09 1.08649875e+09 1.08649877e+09
 1.08649878e+09 1.08649879e+09 1.08649881e+09 1.08649882e+09
 1.08649884e+09 1.08649885e+09 1.08649886e+09 1.08649888e+09
 1.08649889e+09 1.08649890e+09 1.08649892e+09 1.08649893e+09
 1.08649895e+09 1.08649896e+09 1.08649897e+09 1.08649899e+09
 1.08649900e+09 1.08649902e+09 1.08649903e+09 1.08649904e+09
 1.08649906e+09 1.08649907e+09 1.08649908e+09 1.08649910e+09
 1.08649911e+09 1.08649913e+09 1.08649914e+09 1.08649915e+09
 1.08649917e+09 1.08649918e+09 1.08649920e+09 1.08649921e+09
 1.08649922e+09 1.08649924e+09 1.08649925e+09 1.08649926e+09
 1.08649928e+09 1.08649929e+09 1.08649931e+09 1.08649932e+09
 1.08649933e+09 1.08649935e+09 1.08649936e+09 1.08649937e+09
 1.08649939e+09 1.08649940e+09 1.08649942e+09 1.08649943e+09
 1.08649944e+09 1.08649946e+09 1.08649947e+09 1.08649949e+09
 1.08649950e+09 1.08649951e+09 1.08649953e+09 1.08649954e+09
 1.08649955e+09 1.08649957e+09 1.08649958e+09 1.08649960e+09
 1.08649961e+09 1.08649962e+09 1.08649964e+09 1.08649965e+09
 1.08649966e+09 1.08649968e+09 1.08649969e+09 1.08649971e+09
 1.08649972e+09 1.08649973e+09 1.08649975e+09 1.08649976e+09
 1.08649978e+09 1.08649979e+09 1.08649980e+09 1.08649982e+09
 1.08649983e+09 1.08649984e+09 1.08649986e+09 1.08649987e+09
 1.08649989e+09 1.08649990e+09 1.08649991e+09 1.08649993e+09
 1.08649994e+09 1.08649995e+09 1.08649997e+09 1.08649998e+09
 1.08650000e+09 1.08650001e+09 1.08650002e+09 1.08650004e+09
 1.08650005e+09 1.08650007e+09 1.08650008e+09 1.08650009e+09
 1.08650011e+09 1.08650012e+09 1.08650013e+09 1.08650015e+09
 1.08650016e+09 1.08650018e+09 1.08650019e+09 1.08650020e+09
 1.08650022e+09 1.08650023e+09 1.08650024e+09 1.08650026e+09
 1.08650027e+09 1.08650029e+09 1.08650030e+09 1.08650031e+09
 1.08650033e+09 1.08650034e+09 1.08650036e+09 1.08650037e+09
 1.08650038e+09 1.08650040e+09 1.08650041e+09 1.08650042e+09
 1.08650044e+09 1.08650045e+09 1.08650047e+09 1.08650048e+09
 1.08650049e+09 1.08650051e+09 1.08650052e+09 1.08650054e+09
 1.08650055e+09 1.08650056e+09 1.08650058e+09 1.08650059e+09
 1.08650060e+09 1.08650062e+09 1.08650063e+09 1.08650065e+09
 1.08650066e+09 1.08650067e+09 1.08650069e+09 1.08650070e+09
 1.08650071e+09 1.08650073e+09 1.08650074e+09 1.08650076e+09
 1.08650077e+09 1.08650078e+09 1.08650080e+09 1.08650081e+09
 1.08650083e+09 1.08650084e+09 1.08650085e+09 1.08650087e+09
 1.08650088e+09 1.08650089e+09 1.08650091e+09 1.08650092e+09
 1.08650094e+09 1.08650095e+09 1.08650096e+09 1.08650098e+09
 1.08650099e+09 1.08650100e+09 1.08650102e+09 1.08650103e+09
 1.08650105e+09 1.08650106e+09 1.08650107e+09 1.08650109e+09
 1.08650110e+09 1.08650112e+09 1.08650113e+09 1.08650114e+09
 1.08650116e+09 1.08650117e+09 1.08650118e+09 1.08650120e+09
 1.08650121e+09 1.08650123e+09 1.08650124e+09 1.08650125e+09
 1.08650127e+09 1.08650128e+09 1.08650129e+09 1.08650131e+09
 1.08650132e+09 1.08650134e+09 1.08650135e+09 1.08650136e+09
 1.08650138e+09 1.08650139e+09 1.08650141e+09 1.08650142e+09
 1.08650143e+09 1.08650145e+09 1.08650146e+09 1.08650147e+09
 1.08650149e+09 1.08650150e+09 1.08650152e+09 1.08650153e+09
 1.08650154e+09 1.08650156e+09 1.08650157e+09 1.08650158e+09
 1.08650160e+09 1.08650161e+09 1.08650163e+09 1.08650164e+09
 1.08650165e+09 1.08650167e+09 1.08650168e+09 1.08650170e+09
 1.08650171e+09 1.08650172e+09 1.08650174e+09 1.08650175e+09
 1.08650176e+09 1.08650178e+09 1.08650179e+09 1.08650181e+09
 1.08650182e+09 1.08650183e+09 1.08650185e+09 1.08650186e+09
 1.08650187e+09 1.08650189e+09 1.08650190e+09 1.08650192e+09
 1.08650193e+09 1.08650194e+09 1.08650196e+09 1.08650197e+09
 1.08650199e+09 1.08650200e+09 1.08650201e+09 1.08650203e+09
 1.08650204e+09 1.08650205e+09 1.08650207e+09 1.08650208e+09
 1.08650210e+09 1.08650211e+09 1.08650212e+09 1.08650214e+09
 1.08650215e+09 1.08650217e+09 1.08650218e+09 1.08650219e+09
 1.08650221e+09 1.08650222e+09 1.08650223e+09 1.08650225e+09
 1.08650226e+09 1.08650228e+09 1.08650229e+09 1.08650230e+09
 1.08650232e+09 1.08650233e+09 1.08650234e+09 1.08650236e+09
 1.08650237e+09 1.08650239e+09 1.08650240e+09 1.08650241e+09
 1.08650243e+09 1.08650244e+09 1.08650246e+09 1.08650247e+09
 1.08650248e+09 1.08650250e+09 1.08650251e+09 1.08650252e+09
 1.08650254e+09 1.08650255e+09 1.08650257e+09 1.08650258e+09
 1.08650259e+09 1.08650261e+09 1.08650262e+09 1.08650263e+09
 1.08650265e+09 1.08650266e+09 1.08650268e+09 1.08650269e+09
 1.08650270e+09 1.08650272e+09 1.08650273e+09 1.08650275e+09
 1.08650276e+09 1.08650277e+09 1.08650279e+09 1.08650280e+09
 1.08650281e+09 1.08650283e+09 1.08650284e+09 1.08650286e+09
 1.08650287e+09 1.08650288e+09 1.08650290e+09 1.08650291e+09
 1.08650292e+09 1.08650294e+09 1.08650295e+09 1.08650297e+09
 1.08650298e+09 1.08650299e+09 1.08650301e+09 1.08650302e+09
 1.08650304e+09 1.08650305e+09 1.08650306e+09 1.08650308e+09
 1.08650309e+09 1.08650310e+09 1.08650312e+09 1.08650313e+09
 1.08650315e+09 1.08650316e+09 1.08650317e+09 1.08650319e+09
 1.08650320e+09 1.08650321e+09 1.08650323e+09 1.08650324e+09
 1.08650326e+09 1.08650327e+09 1.08650328e+09 1.08650330e+09
 1.08650331e+09 1.08650333e+09 1.08650334e+09 1.08650335e+09
 1.08650337e+09 1.08650338e+09 1.08650339e+09 1.08650341e+09
 1.08650342e+09 1.08650344e+09 1.08650345e+09 1.08650346e+09
 1.08650348e+09 1.08650349e+09 1.08650350e+09 1.08650352e+09
 1.08650353e+09 1.08650355e+09 1.08650356e+09 1.08650357e+09
 1.08650359e+09 1.08650360e+09 1.08650362e+09 1.08650363e+09
 1.08650364e+09 1.08650366e+09 1.08650367e+09 1.08650368e+09
 1.08650370e+09 1.08650371e+09 1.08650373e+09 1.08650374e+09
 1.08650375e+09 1.08650377e+09 1.08650378e+09 1.08650380e+09
 1.08650381e+09 1.08650382e+09 1.08650384e+09 1.08650385e+09
 1.08650386e+09 1.08650388e+09 1.08650389e+09 1.08650391e+09
 1.08650392e+09 1.08650393e+09 1.08650395e+09 1.08650396e+09
 1.08650397e+09 1.08650399e+09 1.08650400e+09 1.08650402e+09
 1.08650403e+09 1.08650404e+09 1.08650406e+09 1.08650407e+09
 1.08650409e+09 1.08650410e+09 1.08650411e+09 1.08650413e+09
 1.08650414e+09 1.08650415e+09 1.08650417e+09 1.08650418e+09
 1.08650420e+09 1.08650421e+09 1.08650422e+09 1.08650424e+09
 1.08650425e+09 1.08650426e+09 1.08650428e+09 1.08650429e+09
 1.08650431e+09 1.08650432e+09 1.08650433e+09 1.08650435e+09
 1.08650436e+09 1.08650438e+09 1.08650439e+09 1.08650440e+09
 1.08650442e+09 1.08650443e+09 1.08650444e+09 1.08650446e+09
 1.08650447e+09 1.08650449e+09 1.08650450e+09 1.08650451e+09
 1.08650453e+09 1.08650454e+09 1.08650455e+09 1.08650457e+09
 1.08650458e+09 1.08650460e+09 1.08650461e+09 1.08650462e+09
 1.08650464e+09 1.08650465e+09 1.08650467e+09 1.08650468e+09
 1.08650469e+09 1.08650471e+09 1.08650472e+09 1.08650473e+09
 1.08650475e+09 1.08650476e+09 1.08650478e+09 1.08650479e+09
 1.08650480e+09 1.08650482e+09 1.08650483e+09 1.08650484e+09
 1.08650486e+09 1.08650487e+09 1.08650489e+09 1.08650490e+09]
