name =JUICE_ROI_GAN_4_5_04
flyby = ['2034 SEP 07 06:03:51', '2034 SEP 08 06:03:51']
Observation TW = <SpiceCell dtype = 1, length = 0, size = 3200, card = 12, is_set = 1, adjust = 0, init = 1, base = 93945771474288, data = 93945771474336>
Res(t) = [2.20729982 2.20437723 2.20145686 2.19853871 2.1956228  2.19270913
 2.18979772 2.18688858 2.18398173 2.18107717 2.17817492 2.17527499
 2.17237739 2.16948213 2.16658923 2.1636987  2.16081055 2.1579248
 2.15504145 2.15216052 2.14928202 2.14640597 2.14353237 2.14066125
 2.13779261 2.13492646 2.13206282 2.1292017  2.12634312 2.12348709
 2.12063361 2.11778271 2.1149344  2.11208869 2.1092456  2.10640513
 2.1035673  2.10073212 2.09789962 2.09506979 2.09224266 2.08941824
 2.08659654 2.08377757 2.08096136 2.0781479  2.07533723 2.07252934
 2.06972427 2.06692201 2.06412258 2.061326   2.05853228 2.05574143
 2.05295348 2.05016842 2.04738629 2.04460709 2.04183083 2.03905753
 2.03628721 2.03351988 2.03075555 2.02799424 2.02523596 2.02248072
 2.01972855 2.01697946 2.01423345 2.01149056 2.00875078 2.00601413
 2.00328064 2.00055031 1.99782315 1.9950992  1.99237845 1.98966092
 1.98694663 1.9842356  1.98152783 1.97882335 1.97612216 1.97342429
 1.97072975 1.96803855 1.9653507  1.96266623 1.95998515 1.95730748
 1.95463322 1.95196239 1.94929502 1.94663111 1.94397068 1.94131374
 1.93866031 1.93601041 1.93336405 1.93072125 1.92808202 1.92544637
 1.92281433 1.9201859  1.91756111 1.91493996 1.91232248 1.90970867
 1.90709857 1.90449217 1.90188949 1.89929056 1.89669538 1.89410398
 1.89151636 1.88893254 1.88635254 1.88377638 1.88120406 1.87863561
 1.87607103 1.87351036 1.87095359 1.86840075 1.86585185 1.86330691
 1.86076594 1.85822896 1.85569598 1.85316703 1.8506421  1.84812123
 1.84560442 1.84309169 1.84058306 1.83807854 1.83557815 1.8330819
 1.83058981 1.82810189 1.82561816 1.82313864 1.82066333 1.81819226
 1.81572544 1.81326288 1.81080461 1.80835063 1.80590097 1.80345562
 1.80101463 1.79857798 1.79614572 1.79371783 1.79129436 1.78887529
 1.78646067 1.78405049 1.78164477 1.77924353 1.77684678 1.77445455
 1.77206683 1.76968366 1.76730503 1.76493098 1.76256151 1.76019663
 1.75783637 1.75548074 1.75312975 1.75078341 1.74844175 1.74610477
 1.74377249 1.74144493 1.7391221  1.73680401 1.73449069 1.73218213
 1.72987837 1.7275794  1.72528526 1.72299594 1.72071147 1.71843186
 1.71615712 1.71388727 1.71162233 1.70936229 1.70710719 1.70485704
 1.70261184 1.70037161 1.69813637 1.69590613 1.6936809  1.6914607
 1.68924553 1.68703543 1.68483039 1.68263043 1.68043557 1.67824581
 1.67606118 1.67388168 1.67170733 1.66953814 1.66737413 1.6652153
 1.66306167 1.66091326 1.65877007 1.65663213 1.65449943 1.652372
 1.65024985 1.64813299 1.64602143 1.64391518 1.64181427 1.63971869
 1.63762847 1.63554361 1.63346413 1.63139003 1.62932134 1.62725806
 1.62520021 1.62314779 1.62110083 1.61905932 1.61702329 1.61499274
 1.61296768 1.61094813 1.6089341  1.6069256  1.60492264 1.60292524
 1.60093339 1.59894712 1.59696644 1.59499135 1.59302187 1.59105801
 1.58909978 1.58714718 1.58520024 1.58325895 1.58132334 1.5793934
 1.57746916 1.57555062 1.57363779 1.57173068 1.56982931 1.56793367
 1.56604379 1.56415966 1.56228131 1.56040874 1.55854195 1.55668097
 1.55482579 1.55297643 1.55113289 1.54929519 1.54746334 1.54563734
 1.5438172  1.54200293 1.54019454 1.53839204 1.53659543 1.53480473
 1.53301994 1.53124107 1.52946813 1.52770113 1.52594007 1.52418497
 1.52243583 1.52069265 1.51895545 1.51722424 1.51549901 1.51377978
 1.51206656 1.51035935 1.50865816 1.506963   1.50527387 1.50359078
 1.50191374 1.50024275 1.49857782 1.49691895 1.49526616 1.49361945
 1.49197882 1.49034428 1.48871584 1.48709351 1.48547728 1.48386716
 1.48226317 1.4806653  1.47907356 1.47748795 1.47590849 1.47433518
 1.47276801 1.471207   1.46965215 1.46810347 1.46656096 1.46502462
 1.46349446 1.46197049 1.4604527  1.45894111 1.45743571 1.45593651
 1.45444351 1.45295672 1.45147615 1.45000179 1.44853364 1.44707172
 1.44561603 1.44416656 1.44272332 1.44128632 1.43985555 1.43843103
 1.43701275 1.43560071 1.43419492 1.43279538 1.4314021  1.43001506
 1.42863429 1.42725978 1.42589152 1.42452953 1.4231738  1.42182434
 1.42048115 1.41914423 1.41781358 1.4164892  1.41517109 1.41385926
 1.4125537  1.41125442 1.40996141 1.40867468 1.40739424 1.40612006
 1.40485217 1.40359056 1.40233523 1.40108618 1.39984341 1.39860691
 1.3973767  1.39615277 1.39493511 1.39372374 1.39251864 1.39131982
 1.39012728 1.38894101 1.38776102 1.3865873  1.38541985 1.38425868
 1.38310378 1.38195514 1.38081278 1.37967668 1.37854684 1.37742327
 1.37630596 1.37519491 1.37409011 1.37299157 1.37189928 1.37081325
 1.36973346 1.36865992 1.36759262 1.36653156 1.36547674 1.36442815
 1.3633858  1.36234968 1.36131978 1.3602961  1.35927865 1.35826741
 1.35726238 1.35626357 1.35527096 1.35428455 1.35330434 1.35233033
 1.3513625  1.35040087 1.34944541 1.34849614 1.34755303 1.3466161
 1.34568534 1.34476073 1.34384228 1.34292999 1.34202384 1.34112383
 1.34022996 1.33934222 1.33846061 1.33758512 1.33671575 1.33585249
 1.33499533 1.33414428 1.33329932 1.33246045 1.33162766 1.33080096
 1.32998032 1.32916575 1.32835724 1.32755479 1.32675838 1.32596802
 1.32518369 1.32440539 1.32363311 1.32286685 1.3221066  1.32135235
 1.3206041  1.31986184 1.31912556 1.31839525 1.31767092 1.31695254
 1.31624012 1.31553365 1.31483312 1.31413852 1.31344985 1.31276709
 1.31209024 1.3114193  1.31075425 1.31009509 1.3094418  1.30879439
 1.30815285 1.30751715 1.30688731 1.30626331 1.30564513 1.30503278
 1.30442624 1.30382551 1.30323058 1.30264144 1.30205808 1.30148049
 1.30090866 1.30034259 1.29978227 1.29922768 1.29867882 1.29813568
 1.29759825 1.29706653 1.29654049 1.29602014 1.29550546 1.29499645
 1.29449309 1.29399538 1.29350331 1.29301686 1.29253603 1.29206081
 1.29159119 1.29112715 1.2906687  1.29021581 1.28976849 1.28932671
 1.28889047 1.28845977 1.28803458 1.28761491 1.28720073 1.28679204
 1.28638884 1.2859911  1.28559882 1.28521199 1.2848306  1.28445464
 1.28408409 1.28371896 1.28335921 1.28300486 1.28265588 1.28231227
 1.28197401 1.28164109 1.28131351 1.28099125 1.2806743  1.28036266
 1.2800563  1.27975522 1.27945941 1.27916885 1.27888355 1.27860347
 1.27832863 1.27805899 1.27779456 1.27753531 1.27728125 1.27703235
 1.27678862 1.27655002 1.27631656 1.27608823 1.27586501 1.27564688
 1.27543385 1.27522589 1.275023   1.27482517 1.27463238 1.27444462
 1.27426188 1.27408414 1.27391141 1.27374366 1.27358088 1.27342307
 1.2732702  1.27312228 1.27297928 1.2728412  1.27270802 1.27257973
 1.27245632 1.27233778 1.2722241  1.27211526 1.27201125 1.27191207
 1.27181769 1.27172811 1.27164331 1.27156329 1.27148803 1.27141752
 1.27135174 1.27129069 1.27123435 1.27118272 1.27113577 1.2710935
 1.27105589 1.27102294 1.27099463 1.27097095 1.27095188 1.27093742
 1.27092755 1.27092226 1.27092154 1.27092538 1.27093376 1.27094667
 1.2709641  1.27098604 1.27101247 1.27104339 1.27107878 1.27111862
 1.27116292 1.27121165 1.2712648  1.27132236 1.27138432 1.27145067
 1.27152139 1.27159647 1.2716759  1.27175967 1.27184776 1.27194016
 1.27203687 1.27213787 1.27224314 1.27235267 1.27246646 1.27258449
 1.27270674 1.27283321 1.27296388 1.27309875 1.27323779 1.273381
 1.27352837 1.27367988 1.27383551 1.27399527 1.27415913 1.27432709
 1.27449913 1.27467524 1.27485541 1.27503962 1.27522786 1.27542013
 1.27561641 1.27581669 1.27602095 1.27622918 1.27644138 1.27665752
 1.2768776  1.27710161 1.27732953 1.27756136 1.27779707 1.27803666
 1.27828012 1.27852743 1.27877858 1.27903356 1.27929236 1.27955497
 1.27982137 1.28009155 1.2803655  1.28064322 1.28092468 1.28120987
 1.28149879 1.28179143 1.28208776 1.28238778 1.28269147 1.28299884
 1.28330985 1.28362451 1.2839428  1.28426471 1.28459022 1.28491933
 1.28525202 1.28558829 1.28592811 1.28627149 1.2866184  1.28696884
 1.2873228  1.28768026 1.28804121 1.28840564 1.28877354 1.2891449
 1.2895197  1.28989795 1.29027961 1.29066469 1.29105317 1.29144504
 1.29184029 1.29223891 1.29264088 1.29304621 1.29345486 1.29386684
 1.29428214 1.29470073 1.29512261 1.29554778 1.29597621 1.2964079
 1.29684284 1.29728102 1.29772242 1.29816703 1.29861485 1.29906586
 1.29952005 1.29997741 1.30043793 1.30090161 1.30136842 1.30183836
 1.30231142 1.30278759 1.30326685 1.3037492  1.30423462 1.30472311
 1.30521466 1.30570925 1.30620687 1.30670752 1.30721118 1.30771784
 1.3082275  1.30874014 1.30925575 1.30977432 1.31029585 1.31082031
 1.31134771 1.31187803 1.31241126 1.31294739 1.31348642 1.31402832
 1.3145731  1.31512074 1.31567123 1.31622456 1.31678072 1.31733971
 1.31790151 1.31846611 1.3190335  1.31960368 1.32017663 1.32075234
 1.32133081 1.32191203 1.32249598 1.32308265 1.32367204 1.32426414
 1.32485894 1.32545642 1.32605659 1.32665942 1.32726491 1.32787306
 1.32848384 1.32909726 1.3297133  1.33033196 1.33095322 1.33157707
 1.33220352 1.33283254 1.33346413 1.33409828 1.33473499 1.33537423
 1.33601601 1.33666031 1.33730713 1.33795646 1.33860828 1.3392626
 1.33991939 1.34057866 1.34124039 1.34190458 1.34257121 1.34324028
 1.34391179 1.34458571 1.34526205 1.34594079 1.34662192 1.34730545
 1.34799136 1.34867963 1.34937027 1.35006327 1.35075861 1.35145629
 1.35215631 1.35285864 1.35356329 1.35427025 1.35497951 1.35569105
 1.35640488 1.35712099 1.35783936 1.35855999 1.35928288 1.36000801
 1.36073538 1.36146497 1.36219679 1.36293082 1.36366705 1.36440549
 1.36514612 1.36588893 1.36663391 1.36738107 1.36813039 1.36888186
 1.36963548 1.37039124 1.37114913 1.37190915 1.37267129 1.37343554
 1.37420189 1.37497034 1.37574088 1.3765135  1.3772882  1.37806497
 1.3788438  1.37962469 1.38040762 1.3811926  1.38197962 1.38276866
 1.38355972 1.3843528  1.38514789 1.38594498 1.38674407 1.38754515
 1.3883482  1.38915324 1.38996025 1.39076921 1.39158014 1.39239302
 1.39320784 1.3940246  1.39484329 1.39566391 1.39648645 1.3973109
 1.39813726 1.39896552 1.39979568 1.40062772 1.40146165 1.40229746
 1.40313514 1.40397469 1.4048161  1.40565936 1.40650447 1.40735143
 1.40820022 1.40905084 1.40990329 1.41075756 1.41161365 1.41247155
 1.41333125 1.41419275 1.41505604 1.41592112 1.41678799 1.41765663
 1.41852704 1.41939922 1.42027317 1.42114886 1.42202632 1.42290551
 1.42378645 1.42466913 1.42555353 1.42643966 1.42732752 1.42821709
 1.42910837 1.43000136 1.43089605 1.43179244 1.43269052 1.43359029
 1.43449174 1.43539487 1.43629967 1.43720615 1.43811428 1.43902408
 1.43993554 1.44084864 1.44176339 1.44267979 1.44359782 1.44451749
 1.44543879 1.44636171 1.44728625 1.44821241 1.44914019 1.45006957
 1.45100055 1.45193314 1.45286733 1.4538031  1.45474047 1.45567942
 1.45661995 1.45756206 1.45850574 1.45945099 1.46039781 1.46134619
 1.46229612 1.46324762 1.46420066 1.46515525 1.46611138 1.46706906
 1.46802827 1.46898901 1.46995129 1.47091509 1.47188041 1.47284725
 1.47381562 1.47478549 1.47575687 1.47672976 1.47770416 1.47868005
 1.47965744 1.48063633 1.48161671 1.48259857 1.48358192 1.48456676
 1.48555307 1.48654086 1.48753012 1.48852086 1.48951306 1.49050673
 1.49150186 1.49249845 1.49349649 1.49449599 1.49549695 1.49649935
 1.4975032  1.49850849 1.49951523 1.5005234  1.50153302 1.50254406
 1.50355654 1.50457045 1.50558579 1.50660255 1.50762073 1.50864034
 1.50966137 1.51068381 1.51170766 1.51273293 1.51375961 1.5147877
 1.5158172  1.5168481  1.5178804  1.5189141  1.5199492  1.5209857
 1.5220236  1.52306288 1.52410356 1.52514563 1.52618909 1.52723394
 1.52828017 1.52932778 1.53037678 1.53142715 1.53247891 1.53353204
 1.53458655 1.53564244 1.5366997  1.53775833]
t = [1.09449390e+09 1.09449399e+09 1.09449407e+09 1.09449416e+09
 1.09449425e+09 1.09449433e+09 1.09449442e+09 1.09449451e+09
 1.09449459e+09 1.09449468e+09 1.09449477e+09 1.09449485e+09
 1.09449494e+09 1.09449502e+09 1.09449511e+09 1.09449520e+09
 1.09449528e+09 1.09449537e+09 1.09449546e+09 1.09449554e+09
 1.09449563e+09 1.09449572e+09 1.09449580e+09 1.09449589e+09
 1.09449598e+09 1.09449606e+09 1.09449615e+09 1.09449624e+09
 1.09449632e+09 1.09449641e+09 1.09449649e+09 1.09449658e+09
 1.09449667e+09 1.09449675e+09 1.09449684e+09 1.09449693e+09
 1.09449701e+09 1.09449710e+09 1.09449719e+09 1.09449727e+09
 1.09449736e+09 1.09449745e+09 1.09449753e+09 1.09449762e+09
 1.09449771e+09 1.09449779e+09 1.09449788e+09 1.09449797e+09
 1.09449805e+09 1.09449814e+09 1.09449822e+09 1.09449831e+09
 1.09449840e+09 1.09449848e+09 1.09449857e+09 1.09449866e+09
 1.09449874e+09 1.09449883e+09 1.09449892e+09 1.09449900e+09
 1.09449909e+09 1.09449918e+09 1.09449926e+09 1.09449935e+09
 1.09449944e+09 1.09449952e+09 1.09449961e+09 1.09449969e+09
 1.09449978e+09 1.09449987e+09 1.09449995e+09 1.09450004e+09
 1.09450013e+09 1.09450021e+09 1.09450030e+09 1.09450039e+09
 1.09450047e+09 1.09450056e+09 1.09450065e+09 1.09450073e+09
 1.09450082e+09 1.09450091e+09 1.09450099e+09 1.09450108e+09
 1.09450117e+09 1.09450125e+09 1.09450134e+09 1.09450142e+09
 1.09450151e+09 1.09450160e+09 1.09450168e+09 1.09450177e+09
 1.09450186e+09 1.09450194e+09 1.09450203e+09 1.09450212e+09
 1.09450220e+09 1.09450229e+09 1.09450238e+09 1.09450246e+09
 1.09450255e+09 1.09450264e+09 1.09450272e+09 1.09450281e+09
 1.09450289e+09 1.09450298e+09 1.09450307e+09 1.09450315e+09
 1.09450324e+09 1.09450333e+09 1.09450341e+09 1.09450350e+09
 1.09450359e+09 1.09450367e+09 1.09450376e+09 1.09450385e+09
 1.09450393e+09 1.09450402e+09 1.09450411e+09 1.09450419e+09
 1.09450428e+09 1.09450437e+09 1.09450445e+09 1.09450454e+09
 1.09450462e+09 1.09450471e+09 1.09450480e+09 1.09450488e+09
 1.09450497e+09 1.09450506e+09 1.09450514e+09 1.09450523e+09
 1.09450532e+09 1.09450540e+09 1.09450549e+09 1.09450558e+09
 1.09450566e+09 1.09450575e+09 1.09450584e+09 1.09450592e+09
 1.09450601e+09 1.09450609e+09 1.09450618e+09 1.09450627e+09
 1.09450635e+09 1.09450644e+09 1.09450653e+09 1.09450661e+09
 1.09450670e+09 1.09450679e+09 1.09450687e+09 1.09450696e+09
 1.09450705e+09 1.09450713e+09 1.09450722e+09 1.09450731e+09
 1.09450739e+09 1.09450748e+09 1.09450757e+09 1.09450765e+09
 1.09450774e+09 1.09450782e+09 1.09450791e+09 1.09450800e+09
 1.09450808e+09 1.09450817e+09 1.09450826e+09 1.09450834e+09
 1.09450843e+09 1.09450852e+09 1.09450860e+09 1.09450869e+09
 1.09450878e+09 1.09450886e+09 1.09450895e+09 1.09450904e+09
 1.09450912e+09 1.09450921e+09 1.09450929e+09 1.09450938e+09
 1.09450947e+09 1.09450955e+09 1.09450964e+09 1.09450973e+09
 1.09450981e+09 1.09450990e+09 1.09450999e+09 1.09451007e+09
 1.09451016e+09 1.09451025e+09 1.09451033e+09 1.09451042e+09
 1.09451051e+09 1.09451059e+09 1.09451068e+09 1.09451077e+09
 1.09451085e+09 1.09451094e+09 1.09451102e+09 1.09451111e+09
 1.09451120e+09 1.09451128e+09 1.09451137e+09 1.09451146e+09
 1.09451154e+09 1.09451163e+09 1.09451172e+09 1.09451180e+09
 1.09451189e+09 1.09451198e+09 1.09451206e+09 1.09451215e+09
 1.09451224e+09 1.09451232e+09 1.09451241e+09 1.09451249e+09
 1.09451258e+09 1.09451267e+09 1.09451275e+09 1.09451284e+09
 1.09451293e+09 1.09451301e+09 1.09451310e+09 1.09451319e+09
 1.09451327e+09 1.09451336e+09 1.09451345e+09 1.09451353e+09
 1.09451362e+09 1.09451371e+09 1.09451379e+09 1.09451388e+09
 1.09451397e+09 1.09451405e+09 1.09451414e+09 1.09451422e+09
 1.09451431e+09 1.09451440e+09 1.09451448e+09 1.09451457e+09
 1.09451466e+09 1.09451474e+09 1.09451483e+09 1.09451492e+09
 1.09451500e+09 1.09451509e+09 1.09451518e+09 1.09451526e+09
 1.09451535e+09 1.09451544e+09 1.09451552e+09 1.09451561e+09
 1.09451569e+09 1.09451578e+09 1.09451587e+09 1.09451595e+09
 1.09451604e+09 1.09451613e+09 1.09451621e+09 1.09451630e+09
 1.09451639e+09 1.09451647e+09 1.09451656e+09 1.09451665e+09
 1.09451673e+09 1.09451682e+09 1.09451691e+09 1.09451699e+09
 1.09451708e+09 1.09451717e+09 1.09451725e+09 1.09451734e+09
 1.09451742e+09 1.09451751e+09 1.09451760e+09 1.09451768e+09
 1.09451777e+09 1.09451786e+09 1.09451794e+09 1.09451803e+09
 1.09451812e+09 1.09451820e+09 1.09451829e+09 1.09451838e+09
 1.09451846e+09 1.09451855e+09 1.09451864e+09 1.09451872e+09
 1.09451881e+09 1.09451889e+09 1.09451898e+09 1.09451907e+09
 1.09451915e+09 1.09451924e+09 1.09451933e+09 1.09451941e+09
 1.09451950e+09 1.09451959e+09 1.09451967e+09 1.09451976e+09
 1.09451985e+09 1.09451993e+09 1.09452002e+09 1.09452011e+09
 1.09452019e+09 1.09452028e+09 1.09452037e+09 1.09452045e+09
 1.09452054e+09 1.09452062e+09 1.09452071e+09 1.09452080e+09
 1.09452088e+09 1.09452097e+09 1.09452106e+09 1.09452114e+09
 1.09452123e+09 1.09452132e+09 1.09452140e+09 1.09452149e+09
 1.09452158e+09 1.09452166e+09 1.09452175e+09 1.09452184e+09
 1.09452192e+09 1.09452201e+09 1.09452209e+09 1.09452218e+09
 1.09452227e+09 1.09452235e+09 1.09452244e+09 1.09452253e+09
 1.09452261e+09 1.09452270e+09 1.09452279e+09 1.09452287e+09
 1.09452296e+09 1.09452305e+09 1.09452313e+09 1.09452322e+09
 1.09452331e+09 1.09452339e+09 1.09452348e+09 1.09452357e+09
 1.09452365e+09 1.09452374e+09 1.09452382e+09 1.09452391e+09
 1.09452400e+09 1.09452408e+09 1.09452417e+09 1.09452426e+09
 1.09452434e+09 1.09452443e+09 1.09452452e+09 1.09452460e+09
 1.09452469e+09 1.09452478e+09 1.09452486e+09 1.09452495e+09
 1.09452504e+09 1.09452512e+09 1.09452521e+09 1.09452529e+09
 1.09452538e+09 1.09452547e+09 1.09452555e+09 1.09452564e+09
 1.09452573e+09 1.09452581e+09 1.09452590e+09 1.09452599e+09
 1.09452607e+09 1.09452616e+09 1.09452625e+09 1.09452633e+09
 1.09452642e+09 1.09452651e+09 1.09452659e+09 1.09452668e+09
 1.09452677e+09 1.09452685e+09 1.09452694e+09 1.09452702e+09
 1.09452711e+09 1.09452720e+09 1.09452728e+09 1.09452737e+09
 1.09452746e+09 1.09452754e+09 1.09452763e+09 1.09452772e+09
 1.09452780e+09 1.09452789e+09 1.09452798e+09 1.09452806e+09
 1.09452815e+09 1.09452824e+09 1.09452832e+09 1.09452841e+09
 1.09452849e+09 1.09452858e+09 1.09452867e+09 1.09452875e+09
 1.09452884e+09 1.09452893e+09 1.09452901e+09 1.09452910e+09
 1.09452919e+09 1.09452927e+09 1.09452936e+09 1.09452945e+09
 1.09452953e+09 1.09452962e+09 1.09452971e+09 1.09452979e+09
 1.09452988e+09 1.09452997e+09 1.09453005e+09 1.09453014e+09
 1.09453022e+09 1.09453031e+09 1.09453040e+09 1.09453048e+09
 1.09453057e+09 1.09453066e+09 1.09453074e+09 1.09453083e+09
 1.09453092e+09 1.09453100e+09 1.09453109e+09 1.09453118e+09
 1.09453126e+09 1.09453135e+09 1.09453144e+09 1.09453152e+09
 1.09453161e+09 1.09453169e+09 1.09453178e+09 1.09453187e+09
 1.09453195e+09 1.09453204e+09 1.09453213e+09 1.09453221e+09
 1.09453230e+09 1.09453239e+09 1.09453247e+09 1.09453256e+09
 1.09453265e+09 1.09453273e+09 1.09453282e+09 1.09453291e+09
 1.09453299e+09 1.09453308e+09 1.09453317e+09 1.09453325e+09
 1.09453334e+09 1.09453342e+09 1.09453351e+09 1.09453360e+09
 1.09453368e+09 1.09453377e+09 1.09453386e+09 1.09453394e+09
 1.09453403e+09 1.09453412e+09 1.09453420e+09 1.09453429e+09
 1.09453438e+09 1.09453446e+09 1.09453455e+09 1.09453464e+09
 1.09453472e+09 1.09453481e+09 1.09453489e+09 1.09453498e+09
 1.09453507e+09 1.09453515e+09 1.09453524e+09 1.09453533e+09
 1.09453541e+09 1.09453550e+09 1.09453559e+09 1.09453567e+09
 1.09453576e+09 1.09453585e+09 1.09453593e+09 1.09453602e+09
 1.09453611e+09 1.09453619e+09 1.09453628e+09 1.09453637e+09
 1.09453645e+09 1.09453654e+09 1.09453662e+09 1.09453671e+09
 1.09453680e+09 1.09453688e+09 1.09453697e+09 1.09453706e+09
 1.09453714e+09 1.09453723e+09 1.09453732e+09 1.09453740e+09
 1.09453749e+09 1.09453758e+09 1.09453766e+09 1.09453775e+09
 1.09453784e+09 1.09453792e+09 1.09453801e+09 1.09453809e+09
 1.09453818e+09 1.09453827e+09 1.09453835e+09 1.09453844e+09
 1.09453853e+09 1.09453861e+09 1.09453870e+09 1.09453879e+09
 1.09453887e+09 1.09453896e+09 1.09453905e+09 1.09453913e+09
 1.09453922e+09 1.09453931e+09 1.09453939e+09 1.09453948e+09
 1.09453957e+09 1.09453965e+09 1.09453974e+09 1.09453982e+09
 1.09453991e+09 1.09454000e+09 1.09454008e+09 1.09454017e+09
 1.09454026e+09 1.09454034e+09 1.09454043e+09 1.09454052e+09
 1.09454060e+09 1.09454069e+09 1.09454078e+09 1.09454086e+09
 1.09454095e+09 1.09454104e+09 1.09454112e+09 1.09454121e+09
 1.09454129e+09 1.09454138e+09 1.09454147e+09 1.09454155e+09
 1.09454164e+09 1.09454173e+09 1.09454181e+09 1.09454190e+09
 1.09454199e+09 1.09454207e+09 1.09454216e+09 1.09454225e+09
 1.09454233e+09 1.09454242e+09 1.09454251e+09 1.09454259e+09
 1.09454268e+09 1.09454277e+09 1.09454285e+09 1.09454294e+09
 1.09454302e+09 1.09454311e+09 1.09454320e+09 1.09454328e+09
 1.09454337e+09 1.09454346e+09 1.09454354e+09 1.09454363e+09
 1.09454372e+09 1.09454380e+09 1.09454389e+09 1.09454398e+09
 1.09454406e+09 1.09454415e+09 1.09454424e+09 1.09454432e+09
 1.09454441e+09 1.09454449e+09 1.09454458e+09 1.09454467e+09
 1.09454475e+09 1.09454484e+09 1.09454493e+09 1.09454501e+09
 1.09454510e+09 1.09454519e+09 1.09454527e+09 1.09454536e+09
 1.09454545e+09 1.09454553e+09 1.09454562e+09 1.09454571e+09
 1.09454579e+09 1.09454588e+09 1.09454597e+09 1.09454605e+09
 1.09454614e+09 1.09454622e+09 1.09454631e+09 1.09454640e+09
 1.09454648e+09 1.09454657e+09 1.09454666e+09 1.09454674e+09
 1.09454683e+09 1.09454692e+09 1.09454700e+09 1.09454709e+09
 1.09454718e+09 1.09454726e+09 1.09454735e+09 1.09454744e+09
 1.09454752e+09 1.09454761e+09 1.09454769e+09 1.09454778e+09
 1.09454787e+09 1.09454795e+09 1.09454804e+09 1.09454813e+09
 1.09454821e+09 1.09454830e+09 1.09454839e+09 1.09454847e+09
 1.09454856e+09 1.09454865e+09 1.09454873e+09 1.09454882e+09
 1.09454891e+09 1.09454899e+09 1.09454908e+09 1.09454917e+09
 1.09454925e+09 1.09454934e+09 1.09454942e+09 1.09454951e+09
 1.09454960e+09 1.09454968e+09 1.09454977e+09 1.09454986e+09
 1.09454994e+09 1.09455003e+09 1.09455012e+09 1.09455020e+09
 1.09455029e+09 1.09455038e+09 1.09455046e+09 1.09455055e+09
 1.09455064e+09 1.09455072e+09 1.09455081e+09 1.09455089e+09
 1.09455098e+09 1.09455107e+09 1.09455115e+09 1.09455124e+09
 1.09455133e+09 1.09455141e+09 1.09455150e+09 1.09455159e+09
 1.09455167e+09 1.09455176e+09 1.09455185e+09 1.09455193e+09
 1.09455202e+09 1.09455211e+09 1.09455219e+09 1.09455228e+09
 1.09455237e+09 1.09455245e+09 1.09455254e+09 1.09455262e+09
 1.09455271e+09 1.09455280e+09 1.09455288e+09 1.09455297e+09
 1.09455306e+09 1.09455314e+09 1.09455323e+09 1.09455332e+09
 1.09455340e+09 1.09455349e+09 1.09455358e+09 1.09455366e+09
 1.09455375e+09 1.09455384e+09 1.09455392e+09 1.09455401e+09
 1.09455409e+09 1.09455418e+09 1.09455427e+09 1.09455435e+09
 1.09455444e+09 1.09455453e+09 1.09455461e+09 1.09455470e+09
 1.09455479e+09 1.09455487e+09 1.09455496e+09 1.09455505e+09
 1.09455513e+09 1.09455522e+09 1.09455531e+09 1.09455539e+09
 1.09455548e+09 1.09455557e+09 1.09455565e+09 1.09455574e+09
 1.09455582e+09 1.09455591e+09 1.09455600e+09 1.09455608e+09
 1.09455617e+09 1.09455626e+09 1.09455634e+09 1.09455643e+09
 1.09455652e+09 1.09455660e+09 1.09455669e+09 1.09455678e+09
 1.09455686e+09 1.09455695e+09 1.09455704e+09 1.09455712e+09
 1.09455721e+09 1.09455729e+09 1.09455738e+09 1.09455747e+09
 1.09455755e+09 1.09455764e+09 1.09455773e+09 1.09455781e+09
 1.09455790e+09 1.09455799e+09 1.09455807e+09 1.09455816e+09
 1.09455825e+09 1.09455833e+09 1.09455842e+09 1.09455851e+09
 1.09455859e+09 1.09455868e+09 1.09455877e+09 1.09455885e+09
 1.09455894e+09 1.09455902e+09 1.09455911e+09 1.09455920e+09
 1.09455928e+09 1.09455937e+09 1.09455946e+09 1.09455954e+09
 1.09455963e+09 1.09455972e+09 1.09455980e+09 1.09455989e+09
 1.09455998e+09 1.09456006e+09 1.09456015e+09 1.09456024e+09
 1.09456032e+09 1.09456041e+09 1.09456049e+09 1.09456058e+09
 1.09456067e+09 1.09456075e+09 1.09456084e+09 1.09456093e+09
 1.09456101e+09 1.09456110e+09 1.09456119e+09 1.09456127e+09
 1.09456136e+09 1.09456145e+09 1.09456153e+09 1.09456162e+09
 1.09456171e+09 1.09456179e+09 1.09456188e+09 1.09456197e+09
 1.09456205e+09 1.09456214e+09 1.09456222e+09 1.09456231e+09
 1.09456240e+09 1.09456248e+09 1.09456257e+09 1.09456266e+09
 1.09456274e+09 1.09456283e+09 1.09456292e+09 1.09456300e+09
 1.09456309e+09 1.09456318e+09 1.09456326e+09 1.09456335e+09
 1.09456344e+09 1.09456352e+09 1.09456361e+09 1.09456369e+09
 1.09456378e+09 1.09456387e+09 1.09456395e+09 1.09456404e+09
 1.09456413e+09 1.09456421e+09 1.09456430e+09 1.09456439e+09
 1.09456447e+09 1.09456456e+09 1.09456465e+09 1.09456473e+09
 1.09456482e+09 1.09456491e+09 1.09456499e+09 1.09456508e+09
 1.09456517e+09 1.09456525e+09 1.09456534e+09 1.09456542e+09
 1.09456551e+09 1.09456560e+09 1.09456568e+09 1.09456577e+09
 1.09456586e+09 1.09456594e+09 1.09456603e+09 1.09456612e+09
 1.09456620e+09 1.09456629e+09 1.09456638e+09 1.09456646e+09
 1.09456655e+09 1.09456664e+09 1.09456672e+09 1.09456681e+09
 1.09456689e+09 1.09456698e+09 1.09456707e+09 1.09456715e+09
 1.09456724e+09 1.09456733e+09 1.09456741e+09 1.09456750e+09
 1.09456759e+09 1.09456767e+09 1.09456776e+09 1.09456785e+09
 1.09456793e+09 1.09456802e+09 1.09456811e+09 1.09456819e+09
 1.09456828e+09 1.09456837e+09 1.09456845e+09 1.09456854e+09
 1.09456862e+09 1.09456871e+09 1.09456880e+09 1.09456888e+09
 1.09456897e+09 1.09456906e+09 1.09456914e+09 1.09456923e+09
 1.09456932e+09 1.09456940e+09 1.09456949e+09 1.09456958e+09
 1.09456966e+09 1.09456975e+09 1.09456984e+09 1.09456992e+09
 1.09457001e+09 1.09457009e+09 1.09457018e+09 1.09457027e+09
 1.09457035e+09 1.09457044e+09 1.09457053e+09 1.09457061e+09
 1.09457070e+09 1.09457079e+09 1.09457087e+09 1.09457096e+09
 1.09457105e+09 1.09457113e+09 1.09457122e+09 1.09457131e+09
 1.09457139e+09 1.09457148e+09 1.09457157e+09 1.09457165e+09
 1.09457174e+09 1.09457182e+09 1.09457191e+09 1.09457200e+09
 1.09457208e+09 1.09457217e+09 1.09457226e+09 1.09457234e+09
 1.09457243e+09 1.09457252e+09 1.09457260e+09 1.09457269e+09
 1.09457278e+09 1.09457286e+09 1.09457295e+09 1.09457304e+09
 1.09457312e+09 1.09457321e+09 1.09457329e+09 1.09457338e+09
 1.09457347e+09 1.09457355e+09 1.09457364e+09 1.09457373e+09
 1.09457381e+09 1.09457390e+09 1.09457399e+09 1.09457407e+09
 1.09457416e+09 1.09457425e+09 1.09457433e+09 1.09457442e+09
 1.09457451e+09 1.09457459e+09 1.09457468e+09 1.09457477e+09
 1.09457485e+09 1.09457494e+09 1.09457502e+09 1.09457511e+09
 1.09457520e+09 1.09457528e+09 1.09457537e+09 1.09457546e+09
 1.09457554e+09 1.09457563e+09 1.09457572e+09 1.09457580e+09
 1.09457589e+09 1.09457598e+09 1.09457606e+09 1.09457615e+09
 1.09457624e+09 1.09457632e+09 1.09457641e+09 1.09457649e+09
 1.09457658e+09 1.09457667e+09 1.09457675e+09 1.09457684e+09
 1.09457693e+09 1.09457701e+09 1.09457710e+09 1.09457719e+09
 1.09457727e+09 1.09457736e+09 1.09457745e+09 1.09457753e+09
 1.09457762e+09 1.09457771e+09 1.09457779e+09 1.09457788e+09
 1.09457797e+09 1.09457805e+09 1.09457814e+09 1.09457822e+09
 1.09457831e+09 1.09457840e+09 1.09457848e+09 1.09457857e+09
 1.09457866e+09 1.09457874e+09 1.09457883e+09 1.09457892e+09
 1.09457900e+09 1.09457909e+09 1.09457918e+09 1.09457926e+09
 1.09457935e+09 1.09457944e+09 1.09457952e+09 1.09457961e+09
 1.09457969e+09 1.09457978e+09 1.09457987e+09 1.09457995e+09
 1.09458004e+09 1.09458013e+09 1.09458021e+09 1.09458030e+09]
minRes = 1.270921539835665
minResTime = [1.09454441e+09]
Cov(t) = [100 100 100 100 100 100 100 100 100 100 100 100 100 100 100 100 100 100
 100 100 100 100 100 100 100 100 100 100 100 100 100 100 100 100 100 100
 100 100 100 100 100 100 100 100 100 100 100 100 100 100 100 100 100 100
 100 100 100 100 100 100 100 100 100 100 100 100 100 100 100 100 100 100
 100 100 100 100 100 100 100 100 100 100 100 100 100 100 100 100 100 100
 100 100 100 100 100 100 100 100 100 100 100 100 100 100 100 100 100 100
 100 100 100 100 100 100 100 100 100 100 100 100 100 100 100 100 100 100
 100 100 100 100 100 100 100 100 100 100 100 100 100 100 100 100 100 100
 100 100 100 100 100 100 100 100 100 100 100 100 100 100 100 100 100 100
 100 100 100 100 100 100 100 100 100 100 100 100 100 100 100 100 100 100
 100 100 100 100 100 100 100 100 100 100 100 100 100 100 100 100 100 100
 100 100 100 100 100 100 100 100 100 100 100 100 100 100 100 100 100 100
 100 100 100 100 100 100 100 100 100 100 100 100 100 100 100 100 100 100
 100 100 100 100 100 100 100 100 100 100 100 100 100 100 100 100 100 100
 100 100 100 100 100 100 100 100 100 100 100 100 100 100 100 100 100 100
 100 100 100 100 100 100 100 100 100 100 100 100 100 100 100 100 100 100
 100 100 100 100 100 100 100 100 100 100 100 100 100 100 100 100 100 100
 100 100 100 100 100 100 100 100 100 100 100 100 100 100 100 100 100 100
 100 100 100 100 100 100 100 100 100 100 100 100 100 100 100 100 100 100
 100 100 100 100 100 100 100 100 100 100 100 100 100 100 100 100 100 100
 100 100 100 100 100 100 100 100 100 100 100 100 100 100 100 100 100 100
 100 100 100 100 100 100 100 100 100 100 100 100 100 100 100 100 100 100
 100 100 100 100 100 100 100 100 100 100 100 100 100 100 100 100 100 100
 100 100 100 100 100 100 100 100 100 100 100 100 100 100 100 100 100 100
 100 100 100 100 100 100 100 100 100 100 100 100 100 100 100 100 100 100
 100 100 100 100 100 100 100 100 100 100 100 100 100 100 100 100 100 100
 100 100 100 100 100 100 100 100 100 100 100 100 100 100 100 100 100 100
 100 100 100 100 100 100 100 100 100 100 100 100 100 100 100 100 100 100
 100 100 100 100 100 100 100 100 100 100 100 100 100 100 100 100 100 100
 100 100 100 100 100 100 100 100 100 100 100 100 100 100 100 100 100 100
 100 100 100 100 100 100 100 100 100 100 100 100 100 100 100 100 100 100
 100 100 100 100 100 100 100 100 100 100 100 100 100 100 100 100 100 100
 100 100 100 100 100 100 100 100 100 100 100 100 100 100 100 100 100 100
 100 100 100 100 100 100 100 100 100 100 100 100 100 100 100 100 100 100
 100 100 100 100 100 100 100 100 100 100 100 100 100 100 100 100 100 100
 100 100 100 100 100 100 100 100 100 100 100 100 100 100 100 100 100 100
 100 100 100 100 100 100 100 100 100 100 100 100 100 100 100 100 100 100
 100 100 100 100 100 100 100 100 100 100 100 100 100 100 100 100 100 100
 100 100 100 100 100 100 100 100 100 100 100 100 100 100 100 100 100 100
 100 100 100 100 100 100 100 100 100 100 100 100 100 100 100 100 100 100
 100 100 100 100 100 100 100 100 100 100 100 100 100 100 100 100 100 100
 100 100 100 100 100 100 100 100 100 100 100 100 100 100 100 100 100 100
 100 100 100 100 100 100 100 100 100 100 100 100 100 100 100 100 100 100
 100 100 100 100 100 100 100 100 100 100 100 100 100 100 100 100 100 100
 100 100 100 100 100 100 100 100 100 100 100 100 100 100 100 100 100 100
 100 100 100 100 100 100 100 100 100 100 100 100 100 100 100 100 100 100
 100 100 100 100 100 100 100 100 100 100 100 100 100 100 100 100 100 100
 100 100 100 100 100 100 100 100 100 100 100 100 100 100 100 100 100 100
 100 100 100 100 100 100 100 100 100 100 100 100 100 100 100 100 100 100
 100 100 100 100 100 100 100 100 100 100 100 100 100 100 100 100 100 100
 100 100 100 100 100 100 100 100 100 100 100 100 100 100 100 100 100 100
 100 100 100 100 100 100 100 100 100 100 100 100 100 100 100 100 100 100
 100 100 100 100 100 100 100 100 100 100 100 100 100 100 100 100 100 100
 100 100 100 100 100 100 100 100 100 100 100 100 100 100 100 100 100 100
 100 100 100 100 100 100 100 100 100 100 100 100 100 100 100 100 100 100
 100 100 100 100 100 100 100 100 100 100]
maxCov = 100
maxCovTime = [1.09449390e+09 1.09449399e+09 1.09449407e+09 1.09449416e+09
 1.09449425e+09 1.09449433e+09 1.09449442e+09 1.09449451e+09
 1.09449459e+09 1.09449468e+09 1.09449477e+09 1.09449485e+09
 1.09449494e+09 1.09449502e+09 1.09449511e+09 1.09449520e+09
 1.09449528e+09 1.09449537e+09 1.09449546e+09 1.09449554e+09
 1.09449563e+09 1.09449572e+09 1.09449580e+09 1.09449589e+09
 1.09449598e+09 1.09449606e+09 1.09449615e+09 1.09449624e+09
 1.09449632e+09 1.09449641e+09 1.09449649e+09 1.09449658e+09
 1.09449667e+09 1.09449675e+09 1.09449684e+09 1.09449693e+09
 1.09449701e+09 1.09449710e+09 1.09449719e+09 1.09449727e+09
 1.09449736e+09 1.09449745e+09 1.09449753e+09 1.09449762e+09
 1.09449771e+09 1.09449779e+09 1.09449788e+09 1.09449797e+09
 1.09449805e+09 1.09449814e+09 1.09449822e+09 1.09449831e+09
 1.09449840e+09 1.09449848e+09 1.09449857e+09 1.09449866e+09
 1.09449874e+09 1.09449883e+09 1.09449892e+09 1.09449900e+09
 1.09449909e+09 1.09449918e+09 1.09449926e+09 1.09449935e+09
 1.09449944e+09 1.09449952e+09 1.09449961e+09 1.09449969e+09
 1.09449978e+09 1.09449987e+09 1.09449995e+09 1.09450004e+09
 1.09450013e+09 1.09450021e+09 1.09450030e+09 1.09450039e+09
 1.09450047e+09 1.09450056e+09 1.09450065e+09 1.09450073e+09
 1.09450082e+09 1.09450091e+09 1.09450099e+09 1.09450108e+09
 1.09450117e+09 1.09450125e+09 1.09450134e+09 1.09450142e+09
 1.09450151e+09 1.09450160e+09 1.09450168e+09 1.09450177e+09
 1.09450186e+09 1.09450194e+09 1.09450203e+09 1.09450212e+09
 1.09450220e+09 1.09450229e+09 1.09450238e+09 1.09450246e+09
 1.09450255e+09 1.09450264e+09 1.09450272e+09 1.09450281e+09
 1.09450289e+09 1.09450298e+09 1.09450307e+09 1.09450315e+09
 1.09450324e+09 1.09450333e+09 1.09450341e+09 1.09450350e+09
 1.09450359e+09 1.09450367e+09 1.09450376e+09 1.09450385e+09
 1.09450393e+09 1.09450402e+09 1.09450411e+09 1.09450419e+09
 1.09450428e+09 1.09450437e+09 1.09450445e+09 1.09450454e+09
 1.09450462e+09 1.09450471e+09 1.09450480e+09 1.09450488e+09
 1.09450497e+09 1.09450506e+09 1.09450514e+09 1.09450523e+09
 1.09450532e+09 1.09450540e+09 1.09450549e+09 1.09450558e+09
 1.09450566e+09 1.09450575e+09 1.09450584e+09 1.09450592e+09
 1.09450601e+09 1.09450609e+09 1.09450618e+09 1.09450627e+09
 1.09450635e+09 1.09450644e+09 1.09450653e+09 1.09450661e+09
 1.09450670e+09 1.09450679e+09 1.09450687e+09 1.09450696e+09
 1.09450705e+09 1.09450713e+09 1.09450722e+09 1.09450731e+09
 1.09450739e+09 1.09450748e+09 1.09450757e+09 1.09450765e+09
 1.09450774e+09 1.09450782e+09 1.09450791e+09 1.09450800e+09
 1.09450808e+09 1.09450817e+09 1.09450826e+09 1.09450834e+09
 1.09450843e+09 1.09450852e+09 1.09450860e+09 1.09450869e+09
 1.09450878e+09 1.09450886e+09 1.09450895e+09 1.09450904e+09
 1.09450912e+09 1.09450921e+09 1.09450929e+09 1.09450938e+09
 1.09450947e+09 1.09450955e+09 1.09450964e+09 1.09450973e+09
 1.09450981e+09 1.09450990e+09 1.09450999e+09 1.09451007e+09
 1.09451016e+09 1.09451025e+09 1.09451033e+09 1.09451042e+09
 1.09451051e+09 1.09451059e+09 1.09451068e+09 1.09451077e+09
 1.09451085e+09 1.09451094e+09 1.09451102e+09 1.09451111e+09
 1.09451120e+09 1.09451128e+09 1.09451137e+09 1.09451146e+09
 1.09451154e+09 1.09451163e+09 1.09451172e+09 1.09451180e+09
 1.09451189e+09 1.09451198e+09 1.09451206e+09 1.09451215e+09
 1.09451224e+09 1.09451232e+09 1.09451241e+09 1.09451249e+09
 1.09451258e+09 1.09451267e+09 1.09451275e+09 1.09451284e+09
 1.09451293e+09 1.09451301e+09 1.09451310e+09 1.09451319e+09
 1.09451327e+09 1.09451336e+09 1.09451345e+09 1.09451353e+09
 1.09451362e+09 1.09451371e+09 1.09451379e+09 1.09451388e+09
 1.09451397e+09 1.09451405e+09 1.09451414e+09 1.09451422e+09
 1.09451431e+09 1.09451440e+09 1.09451448e+09 1.09451457e+09
 1.09451466e+09 1.09451474e+09 1.09451483e+09 1.09451492e+09
 1.09451500e+09 1.09451509e+09 1.09451518e+09 1.09451526e+09
 1.09451535e+09 1.09451544e+09 1.09451552e+09 1.09451561e+09
 1.09451569e+09 1.09451578e+09 1.09451587e+09 1.09451595e+09
 1.09451604e+09 1.09451613e+09 1.09451621e+09 1.09451630e+09
 1.09451639e+09 1.09451647e+09 1.09451656e+09 1.09451665e+09
 1.09451673e+09 1.09451682e+09 1.09451691e+09 1.09451699e+09
 1.09451708e+09 1.09451717e+09 1.09451725e+09 1.09451734e+09
 1.09451742e+09 1.09451751e+09 1.09451760e+09 1.09451768e+09
 1.09451777e+09 1.09451786e+09 1.09451794e+09 1.09451803e+09
 1.09451812e+09 1.09451820e+09 1.09451829e+09 1.09451838e+09
 1.09451846e+09 1.09451855e+09 1.09451864e+09 1.09451872e+09
 1.09451881e+09 1.09451889e+09 1.09451898e+09 1.09451907e+09
 1.09451915e+09 1.09451924e+09 1.09451933e+09 1.09451941e+09
 1.09451950e+09 1.09451959e+09 1.09451967e+09 1.09451976e+09
 1.09451985e+09 1.09451993e+09 1.09452002e+09 1.09452011e+09
 1.09452019e+09 1.09452028e+09 1.09452037e+09 1.09452045e+09
 1.09452054e+09 1.09452062e+09 1.09452071e+09 1.09452080e+09
 1.09452088e+09 1.09452097e+09 1.09452106e+09 1.09452114e+09
 1.09452123e+09 1.09452132e+09 1.09452140e+09 1.09452149e+09
 1.09452158e+09 1.09452166e+09 1.09452175e+09 1.09452184e+09
 1.09452192e+09 1.09452201e+09 1.09452209e+09 1.09452218e+09
 1.09452227e+09 1.09452235e+09 1.09452244e+09 1.09452253e+09
 1.09452261e+09 1.09452270e+09 1.09452279e+09 1.09452287e+09
 1.09452296e+09 1.09452305e+09 1.09452313e+09 1.09452322e+09
 1.09452331e+09 1.09452339e+09 1.09452348e+09 1.09452357e+09
 1.09452365e+09 1.09452374e+09 1.09452382e+09 1.09452391e+09
 1.09452400e+09 1.09452408e+09 1.09452417e+09 1.09452426e+09
 1.09452434e+09 1.09452443e+09 1.09452452e+09 1.09452460e+09
 1.09452469e+09 1.09452478e+09 1.09452486e+09 1.09452495e+09
 1.09452504e+09 1.09452512e+09 1.09452521e+09 1.09452529e+09
 1.09452538e+09 1.09452547e+09 1.09452555e+09 1.09452564e+09
 1.09452573e+09 1.09452581e+09 1.09452590e+09 1.09452599e+09
 1.09452607e+09 1.09452616e+09 1.09452625e+09 1.09452633e+09
 1.09452642e+09 1.09452651e+09 1.09452659e+09 1.09452668e+09
 1.09452677e+09 1.09452685e+09 1.09452694e+09 1.09452702e+09
 1.09452711e+09 1.09452720e+09 1.09452728e+09 1.09452737e+09
 1.09452746e+09 1.09452754e+09 1.09452763e+09 1.09452772e+09
 1.09452780e+09 1.09452789e+09 1.09452798e+09 1.09452806e+09
 1.09452815e+09 1.09452824e+09 1.09452832e+09 1.09452841e+09
 1.09452849e+09 1.09452858e+09 1.09452867e+09 1.09452875e+09
 1.09452884e+09 1.09452893e+09 1.09452901e+09 1.09452910e+09
 1.09452919e+09 1.09452927e+09 1.09452936e+09 1.09452945e+09
 1.09452953e+09 1.09452962e+09 1.09452971e+09 1.09452979e+09
 1.09452988e+09 1.09452997e+09 1.09453005e+09 1.09453014e+09
 1.09453022e+09 1.09453031e+09 1.09453040e+09 1.09453048e+09
 1.09453057e+09 1.09453066e+09 1.09453074e+09 1.09453083e+09
 1.09453092e+09 1.09453100e+09 1.09453109e+09 1.09453118e+09
 1.09453126e+09 1.09453135e+09 1.09453144e+09 1.09453152e+09
 1.09453161e+09 1.09453169e+09 1.09453178e+09 1.09453187e+09
 1.09453195e+09 1.09453204e+09 1.09453213e+09 1.09453221e+09
 1.09453230e+09 1.09453239e+09 1.09453247e+09 1.09453256e+09
 1.09453265e+09 1.09453273e+09 1.09453282e+09 1.09453291e+09
 1.09453299e+09 1.09453308e+09 1.09453317e+09 1.09453325e+09
 1.09453334e+09 1.09453342e+09 1.09453351e+09 1.09453360e+09
 1.09453368e+09 1.09453377e+09 1.09453386e+09 1.09453394e+09
 1.09453403e+09 1.09453412e+09 1.09453420e+09 1.09453429e+09
 1.09453438e+09 1.09453446e+09 1.09453455e+09 1.09453464e+09
 1.09453472e+09 1.09453481e+09 1.09453489e+09 1.09453498e+09
 1.09453507e+09 1.09453515e+09 1.09453524e+09 1.09453533e+09
 1.09453541e+09 1.09453550e+09 1.09453559e+09 1.09453567e+09
 1.09453576e+09 1.09453585e+09 1.09453593e+09 1.09453602e+09
 1.09453611e+09 1.09453619e+09 1.09453628e+09 1.09453637e+09
 1.09453645e+09 1.09453654e+09 1.09453662e+09 1.09453671e+09
 1.09453680e+09 1.09453688e+09 1.09453697e+09 1.09453706e+09
 1.09453714e+09 1.09453723e+09 1.09453732e+09 1.09453740e+09
 1.09453749e+09 1.09453758e+09 1.09453766e+09 1.09453775e+09
 1.09453784e+09 1.09453792e+09 1.09453801e+09 1.09453809e+09
 1.09453818e+09 1.09453827e+09 1.09453835e+09 1.09453844e+09
 1.09453853e+09 1.09453861e+09 1.09453870e+09 1.09453879e+09
 1.09453887e+09 1.09453896e+09 1.09453905e+09 1.09453913e+09
 1.09453922e+09 1.09453931e+09 1.09453939e+09 1.09453948e+09
 1.09453957e+09 1.09453965e+09 1.09453974e+09 1.09453982e+09
 1.09453991e+09 1.09454000e+09 1.09454008e+09 1.09454017e+09
 1.09454026e+09 1.09454034e+09 1.09454043e+09 1.09454052e+09
 1.09454060e+09 1.09454069e+09 1.09454078e+09 1.09454086e+09
 1.09454095e+09 1.09454104e+09 1.09454112e+09 1.09454121e+09
 1.09454129e+09 1.09454138e+09 1.09454147e+09 1.09454155e+09
 1.09454164e+09 1.09454173e+09 1.09454181e+09 1.09454190e+09
 1.09454199e+09 1.09454207e+09 1.09454216e+09 1.09454225e+09
 1.09454233e+09 1.09454242e+09 1.09454251e+09 1.09454259e+09
 1.09454268e+09 1.09454277e+09 1.09454285e+09 1.09454294e+09
 1.09454302e+09 1.09454311e+09 1.09454320e+09 1.09454328e+09
 1.09454337e+09 1.09454346e+09 1.09454354e+09 1.09454363e+09
 1.09454372e+09 1.09454380e+09 1.09454389e+09 1.09454398e+09
 1.09454406e+09 1.09454415e+09 1.09454424e+09 1.09454432e+09
 1.09454441e+09 1.09454449e+09 1.09454458e+09 1.09454467e+09
 1.09454475e+09 1.09454484e+09 1.09454493e+09 1.09454501e+09
 1.09454510e+09 1.09454519e+09 1.09454527e+09 1.09454536e+09
 1.09454545e+09 1.09454553e+09 1.09454562e+09 1.09454571e+09
 1.09454579e+09 1.09454588e+09 1.09454597e+09 1.09454605e+09
 1.09454614e+09 1.09454622e+09 1.09454631e+09 1.09454640e+09
 1.09454648e+09 1.09454657e+09 1.09454666e+09 1.09454674e+09
 1.09454683e+09 1.09454692e+09 1.09454700e+09 1.09454709e+09
 1.09454718e+09 1.09454726e+09 1.09454735e+09 1.09454744e+09
 1.09454752e+09 1.09454761e+09 1.09454769e+09 1.09454778e+09
 1.09454787e+09 1.09454795e+09 1.09454804e+09 1.09454813e+09
 1.09454821e+09 1.09454830e+09 1.09454839e+09 1.09454847e+09
 1.09454856e+09 1.09454865e+09 1.09454873e+09 1.09454882e+09
 1.09454891e+09 1.09454899e+09 1.09454908e+09 1.09454917e+09
 1.09454925e+09 1.09454934e+09 1.09454942e+09 1.09454951e+09
 1.09454960e+09 1.09454968e+09 1.09454977e+09 1.09454986e+09
 1.09454994e+09 1.09455003e+09 1.09455012e+09 1.09455020e+09
 1.09455029e+09 1.09455038e+09 1.09455046e+09 1.09455055e+09
 1.09455064e+09 1.09455072e+09 1.09455081e+09 1.09455089e+09
 1.09455098e+09 1.09455107e+09 1.09455115e+09 1.09455124e+09
 1.09455133e+09 1.09455141e+09 1.09455150e+09 1.09455159e+09
 1.09455167e+09 1.09455176e+09 1.09455185e+09 1.09455193e+09
 1.09455202e+09 1.09455211e+09 1.09455219e+09 1.09455228e+09
 1.09455237e+09 1.09455245e+09 1.09455254e+09 1.09455262e+09
 1.09455271e+09 1.09455280e+09 1.09455288e+09 1.09455297e+09
 1.09455306e+09 1.09455314e+09 1.09455323e+09 1.09455332e+09
 1.09455340e+09 1.09455349e+09 1.09455358e+09 1.09455366e+09
 1.09455375e+09 1.09455384e+09 1.09455392e+09 1.09455401e+09
 1.09455409e+09 1.09455418e+09 1.09455427e+09 1.09455435e+09
 1.09455444e+09 1.09455453e+09 1.09455461e+09 1.09455470e+09
 1.09455479e+09 1.09455487e+09 1.09455496e+09 1.09455505e+09
 1.09455513e+09 1.09455522e+09 1.09455531e+09 1.09455539e+09
 1.09455548e+09 1.09455557e+09 1.09455565e+09 1.09455574e+09
 1.09455582e+09 1.09455591e+09 1.09455600e+09 1.09455608e+09
 1.09455617e+09 1.09455626e+09 1.09455634e+09 1.09455643e+09
 1.09455652e+09 1.09455660e+09 1.09455669e+09 1.09455678e+09
 1.09455686e+09 1.09455695e+09 1.09455704e+09 1.09455712e+09
 1.09455721e+09 1.09455729e+09 1.09455738e+09 1.09455747e+09
 1.09455755e+09 1.09455764e+09 1.09455773e+09 1.09455781e+09
 1.09455790e+09 1.09455799e+09 1.09455807e+09 1.09455816e+09
 1.09455825e+09 1.09455833e+09 1.09455842e+09 1.09455851e+09
 1.09455859e+09 1.09455868e+09 1.09455877e+09 1.09455885e+09
 1.09455894e+09 1.09455902e+09 1.09455911e+09 1.09455920e+09
 1.09455928e+09 1.09455937e+09 1.09455946e+09 1.09455954e+09
 1.09455963e+09 1.09455972e+09 1.09455980e+09 1.09455989e+09
 1.09455998e+09 1.09456006e+09 1.09456015e+09 1.09456024e+09
 1.09456032e+09 1.09456041e+09 1.09456049e+09 1.09456058e+09
 1.09456067e+09 1.09456075e+09 1.09456084e+09 1.09456093e+09
 1.09456101e+09 1.09456110e+09 1.09456119e+09 1.09456127e+09
 1.09456136e+09 1.09456145e+09 1.09456153e+09 1.09456162e+09
 1.09456171e+09 1.09456179e+09 1.09456188e+09 1.09456197e+09
 1.09456205e+09 1.09456214e+09 1.09456222e+09 1.09456231e+09
 1.09456240e+09 1.09456248e+09 1.09456257e+09 1.09456266e+09
 1.09456274e+09 1.09456283e+09 1.09456292e+09 1.09456300e+09
 1.09456309e+09 1.09456318e+09 1.09456326e+09 1.09456335e+09
 1.09456344e+09 1.09456352e+09 1.09456361e+09 1.09456369e+09
 1.09456378e+09 1.09456387e+09 1.09456395e+09 1.09456404e+09
 1.09456413e+09 1.09456421e+09 1.09456430e+09 1.09456439e+09
 1.09456447e+09 1.09456456e+09 1.09456465e+09 1.09456473e+09
 1.09456482e+09 1.09456491e+09 1.09456499e+09 1.09456508e+09
 1.09456517e+09 1.09456525e+09 1.09456534e+09 1.09456542e+09
 1.09456551e+09 1.09456560e+09 1.09456568e+09 1.09456577e+09
 1.09456586e+09 1.09456594e+09 1.09456603e+09 1.09456612e+09
 1.09456620e+09 1.09456629e+09 1.09456638e+09 1.09456646e+09
 1.09456655e+09 1.09456664e+09 1.09456672e+09 1.09456681e+09
 1.09456689e+09 1.09456698e+09 1.09456707e+09 1.09456715e+09
 1.09456724e+09 1.09456733e+09 1.09456741e+09 1.09456750e+09
 1.09456759e+09 1.09456767e+09 1.09456776e+09 1.09456785e+09
 1.09456793e+09 1.09456802e+09 1.09456811e+09 1.09456819e+09
 1.09456828e+09 1.09456837e+09 1.09456845e+09 1.09456854e+09
 1.09456862e+09 1.09456871e+09 1.09456880e+09 1.09456888e+09
 1.09456897e+09 1.09456906e+09 1.09456914e+09 1.09456923e+09
 1.09456932e+09 1.09456940e+09 1.09456949e+09 1.09456958e+09
 1.09456966e+09 1.09456975e+09 1.09456984e+09 1.09456992e+09
 1.09457001e+09 1.09457009e+09 1.09457018e+09 1.09457027e+09
 1.09457035e+09 1.09457044e+09 1.09457053e+09 1.09457061e+09
 1.09457070e+09 1.09457079e+09 1.09457087e+09 1.09457096e+09
 1.09457105e+09 1.09457113e+09 1.09457122e+09 1.09457131e+09
 1.09457139e+09 1.09457148e+09 1.09457157e+09 1.09457165e+09
 1.09457174e+09 1.09457182e+09 1.09457191e+09 1.09457200e+09
 1.09457208e+09 1.09457217e+09 1.09457226e+09 1.09457234e+09
 1.09457243e+09 1.09457252e+09 1.09457260e+09 1.09457269e+09
 1.09457278e+09 1.09457286e+09 1.09457295e+09 1.09457304e+09
 1.09457312e+09 1.09457321e+09 1.09457329e+09 1.09457338e+09
 1.09457347e+09 1.09457355e+09 1.09457364e+09 1.09457373e+09
 1.09457381e+09 1.09457390e+09 1.09457399e+09 1.09457407e+09
 1.09457416e+09 1.09457425e+09 1.09457433e+09 1.09457442e+09
 1.09457451e+09 1.09457459e+09 1.09457468e+09 1.09457477e+09
 1.09457485e+09 1.09457494e+09 1.09457502e+09 1.09457511e+09
 1.09457520e+09 1.09457528e+09 1.09457537e+09 1.09457546e+09
 1.09457554e+09 1.09457563e+09 1.09457572e+09 1.09457580e+09
 1.09457589e+09 1.09457598e+09 1.09457606e+09 1.09457615e+09
 1.09457624e+09 1.09457632e+09 1.09457641e+09 1.09457649e+09
 1.09457658e+09 1.09457667e+09 1.09457675e+09 1.09457684e+09
 1.09457693e+09 1.09457701e+09 1.09457710e+09 1.09457719e+09
 1.09457727e+09 1.09457736e+09 1.09457745e+09 1.09457753e+09
 1.09457762e+09 1.09457771e+09 1.09457779e+09 1.09457788e+09
 1.09457797e+09 1.09457805e+09 1.09457814e+09 1.09457822e+09
 1.09457831e+09 1.09457840e+09 1.09457848e+09 1.09457857e+09
 1.09457866e+09 1.09457874e+09 1.09457883e+09 1.09457892e+09
 1.09457900e+09 1.09457909e+09 1.09457918e+09 1.09457926e+09
 1.09457935e+09 1.09457944e+09 1.09457952e+09 1.09457961e+09
 1.09457969e+09 1.09457978e+09 1.09457987e+09 1.09457995e+09
 1.09458004e+09 1.09458013e+09 1.09458021e+09 1.09458030e+09]
