name =JUICE_ROI_GAN_4_7_02
flyby = ['2034 JUN 05 18:53:51', '2034 JUN 06 18:53:51']
Observation TW = <SpiceCell dtype = 1, length = 0, size = 3200, card = 12, is_set = 1, adjust = 0, init = 1, base = 94275998147472, data = 94275998147520>
Res(t) = [0.15745725 0.15118789 0.14649009 0.14267365 0.13944432 0.13863866
 0.13576092 0.13328797 0.13112651 0.12921654 0.12751663 0.12599658
 0.12463349 0.12340939 0.12230982 0.12132288 0.1178993  0.1172812
 0.11668642 0.11810167 0.11755504 0.1170797  0.11667096 0.11632394
 0.11607501 0.11587921 0.11550578 0.11541953 0.11534963 0.11532327
 0.11533819 0.11451945 0.11463593 0.1147805  0.11496229 0.11517514
 0.1158396  0.11608816 0.11636529 0.1166698  0.11700052 0.1173564
 0.1177364  0.11813958 0.11856502 0.11901186 0.11947929 0.11996654
 0.12047286 0.12099756 0.12153996 0.12209945 0.1226754  0.12326725
 0.12387444 0.12449644 0.12513276 0.12578291 0.12644643 0.12712288
 0.12781183 0.12851289 0.12922566 0.1290387  0.12977864 0.13052904
 0.13128955 0.13205989 0.13195552 0.13275075 0.13355479 0.1343674
 0.13518833 0.13601734 0.1368542  0.1376987  0.13855062 0.13940975
 0.14035333 0.14122689 0.14210707 0.14299371 0.14388662 0.14517944
 0.14608192 0.14673559 0.14764847 0.14860965 0.14952511 0.15044592
 0.15137195 0.15230306 0.1532391  0.15465891 0.15559951 0.15654472
 0.15749443 0.15844851 0.15940687 0.16036939 0.16133597 0.1623065
 0.16328088 0.16425903 0.16524085 0.16622624 0.16721513 0.16820743
 0.16920305 0.17020192 0.17120396 0.17220909 0.17321724 0.17422835
 0.17524233 0.17625913 0.17727869 0.17830093 0.1793258  0.18035323
 0.18138318 0.18241558 0.18345037 0.18448752 0.18552695 0.18656864
 0.18761251 0.18865854 0.18970666 0.1906187  0.19167678 0.19273686
 0.1937989  0.19486287 0.19592872 0.19699641 0.19730675 0.198372
 0.19943896 0.20050759 0.20157784 0.2026497  0.20372313 0.20479809
 0.20587456 0.2069525  0.20803189 0.2091127  0.2101949  0.21127847
 0.21236338 0.2134496  0.2145371  0.21562587 0.21671589 0.21780711
 0.21889954 0.21999313 0.22108788 0.22218375 0.22328074 0.22437881
 0.22547796 0.22657816 0.22767939 0.22878163 0.22988487 0.23098909
 0.23209427 0.23320039 0.23430745 0.23541542 0.23652429 0.23763404
 0.23874467 0.23985614 0.24096846 0.2420816  0.24319556 0.24431032
 0.24542587 0.24654219 0.24765927 0.24877711 0.25076384 0.25188798
 0.25172835 0.25283517 0.2539426  0.25505063 0.2531353  0.25422485
 0.25531485 0.25640527 0.25749611 0.25858736 0.25967901 0.26077104
 0.26186346 0.26295625 0.26404939 0.26514289 0.26623674 0.26733092
 0.26842543 0.26952026 0.27061541 0.27171086 0.2728066  0.27390264
 0.27499895 0.27609555 0.27719241 0.27828953 0.27938691 0.28048454
 0.28158241 0.28268052 0.28377886 0.28487742 0.2859762  0.2870752
 0.2881744  0.2892738  0.29166754 0.29277761 0.29388789 0.29499838
 0.29610906 0.29721994 0.29833102 0.29944228 0.30055372 0.30166534
 0.30277713 0.30388909 0.30500121 0.30611349 0.30722592 0.30833851
 0.30945124 0.31056412 0.31167713 0.31279028 0.31390356 0.31501697
 0.3161305  0.31724415 0.3183421  0.31945601 0.32057002 0.32168414
 0.32279837 0.32391269 0.32502712 0.32614163 0.32725624 0.32837094
 0.32948572 0.33060058 0.33171552 0.33283054 0.33394564 0.3350608
 0.33617604 0.33729134 0.3384067  0.33952213 0.34063761 0.34175315
 0.34286875 0.3431094  0.3442305  0.34535164 0.34647279 0.34759397
 0.34871517 0.34983639 0.35095763 0.35207887 0.35320013 0.35432139
 0.35544267 0.35656394 0.35768522 0.3588065  0.35992778 0.36104905
 0.36217031 0.36329157 0.36441282 0.36553406 0.36665528 0.36777649
 0.36889767 0.37001884 0.37113999 0.37226112 0.37102698 0.37212148
 0.37321587 0.37431014 0.37540429 0.37649833 0.37759224 0.37868603
 0.3797797  0.38087324 0.38196665 0.38305994 0.3841531  0.38524613
 0.38633903 0.38743179 0.38852442 0.38961692 0.39070928 0.3918015
 0.39289359 0.39398553 0.39507734 0.396169   0.39726052 0.3983519
 0.39944313 0.40053422 0.40162516 0.40271595 0.4038066  0.40489709
 0.40598744 0.40707763 0.40816767 0.40925756 0.4103473  0.41143688
 0.41252631 0.41361558 0.41470469 0.41579365 0.41688245 0.41797108
 0.41905956 0.42014788 0.42123604 0.42232403 0.42341187 0.42449954
 0.42558704 0.42667438 0.42776156 0.42884857 0.42993542 0.43102209
 0.4321086  0.43319494 0.43428112 0.43536712 0.43645296 0.43753862
 0.43862411 0.43970943 0.44079458 0.44187956 0.44296437 0.444049
 0.44513346 0.44621774 0.44730185 0.44838579 0.44946954 0.45055313
 0.45163653 0.45271976 0.45380282 0.45488569 0.45596839 0.45705091
 0.45813325 0.45921541 0.46029739 0.4613792  0.46246082 0.46354226
 0.46462352 0.4657046  0.4667855  0.46786622 0.46894676 0.47002711
 0.47110728 0.47218727 0.47326708 0.4743467  0.47542614 0.47650539
 0.47758446 0.47866335 0.47974205 0.48082057 0.4818989  0.48297705
 0.48405501 0.48513278 0.48621037 0.48728778 0.488365   0.48944203
 0.49051887 0.49159553 0.492672   0.49374828 0.49482438 0.49590029
 0.49697601 0.49805154 0.49912689 0.50020204 0.50127701 0.50235179
 0.50342638 0.50450079 0.505575   0.50664903 0.50772286 0.50879651
 0.50986997 0.51094324 0.51201631 0.5130892  0.5141619  0.51523441
 0.51630673 0.51737886 0.5184508  0.51952255 0.52059411 0.52166548
 0.52273665 0.52380764 0.52487844 0.52594905 0.52701946 0.52808969
 0.52915972 0.53022956 0.53129921 0.53236868 0.53343795 0.53450702
 0.53557591 0.53664461 0.53771311 0.53878143 0.53984955 0.54091748
 0.54198522 0.54305277 0.54412013 0.5451873  0.54625427 0.54732105
 0.54838765 0.54945405 0.55052026 0.55158627 0.5526521  0.55371773
 0.55478318 0.55584843 0.55691349 0.55797835 0.55904303 0.56010752
 0.56117181 0.56223591 0.56329982 0.56436354 0.56542707 0.5664904
 0.56755355 0.5686165  0.56967926 0.57074183 0.57180421 0.5728664
 0.57392839 0.5749902  0.57605181 0.57711324 0.57817447 0.57923551
 0.58029635 0.58135701 0.58241748 0.58347775 0.58453784 0.58559773
 0.58665744 0.58771695 0.58877627 0.5898354  0.59089434 0.59195309
 0.59301164 0.59407001 0.59512819 0.59618617 0.59724397 0.59830157
 0.59935899 0.60041621 0.60147325 0.60253009 0.60358675 0.60464321
 0.60569948 0.60675557 0.60781146 0.60886716 0.60992268 0.610978
 0.61203314 0.61308808 0.61414284 0.6151974  0.61625178 0.61730597
 0.61835997 0.61941378 0.6204674  0.62152083 0.62257407 0.62362712
 0.62467998 0.62573266 0.62678515 0.62783744 0.62888955 0.62994147
 0.63099321 0.63204475 0.6330961  0.63414727 0.63519825 0.63624904
 0.63729965 0.63835006 0.63940029 0.64045033 0.64150018 0.64254985
 0.64359932 0.64464861 0.64569772 0.64674663 0.64779536 0.6488439
 0.64989225 0.65094042 0.6519884  0.65303619 0.6540838  0.65513122
 0.65617846 0.6572255  0.65827236 0.65931904 0.66036553 0.66141183
 0.66245795 0.66350388 0.66454962 0.66559518 0.66664056 0.66768575
 0.66873075 0.66977557 0.6708202  0.67186465 0.67290891 0.67395299
 0.67499688 0.67604059 0.67708411 0.67812745 0.6791706  0.68021357
 0.68125635 0.68229895 0.68334137 0.6843836  0.68542565 0.68646752
 0.6875092  0.6885507  0.68959201 0.69063314 0.69167409 0.69271485
 0.69375543 0.69479583 0.69583604 0.69687607 0.69791592 0.69895558
 0.69999507 0.70103437 0.70207349 0.70311242 0.70415117 0.70518975
 0.70622813 0.70726634 0.70830437 0.70934221 0.71037987 0.71141735
 0.71245465 0.71349177 0.7145287  0.71556546 0.71660203 0.71763842
 0.71867464 0.71971067 0.72074652 0.72178219 0.72281767 0.72385298
 0.72488811 0.72592306 0.72695783 0.72799241 0.72902682 0.73006105
 0.7310951  0.73212897 0.73316266 0.73419617 0.7352295  0.73626265
 0.73729562 0.73832841 0.73936102 0.74039346 0.74142571 0.74245779
 0.74348969 0.74452141 0.74555295 0.74658432 0.7476155  0.74864651
 0.74967734 0.75070799 0.75173846 0.75276876 0.75379888 0.75482882
 0.75585858 0.75688817 0.75791758 0.75894681 0.75997586 0.76100474
 0.76203344 0.76306196 0.76409031 0.76511848 0.76614648 0.7671743
 0.76820194 0.7692294  0.77025669 0.77128381 0.77231074 0.77333751
 0.77436409 0.7753905  0.77641674 0.7774428  0.77846868 0.77949439
 0.78051993 0.78154529 0.78257047 0.78359548 0.78462031 0.78564497
 0.78666946 0.78769377 0.78871791 0.78974187 0.79076566 0.79178927
 0.79281271 0.79383598 0.79485907 0.79588199 0.79690474 0.79792731
 0.79894971 0.79997194 0.80099399 0.80201587 0.80303757 0.80405911
 0.80508047 0.80610166 0.80712267 0.80814351 0.80916419 0.81018468
 0.81120501 0.81222516 0.81324514 0.81426495 0.81528459 0.81630406
 0.81732335 0.81834248 0.81936143 0.82038021 0.82139882 0.82241725
 0.82343552 0.82445362 0.82547154 0.82648929 0.82750688 0.82852429
 0.82954153 0.8305586  0.8315755  0.83259223 0.8336088  0.83462519
 0.83564141 0.83665746 0.83767334 0.83868905 0.83970459 0.84071996
 0.84173517 0.8427502  0.84376506 0.84477976 0.84579428 0.84680864
 0.84782283 0.84883685 0.8498507  0.85086438 0.8518779  0.85289124
 0.85390442 0.85491743 0.85593027 0.85694294 0.85795544 0.85896778
 0.85997995 0.86099195 0.86200379 0.86301545 0.86402695 0.86503828
 0.86604945 0.86706044 0.86807127 0.86908194 0.87009243 0.87110276
 0.87211293 0.87312292 0.87413275 0.87514242 0.87615191 0.87716124
 0.87817041 0.87917941 0.88018824 0.88119691 0.88220541 0.88321374
 0.88422191 0.88522992 0.88623776 0.88724543 0.88825294 0.88926028
 0.89026746 0.89127448 0.89228133 0.89328801 0.89429453 0.89530088
 0.89630707 0.8973131  0.89831896 0.89932466 0.90033019 0.90133556
 0.90234077 0.90334581 0.90435069 0.9053554  0.90635995 0.90736434
 0.90836856 0.90937262 0.91037652 0.91138025 0.91238382 0.91338723
 0.91439047 0.91539356 0.91639647 0.91739923 0.91840183 0.91940426
 0.92040653 0.92140863 0.92241058 0.92341236 0.92441398 0.92541544
 0.92641674 0.92741788 0.92841885 0.92941966 0.93042031 0.9314208
 0.93242113 0.9334213  0.9344213  0.93542115 0.93642083 0.93742036
 0.93841972 0.93941892 0.94041796 0.94141684 0.94241557 0.94341413
 0.94441253 0.94541077 0.94640885 0.94740677 0.94840453 0.94940213
 0.95039957 0.95139685 0.95239397 0.95339093 0.95438774 0.95538438
 0.95638087 0.95737719 0.95837336 0.95936937 0.96036522 0.96136091
 0.96235644 0.96335181 0.96434703 0.96534208 0.96633698 0.96733172
 0.9683263  0.96932073 0.970315   0.9713091  0.97230306 0.97329685
 0.97429048 0.97528396 0.97627728 0.97727045 0.97826346 0.97925631
 0.980249   0.98124153 0.98223391 0.98322614 0.9842182  0.98521011
 0.98620186 0.98719346 0.9881849  0.98917618 0.99016731 0.99115829
 0.9921491  0.99313976 0.99413027 0.99512062 0.99611081 0.99710085
 0.99809073 0.99908046 1.00007003 1.00105945 1.00204871 1.00303782
 1.00402677 1.00501557 1.00600421 1.0069927  1.00798104 1.00896922
 1.00995724 1.01094511 1.01193283 1.0129204  1.01390781 1.01489506
 1.01588216 1.01686911 1.01785591 1.01884255 1.01982904 1.02081537
 1.02180156 1.02278759 1.02377346 1.02475919 1.02574476 1.02673017
 1.02771544 1.02870055 1.02968551 1.03067032 1.03165498 1.03263948
 1.03362383 1.03460803 1.03559208 1.03657598 1.03755972 1.03854332
 1.03952676 1.04051005 1.04149319 1.04247618 1.04345901 1.0444417
 1.04542424 1.04640662 1.04738885 1.04837094 1.04935287 1.05033465
 1.05131628 1.05229777 1.0532791  1.05426028 1.05524131 1.05622219
 1.05720293 1.05818351 1.05916394 1.06014423 1.06112436 1.06210435
 1.06308418 1.06406387 1.06504341 1.0660228  1.06700204 1.06798113
 1.06896007 1.06993887 1.07091751 1.07189601 1.07287436 1.07385256
 1.07483062 1.07580853 1.07678628 1.07776389 1.07874136 1.07971867
 1.08069584 1.08167286 1.08264974 1.08362647 1.08460305 1.08557948
 1.08655577 1.08753191 1.0885079  1.08948375 1.09045945 1.091435
 1.09241041 1.09338567 1.09436079 1.09533576]
t = [1.08646317e+09 1.08646321e+09 1.08646326e+09 1.08646330e+09
 1.08646334e+09 1.08646338e+09 1.08646342e+09 1.08646346e+09
 1.08646351e+09 1.08646355e+09 1.08646359e+09 1.08646363e+09
 1.08646367e+09 1.08646372e+09 1.08646376e+09 1.08646380e+09
 1.08646384e+09 1.08646388e+09 1.08646392e+09 1.08646397e+09
 1.08646401e+09 1.08646405e+09 1.08646409e+09 1.08646413e+09
 1.08646417e+09 1.08646422e+09 1.08646426e+09 1.08646430e+09
 1.08646434e+09 1.08646438e+09 1.08646443e+09 1.08646447e+09
 1.08646451e+09 1.08646455e+09 1.08646459e+09 1.08646463e+09
 1.08646468e+09 1.08646472e+09 1.08646476e+09 1.08646480e+09
 1.08646484e+09 1.08646488e+09 1.08646493e+09 1.08646497e+09
 1.08646501e+09 1.08646505e+09 1.08646509e+09 1.08646514e+09
 1.08646518e+09 1.08646522e+09 1.08646526e+09 1.08646530e+09
 1.08646534e+09 1.08646539e+09 1.08646543e+09 1.08646547e+09
 1.08646551e+09 1.08646555e+09 1.08646559e+09 1.08646564e+09
 1.08646568e+09 1.08646572e+09 1.08646576e+09 1.08646580e+09
 1.08646585e+09 1.08646589e+09 1.08646593e+09 1.08646597e+09
 1.08646601e+09 1.08646605e+09 1.08646610e+09 1.08646614e+09
 1.08646618e+09 1.08646622e+09 1.08646626e+09 1.08646630e+09
 1.08646635e+09 1.08646639e+09 1.08646643e+09 1.08646647e+09
 1.08646651e+09 1.08646656e+09 1.08646660e+09 1.08646664e+09
 1.08646668e+09 1.08646672e+09 1.08646676e+09 1.08646681e+09
 1.08646685e+09 1.08646689e+09 1.08646693e+09 1.08646697e+09
 1.08646701e+09 1.08646706e+09 1.08646710e+09 1.08646714e+09
 1.08646718e+09 1.08646722e+09 1.08646727e+09 1.08646731e+09
 1.08646735e+09 1.08646739e+09 1.08646743e+09 1.08646747e+09
 1.08646752e+09 1.08646756e+09 1.08646760e+09 1.08646764e+09
 1.08646768e+09 1.08646772e+09 1.08646777e+09 1.08646781e+09
 1.08646785e+09 1.08646789e+09 1.08646793e+09 1.08646798e+09
 1.08646802e+09 1.08646806e+09 1.08646810e+09 1.08646814e+09
 1.08646818e+09 1.08646823e+09 1.08646827e+09 1.08646831e+09
 1.08646835e+09 1.08646839e+09 1.08646844e+09 1.08646848e+09
 1.08646852e+09 1.08646856e+09 1.08646860e+09 1.08646864e+09
 1.08646869e+09 1.08646873e+09 1.08646877e+09 1.08646881e+09
 1.08646885e+09 1.08646889e+09 1.08646894e+09 1.08646898e+09
 1.08646902e+09 1.08646906e+09 1.08646910e+09 1.08646915e+09
 1.08646919e+09 1.08646923e+09 1.08646927e+09 1.08646931e+09
 1.08646935e+09 1.08646940e+09 1.08646944e+09 1.08646948e+09
 1.08646952e+09 1.08646956e+09 1.08646960e+09 1.08646965e+09
 1.08646969e+09 1.08646973e+09 1.08646977e+09 1.08646981e+09
 1.08646986e+09 1.08646990e+09 1.08646994e+09 1.08646998e+09
 1.08647002e+09 1.08647006e+09 1.08647011e+09 1.08647015e+09
 1.08647019e+09 1.08647023e+09 1.08647027e+09 1.08647031e+09
 1.08647036e+09 1.08647040e+09 1.08647044e+09 1.08647048e+09
 1.08647052e+09 1.08647057e+09 1.08647061e+09 1.08647065e+09
 1.08647069e+09 1.08647073e+09 1.08647077e+09 1.08647082e+09
 1.08647086e+09 1.08647090e+09 1.08647094e+09 1.08647098e+09
 1.08647102e+09 1.08647107e+09 1.08647111e+09 1.08647115e+09
 1.08647119e+09 1.08647123e+09 1.08647128e+09 1.08647132e+09
 1.08647136e+09 1.08647140e+09 1.08647144e+09 1.08647148e+09
 1.08647153e+09 1.08647157e+09 1.08647161e+09 1.08647165e+09
 1.08647169e+09 1.08647173e+09 1.08647178e+09 1.08647182e+09
 1.08647186e+09 1.08647190e+09 1.08647194e+09 1.08647199e+09
 1.08647203e+09 1.08647207e+09 1.08647211e+09 1.08647215e+09
 1.08647219e+09 1.08647224e+09 1.08647228e+09 1.08647232e+09
 1.08647236e+09 1.08647240e+09 1.08647244e+09 1.08647249e+09
 1.08647253e+09 1.08647257e+09 1.08647261e+09 1.08647265e+09
 1.08647270e+09 1.08647274e+09 1.08647278e+09 1.08647282e+09
 1.08647286e+09 1.08647290e+09 1.08647295e+09 1.08647299e+09
 1.08647303e+09 1.08647307e+09 1.08647311e+09 1.08647316e+09
 1.08647320e+09 1.08647324e+09 1.08647328e+09 1.08647332e+09
 1.08647336e+09 1.08647341e+09 1.08647345e+09 1.08647349e+09
 1.08647353e+09 1.08647357e+09 1.08647361e+09 1.08647366e+09
 1.08647370e+09 1.08647374e+09 1.08647378e+09 1.08647382e+09
 1.08647387e+09 1.08647391e+09 1.08647395e+09 1.08647399e+09
 1.08647403e+09 1.08647407e+09 1.08647412e+09 1.08647416e+09
 1.08647420e+09 1.08647424e+09 1.08647428e+09 1.08647432e+09
 1.08647437e+09 1.08647441e+09 1.08647445e+09 1.08647449e+09
 1.08647453e+09 1.08647458e+09 1.08647462e+09 1.08647466e+09
 1.08647470e+09 1.08647474e+09 1.08647478e+09 1.08647483e+09
 1.08647487e+09 1.08647491e+09 1.08647495e+09 1.08647499e+09
 1.08647503e+09 1.08647508e+09 1.08647512e+09 1.08647516e+09
 1.08647520e+09 1.08647524e+09 1.08647529e+09 1.08647533e+09
 1.08647537e+09 1.08647541e+09 1.08647545e+09 1.08647549e+09
 1.08647554e+09 1.08647558e+09 1.08647562e+09 1.08647566e+09
 1.08647570e+09 1.08647574e+09 1.08647579e+09 1.08647583e+09
 1.08647587e+09 1.08647591e+09 1.08647595e+09 1.08647600e+09
 1.08647604e+09 1.08647608e+09 1.08647612e+09 1.08647616e+09
 1.08647620e+09 1.08647625e+09 1.08647629e+09 1.08647633e+09
 1.08647637e+09 1.08647641e+09 1.08647645e+09 1.08647650e+09
 1.08647654e+09 1.08647658e+09 1.08647662e+09 1.08647666e+09
 1.08647671e+09 1.08647675e+09 1.08647679e+09 1.08647683e+09
 1.08647687e+09 1.08647691e+09 1.08647696e+09 1.08647700e+09
 1.08647704e+09 1.08647708e+09 1.08647712e+09 1.08647716e+09
 1.08647721e+09 1.08647725e+09 1.08647729e+09 1.08647733e+09
 1.08647737e+09 1.08647742e+09 1.08647746e+09 1.08647750e+09
 1.08647754e+09 1.08647758e+09 1.08647762e+09 1.08647767e+09
 1.08647771e+09 1.08647775e+09 1.08647779e+09 1.08647783e+09
 1.08647788e+09 1.08647792e+09 1.08647796e+09 1.08647800e+09
 1.08647804e+09 1.08647808e+09 1.08647813e+09 1.08647817e+09
 1.08647821e+09 1.08647825e+09 1.08647829e+09 1.08647833e+09
 1.08647838e+09 1.08647842e+09 1.08647846e+09 1.08647850e+09
 1.08647854e+09 1.08647859e+09 1.08647863e+09 1.08647867e+09
 1.08647871e+09 1.08647875e+09 1.08647879e+09 1.08647884e+09
 1.08647888e+09 1.08647892e+09 1.08647896e+09 1.08647900e+09
 1.08647904e+09 1.08647909e+09 1.08647913e+09 1.08647917e+09
 1.08647921e+09 1.08647925e+09 1.08647930e+09 1.08647934e+09
 1.08647938e+09 1.08647942e+09 1.08647946e+09 1.08647950e+09
 1.08647955e+09 1.08647959e+09 1.08647963e+09 1.08647967e+09
 1.08647971e+09 1.08647975e+09 1.08647980e+09 1.08647984e+09
 1.08647988e+09 1.08647992e+09 1.08647996e+09 1.08648001e+09
 1.08648005e+09 1.08648009e+09 1.08648013e+09 1.08648017e+09
 1.08648021e+09 1.08648026e+09 1.08648030e+09 1.08648034e+09
 1.08648038e+09 1.08648042e+09 1.08648046e+09 1.08648051e+09
 1.08648055e+09 1.08648059e+09 1.08648063e+09 1.08648067e+09
 1.08648072e+09 1.08648076e+09 1.08648080e+09 1.08648084e+09
 1.08648088e+09 1.08648092e+09 1.08648097e+09 1.08648101e+09
 1.08648105e+09 1.08648109e+09 1.08648113e+09 1.08648117e+09
 1.08648122e+09 1.08648126e+09 1.08648130e+09 1.08648134e+09
 1.08648138e+09 1.08648143e+09 1.08648147e+09 1.08648151e+09
 1.08648155e+09 1.08648159e+09 1.08648163e+09 1.08648168e+09
 1.08648172e+09 1.08648176e+09 1.08648180e+09 1.08648184e+09
 1.08648188e+09 1.08648193e+09 1.08648197e+09 1.08648201e+09
 1.08648205e+09 1.08648209e+09 1.08648214e+09 1.08648218e+09
 1.08648222e+09 1.08648226e+09 1.08648230e+09 1.08648234e+09
 1.08648239e+09 1.08648243e+09 1.08648247e+09 1.08648251e+09
 1.08648255e+09 1.08648260e+09 1.08648264e+09 1.08648268e+09
 1.08648272e+09 1.08648276e+09 1.08648280e+09 1.08648285e+09
 1.08648289e+09 1.08648293e+09 1.08648297e+09 1.08648301e+09
 1.08648305e+09 1.08648310e+09 1.08648314e+09 1.08648318e+09
 1.08648322e+09 1.08648326e+09 1.08648331e+09 1.08648335e+09
 1.08648339e+09 1.08648343e+09 1.08648347e+09 1.08648351e+09
 1.08648356e+09 1.08648360e+09 1.08648364e+09 1.08648368e+09
 1.08648372e+09 1.08648376e+09 1.08648381e+09 1.08648385e+09
 1.08648389e+09 1.08648393e+09 1.08648397e+09 1.08648402e+09
 1.08648406e+09 1.08648410e+09 1.08648414e+09 1.08648418e+09
 1.08648422e+09 1.08648427e+09 1.08648431e+09 1.08648435e+09
 1.08648439e+09 1.08648443e+09 1.08648447e+09 1.08648452e+09
 1.08648456e+09 1.08648460e+09 1.08648464e+09 1.08648468e+09
 1.08648473e+09 1.08648477e+09 1.08648481e+09 1.08648485e+09
 1.08648489e+09 1.08648493e+09 1.08648498e+09 1.08648502e+09
 1.08648506e+09 1.08648510e+09 1.08648514e+09 1.08648518e+09
 1.08648523e+09 1.08648527e+09 1.08648531e+09 1.08648535e+09
 1.08648539e+09 1.08648544e+09 1.08648548e+09 1.08648552e+09
 1.08648556e+09 1.08648560e+09 1.08648564e+09 1.08648569e+09
 1.08648573e+09 1.08648577e+09 1.08648581e+09 1.08648585e+09
 1.08648589e+09 1.08648594e+09 1.08648598e+09 1.08648602e+09
 1.08648606e+09 1.08648610e+09 1.08648615e+09 1.08648619e+09
 1.08648623e+09 1.08648627e+09 1.08648631e+09 1.08648635e+09
 1.08648640e+09 1.08648644e+09 1.08648648e+09 1.08648652e+09
 1.08648656e+09 1.08648660e+09 1.08648665e+09 1.08648669e+09
 1.08648673e+09 1.08648677e+09 1.08648681e+09 1.08648686e+09
 1.08648690e+09 1.08648694e+09 1.08648698e+09 1.08648702e+09
 1.08648706e+09 1.08648711e+09 1.08648715e+09 1.08648719e+09
 1.08648723e+09 1.08648727e+09 1.08648732e+09 1.08648736e+09
 1.08648740e+09 1.08648744e+09 1.08648748e+09 1.08648752e+09
 1.08648757e+09 1.08648761e+09 1.08648765e+09 1.08648769e+09
 1.08648773e+09 1.08648777e+09 1.08648782e+09 1.08648786e+09
 1.08648790e+09 1.08648794e+09 1.08648798e+09 1.08648803e+09
 1.08648807e+09 1.08648811e+09 1.08648815e+09 1.08648819e+09
 1.08648823e+09 1.08648828e+09 1.08648832e+09 1.08648836e+09
 1.08648840e+09 1.08648844e+09 1.08648848e+09 1.08648853e+09
 1.08648857e+09 1.08648861e+09 1.08648865e+09 1.08648869e+09
 1.08648874e+09 1.08648878e+09 1.08648882e+09 1.08648886e+09
 1.08648890e+09 1.08648894e+09 1.08648899e+09 1.08648903e+09
 1.08648907e+09 1.08648911e+09 1.08648915e+09 1.08648919e+09
 1.08648924e+09 1.08648928e+09 1.08648932e+09 1.08648936e+09
 1.08648940e+09 1.08648945e+09 1.08648949e+09 1.08648953e+09
 1.08648957e+09 1.08648961e+09 1.08648965e+09 1.08648970e+09
 1.08648974e+09 1.08648978e+09 1.08648982e+09 1.08648986e+09
 1.08648990e+09 1.08648995e+09 1.08648999e+09 1.08649003e+09
 1.08649007e+09 1.08649011e+09 1.08649016e+09 1.08649020e+09
 1.08649024e+09 1.08649028e+09 1.08649032e+09 1.08649036e+09
 1.08649041e+09 1.08649045e+09 1.08649049e+09 1.08649053e+09
 1.08649057e+09 1.08649061e+09 1.08649066e+09 1.08649070e+09
 1.08649074e+09 1.08649078e+09 1.08649082e+09 1.08649087e+09
 1.08649091e+09 1.08649095e+09 1.08649099e+09 1.08649103e+09
 1.08649107e+09 1.08649112e+09 1.08649116e+09 1.08649120e+09
 1.08649124e+09 1.08649128e+09 1.08649132e+09 1.08649137e+09
 1.08649141e+09 1.08649145e+09 1.08649149e+09 1.08649153e+09
 1.08649158e+09 1.08649162e+09 1.08649166e+09 1.08649170e+09
 1.08649174e+09 1.08649178e+09 1.08649183e+09 1.08649187e+09
 1.08649191e+09 1.08649195e+09 1.08649199e+09 1.08649204e+09
 1.08649208e+09 1.08649212e+09 1.08649216e+09 1.08649220e+09
 1.08649224e+09 1.08649229e+09 1.08649233e+09 1.08649237e+09
 1.08649241e+09 1.08649245e+09 1.08649249e+09 1.08649254e+09
 1.08649258e+09 1.08649262e+09 1.08649266e+09 1.08649270e+09
 1.08649275e+09 1.08649279e+09 1.08649283e+09 1.08649287e+09
 1.08649291e+09 1.08649295e+09 1.08649300e+09 1.08649304e+09
 1.08649308e+09 1.08649312e+09 1.08649316e+09 1.08649320e+09
 1.08649325e+09 1.08649329e+09 1.08649333e+09 1.08649337e+09
 1.08649341e+09 1.08649346e+09 1.08649350e+09 1.08649354e+09
 1.08649358e+09 1.08649362e+09 1.08649366e+09 1.08649371e+09
 1.08649375e+09 1.08649379e+09 1.08649383e+09 1.08649387e+09
 1.08649391e+09 1.08649396e+09 1.08649400e+09 1.08649404e+09
 1.08649408e+09 1.08649412e+09 1.08649417e+09 1.08649421e+09
 1.08649425e+09 1.08649429e+09 1.08649433e+09 1.08649437e+09
 1.08649442e+09 1.08649446e+09 1.08649450e+09 1.08649454e+09
 1.08649458e+09 1.08649462e+09 1.08649467e+09 1.08649471e+09
 1.08649475e+09 1.08649479e+09 1.08649483e+09 1.08649488e+09
 1.08649492e+09 1.08649496e+09 1.08649500e+09 1.08649504e+09
 1.08649508e+09 1.08649513e+09 1.08649517e+09 1.08649521e+09
 1.08649525e+09 1.08649529e+09 1.08649533e+09 1.08649538e+09
 1.08649542e+09 1.08649546e+09 1.08649550e+09 1.08649554e+09
 1.08649559e+09 1.08649563e+09 1.08649567e+09 1.08649571e+09
 1.08649575e+09 1.08649579e+09 1.08649584e+09 1.08649588e+09
 1.08649592e+09 1.08649596e+09 1.08649600e+09 1.08649604e+09
 1.08649609e+09 1.08649613e+09 1.08649617e+09 1.08649621e+09
 1.08649625e+09 1.08649630e+09 1.08649634e+09 1.08649638e+09
 1.08649642e+09 1.08649646e+09 1.08649650e+09 1.08649655e+09
 1.08649659e+09 1.08649663e+09 1.08649667e+09 1.08649671e+09
 1.08649676e+09 1.08649680e+09 1.08649684e+09 1.08649688e+09
 1.08649692e+09 1.08649696e+09 1.08649701e+09 1.08649705e+09
 1.08649709e+09 1.08649713e+09 1.08649717e+09 1.08649721e+09
 1.08649726e+09 1.08649730e+09 1.08649734e+09 1.08649738e+09
 1.08649742e+09 1.08649747e+09 1.08649751e+09 1.08649755e+09
 1.08649759e+09 1.08649763e+09 1.08649767e+09 1.08649772e+09
 1.08649776e+09 1.08649780e+09 1.08649784e+09 1.08649788e+09
 1.08649792e+09 1.08649797e+09 1.08649801e+09 1.08649805e+09
 1.08649809e+09 1.08649813e+09 1.08649818e+09 1.08649822e+09
 1.08649826e+09 1.08649830e+09 1.08649834e+09 1.08649838e+09
 1.08649843e+09 1.08649847e+09 1.08649851e+09 1.08649855e+09
 1.08649859e+09 1.08649863e+09 1.08649868e+09 1.08649872e+09
 1.08649876e+09 1.08649880e+09 1.08649884e+09 1.08649889e+09
 1.08649893e+09 1.08649897e+09 1.08649901e+09 1.08649905e+09
 1.08649909e+09 1.08649914e+09 1.08649918e+09 1.08649922e+09
 1.08649926e+09 1.08649930e+09 1.08649934e+09 1.08649939e+09
 1.08649943e+09 1.08649947e+09 1.08649951e+09 1.08649955e+09
 1.08649960e+09 1.08649964e+09 1.08649968e+09 1.08649972e+09
 1.08649976e+09 1.08649980e+09 1.08649985e+09 1.08649989e+09
 1.08649993e+09 1.08649997e+09 1.08650001e+09 1.08650005e+09
 1.08650010e+09 1.08650014e+09 1.08650018e+09 1.08650022e+09
 1.08650026e+09 1.08650031e+09 1.08650035e+09 1.08650039e+09
 1.08650043e+09 1.08650047e+09 1.08650051e+09 1.08650056e+09
 1.08650060e+09 1.08650064e+09 1.08650068e+09 1.08650072e+09
 1.08650076e+09 1.08650081e+09 1.08650085e+09 1.08650089e+09
 1.08650093e+09 1.08650097e+09 1.08650102e+09 1.08650106e+09
 1.08650110e+09 1.08650114e+09 1.08650118e+09 1.08650122e+09
 1.08650127e+09 1.08650131e+09 1.08650135e+09 1.08650139e+09
 1.08650143e+09 1.08650148e+09 1.08650152e+09 1.08650156e+09
 1.08650160e+09 1.08650164e+09 1.08650168e+09 1.08650173e+09
 1.08650177e+09 1.08650181e+09 1.08650185e+09 1.08650189e+09
 1.08650193e+09 1.08650198e+09 1.08650202e+09 1.08650206e+09
 1.08650210e+09 1.08650214e+09 1.08650219e+09 1.08650223e+09
 1.08650227e+09 1.08650231e+09 1.08650235e+09 1.08650239e+09
 1.08650244e+09 1.08650248e+09 1.08650252e+09 1.08650256e+09
 1.08650260e+09 1.08650264e+09 1.08650269e+09 1.08650273e+09
 1.08650277e+09 1.08650281e+09 1.08650285e+09 1.08650290e+09
 1.08650294e+09 1.08650298e+09 1.08650302e+09 1.08650306e+09
 1.08650310e+09 1.08650315e+09 1.08650319e+09 1.08650323e+09
 1.08650327e+09 1.08650331e+09 1.08650335e+09 1.08650340e+09
 1.08650344e+09 1.08650348e+09 1.08650352e+09 1.08650356e+09
 1.08650361e+09 1.08650365e+09 1.08650369e+09 1.08650373e+09
 1.08650377e+09 1.08650381e+09 1.08650386e+09 1.08650390e+09
 1.08650394e+09 1.08650398e+09 1.08650402e+09 1.08650406e+09
 1.08650411e+09 1.08650415e+09 1.08650419e+09 1.08650423e+09
 1.08650427e+09 1.08650432e+09 1.08650436e+09 1.08650440e+09
 1.08650444e+09 1.08650448e+09 1.08650452e+09 1.08650457e+09
 1.08650461e+09 1.08650465e+09 1.08650469e+09 1.08650473e+09
 1.08650477e+09 1.08650482e+09 1.08650486e+09 1.08650490e+09]
minRes = 0.11451945420283603
minResTime = [1.08646447e+09]
Cov(t) = [100 100 100 100 100 100 100 100 100 100 100 100 100 100 100 100 100 100
 100 100 100 100 100 100 100 100 100 100 100 100 100 100 100 100 100 100
 100 100 100 100 100 100 100 100 100 100 100 100 100 100 100 100 100 100
 100 100 100 100 100 100 100 100 100 100 100 100 100 100 100 100 100 100
 100 100 100 100 100 100 100 100 100 100 100 100 100 100 100 100 100 100
 100 100 100 100 100 100 100 100 100 100 100 100 100 100 100 100 100 100
 100 100 100 100 100 100 100 100 100 100 100 100 100 100 100 100 100 100
 100 100 100 100 100 100 100 100 100 100 100 100 100 100 100 100 100 100
 100 100 100 100 100 100 100 100 100 100 100 100 100 100 100 100 100 100
 100 100 100 100 100 100 100 100 100 100 100 100 100 100 100 100 100 100
 100 100 100 100 100 100 100 100 100 100 100 100 100 100 100 100 100 100
 100 100 100 100 100 100 100 100 100 100 100 100 100 100 100 100 100 100
 100 100 100 100 100 100 100 100 100 100 100 100 100 100 100 100 100 100
 100 100 100 100 100 100 100 100 100 100 100 100 100 100 100 100 100 100
 100 100 100 100 100 100 100 100 100 100 100 100 100 100 100 100 100 100
 100 100 100 100 100 100 100 100 100 100 100 100 100 100 100 100 100 100
 100 100 100 100 100 100 100 100 100 100 100 100 100 100 100 100 100 100
 100 100 100 100 100 100 100 100 100 100 100 100 100 100 100 100 100 100
 100 100 100 100 100 100 100 100 100 100 100 100 100 100 100 100 100 100
 100 100 100 100 100 100 100 100 100 100 100 100 100 100 100 100 100 100
 100 100 100 100 100 100 100 100 100 100 100 100 100 100 100 100 100 100
 100 100 100 100 100 100 100 100 100 100 100 100 100 100 100 100 100 100
 100 100 100 100 100 100 100 100 100 100 100 100 100 100 100 100 100 100
 100 100 100 100 100 100 100 100 100 100 100 100 100 100 100 100 100 100
 100 100 100 100 100 100 100 100 100 100 100 100 100 100 100 100 100 100
 100 100 100 100 100 100 100 100 100 100 100 100 100 100 100 100 100 100
 100 100 100 100 100 100 100 100 100 100 100 100 100 100 100 100 100 100
 100 100 100 100 100 100 100 100 100 100 100 100 100 100 100 100 100 100
 100 100 100 100 100 100 100 100 100 100 100 100 100 100 100 100 100 100
 100 100 100 100 100 100 100 100 100 100 100 100 100 100 100 100 100 100
 100 100 100 100 100 100 100 100 100 100 100 100 100 100 100 100 100 100
 100 100 100 100 100 100 100 100 100 100 100 100 100 100 100 100 100 100
 100 100 100 100 100 100 100 100 100 100 100 100 100 100 100 100 100 100
 100 100 100 100 100 100 100 100 100 100 100 100 100 100 100 100 100 100
 100 100 100 100 100 100 100 100 100 100 100 100 100 100 100 100 100 100
 100 100 100 100 100 100 100 100 100 100 100 100 100 100 100 100 100 100
 100 100 100 100 100 100 100 100 100 100 100 100 100 100 100 100 100 100
 100 100 100 100 100 100 100 100 100 100 100 100 100 100 100 100 100 100
 100 100 100 100 100 100 100 100 100 100 100 100 100 100 100 100 100 100
 100 100 100 100 100 100 100 100 100 100 100 100 100 100 100 100 100 100
 100 100 100 100 100 100 100 100 100 100 100 100 100 100 100 100 100 100
 100 100 100 100 100 100 100 100 100 100 100 100 100 100 100 100 100 100
 100 100 100 100 100 100 100 100 100 100 100 100 100 100 100 100 100 100
 100 100 100 100 100 100 100 100 100 100 100 100 100 100 100 100 100 100
 100 100 100 100 100 100 100 100 100 100 100 100 100 100 100 100 100 100
 100 100 100 100 100 100 100 100 100 100 100 100 100 100 100 100 100 100
 100 100 100 100 100 100 100 100 100 100 100 100 100 100 100 100 100 100
 100 100 100 100 100 100 100 100 100 100 100 100 100 100 100 100 100 100
 100 100 100 100 100 100 100 100 100 100 100 100 100 100 100 100 100 100
 100 100 100 100 100 100 100 100 100 100 100 100 100 100 100 100 100 100
 100 100 100 100 100 100 100 100 100 100 100 100 100 100 100 100 100 100
 100 100 100 100 100 100 100 100 100 100 100 100 100 100 100 100 100 100
 100 100 100 100 100 100 100 100 100 100 100 100 100 100 100 100 100 100
 100 100 100 100 100 100 100 100 100 100 100 100 100 100 100 100 100 100
 100 100 100 100 100 100 100 100 100 100 100 100 100 100 100 100 100 100
 100 100 100 100 100 100 100 100 100 100]
maxCov = 100
maxCovTime = [1.08646317e+09 1.08646321e+09 1.08646326e+09 1.08646330e+09
 1.08646334e+09 1.08646338e+09 1.08646342e+09 1.08646346e+09
 1.08646351e+09 1.08646355e+09 1.08646359e+09 1.08646363e+09
 1.08646367e+09 1.08646372e+09 1.08646376e+09 1.08646380e+09
 1.08646384e+09 1.08646388e+09 1.08646392e+09 1.08646397e+09
 1.08646401e+09 1.08646405e+09 1.08646409e+09 1.08646413e+09
 1.08646417e+09 1.08646422e+09 1.08646426e+09 1.08646430e+09
 1.08646434e+09 1.08646438e+09 1.08646443e+09 1.08646447e+09
 1.08646451e+09 1.08646455e+09 1.08646459e+09 1.08646463e+09
 1.08646468e+09 1.08646472e+09 1.08646476e+09 1.08646480e+09
 1.08646484e+09 1.08646488e+09 1.08646493e+09 1.08646497e+09
 1.08646501e+09 1.08646505e+09 1.08646509e+09 1.08646514e+09
 1.08646518e+09 1.08646522e+09 1.08646526e+09 1.08646530e+09
 1.08646534e+09 1.08646539e+09 1.08646543e+09 1.08646547e+09
 1.08646551e+09 1.08646555e+09 1.08646559e+09 1.08646564e+09
 1.08646568e+09 1.08646572e+09 1.08646576e+09 1.08646580e+09
 1.08646585e+09 1.08646589e+09 1.08646593e+09 1.08646597e+09
 1.08646601e+09 1.08646605e+09 1.08646610e+09 1.08646614e+09
 1.08646618e+09 1.08646622e+09 1.08646626e+09 1.08646630e+09
 1.08646635e+09 1.08646639e+09 1.08646643e+09 1.08646647e+09
 1.08646651e+09 1.08646656e+09 1.08646660e+09 1.08646664e+09
 1.08646668e+09 1.08646672e+09 1.08646676e+09 1.08646681e+09
 1.08646685e+09 1.08646689e+09 1.08646693e+09 1.08646697e+09
 1.08646701e+09 1.08646706e+09 1.08646710e+09 1.08646714e+09
 1.08646718e+09 1.08646722e+09 1.08646727e+09 1.08646731e+09
 1.08646735e+09 1.08646739e+09 1.08646743e+09 1.08646747e+09
 1.08646752e+09 1.08646756e+09 1.08646760e+09 1.08646764e+09
 1.08646768e+09 1.08646772e+09 1.08646777e+09 1.08646781e+09
 1.08646785e+09 1.08646789e+09 1.08646793e+09 1.08646798e+09
 1.08646802e+09 1.08646806e+09 1.08646810e+09 1.08646814e+09
 1.08646818e+09 1.08646823e+09 1.08646827e+09 1.08646831e+09
 1.08646835e+09 1.08646839e+09 1.08646844e+09 1.08646848e+09
 1.08646852e+09 1.08646856e+09 1.08646860e+09 1.08646864e+09
 1.08646869e+09 1.08646873e+09 1.08646877e+09 1.08646881e+09
 1.08646885e+09 1.08646889e+09 1.08646894e+09 1.08646898e+09
 1.08646902e+09 1.08646906e+09 1.08646910e+09 1.08646915e+09
 1.08646919e+09 1.08646923e+09 1.08646927e+09 1.08646931e+09
 1.08646935e+09 1.08646940e+09 1.08646944e+09 1.08646948e+09
 1.08646952e+09 1.08646956e+09 1.08646960e+09 1.08646965e+09
 1.08646969e+09 1.08646973e+09 1.08646977e+09 1.08646981e+09
 1.08646986e+09 1.08646990e+09 1.08646994e+09 1.08646998e+09
 1.08647002e+09 1.08647006e+09 1.08647011e+09 1.08647015e+09
 1.08647019e+09 1.08647023e+09 1.08647027e+09 1.08647031e+09
 1.08647036e+09 1.08647040e+09 1.08647044e+09 1.08647048e+09
 1.08647052e+09 1.08647057e+09 1.08647061e+09 1.08647065e+09
 1.08647069e+09 1.08647073e+09 1.08647077e+09 1.08647082e+09
 1.08647086e+09 1.08647090e+09 1.08647094e+09 1.08647098e+09
 1.08647102e+09 1.08647107e+09 1.08647111e+09 1.08647115e+09
 1.08647119e+09 1.08647123e+09 1.08647128e+09 1.08647132e+09
 1.08647136e+09 1.08647140e+09 1.08647144e+09 1.08647148e+09
 1.08647153e+09 1.08647157e+09 1.08647161e+09 1.08647165e+09
 1.08647169e+09 1.08647173e+09 1.08647178e+09 1.08647182e+09
 1.08647186e+09 1.08647190e+09 1.08647194e+09 1.08647199e+09
 1.08647203e+09 1.08647207e+09 1.08647211e+09 1.08647215e+09
 1.08647219e+09 1.08647224e+09 1.08647228e+09 1.08647232e+09
 1.08647236e+09 1.08647240e+09 1.08647244e+09 1.08647249e+09
 1.08647253e+09 1.08647257e+09 1.08647261e+09 1.08647265e+09
 1.08647270e+09 1.08647274e+09 1.08647278e+09 1.08647282e+09
 1.08647286e+09 1.08647290e+09 1.08647295e+09 1.08647299e+09
 1.08647303e+09 1.08647307e+09 1.08647311e+09 1.08647316e+09
 1.08647320e+09 1.08647324e+09 1.08647328e+09 1.08647332e+09
 1.08647336e+09 1.08647341e+09 1.08647345e+09 1.08647349e+09
 1.08647353e+09 1.08647357e+09 1.08647361e+09 1.08647366e+09
 1.08647370e+09 1.08647374e+09 1.08647378e+09 1.08647382e+09
 1.08647387e+09 1.08647391e+09 1.08647395e+09 1.08647399e+09
 1.08647403e+09 1.08647407e+09 1.08647412e+09 1.08647416e+09
 1.08647420e+09 1.08647424e+09 1.08647428e+09 1.08647432e+09
 1.08647437e+09 1.08647441e+09 1.08647445e+09 1.08647449e+09
 1.08647453e+09 1.08647458e+09 1.08647462e+09 1.08647466e+09
 1.08647470e+09 1.08647474e+09 1.08647478e+09 1.08647483e+09
 1.08647487e+09 1.08647491e+09 1.08647495e+09 1.08647499e+09
 1.08647503e+09 1.08647508e+09 1.08647512e+09 1.08647516e+09
 1.08647520e+09 1.08647524e+09 1.08647529e+09 1.08647533e+09
 1.08647537e+09 1.08647541e+09 1.08647545e+09 1.08647549e+09
 1.08647554e+09 1.08647558e+09 1.08647562e+09 1.08647566e+09
 1.08647570e+09 1.08647574e+09 1.08647579e+09 1.08647583e+09
 1.08647587e+09 1.08647591e+09 1.08647595e+09 1.08647600e+09
 1.08647604e+09 1.08647608e+09 1.08647612e+09 1.08647616e+09
 1.08647620e+09 1.08647625e+09 1.08647629e+09 1.08647633e+09
 1.08647637e+09 1.08647641e+09 1.08647645e+09 1.08647650e+09
 1.08647654e+09 1.08647658e+09 1.08647662e+09 1.08647666e+09
 1.08647671e+09 1.08647675e+09 1.08647679e+09 1.08647683e+09
 1.08647687e+09 1.08647691e+09 1.08647696e+09 1.08647700e+09
 1.08647704e+09 1.08647708e+09 1.08647712e+09 1.08647716e+09
 1.08647721e+09 1.08647725e+09 1.08647729e+09 1.08647733e+09
 1.08647737e+09 1.08647742e+09 1.08647746e+09 1.08647750e+09
 1.08647754e+09 1.08647758e+09 1.08647762e+09 1.08647767e+09
 1.08647771e+09 1.08647775e+09 1.08647779e+09 1.08647783e+09
 1.08647788e+09 1.08647792e+09 1.08647796e+09 1.08647800e+09
 1.08647804e+09 1.08647808e+09 1.08647813e+09 1.08647817e+09
 1.08647821e+09 1.08647825e+09 1.08647829e+09 1.08647833e+09
 1.08647838e+09 1.08647842e+09 1.08647846e+09 1.08647850e+09
 1.08647854e+09 1.08647859e+09 1.08647863e+09 1.08647867e+09
 1.08647871e+09 1.08647875e+09 1.08647879e+09 1.08647884e+09
 1.08647888e+09 1.08647892e+09 1.08647896e+09 1.08647900e+09
 1.08647904e+09 1.08647909e+09 1.08647913e+09 1.08647917e+09
 1.08647921e+09 1.08647925e+09 1.08647930e+09 1.08647934e+09
 1.08647938e+09 1.08647942e+09 1.08647946e+09 1.08647950e+09
 1.08647955e+09 1.08647959e+09 1.08647963e+09 1.08647967e+09
 1.08647971e+09 1.08647975e+09 1.08647980e+09 1.08647984e+09
 1.08647988e+09 1.08647992e+09 1.08647996e+09 1.08648001e+09
 1.08648005e+09 1.08648009e+09 1.08648013e+09 1.08648017e+09
 1.08648021e+09 1.08648026e+09 1.08648030e+09 1.08648034e+09
 1.08648038e+09 1.08648042e+09 1.08648046e+09 1.08648051e+09
 1.08648055e+09 1.08648059e+09 1.08648063e+09 1.08648067e+09
 1.08648072e+09 1.08648076e+09 1.08648080e+09 1.08648084e+09
 1.08648088e+09 1.08648092e+09 1.08648097e+09 1.08648101e+09
 1.08648105e+09 1.08648109e+09 1.08648113e+09 1.08648117e+09
 1.08648122e+09 1.08648126e+09 1.08648130e+09 1.08648134e+09
 1.08648138e+09 1.08648143e+09 1.08648147e+09 1.08648151e+09
 1.08648155e+09 1.08648159e+09 1.08648163e+09 1.08648168e+09
 1.08648172e+09 1.08648176e+09 1.08648180e+09 1.08648184e+09
 1.08648188e+09 1.08648193e+09 1.08648197e+09 1.08648201e+09
 1.08648205e+09 1.08648209e+09 1.08648214e+09 1.08648218e+09
 1.08648222e+09 1.08648226e+09 1.08648230e+09 1.08648234e+09
 1.08648239e+09 1.08648243e+09 1.08648247e+09 1.08648251e+09
 1.08648255e+09 1.08648260e+09 1.08648264e+09 1.08648268e+09
 1.08648272e+09 1.08648276e+09 1.08648280e+09 1.08648285e+09
 1.08648289e+09 1.08648293e+09 1.08648297e+09 1.08648301e+09
 1.08648305e+09 1.08648310e+09 1.08648314e+09 1.08648318e+09
 1.08648322e+09 1.08648326e+09 1.08648331e+09 1.08648335e+09
 1.08648339e+09 1.08648343e+09 1.08648347e+09 1.08648351e+09
 1.08648356e+09 1.08648360e+09 1.08648364e+09 1.08648368e+09
 1.08648372e+09 1.08648376e+09 1.08648381e+09 1.08648385e+09
 1.08648389e+09 1.08648393e+09 1.08648397e+09 1.08648402e+09
 1.08648406e+09 1.08648410e+09 1.08648414e+09 1.08648418e+09
 1.08648422e+09 1.08648427e+09 1.08648431e+09 1.08648435e+09
 1.08648439e+09 1.08648443e+09 1.08648447e+09 1.08648452e+09
 1.08648456e+09 1.08648460e+09 1.08648464e+09 1.08648468e+09
 1.08648473e+09 1.08648477e+09 1.08648481e+09 1.08648485e+09
 1.08648489e+09 1.08648493e+09 1.08648498e+09 1.08648502e+09
 1.08648506e+09 1.08648510e+09 1.08648514e+09 1.08648518e+09
 1.08648523e+09 1.08648527e+09 1.08648531e+09 1.08648535e+09
 1.08648539e+09 1.08648544e+09 1.08648548e+09 1.08648552e+09
 1.08648556e+09 1.08648560e+09 1.08648564e+09 1.08648569e+09
 1.08648573e+09 1.08648577e+09 1.08648581e+09 1.08648585e+09
 1.08648589e+09 1.08648594e+09 1.08648598e+09 1.08648602e+09
 1.08648606e+09 1.08648610e+09 1.08648615e+09 1.08648619e+09
 1.08648623e+09 1.08648627e+09 1.08648631e+09 1.08648635e+09
 1.08648640e+09 1.08648644e+09 1.08648648e+09 1.08648652e+09
 1.08648656e+09 1.08648660e+09 1.08648665e+09 1.08648669e+09
 1.08648673e+09 1.08648677e+09 1.08648681e+09 1.08648686e+09
 1.08648690e+09 1.08648694e+09 1.08648698e+09 1.08648702e+09
 1.08648706e+09 1.08648711e+09 1.08648715e+09 1.08648719e+09
 1.08648723e+09 1.08648727e+09 1.08648732e+09 1.08648736e+09
 1.08648740e+09 1.08648744e+09 1.08648748e+09 1.08648752e+09
 1.08648757e+09 1.08648761e+09 1.08648765e+09 1.08648769e+09
 1.08648773e+09 1.08648777e+09 1.08648782e+09 1.08648786e+09
 1.08648790e+09 1.08648794e+09 1.08648798e+09 1.08648803e+09
 1.08648807e+09 1.08648811e+09 1.08648815e+09 1.08648819e+09
 1.08648823e+09 1.08648828e+09 1.08648832e+09 1.08648836e+09
 1.08648840e+09 1.08648844e+09 1.08648848e+09 1.08648853e+09
 1.08648857e+09 1.08648861e+09 1.08648865e+09 1.08648869e+09
 1.08648874e+09 1.08648878e+09 1.08648882e+09 1.08648886e+09
 1.08648890e+09 1.08648894e+09 1.08648899e+09 1.08648903e+09
 1.08648907e+09 1.08648911e+09 1.08648915e+09 1.08648919e+09
 1.08648924e+09 1.08648928e+09 1.08648932e+09 1.08648936e+09
 1.08648940e+09 1.08648945e+09 1.08648949e+09 1.08648953e+09
 1.08648957e+09 1.08648961e+09 1.08648965e+09 1.08648970e+09
 1.08648974e+09 1.08648978e+09 1.08648982e+09 1.08648986e+09
 1.08648990e+09 1.08648995e+09 1.08648999e+09 1.08649003e+09
 1.08649007e+09 1.08649011e+09 1.08649016e+09 1.08649020e+09
 1.08649024e+09 1.08649028e+09 1.08649032e+09 1.08649036e+09
 1.08649041e+09 1.08649045e+09 1.08649049e+09 1.08649053e+09
 1.08649057e+09 1.08649061e+09 1.08649066e+09 1.08649070e+09
 1.08649074e+09 1.08649078e+09 1.08649082e+09 1.08649087e+09
 1.08649091e+09 1.08649095e+09 1.08649099e+09 1.08649103e+09
 1.08649107e+09 1.08649112e+09 1.08649116e+09 1.08649120e+09
 1.08649124e+09 1.08649128e+09 1.08649132e+09 1.08649137e+09
 1.08649141e+09 1.08649145e+09 1.08649149e+09 1.08649153e+09
 1.08649158e+09 1.08649162e+09 1.08649166e+09 1.08649170e+09
 1.08649174e+09 1.08649178e+09 1.08649183e+09 1.08649187e+09
 1.08649191e+09 1.08649195e+09 1.08649199e+09 1.08649204e+09
 1.08649208e+09 1.08649212e+09 1.08649216e+09 1.08649220e+09
 1.08649224e+09 1.08649229e+09 1.08649233e+09 1.08649237e+09
 1.08649241e+09 1.08649245e+09 1.08649249e+09 1.08649254e+09
 1.08649258e+09 1.08649262e+09 1.08649266e+09 1.08649270e+09
 1.08649275e+09 1.08649279e+09 1.08649283e+09 1.08649287e+09
 1.08649291e+09 1.08649295e+09 1.08649300e+09 1.08649304e+09
 1.08649308e+09 1.08649312e+09 1.08649316e+09 1.08649320e+09
 1.08649325e+09 1.08649329e+09 1.08649333e+09 1.08649337e+09
 1.08649341e+09 1.08649346e+09 1.08649350e+09 1.08649354e+09
 1.08649358e+09 1.08649362e+09 1.08649366e+09 1.08649371e+09
 1.08649375e+09 1.08649379e+09 1.08649383e+09 1.08649387e+09
 1.08649391e+09 1.08649396e+09 1.08649400e+09 1.08649404e+09
 1.08649408e+09 1.08649412e+09 1.08649417e+09 1.08649421e+09
 1.08649425e+09 1.08649429e+09 1.08649433e+09 1.08649437e+09
 1.08649442e+09 1.08649446e+09 1.08649450e+09 1.08649454e+09
 1.08649458e+09 1.08649462e+09 1.08649467e+09 1.08649471e+09
 1.08649475e+09 1.08649479e+09 1.08649483e+09 1.08649488e+09
 1.08649492e+09 1.08649496e+09 1.08649500e+09 1.08649504e+09
 1.08649508e+09 1.08649513e+09 1.08649517e+09 1.08649521e+09
 1.08649525e+09 1.08649529e+09 1.08649533e+09 1.08649538e+09
 1.08649542e+09 1.08649546e+09 1.08649550e+09 1.08649554e+09
 1.08649559e+09 1.08649563e+09 1.08649567e+09 1.08649571e+09
 1.08649575e+09 1.08649579e+09 1.08649584e+09 1.08649588e+09
 1.08649592e+09 1.08649596e+09 1.08649600e+09 1.08649604e+09
 1.08649609e+09 1.08649613e+09 1.08649617e+09 1.08649621e+09
 1.08649625e+09 1.08649630e+09 1.08649634e+09 1.08649638e+09
 1.08649642e+09 1.08649646e+09 1.08649650e+09 1.08649655e+09
 1.08649659e+09 1.08649663e+09 1.08649667e+09 1.08649671e+09
 1.08649676e+09 1.08649680e+09 1.08649684e+09 1.08649688e+09
 1.08649692e+09 1.08649696e+09 1.08649701e+09 1.08649705e+09
 1.08649709e+09 1.08649713e+09 1.08649717e+09 1.08649721e+09
 1.08649726e+09 1.08649730e+09 1.08649734e+09 1.08649738e+09
 1.08649742e+09 1.08649747e+09 1.08649751e+09 1.08649755e+09
 1.08649759e+09 1.08649763e+09 1.08649767e+09 1.08649772e+09
 1.08649776e+09 1.08649780e+09 1.08649784e+09 1.08649788e+09
 1.08649792e+09 1.08649797e+09 1.08649801e+09 1.08649805e+09
 1.08649809e+09 1.08649813e+09 1.08649818e+09 1.08649822e+09
 1.08649826e+09 1.08649830e+09 1.08649834e+09 1.08649838e+09
 1.08649843e+09 1.08649847e+09 1.08649851e+09 1.08649855e+09
 1.08649859e+09 1.08649863e+09 1.08649868e+09 1.08649872e+09
 1.08649876e+09 1.08649880e+09 1.08649884e+09 1.08649889e+09
 1.08649893e+09 1.08649897e+09 1.08649901e+09 1.08649905e+09
 1.08649909e+09 1.08649914e+09 1.08649918e+09 1.08649922e+09
 1.08649926e+09 1.08649930e+09 1.08649934e+09 1.08649939e+09
 1.08649943e+09 1.08649947e+09 1.08649951e+09 1.08649955e+09
 1.08649960e+09 1.08649964e+09 1.08649968e+09 1.08649972e+09
 1.08649976e+09 1.08649980e+09 1.08649985e+09 1.08649989e+09
 1.08649993e+09 1.08649997e+09 1.08650001e+09 1.08650005e+09
 1.08650010e+09 1.08650014e+09 1.08650018e+09 1.08650022e+09
 1.08650026e+09 1.08650031e+09 1.08650035e+09 1.08650039e+09
 1.08650043e+09 1.08650047e+09 1.08650051e+09 1.08650056e+09
 1.08650060e+09 1.08650064e+09 1.08650068e+09 1.08650072e+09
 1.08650076e+09 1.08650081e+09 1.08650085e+09 1.08650089e+09
 1.08650093e+09 1.08650097e+09 1.08650102e+09 1.08650106e+09
 1.08650110e+09 1.08650114e+09 1.08650118e+09 1.08650122e+09
 1.08650127e+09 1.08650131e+09 1.08650135e+09 1.08650139e+09
 1.08650143e+09 1.08650148e+09 1.08650152e+09 1.08650156e+09
 1.08650160e+09 1.08650164e+09 1.08650168e+09 1.08650173e+09
 1.08650177e+09 1.08650181e+09 1.08650185e+09 1.08650189e+09
 1.08650193e+09 1.08650198e+09 1.08650202e+09 1.08650206e+09
 1.08650210e+09 1.08650214e+09 1.08650219e+09 1.08650223e+09
 1.08650227e+09 1.08650231e+09 1.08650235e+09 1.08650239e+09
 1.08650244e+09 1.08650248e+09 1.08650252e+09 1.08650256e+09
 1.08650260e+09 1.08650264e+09 1.08650269e+09 1.08650273e+09
 1.08650277e+09 1.08650281e+09 1.08650285e+09 1.08650290e+09
 1.08650294e+09 1.08650298e+09 1.08650302e+09 1.08650306e+09
 1.08650310e+09 1.08650315e+09 1.08650319e+09 1.08650323e+09
 1.08650327e+09 1.08650331e+09 1.08650335e+09 1.08650340e+09
 1.08650344e+09 1.08650348e+09 1.08650352e+09 1.08650356e+09
 1.08650361e+09 1.08650365e+09 1.08650369e+09 1.08650373e+09
 1.08650377e+09 1.08650381e+09 1.08650386e+09 1.08650390e+09
 1.08650394e+09 1.08650398e+09 1.08650402e+09 1.08650406e+09
 1.08650411e+09 1.08650415e+09 1.08650419e+09 1.08650423e+09
 1.08650427e+09 1.08650432e+09 1.08650436e+09 1.08650440e+09
 1.08650444e+09 1.08650448e+09 1.08650452e+09 1.08650457e+09
 1.08650461e+09 1.08650465e+09 1.08650469e+09 1.08650473e+09
 1.08650477e+09 1.08650482e+09 1.08650486e+09 1.08650490e+09]
