name =JUICE_ROI_GAN_4_4_02
flyby = ['2033 NOV 26 18:22:11', '2033 NOV 27 18:22:11']
Observation TW = <SpiceCell dtype = 1, length = 0, size = 3400, card = 14, is_set = 1, adjust = 0, init = 1, base = 94193961975248, data = 94193961975296>
Res(t) = [0.14341998 0.14324155 0.14306633 0.14289425 0.14272522 0.14255918
 0.14239604 0.14223574 0.14207821 0.14192339 0.14177122 0.14162163
 0.14147458 0.14133    0.14118785 0.14104806 0.1409106  0.14077541
 0.14064245 0.14051167 0.14038302 0.14025648 0.14013199 0.14000951
 0.13988902 0.13977046 0.13965382 0.13953904 0.1394261  0.13931496
 0.13920559 0.13909797 0.13899205 0.13888782 0.13878524 0.13868429
 0.13858494 0.13848716 0.138391   0.13829629 0.13820307 0.13811133
 0.13802104 0.13793223 0.13784477 0.13775871 0.137674   0.13759065
 0.13750862 0.1374279  0.13734846 0.1372703  0.13719338 0.13711774
 0.13704327 0.13697001 0.13689793 0.13682702 0.13675727 0.13668864
 0.13662115 0.13655476 0.13648946 0.13642528 0.13636212 0.13630001
 0.13623894 0.1361789  0.13611994 0.13606187 0.13600487 0.13594883
 0.13589372 0.13583957 0.13186344 0.13182799 0.13179321 0.13175915
 0.13172581 0.1316932  0.13166129 0.13163009 0.13159959 0.13156978
 0.13154065 0.1315122  0.13148442 0.13145731 0.13143085 0.13140504
 0.13137988 0.13135536 0.13133147 0.13130821 0.13128557 0.13126355
 0.13124213 0.13122132 0.13120111 0.1311815  0.13116247 0.13114402
 0.13112615 0.13110886 0.13109213 0.13107597 0.13106037 0.13104533
 0.13103083 0.13101687 0.13100345 0.13099056 0.13097821 0.13096638
 0.13095507 0.13094429 0.13093401 0.13092424 0.13091498 0.13090622
 0.13089795 0.13089018 0.13088289 0.13087609 0.13086978 0.13086394
 0.13085857 0.13085367 0.13084924 0.13084527 0.13084176 0.13083871
 0.13083611 0.13083395 0.13083225 0.13083098 0.13083016 0.13082977
 0.13082981 0.13083028 0.13083118 0.1308325  0.13083424 0.1308364
 0.13083897 0.13084195 0.13084535 0.13084914 0.13085334 0.13085794
 0.13086293 0.13086832 0.1308741  0.13088027 0.13088683 0.13089376
 0.13090108 0.13090878 0.13091685 0.1309253  0.13093411 0.13094329
 0.13095284 0.13096276 0.13097303 0.13098366 0.13099465 0.13100599
 0.13101768 0.13102972 0.13104211 0.13105484 0.13106791 0.13108133
 0.13109508 0.13110917 0.13112359 0.13113835 0.13115343 0.13116885
 0.13118458 0.13120064 0.13121702 0.13123372 0.13125074 0.13126808
 0.13128573 0.13130368 0.13132195 0.13134053 0.13135941 0.1313786
 0.13139809 0.13141788 0.13143797 0.13145836 0.13147904 0.13150002
 0.13152128 0.13154284 0.13156469 0.13158682 0.13160924 0.13163194
 0.13165492 0.13167819 0.13170173 0.13172555 0.13174964 0.13177401
 0.13179865 0.13182356 0.13184875 0.13187419 0.13189991 0.13192589
 0.13195213 0.13197864 0.1320054  0.13203243 0.13205971 0.13208725
 0.13211504 0.13214309 0.13217139 0.13219994 0.13222874 0.13225778
 0.13228708 0.13231661 0.1323464  0.13237642 0.13240669 0.1324372
 0.13246794 0.13249892 0.13253014 0.1325616  0.13259328 0.1326252
 0.13265735 0.13268973 0.13272235 0.13275519 0.13278825 0.13282155
 0.13285506 0.1328888  0.13292277 0.13295695 0.13299135 0.13302597
 0.13306081 0.13309587 0.13313114 0.13316663 0.13320233 0.13323824
 0.13327436 0.1333107  0.13334724 0.13338399 0.13342095 0.13345811
 0.13349548 0.13353305 0.13357083 0.1336088  0.13364698 0.13368536
 0.13372394 0.13376272 0.13380169 0.13384086 0.13388023 0.13391979
 0.13395954 0.13399949 0.13403962 0.13407995 0.13412047 0.13416118
 0.13420207 0.13424316 0.13428443 0.13432588 0.13436752 0.13440934
 0.13445135 0.13449354 0.13453591 0.13457846 0.13462119 0.1346641
 0.13470718 0.13475044 0.13479388 0.1348375  0.13488129 0.13492525
 0.13496939 0.1350137  0.13505818 0.13510283 0.13514765 0.13519265
 0.1352378  0.13528313 0.13532863 0.13537429 0.13542011 0.13546611
 0.13551226 0.13555858 0.13560506 0.13565171 0.13569851 0.13574548
 0.1357926  0.13583989 0.13588733 0.13593493 0.13598269 0.1360306
 0.13607867 0.1361269  0.13617528 0.13622381 0.1362725  0.13632134
 0.13637033 0.13641947 0.13646876 0.13651821 0.1365678  0.13661754
 0.13666743 0.13671746 0.13676765 0.13681797 0.13686845 0.13691907
 0.13696983 0.13702074 0.13707179 0.13712299 0.13717432 0.1372258
 0.13727742 0.13732917 0.13738107 0.13743311 0.13748528 0.1375376
 0.13759005 0.13764266 0.13769539 0.13774825 0.13780127 0.13785444
 0.1379077  0.1379611  0.13801463 0.13806829 0.13812208 0.13817601
 0.13823007 0.13828425 0.13833857 0.13839302 0.13844759 0.1385023
 0.13855713 0.13861209 0.13866718 0.13872239 0.13877773 0.13883319
 0.13888878 0.13894449 0.13900033 0.13905629 0.13911238 0.13916858
 0.13922491 0.13928136 0.13933793 0.13939462 0.13935171 0.13940943
 0.13946726 0.13952522 0.13958329 0.13964149 0.1396998  0.13975822
 0.13981676 0.13987542 0.13993419 0.13999308 0.14005209 0.1401112
 0.14017043 0.14022978 0.14028923 0.1403488  0.14040849 0.14046828
 0.14052818 0.1405882  0.14064832 0.14070856 0.14076891 0.14082936
 0.14088992 0.1409506  0.14101138 0.14107226 0.14113326 0.14119436
 0.14125557 0.14131688 0.1413783  0.14143983 0.14150146 0.1415632
 0.14162504 0.14168698 0.14174903 0.14181118 0.14187343 0.14193579
 0.14199824 0.1420608  0.14212347 0.14218623 0.14224909 0.14231205
 0.14237512 0.14243828 0.14250154 0.1425649  0.14262836 0.14269192
 0.14275558 0.14281933 0.14288318 0.14166487 0.14172644 0.14178811
 0.14184987 0.14191174 0.1419737  0.14203576 0.14209791 0.14216017
 0.14222252 0.14228496 0.1423475  0.14241014 0.14247287 0.14253569
 0.14259861 0.14266163 0.14272474 0.14278794 0.14285123 0.14291462
 0.1429781  0.14304167 0.14310533 0.14316909 0.14323293 0.14329687
 0.1433609  0.14342501 0.14348922 0.14355352 0.1436179  0.14368238
 0.14374694 0.14381159 0.14387633 0.14394116 0.14400607 0.14407107
 0.14413616 0.14420133 0.1442666  0.14433194 0.14439737 0.14446289
 0.1445285  0.14459418 0.14465996 0.14472581 0.14479175 0.14485778
 0.14492388 0.14499007 0.14505635 0.1451227  0.14518914 0.14525566
 0.14532226 0.14538894 0.14545571 0.14552255 0.14558948 0.14565648
 0.14572357 0.14579074 0.14585798 0.14592531 0.14599271 0.14606019
 0.14612775 0.14619539 0.14626311 0.1463309  0.14639878 0.14646673
 0.14653475 0.14660286 0.14667104 0.14673929 0.14680763 0.14687603
 0.14694452 0.14701308 0.14708171 0.14715042 0.1472192  0.14728806
 0.14735699 0.147426   0.14749508 0.14756423 0.14763345 0.14770275
 0.14777212 0.14784157 0.14791108 0.14798067 0.14805033 0.14812006
 0.14818987 0.14825974 0.14832968 0.1483997  0.14846978 0.14853994
 0.14861017 0.14868046 0.14875083 0.14882126 0.14889177 0.14896234
 0.14903298 0.14910369 0.14917447 0.14924531 0.14931623 0.14938721
 0.14945826 0.14952937 0.14960056 0.14967181 0.14974312 0.14981451
 0.14988596 0.14995747 0.15002905 0.1501007  0.15017241 0.15024419
 0.15031603 0.15038794 0.15045991 0.15053195 0.15060405 0.15067621
 0.15074844 0.15082073 0.15089309 0.15096551 0.15103799 0.15111054
 0.15118314 0.15125581 0.15132855 0.15140134 0.1514742  0.15154712
 0.1516201  0.15169314 0.15176624 0.1518394  0.15191263 0.15198591
 0.15205926 0.15213266 0.15223043 0.15230396 0.15237755 0.1524512
 0.15252491 0.15259868 0.1526725  0.15274639 0.15282033 0.15289433
 0.15296839 0.15304251 0.15311669 0.15319092 0.15326521 0.15333956
 0.15341397 0.15348843 0.15356295 0.15363753 0.15371216 0.15378685
 0.1538616  0.15393641 0.15401126 0.15408618 0.15416115 0.15423618
 0.15431126 0.1543864  0.15446159 0.15453684 0.15461214 0.15468749
 0.1547629  0.15483837 0.15491389 0.15498946 0.15506509 0.15514077
 0.15521651 0.15529229 0.15536813 0.15544403 0.15551998 0.15559598
 0.15567203 0.15574813 0.15582429 0.1559005  0.15597676 0.15605308
 0.15612944 0.15620586 0.15628233 0.15635885 0.15643542 0.15651204
 0.15658872 0.15666544 0.15674222 0.15681904 0.15689592 0.15697285
 0.15704982 0.15712685 0.15720393 0.15728105 0.15735823 0.15743545
 0.15751273 0.15759005 0.15766742 0.15774485 0.15782232 0.15789984
 0.1579774  0.15805502 0.15813269 0.1582104  0.15828816 0.15836597
 0.15844382 0.15852173 0.15859968 0.15867768 0.15875573 0.15883382
 0.15891196 0.15899015 0.15906838 0.15914666 0.15922499 0.15930336
 0.15938178 0.15946025 0.15953876 0.15961732 0.15969592 0.15977457
 0.15985327 0.15993201 0.1600108  0.16008963 0.1601685  0.16024743
 0.16032639 0.1604054  0.16048446 0.16056356 0.1606427  0.16072189
 0.16080113 0.1608804  0.16095972 0.16103909 0.1611185  0.16119795
 0.16127745 0.16135699 0.16143657 0.16151619 0.16159586 0.16167557
 0.16175533 0.16183513 0.16191497 0.16199485 0.16207477 0.16215474
 0.16223475 0.1623148  0.1623949  0.16247503 0.16255521 0.16263543
 0.16271569 0.16279599 0.16287633 0.16295672 0.16303715 0.16311761
 0.16319812 0.16327867 0.16335926 0.16343989 0.16352056 0.16360127
 0.16368202 0.16376282 0.16384365 0.16392452 0.16400543 0.16408638
 0.16416738 0.16424841 0.16432948 0.16441059 0.16449174 0.16457293
 0.16465416 0.16473543 0.16481673 0.16489808 0.16497946 0.16506088
 0.16514235 0.16522385 0.16530539 0.16538696 0.16546858 0.16555023
 0.16563192 0.16571365 0.16579542 0.16587723 0.16595907 0.16604095
 0.16612287 0.16620482 0.16628682 0.16636885 0.16645092 0.16653302
 0.16661516 0.16669734 0.16677956 0.16686181 0.1669441  0.16702642
 0.16710878 0.16719118 0.16727362 0.16735609 0.1674386  0.16752114
 0.16760372 0.16768633 0.16776898 0.16785167 0.16793439 0.16801715
 0.16809994 0.16818277 0.16826564 0.16834854 0.16843147 0.16851445
 0.16859746 0.1686805  0.16876357 0.16884668 0.16892982 0.169013
 0.16909622 0.16917946 0.16926275 0.16934606 0.16942941 0.1695128
 0.16959622 0.16967967 0.16976315 0.16984667 0.16993023 0.17001382
 0.17009744 0.17018109 0.17026478 0.1703485  0.17043226 0.17051605
 0.17059987 0.17068372 0.17076761 0.17085153 0.17093548 0.17101947
 0.17110349 0.17118754 0.17127164 0.17135575 0.1714399  0.17152408
 0.1716083  0.17169254 0.17177682 0.17186113 0.17194547 0.17202985
 0.17211425 0.17219869 0.17228316 0.17236766 0.17245219 0.17253676
 0.17262135 0.17270598 0.17279064 0.17287533 0.17296005 0.1730448
 0.17312958 0.1732144  0.17329924 0.17338412 0.17346902 0.17355396
 0.17363893 0.17372392 0.17380895 0.17389401 0.1739791  0.17406422
 0.17414937 0.17423455 0.17431976 0.174405   0.17449027 0.17457557
 0.1746609  0.17474626 0.17483165 0.17491707 0.17500252 0.175088
 0.17517351 0.17525905 0.17534461 0.17543021 0.17551584 0.17560149
 0.17568717 0.17577289 0.17585863 0.1759444  0.1760302  0.17611603
 0.17620189 0.17628777 0.17637369 0.17645963 0.1765456  0.1766316
 0.17671763 0.17680369 0.17688977 0.17697589 0.17706203 0.1771482
 0.1772344  0.17732062 0.17740688 0.17749316 0.17757947 0.17766581
 0.17775217 0.17783856 0.17792499 0.17801143 0.17809791 0.17818441
 0.17827094 0.1783575  0.17844409 0.1785307  0.17861734 0.178704
 0.1787907  0.17887742 0.17896417 0.17905094 0.17913774 0.17922457
 0.17931143 0.17939831 0.17948521 0.17957215 0.17965911 0.1797461
 0.17983311 0.17992015 0.18000722 0.18009431 0.18018143 0.18026858
 0.18035575 0.18044295 0.18053017 0.18061742 0.1807047  0.180792
 0.18087933 0.18096668 0.18105406 0.18114147 0.1812289  0.17691291
 0.17699851 0.17708413 0.17716978 0.17725545 0.17734114 0.17742685
 0.17751259 0.17759835 0.17768413 0.17776994 0.17785576 0.17794161
 0.17802748 0.17811338 0.17819929 0.17828523 0.17837119 0.17845718
 0.17854318 0.17862921 0.17871526 0.17880133 0.17888743 0.17897354
 0.17905968 0.17914584 0.17923202 0.17931822 0.17940445 0.17949069
 0.17957696 0.17966325 0.17974956 0.1798359  0.17992225 0.18000863
 0.18009502 0.18018144 0.18026788 0.18035434]
t = [1.06995878e+09 1.06995878e+09 1.06995878e+09 1.06995878e+09
 1.06995879e+09 1.06995879e+09 1.06995879e+09 1.06995879e+09
 1.06995879e+09 1.06995879e+09 1.06995880e+09 1.06995880e+09
 1.06995880e+09 1.06995880e+09 1.06995880e+09 1.06995880e+09
 1.06995881e+09 1.06995881e+09 1.06995881e+09 1.06995881e+09
 1.06995881e+09 1.06995882e+09 1.06995882e+09 1.06995882e+09
 1.06995882e+09 1.06995882e+09 1.06995882e+09 1.06995883e+09
 1.06995883e+09 1.06995883e+09 1.06995883e+09 1.06995883e+09
 1.06995884e+09 1.06995884e+09 1.06995884e+09 1.06995884e+09
 1.06995884e+09 1.06995884e+09 1.06995885e+09 1.06995885e+09
 1.06995885e+09 1.06995885e+09 1.06995885e+09 1.06995885e+09
 1.06995886e+09 1.06995886e+09 1.06995886e+09 1.06995886e+09
 1.06995886e+09 1.06995887e+09 1.06995887e+09 1.06995887e+09
 1.06995887e+09 1.06995887e+09 1.06995887e+09 1.06995888e+09
 1.06995888e+09 1.06995888e+09 1.06995888e+09 1.06995888e+09
 1.06995888e+09 1.06995889e+09 1.06995889e+09 1.06995889e+09
 1.06995889e+09 1.06995889e+09 1.06995890e+09 1.06995890e+09
 1.06995890e+09 1.06995890e+09 1.06995890e+09 1.06995890e+09
 1.06995891e+09 1.06995891e+09 1.06995891e+09 1.06995891e+09
 1.06995891e+09 1.06995891e+09 1.06995892e+09 1.06995892e+09
 1.06995892e+09 1.06995892e+09 1.06995892e+09 1.06995893e+09
 1.06995893e+09 1.06995893e+09 1.06995893e+09 1.06995893e+09
 1.06995893e+09 1.06995894e+09 1.06995894e+09 1.06995894e+09
 1.06995894e+09 1.06995894e+09 1.06995895e+09 1.06995895e+09
 1.06995895e+09 1.06995895e+09 1.06995895e+09 1.06995895e+09
 1.06995896e+09 1.06995896e+09 1.06995896e+09 1.06995896e+09
 1.06995896e+09 1.06995896e+09 1.06995897e+09 1.06995897e+09
 1.06995897e+09 1.06995897e+09 1.06995897e+09 1.06995898e+09
 1.06995898e+09 1.06995898e+09 1.06995898e+09 1.06995898e+09
 1.06995898e+09 1.06995899e+09 1.06995899e+09 1.06995899e+09
 1.06995899e+09 1.06995899e+09 1.06995899e+09 1.06995900e+09
 1.06995900e+09 1.06995900e+09 1.06995900e+09 1.06995900e+09
 1.06995901e+09 1.06995901e+09 1.06995901e+09 1.06995901e+09
 1.06995901e+09 1.06995901e+09 1.06995902e+09 1.06995902e+09
 1.06995902e+09 1.06995902e+09 1.06995902e+09 1.06995902e+09
 1.06995903e+09 1.06995903e+09 1.06995903e+09 1.06995903e+09
 1.06995903e+09 1.06995904e+09 1.06995904e+09 1.06995904e+09
 1.06995904e+09 1.06995904e+09 1.06995904e+09 1.06995905e+09
 1.06995905e+09 1.06995905e+09 1.06995905e+09 1.06995905e+09
 1.06995905e+09 1.06995906e+09 1.06995906e+09 1.06995906e+09
 1.06995906e+09 1.06995906e+09 1.06995907e+09 1.06995907e+09
 1.06995907e+09 1.06995907e+09 1.06995907e+09 1.06995907e+09
 1.06995908e+09 1.06995908e+09 1.06995908e+09 1.06995908e+09
 1.06995908e+09 1.06995909e+09 1.06995909e+09 1.06995909e+09
 1.06995909e+09 1.06995909e+09 1.06995909e+09 1.06995910e+09
 1.06995910e+09 1.06995910e+09 1.06995910e+09 1.06995910e+09
 1.06995910e+09 1.06995911e+09 1.06995911e+09 1.06995911e+09
 1.06995911e+09 1.06995911e+09 1.06995912e+09 1.06995912e+09
 1.06995912e+09 1.06995912e+09 1.06995912e+09 1.06995912e+09
 1.06995913e+09 1.06995913e+09 1.06995913e+09 1.06995913e+09
 1.06995913e+09 1.06995913e+09 1.06995914e+09 1.06995914e+09
 1.06995914e+09 1.06995914e+09 1.06995914e+09 1.06995915e+09
 1.06995915e+09 1.06995915e+09 1.06995915e+09 1.06995915e+09
 1.06995915e+09 1.06995916e+09 1.06995916e+09 1.06995916e+09
 1.06995916e+09 1.06995916e+09 1.06995916e+09 1.06995917e+09
 1.06995917e+09 1.06995917e+09 1.06995917e+09 1.06995917e+09
 1.06995918e+09 1.06995918e+09 1.06995918e+09 1.06995918e+09
 1.06995918e+09 1.06995918e+09 1.06995919e+09 1.06995919e+09
 1.06995919e+09 1.06995919e+09 1.06995919e+09 1.06995920e+09
 1.06995920e+09 1.06995920e+09 1.06995920e+09 1.06995920e+09
 1.06995920e+09 1.06995921e+09 1.06995921e+09 1.06995921e+09
 1.06995921e+09 1.06995921e+09 1.06995921e+09 1.06995922e+09
 1.06995922e+09 1.06995922e+09 1.06995922e+09 1.06995922e+09
 1.06995923e+09 1.06995923e+09 1.06995923e+09 1.06995923e+09
 1.06995923e+09 1.06995923e+09 1.06995924e+09 1.06995924e+09
 1.06995924e+09 1.06995924e+09 1.06995924e+09 1.06995924e+09
 1.06995925e+09 1.06995925e+09 1.06995925e+09 1.06995925e+09
 1.06995925e+09 1.06995926e+09 1.06995926e+09 1.06995926e+09
 1.06995926e+09 1.06995926e+09 1.06995926e+09 1.06995927e+09
 1.06995927e+09 1.06995927e+09 1.06995927e+09 1.06995927e+09
 1.06995927e+09 1.06995928e+09 1.06995928e+09 1.06995928e+09
 1.06995928e+09 1.06995928e+09 1.06995929e+09 1.06995929e+09
 1.06995929e+09 1.06995929e+09 1.06995929e+09 1.06995929e+09
 1.06995930e+09 1.06995930e+09 1.06995930e+09 1.06995930e+09
 1.06995930e+09 1.06995931e+09 1.06995931e+09 1.06995931e+09
 1.06995931e+09 1.06995931e+09 1.06995931e+09 1.06995932e+09
 1.06995932e+09 1.06995932e+09 1.06995932e+09 1.06995932e+09
 1.06995932e+09 1.06995933e+09 1.06995933e+09 1.06995933e+09
 1.06995933e+09 1.06995933e+09 1.06995934e+09 1.06995934e+09
 1.06995934e+09 1.06995934e+09 1.06995934e+09 1.06995934e+09
 1.06995935e+09 1.06995935e+09 1.06995935e+09 1.06995935e+09
 1.06995935e+09 1.06995935e+09 1.06995936e+09 1.06995936e+09
 1.06995936e+09 1.06995936e+09 1.06995936e+09 1.06995937e+09
 1.06995937e+09 1.06995937e+09 1.06995937e+09 1.06995937e+09
 1.06995937e+09 1.06995938e+09 1.06995938e+09 1.06995938e+09
 1.06995938e+09 1.06995938e+09 1.06995938e+09 1.06995939e+09
 1.06995939e+09 1.06995939e+09 1.06995939e+09 1.06995939e+09
 1.06995940e+09 1.06995940e+09 1.06995940e+09 1.06995940e+09
 1.06995940e+09 1.06995940e+09 1.06995941e+09 1.06995941e+09
 1.06995941e+09 1.06995941e+09 1.06995941e+09 1.06995942e+09
 1.06995942e+09 1.06995942e+09 1.06995942e+09 1.06995942e+09
 1.06995942e+09 1.06995943e+09 1.06995943e+09 1.06995943e+09
 1.06995943e+09 1.06995943e+09 1.06995943e+09 1.06995944e+09
 1.06995944e+09 1.06995944e+09 1.06995944e+09 1.06995944e+09
 1.06995945e+09 1.06995945e+09 1.06995945e+09 1.06995945e+09
 1.06995945e+09 1.06995945e+09 1.06995946e+09 1.06995946e+09
 1.06995946e+09 1.06995946e+09 1.06995946e+09 1.06995946e+09
 1.06995947e+09 1.06995947e+09 1.06995947e+09 1.06995947e+09
 1.06995947e+09 1.06995948e+09 1.06995948e+09 1.06995948e+09
 1.06995948e+09 1.06995948e+09 1.06995948e+09 1.06995949e+09
 1.06995949e+09 1.06995949e+09 1.06995949e+09 1.06995949e+09
 1.06995949e+09 1.06995950e+09 1.06995950e+09 1.06995950e+09
 1.06995950e+09 1.06995950e+09 1.06995951e+09 1.06995951e+09
 1.06995951e+09 1.06995951e+09 1.06995951e+09 1.06995951e+09
 1.06995952e+09 1.06995952e+09 1.06995952e+09 1.06995952e+09
 1.06995952e+09 1.06995953e+09 1.06995953e+09 1.06995953e+09
 1.06995953e+09 1.06995953e+09 1.06995953e+09 1.06995954e+09
 1.06995954e+09 1.06995954e+09 1.06995954e+09 1.06995954e+09
 1.06995954e+09 1.06995955e+09 1.06995955e+09 1.06995955e+09
 1.06995955e+09 1.06995955e+09 1.06995956e+09 1.06995956e+09
 1.06995956e+09 1.06995956e+09 1.06995956e+09 1.06995956e+09
 1.06995957e+09 1.06995957e+09 1.06995957e+09 1.06995957e+09
 1.06995957e+09 1.06995957e+09 1.06995958e+09 1.06995958e+09
 1.06995958e+09 1.06995958e+09 1.06995958e+09 1.06995959e+09
 1.06995959e+09 1.06995959e+09 1.06995959e+09 1.06995959e+09
 1.06995959e+09 1.06995960e+09 1.06995960e+09 1.06995960e+09
 1.06995960e+09 1.06995960e+09 1.06995960e+09 1.06995961e+09
 1.06995961e+09 1.06995961e+09 1.06995961e+09 1.06995961e+09
 1.06995962e+09 1.06995962e+09 1.06995962e+09 1.06995962e+09
 1.06995962e+09 1.06995962e+09 1.06995963e+09 1.06995963e+09
 1.06995963e+09 1.06995963e+09 1.06995963e+09 1.06995963e+09
 1.06995964e+09 1.06995964e+09 1.06995964e+09 1.06995964e+09
 1.06995964e+09 1.06995965e+09 1.06995965e+09 1.06995965e+09
 1.06995965e+09 1.06995965e+09 1.06995965e+09 1.06995966e+09
 1.06995966e+09 1.06995966e+09 1.06995966e+09 1.06995966e+09
 1.06995967e+09 1.06995967e+09 1.06995967e+09 1.06995967e+09
 1.06995967e+09 1.06995967e+09 1.06995968e+09 1.06995968e+09
 1.06995968e+09 1.06995968e+09 1.06995968e+09 1.06995968e+09
 1.06995969e+09 1.06995969e+09 1.06995969e+09 1.06995969e+09
 1.06995969e+09 1.06995970e+09 1.06995970e+09 1.06995970e+09
 1.06995970e+09 1.06995970e+09 1.06995970e+09 1.06995971e+09
 1.06995971e+09 1.06995971e+09 1.06995971e+09 1.06995971e+09
 1.06995971e+09 1.06995972e+09 1.06995972e+09 1.06995972e+09
 1.06995972e+09 1.06995972e+09 1.06995973e+09 1.06995973e+09
 1.06995973e+09 1.06995973e+09 1.06995973e+09 1.06995973e+09
 1.06995974e+09 1.06995974e+09 1.06995974e+09 1.06995974e+09
 1.06995974e+09 1.06995974e+09 1.06995975e+09 1.06995975e+09
 1.06995975e+09 1.06995975e+09 1.06995975e+09 1.06995976e+09
 1.06995976e+09 1.06995976e+09 1.06995976e+09 1.06995976e+09
 1.06995976e+09 1.06995977e+09 1.06995977e+09 1.06995977e+09
 1.06995977e+09 1.06995977e+09 1.06995978e+09 1.06995978e+09
 1.06995978e+09 1.06995978e+09 1.06995978e+09 1.06995978e+09
 1.06995979e+09 1.06995979e+09 1.06995979e+09 1.06995979e+09
 1.06995979e+09 1.06995979e+09 1.06995980e+09 1.06995980e+09
 1.06995980e+09 1.06995980e+09 1.06995980e+09 1.06995981e+09
 1.06995981e+09 1.06995981e+09 1.06995981e+09 1.06995981e+09
 1.06995981e+09 1.06995982e+09 1.06995982e+09 1.06995982e+09
 1.06995982e+09 1.06995982e+09 1.06995982e+09 1.06995983e+09
 1.06995983e+09 1.06995983e+09 1.06995983e+09 1.06995983e+09
 1.06995984e+09 1.06995984e+09 1.06995984e+09 1.06995984e+09
 1.06995984e+09 1.06995984e+09 1.06995985e+09 1.06995985e+09
 1.06995985e+09 1.06995985e+09 1.06995985e+09 1.06995985e+09
 1.06995986e+09 1.06995986e+09 1.06995986e+09 1.06995986e+09
 1.06995986e+09 1.06995987e+09 1.06995987e+09 1.06995987e+09
 1.06995987e+09 1.06995987e+09 1.06995987e+09 1.06995988e+09
 1.06995988e+09 1.06995988e+09 1.06995988e+09 1.06995988e+09
 1.06995989e+09 1.06995989e+09 1.06995989e+09 1.06995989e+09
 1.06995989e+09 1.06995989e+09 1.06995990e+09 1.06995990e+09
 1.06995990e+09 1.06995990e+09 1.06995990e+09 1.06995990e+09
 1.06995991e+09 1.06995991e+09 1.06995991e+09 1.06995991e+09
 1.06995991e+09 1.06995992e+09 1.06995992e+09 1.06995992e+09
 1.06995992e+09 1.06995992e+09 1.06995992e+09 1.06995993e+09
 1.06995993e+09 1.06995993e+09 1.06995993e+09 1.06995993e+09
 1.06995993e+09 1.06995994e+09 1.06995994e+09 1.06995994e+09
 1.06995994e+09 1.06995994e+09 1.06995995e+09 1.06995995e+09
 1.06995995e+09 1.06995995e+09 1.06995995e+09 1.06995995e+09
 1.06995996e+09 1.06995996e+09 1.06995996e+09 1.06995996e+09
 1.06995996e+09 1.06995996e+09 1.06995997e+09 1.06995997e+09
 1.06995997e+09 1.06995997e+09 1.06995997e+09 1.06995998e+09
 1.06995998e+09 1.06995998e+09 1.06995998e+09 1.06995998e+09
 1.06995998e+09 1.06995999e+09 1.06995999e+09 1.06995999e+09
 1.06995999e+09 1.06995999e+09 1.06996000e+09 1.06996000e+09
 1.06996000e+09 1.06996000e+09 1.06996000e+09 1.06996000e+09
 1.06996001e+09 1.06996001e+09 1.06996001e+09 1.06996001e+09
 1.06996001e+09 1.06996001e+09 1.06996002e+09 1.06996002e+09
 1.06996002e+09 1.06996002e+09 1.06996002e+09 1.06996003e+09
 1.06996003e+09 1.06996003e+09 1.06996003e+09 1.06996003e+09
 1.06996003e+09 1.06996004e+09 1.06996004e+09 1.06996004e+09
 1.06996004e+09 1.06996004e+09 1.06996004e+09 1.06996005e+09
 1.06996005e+09 1.06996005e+09 1.06996005e+09 1.06996005e+09
 1.06996006e+09 1.06996006e+09 1.06996006e+09 1.06996006e+09
 1.06996006e+09 1.06996006e+09 1.06996007e+09 1.06996007e+09
 1.06996007e+09 1.06996007e+09 1.06996007e+09 1.06996007e+09
 1.06996008e+09 1.06996008e+09 1.06996008e+09 1.06996008e+09
 1.06996008e+09 1.06996009e+09 1.06996009e+09 1.06996009e+09
 1.06996009e+09 1.06996009e+09 1.06996009e+09 1.06996010e+09
 1.06996010e+09 1.06996010e+09 1.06996010e+09 1.06996010e+09
 1.06996010e+09 1.06996011e+09 1.06996011e+09 1.06996011e+09
 1.06996011e+09 1.06996011e+09 1.06996012e+09 1.06996012e+09
 1.06996012e+09 1.06996012e+09 1.06996012e+09 1.06996012e+09
 1.06996013e+09 1.06996013e+09 1.06996013e+09 1.06996013e+09
 1.06996013e+09 1.06996014e+09 1.06996014e+09 1.06996014e+09
 1.06996014e+09 1.06996014e+09 1.06996014e+09 1.06996015e+09
 1.06996015e+09 1.06996015e+09 1.06996015e+09 1.06996015e+09
 1.06996015e+09 1.06996016e+09 1.06996016e+09 1.06996016e+09
 1.06996016e+09 1.06996016e+09 1.06996017e+09 1.06996017e+09
 1.06996017e+09 1.06996017e+09 1.06996017e+09 1.06996017e+09
 1.06996018e+09 1.06996018e+09 1.06996018e+09 1.06996018e+09
 1.06996018e+09 1.06996018e+09 1.06996019e+09 1.06996019e+09
 1.06996019e+09 1.06996019e+09 1.06996019e+09 1.06996020e+09
 1.06996020e+09 1.06996020e+09 1.06996020e+09 1.06996020e+09
 1.06996020e+09 1.06996021e+09 1.06996021e+09 1.06996021e+09
 1.06996021e+09 1.06996021e+09 1.06996021e+09 1.06996022e+09
 1.06996022e+09 1.06996022e+09 1.06996022e+09 1.06996022e+09
 1.06996023e+09 1.06996023e+09 1.06996023e+09 1.06996023e+09
 1.06996023e+09 1.06996023e+09 1.06996024e+09 1.06996024e+09
 1.06996024e+09 1.06996024e+09 1.06996024e+09 1.06996025e+09
 1.06996025e+09 1.06996025e+09 1.06996025e+09 1.06996025e+09
 1.06996025e+09 1.06996026e+09 1.06996026e+09 1.06996026e+09
 1.06996026e+09 1.06996026e+09 1.06996026e+09 1.06996027e+09
 1.06996027e+09 1.06996027e+09 1.06996027e+09 1.06996027e+09
 1.06996028e+09 1.06996028e+09 1.06996028e+09 1.06996028e+09
 1.06996028e+09 1.06996028e+09 1.06996029e+09 1.06996029e+09
 1.06996029e+09 1.06996029e+09 1.06996029e+09 1.06996029e+09
 1.06996030e+09 1.06996030e+09 1.06996030e+09 1.06996030e+09
 1.06996030e+09 1.06996031e+09 1.06996031e+09 1.06996031e+09
 1.06996031e+09 1.06996031e+09 1.06996031e+09 1.06996032e+09
 1.06996032e+09 1.06996032e+09 1.06996032e+09 1.06996032e+09
 1.06996032e+09 1.06996033e+09 1.06996033e+09 1.06996033e+09
 1.06996033e+09 1.06996033e+09 1.06996034e+09 1.06996034e+09
 1.06996034e+09 1.06996034e+09 1.06996034e+09 1.06996034e+09
 1.06996035e+09 1.06996035e+09 1.06996035e+09 1.06996035e+09
 1.06996035e+09 1.06996036e+09 1.06996036e+09 1.06996036e+09
 1.06996036e+09 1.06996036e+09 1.06996036e+09 1.06996037e+09
 1.06996037e+09 1.06996037e+09 1.06996037e+09 1.06996037e+09
 1.06996037e+09 1.06996038e+09 1.06996038e+09 1.06996038e+09
 1.06996038e+09 1.06996038e+09 1.06996039e+09 1.06996039e+09
 1.06996039e+09 1.06996039e+09 1.06996039e+09 1.06996039e+09
 1.06996040e+09 1.06996040e+09 1.06996040e+09 1.06996040e+09
 1.06996040e+09 1.06996040e+09 1.06996041e+09 1.06996041e+09
 1.06996041e+09 1.06996041e+09 1.06996041e+09 1.06996042e+09
 1.06996042e+09 1.06996042e+09 1.06996042e+09 1.06996042e+09
 1.06996042e+09 1.06996043e+09 1.06996043e+09 1.06996043e+09
 1.06996043e+09 1.06996043e+09 1.06996043e+09 1.06996044e+09
 1.06996044e+09 1.06996044e+09 1.06996044e+09 1.06996044e+09
 1.06996045e+09 1.06996045e+09 1.06996045e+09 1.06996045e+09
 1.06996045e+09 1.06996045e+09 1.06996046e+09 1.06996046e+09
 1.06996046e+09 1.06996046e+09 1.06996046e+09 1.06996047e+09
 1.06996047e+09 1.06996047e+09 1.06996047e+09 1.06996047e+09
 1.06996047e+09 1.06996048e+09 1.06996048e+09 1.06996048e+09
 1.06996048e+09 1.06996048e+09 1.06996048e+09 1.06996049e+09
 1.06996049e+09 1.06996049e+09 1.06996049e+09 1.06996049e+09
 1.06996050e+09 1.06996050e+09 1.06996050e+09 1.06996050e+09
 1.06996050e+09 1.06996050e+09 1.06996051e+09 1.06996051e+09
 1.06996051e+09 1.06996051e+09 1.06996051e+09 1.06996051e+09
 1.06996052e+09 1.06996052e+09 1.06996052e+09 1.06996052e+09
 1.06996052e+09 1.06996053e+09 1.06996053e+09 1.06996053e+09
 1.06996053e+09 1.06996053e+09 1.06996053e+09 1.06996054e+09
 1.06996054e+09 1.06996054e+09 1.06996054e+09 1.06996054e+09
 1.06996054e+09 1.06996055e+09 1.06996055e+09 1.06996055e+09]
minRes = 0.13082976766657234
minResTime = [1.06995902e+09]
Cov(t) = [100 100 100 100 100 100 100 100 100 100 100 100 100 100 100 100 100 100
 100 100 100 100 100 100 100 100 100 100 100 100 100 100 100 100 100 100
 100 100 100 100 100 100 100 100 100 100 100 100 100 100 100 100 100 100
 100 100 100 100 100 100 100 100 100 100 100 100 100 100 100 100 100 100
 100 100 100 100 100 100 100 100 100 100 100 100 100 100 100 100 100 100
 100 100 100 100 100 100 100 100 100 100 100 100 100 100 100 100 100 100
 100 100 100 100 100 100 100 100 100 100 100 100 100 100 100 100 100 100
 100 100 100 100 100 100 100 100 100 100 100 100 100 100 100 100 100 100
 100 100 100 100 100 100 100 100 100 100 100 100 100 100 100 100 100 100
 100 100 100 100 100 100 100 100 100 100 100 100 100 100 100 100 100 100
 100 100 100 100 100 100 100 100 100 100 100 100 100 100 100 100 100 100
 100 100 100 100 100 100 100 100 100 100 100 100 100 100 100 100 100 100
 100 100 100 100 100 100 100 100 100 100 100 100 100 100 100 100 100 100
 100 100 100 100 100 100 100 100 100 100 100 100 100 100 100 100 100 100
 100 100 100 100 100 100 100 100 100 100 100 100 100 100 100 100 100 100
 100 100 100 100 100 100 100 100 100 100 100 100 100 100 100 100 100 100
 100 100 100 100 100 100 100 100 100 100 100 100 100 100 100 100 100 100
 100 100 100 100 100 100 100 100 100 100 100 100 100 100 100 100 100 100
 100 100 100 100 100 100 100 100 100 100 100 100 100 100 100 100 100 100
 100 100 100 100 100 100 100 100 100 100 100 100 100 100 100 100 100 100
 100 100 100 100 100 100 100 100 100 100 100 100 100 100 100 100 100 100
 100 100 100 100 100 100 100 100 100 100 100 100 100 100 100 100 100 100
 100 100 100 100 100 100 100 100 100 100 100 100 100 100 100 100 100 100
 100 100 100 100 100 100 100 100 100 100 100 100 100 100 100 100 100 100
 100 100 100 100 100 100 100 100 100 100 100 100 100 100 100 100 100 100
 100 100 100 100 100 100 100 100 100 100 100 100 100 100 100 100 100 100
 100 100 100 100 100 100 100 100 100 100 100 100 100 100 100 100 100 100
 100 100 100 100 100 100 100 100 100 100 100 100 100 100 100 100 100 100
 100 100 100 100 100 100 100 100 100 100 100 100 100 100 100 100 100 100
 100 100 100 100 100 100 100 100 100 100 100 100 100 100 100 100 100 100
 100 100 100 100 100 100 100 100 100 100 100 100 100 100 100 100 100 100
 100 100 100 100 100 100 100 100 100 100 100 100 100 100 100 100 100 100
 100 100 100 100 100 100 100 100 100 100 100 100 100 100 100 100 100 100
 100 100 100 100 100 100 100 100 100 100 100 100 100 100 100 100 100 100
 100 100 100 100 100 100 100 100 100 100 100 100 100 100 100 100 100 100
 100 100 100 100 100 100 100 100 100 100 100 100 100 100 100 100 100 100
 100 100 100 100 100 100 100 100 100 100 100 100 100 100 100 100 100 100
 100 100 100 100 100 100 100 100 100 100 100 100 100 100 100 100 100 100
 100 100 100 100 100 100 100 100 100 100 100 100 100 100 100 100 100 100
 100 100 100 100 100 100 100 100 100 100 100 100 100 100 100 100 100 100
 100 100 100 100 100 100 100 100 100 100 100 100 100 100 100 100 100 100
 100 100 100 100 100 100 100 100 100 100 100 100 100 100 100 100 100 100
 100 100 100 100 100 100 100 100 100 100 100 100 100 100 100 100 100 100
 100 100 100 100 100 100 100 100 100 100 100 100 100 100 100 100 100 100
 100 100 100 100 100 100 100 100 100 100 100 100 100 100 100 100 100 100
 100 100 100 100 100 100 100 100 100 100 100 100 100 100 100 100 100 100
 100 100 100 100 100 100 100 100 100 100 100 100 100 100 100 100 100 100
 100 100 100 100 100 100 100 100 100 100 100 100 100 100 100 100 100 100
 100 100 100 100 100 100 100 100 100 100 100 100 100 100 100 100 100 100
 100 100 100 100 100 100 100 100 100 100 100 100 100 100 100 100 100 100
 100 100 100 100 100 100 100 100 100 100 100 100 100 100 100 100 100 100
 100 100 100 100 100 100 100 100 100 100 100 100 100 100 100 100 100 100
 100 100 100 100 100 100 100 100 100 100 100 100 100 100 100 100 100 100
 100 100 100 100 100 100 100 100 100 100 100 100 100 100 100 100 100 100
 100 100 100 100 100 100 100 100 100 100 100 100 100 100 100 100 100 100
 100 100 100 100 100 100 100 100 100 100]
maxCov = 100
maxCovTime = [1.06995878e+09 1.06995878e+09 1.06995878e+09 1.06995878e+09
 1.06995879e+09 1.06995879e+09 1.06995879e+09 1.06995879e+09
 1.06995879e+09 1.06995879e+09 1.06995880e+09 1.06995880e+09
 1.06995880e+09 1.06995880e+09 1.06995880e+09 1.06995880e+09
 1.06995881e+09 1.06995881e+09 1.06995881e+09 1.06995881e+09
 1.06995881e+09 1.06995882e+09 1.06995882e+09 1.06995882e+09
 1.06995882e+09 1.06995882e+09 1.06995882e+09 1.06995883e+09
 1.06995883e+09 1.06995883e+09 1.06995883e+09 1.06995883e+09
 1.06995884e+09 1.06995884e+09 1.06995884e+09 1.06995884e+09
 1.06995884e+09 1.06995884e+09 1.06995885e+09 1.06995885e+09
 1.06995885e+09 1.06995885e+09 1.06995885e+09 1.06995885e+09
 1.06995886e+09 1.06995886e+09 1.06995886e+09 1.06995886e+09
 1.06995886e+09 1.06995887e+09 1.06995887e+09 1.06995887e+09
 1.06995887e+09 1.06995887e+09 1.06995887e+09 1.06995888e+09
 1.06995888e+09 1.06995888e+09 1.06995888e+09 1.06995888e+09
 1.06995888e+09 1.06995889e+09 1.06995889e+09 1.06995889e+09
 1.06995889e+09 1.06995889e+09 1.06995890e+09 1.06995890e+09
 1.06995890e+09 1.06995890e+09 1.06995890e+09 1.06995890e+09
 1.06995891e+09 1.06995891e+09 1.06995891e+09 1.06995891e+09
 1.06995891e+09 1.06995891e+09 1.06995892e+09 1.06995892e+09
 1.06995892e+09 1.06995892e+09 1.06995892e+09 1.06995893e+09
 1.06995893e+09 1.06995893e+09 1.06995893e+09 1.06995893e+09
 1.06995893e+09 1.06995894e+09 1.06995894e+09 1.06995894e+09
 1.06995894e+09 1.06995894e+09 1.06995895e+09 1.06995895e+09
 1.06995895e+09 1.06995895e+09 1.06995895e+09 1.06995895e+09
 1.06995896e+09 1.06995896e+09 1.06995896e+09 1.06995896e+09
 1.06995896e+09 1.06995896e+09 1.06995897e+09 1.06995897e+09
 1.06995897e+09 1.06995897e+09 1.06995897e+09 1.06995898e+09
 1.06995898e+09 1.06995898e+09 1.06995898e+09 1.06995898e+09
 1.06995898e+09 1.06995899e+09 1.06995899e+09 1.06995899e+09
 1.06995899e+09 1.06995899e+09 1.06995899e+09 1.06995900e+09
 1.06995900e+09 1.06995900e+09 1.06995900e+09 1.06995900e+09
 1.06995901e+09 1.06995901e+09 1.06995901e+09 1.06995901e+09
 1.06995901e+09 1.06995901e+09 1.06995902e+09 1.06995902e+09
 1.06995902e+09 1.06995902e+09 1.06995902e+09 1.06995902e+09
 1.06995903e+09 1.06995903e+09 1.06995903e+09 1.06995903e+09
 1.06995903e+09 1.06995904e+09 1.06995904e+09 1.06995904e+09
 1.06995904e+09 1.06995904e+09 1.06995904e+09 1.06995905e+09
 1.06995905e+09 1.06995905e+09 1.06995905e+09 1.06995905e+09
 1.06995905e+09 1.06995906e+09 1.06995906e+09 1.06995906e+09
 1.06995906e+09 1.06995906e+09 1.06995907e+09 1.06995907e+09
 1.06995907e+09 1.06995907e+09 1.06995907e+09 1.06995907e+09
 1.06995908e+09 1.06995908e+09 1.06995908e+09 1.06995908e+09
 1.06995908e+09 1.06995909e+09 1.06995909e+09 1.06995909e+09
 1.06995909e+09 1.06995909e+09 1.06995909e+09 1.06995910e+09
 1.06995910e+09 1.06995910e+09 1.06995910e+09 1.06995910e+09
 1.06995910e+09 1.06995911e+09 1.06995911e+09 1.06995911e+09
 1.06995911e+09 1.06995911e+09 1.06995912e+09 1.06995912e+09
 1.06995912e+09 1.06995912e+09 1.06995912e+09 1.06995912e+09
 1.06995913e+09 1.06995913e+09 1.06995913e+09 1.06995913e+09
 1.06995913e+09 1.06995913e+09 1.06995914e+09 1.06995914e+09
 1.06995914e+09 1.06995914e+09 1.06995914e+09 1.06995915e+09
 1.06995915e+09 1.06995915e+09 1.06995915e+09 1.06995915e+09
 1.06995915e+09 1.06995916e+09 1.06995916e+09 1.06995916e+09
 1.06995916e+09 1.06995916e+09 1.06995916e+09 1.06995917e+09
 1.06995917e+09 1.06995917e+09 1.06995917e+09 1.06995917e+09
 1.06995918e+09 1.06995918e+09 1.06995918e+09 1.06995918e+09
 1.06995918e+09 1.06995918e+09 1.06995919e+09 1.06995919e+09
 1.06995919e+09 1.06995919e+09 1.06995919e+09 1.06995920e+09
 1.06995920e+09 1.06995920e+09 1.06995920e+09 1.06995920e+09
 1.06995920e+09 1.06995921e+09 1.06995921e+09 1.06995921e+09
 1.06995921e+09 1.06995921e+09 1.06995921e+09 1.06995922e+09
 1.06995922e+09 1.06995922e+09 1.06995922e+09 1.06995922e+09
 1.06995923e+09 1.06995923e+09 1.06995923e+09 1.06995923e+09
 1.06995923e+09 1.06995923e+09 1.06995924e+09 1.06995924e+09
 1.06995924e+09 1.06995924e+09 1.06995924e+09 1.06995924e+09
 1.06995925e+09 1.06995925e+09 1.06995925e+09 1.06995925e+09
 1.06995925e+09 1.06995926e+09 1.06995926e+09 1.06995926e+09
 1.06995926e+09 1.06995926e+09 1.06995926e+09 1.06995927e+09
 1.06995927e+09 1.06995927e+09 1.06995927e+09 1.06995927e+09
 1.06995927e+09 1.06995928e+09 1.06995928e+09 1.06995928e+09
 1.06995928e+09 1.06995928e+09 1.06995929e+09 1.06995929e+09
 1.06995929e+09 1.06995929e+09 1.06995929e+09 1.06995929e+09
 1.06995930e+09 1.06995930e+09 1.06995930e+09 1.06995930e+09
 1.06995930e+09 1.06995931e+09 1.06995931e+09 1.06995931e+09
 1.06995931e+09 1.06995931e+09 1.06995931e+09 1.06995932e+09
 1.06995932e+09 1.06995932e+09 1.06995932e+09 1.06995932e+09
 1.06995932e+09 1.06995933e+09 1.06995933e+09 1.06995933e+09
 1.06995933e+09 1.06995933e+09 1.06995934e+09 1.06995934e+09
 1.06995934e+09 1.06995934e+09 1.06995934e+09 1.06995934e+09
 1.06995935e+09 1.06995935e+09 1.06995935e+09 1.06995935e+09
 1.06995935e+09 1.06995935e+09 1.06995936e+09 1.06995936e+09
 1.06995936e+09 1.06995936e+09 1.06995936e+09 1.06995937e+09
 1.06995937e+09 1.06995937e+09 1.06995937e+09 1.06995937e+09
 1.06995937e+09 1.06995938e+09 1.06995938e+09 1.06995938e+09
 1.06995938e+09 1.06995938e+09 1.06995938e+09 1.06995939e+09
 1.06995939e+09 1.06995939e+09 1.06995939e+09 1.06995939e+09
 1.06995940e+09 1.06995940e+09 1.06995940e+09 1.06995940e+09
 1.06995940e+09 1.06995940e+09 1.06995941e+09 1.06995941e+09
 1.06995941e+09 1.06995941e+09 1.06995941e+09 1.06995942e+09
 1.06995942e+09 1.06995942e+09 1.06995942e+09 1.06995942e+09
 1.06995942e+09 1.06995943e+09 1.06995943e+09 1.06995943e+09
 1.06995943e+09 1.06995943e+09 1.06995943e+09 1.06995944e+09
 1.06995944e+09 1.06995944e+09 1.06995944e+09 1.06995944e+09
 1.06995945e+09 1.06995945e+09 1.06995945e+09 1.06995945e+09
 1.06995945e+09 1.06995945e+09 1.06995946e+09 1.06995946e+09
 1.06995946e+09 1.06995946e+09 1.06995946e+09 1.06995946e+09
 1.06995947e+09 1.06995947e+09 1.06995947e+09 1.06995947e+09
 1.06995947e+09 1.06995948e+09 1.06995948e+09 1.06995948e+09
 1.06995948e+09 1.06995948e+09 1.06995948e+09 1.06995949e+09
 1.06995949e+09 1.06995949e+09 1.06995949e+09 1.06995949e+09
 1.06995949e+09 1.06995950e+09 1.06995950e+09 1.06995950e+09
 1.06995950e+09 1.06995950e+09 1.06995951e+09 1.06995951e+09
 1.06995951e+09 1.06995951e+09 1.06995951e+09 1.06995951e+09
 1.06995952e+09 1.06995952e+09 1.06995952e+09 1.06995952e+09
 1.06995952e+09 1.06995953e+09 1.06995953e+09 1.06995953e+09
 1.06995953e+09 1.06995953e+09 1.06995953e+09 1.06995954e+09
 1.06995954e+09 1.06995954e+09 1.06995954e+09 1.06995954e+09
 1.06995954e+09 1.06995955e+09 1.06995955e+09 1.06995955e+09
 1.06995955e+09 1.06995955e+09 1.06995956e+09 1.06995956e+09
 1.06995956e+09 1.06995956e+09 1.06995956e+09 1.06995956e+09
 1.06995957e+09 1.06995957e+09 1.06995957e+09 1.06995957e+09
 1.06995957e+09 1.06995957e+09 1.06995958e+09 1.06995958e+09
 1.06995958e+09 1.06995958e+09 1.06995958e+09 1.06995959e+09
 1.06995959e+09 1.06995959e+09 1.06995959e+09 1.06995959e+09
 1.06995959e+09 1.06995960e+09 1.06995960e+09 1.06995960e+09
 1.06995960e+09 1.06995960e+09 1.06995960e+09 1.06995961e+09
 1.06995961e+09 1.06995961e+09 1.06995961e+09 1.06995961e+09
 1.06995962e+09 1.06995962e+09 1.06995962e+09 1.06995962e+09
 1.06995962e+09 1.06995962e+09 1.06995963e+09 1.06995963e+09
 1.06995963e+09 1.06995963e+09 1.06995963e+09 1.06995963e+09
 1.06995964e+09 1.06995964e+09 1.06995964e+09 1.06995964e+09
 1.06995964e+09 1.06995965e+09 1.06995965e+09 1.06995965e+09
 1.06995965e+09 1.06995965e+09 1.06995965e+09 1.06995966e+09
 1.06995966e+09 1.06995966e+09 1.06995966e+09 1.06995966e+09
 1.06995967e+09 1.06995967e+09 1.06995967e+09 1.06995967e+09
 1.06995967e+09 1.06995967e+09 1.06995968e+09 1.06995968e+09
 1.06995968e+09 1.06995968e+09 1.06995968e+09 1.06995968e+09
 1.06995969e+09 1.06995969e+09 1.06995969e+09 1.06995969e+09
 1.06995969e+09 1.06995970e+09 1.06995970e+09 1.06995970e+09
 1.06995970e+09 1.06995970e+09 1.06995970e+09 1.06995971e+09
 1.06995971e+09 1.06995971e+09 1.06995971e+09 1.06995971e+09
 1.06995971e+09 1.06995972e+09 1.06995972e+09 1.06995972e+09
 1.06995972e+09 1.06995972e+09 1.06995973e+09 1.06995973e+09
 1.06995973e+09 1.06995973e+09 1.06995973e+09 1.06995973e+09
 1.06995974e+09 1.06995974e+09 1.06995974e+09 1.06995974e+09
 1.06995974e+09 1.06995974e+09 1.06995975e+09 1.06995975e+09
 1.06995975e+09 1.06995975e+09 1.06995975e+09 1.06995976e+09
 1.06995976e+09 1.06995976e+09 1.06995976e+09 1.06995976e+09
 1.06995976e+09 1.06995977e+09 1.06995977e+09 1.06995977e+09
 1.06995977e+09 1.06995977e+09 1.06995978e+09 1.06995978e+09
 1.06995978e+09 1.06995978e+09 1.06995978e+09 1.06995978e+09
 1.06995979e+09 1.06995979e+09 1.06995979e+09 1.06995979e+09
 1.06995979e+09 1.06995979e+09 1.06995980e+09 1.06995980e+09
 1.06995980e+09 1.06995980e+09 1.06995980e+09 1.06995981e+09
 1.06995981e+09 1.06995981e+09 1.06995981e+09 1.06995981e+09
 1.06995981e+09 1.06995982e+09 1.06995982e+09 1.06995982e+09
 1.06995982e+09 1.06995982e+09 1.06995982e+09 1.06995983e+09
 1.06995983e+09 1.06995983e+09 1.06995983e+09 1.06995983e+09
 1.06995984e+09 1.06995984e+09 1.06995984e+09 1.06995984e+09
 1.06995984e+09 1.06995984e+09 1.06995985e+09 1.06995985e+09
 1.06995985e+09 1.06995985e+09 1.06995985e+09 1.06995985e+09
 1.06995986e+09 1.06995986e+09 1.06995986e+09 1.06995986e+09
 1.06995986e+09 1.06995987e+09 1.06995987e+09 1.06995987e+09
 1.06995987e+09 1.06995987e+09 1.06995987e+09 1.06995988e+09
 1.06995988e+09 1.06995988e+09 1.06995988e+09 1.06995988e+09
 1.06995989e+09 1.06995989e+09 1.06995989e+09 1.06995989e+09
 1.06995989e+09 1.06995989e+09 1.06995990e+09 1.06995990e+09
 1.06995990e+09 1.06995990e+09 1.06995990e+09 1.06995990e+09
 1.06995991e+09 1.06995991e+09 1.06995991e+09 1.06995991e+09
 1.06995991e+09 1.06995992e+09 1.06995992e+09 1.06995992e+09
 1.06995992e+09 1.06995992e+09 1.06995992e+09 1.06995993e+09
 1.06995993e+09 1.06995993e+09 1.06995993e+09 1.06995993e+09
 1.06995993e+09 1.06995994e+09 1.06995994e+09 1.06995994e+09
 1.06995994e+09 1.06995994e+09 1.06995995e+09 1.06995995e+09
 1.06995995e+09 1.06995995e+09 1.06995995e+09 1.06995995e+09
 1.06995996e+09 1.06995996e+09 1.06995996e+09 1.06995996e+09
 1.06995996e+09 1.06995996e+09 1.06995997e+09 1.06995997e+09
 1.06995997e+09 1.06995997e+09 1.06995997e+09 1.06995998e+09
 1.06995998e+09 1.06995998e+09 1.06995998e+09 1.06995998e+09
 1.06995998e+09 1.06995999e+09 1.06995999e+09 1.06995999e+09
 1.06995999e+09 1.06995999e+09 1.06996000e+09 1.06996000e+09
 1.06996000e+09 1.06996000e+09 1.06996000e+09 1.06996000e+09
 1.06996001e+09 1.06996001e+09 1.06996001e+09 1.06996001e+09
 1.06996001e+09 1.06996001e+09 1.06996002e+09 1.06996002e+09
 1.06996002e+09 1.06996002e+09 1.06996002e+09 1.06996003e+09
 1.06996003e+09 1.06996003e+09 1.06996003e+09 1.06996003e+09
 1.06996003e+09 1.06996004e+09 1.06996004e+09 1.06996004e+09
 1.06996004e+09 1.06996004e+09 1.06996004e+09 1.06996005e+09
 1.06996005e+09 1.06996005e+09 1.06996005e+09 1.06996005e+09
 1.06996006e+09 1.06996006e+09 1.06996006e+09 1.06996006e+09
 1.06996006e+09 1.06996006e+09 1.06996007e+09 1.06996007e+09
 1.06996007e+09 1.06996007e+09 1.06996007e+09 1.06996007e+09
 1.06996008e+09 1.06996008e+09 1.06996008e+09 1.06996008e+09
 1.06996008e+09 1.06996009e+09 1.06996009e+09 1.06996009e+09
 1.06996009e+09 1.06996009e+09 1.06996009e+09 1.06996010e+09
 1.06996010e+09 1.06996010e+09 1.06996010e+09 1.06996010e+09
 1.06996010e+09 1.06996011e+09 1.06996011e+09 1.06996011e+09
 1.06996011e+09 1.06996011e+09 1.06996012e+09 1.06996012e+09
 1.06996012e+09 1.06996012e+09 1.06996012e+09 1.06996012e+09
 1.06996013e+09 1.06996013e+09 1.06996013e+09 1.06996013e+09
 1.06996013e+09 1.06996014e+09 1.06996014e+09 1.06996014e+09
 1.06996014e+09 1.06996014e+09 1.06996014e+09 1.06996015e+09
 1.06996015e+09 1.06996015e+09 1.06996015e+09 1.06996015e+09
 1.06996015e+09 1.06996016e+09 1.06996016e+09 1.06996016e+09
 1.06996016e+09 1.06996016e+09 1.06996017e+09 1.06996017e+09
 1.06996017e+09 1.06996017e+09 1.06996017e+09 1.06996017e+09
 1.06996018e+09 1.06996018e+09 1.06996018e+09 1.06996018e+09
 1.06996018e+09 1.06996018e+09 1.06996019e+09 1.06996019e+09
 1.06996019e+09 1.06996019e+09 1.06996019e+09 1.06996020e+09
 1.06996020e+09 1.06996020e+09 1.06996020e+09 1.06996020e+09
 1.06996020e+09 1.06996021e+09 1.06996021e+09 1.06996021e+09
 1.06996021e+09 1.06996021e+09 1.06996021e+09 1.06996022e+09
 1.06996022e+09 1.06996022e+09 1.06996022e+09 1.06996022e+09
 1.06996023e+09 1.06996023e+09 1.06996023e+09 1.06996023e+09
 1.06996023e+09 1.06996023e+09 1.06996024e+09 1.06996024e+09
 1.06996024e+09 1.06996024e+09 1.06996024e+09 1.06996025e+09
 1.06996025e+09 1.06996025e+09 1.06996025e+09 1.06996025e+09
 1.06996025e+09 1.06996026e+09 1.06996026e+09 1.06996026e+09
 1.06996026e+09 1.06996026e+09 1.06996026e+09 1.06996027e+09
 1.06996027e+09 1.06996027e+09 1.06996027e+09 1.06996027e+09
 1.06996028e+09 1.06996028e+09 1.06996028e+09 1.06996028e+09
 1.06996028e+09 1.06996028e+09 1.06996029e+09 1.06996029e+09
 1.06996029e+09 1.06996029e+09 1.06996029e+09 1.06996029e+09
 1.06996030e+09 1.06996030e+09 1.06996030e+09 1.06996030e+09
 1.06996030e+09 1.06996031e+09 1.06996031e+09 1.06996031e+09
 1.06996031e+09 1.06996031e+09 1.06996031e+09 1.06996032e+09
 1.06996032e+09 1.06996032e+09 1.06996032e+09 1.06996032e+09
 1.06996032e+09 1.06996033e+09 1.06996033e+09 1.06996033e+09
 1.06996033e+09 1.06996033e+09 1.06996034e+09 1.06996034e+09
 1.06996034e+09 1.06996034e+09 1.06996034e+09 1.06996034e+09
 1.06996035e+09 1.06996035e+09 1.06996035e+09 1.06996035e+09
 1.06996035e+09 1.06996036e+09 1.06996036e+09 1.06996036e+09
 1.06996036e+09 1.06996036e+09 1.06996036e+09 1.06996037e+09
 1.06996037e+09 1.06996037e+09 1.06996037e+09 1.06996037e+09
 1.06996037e+09 1.06996038e+09 1.06996038e+09 1.06996038e+09
 1.06996038e+09 1.06996038e+09 1.06996039e+09 1.06996039e+09
 1.06996039e+09 1.06996039e+09 1.06996039e+09 1.06996039e+09
 1.06996040e+09 1.06996040e+09 1.06996040e+09 1.06996040e+09
 1.06996040e+09 1.06996040e+09 1.06996041e+09 1.06996041e+09
 1.06996041e+09 1.06996041e+09 1.06996041e+09 1.06996042e+09
 1.06996042e+09 1.06996042e+09 1.06996042e+09 1.06996042e+09
 1.06996042e+09 1.06996043e+09 1.06996043e+09 1.06996043e+09
 1.06996043e+09 1.06996043e+09 1.06996043e+09 1.06996044e+09
 1.06996044e+09 1.06996044e+09 1.06996044e+09 1.06996044e+09
 1.06996045e+09 1.06996045e+09 1.06996045e+09 1.06996045e+09
 1.06996045e+09 1.06996045e+09 1.06996046e+09 1.06996046e+09
 1.06996046e+09 1.06996046e+09 1.06996046e+09 1.06996047e+09
 1.06996047e+09 1.06996047e+09 1.06996047e+09 1.06996047e+09
 1.06996047e+09 1.06996048e+09 1.06996048e+09 1.06996048e+09
 1.06996048e+09 1.06996048e+09 1.06996048e+09 1.06996049e+09
 1.06996049e+09 1.06996049e+09 1.06996049e+09 1.06996049e+09
 1.06996050e+09 1.06996050e+09 1.06996050e+09 1.06996050e+09
 1.06996050e+09 1.06996050e+09 1.06996051e+09 1.06996051e+09
 1.06996051e+09 1.06996051e+09 1.06996051e+09 1.06996051e+09
 1.06996052e+09 1.06996052e+09 1.06996052e+09 1.06996052e+09
 1.06996052e+09 1.06996053e+09 1.06996053e+09 1.06996053e+09
 1.06996053e+09 1.06996053e+09 1.06996053e+09 1.06996054e+09
 1.06996054e+09 1.06996054e+09 1.06996054e+09 1.06996054e+09
 1.06996054e+09 1.06996055e+09 1.06996055e+09 1.06996055e+09]
