name =JUICE_ROI_GAN_2_0_15
flyby = ['2034 JAN 14 06:38:51', '2034 JAN 15 06:38:51']
Observation TW = <SpiceCell dtype = 1, length = 0, size = 3400, card = 14, is_set = 1, adjust = 0, init = 1, base = 94105385429712, data = 94105385429760>
Res(t) = [2.72619316 2.72367756 2.7211622  2.71864708 2.7161322  2.71361755
 2.71110313 2.70858894 2.70607499 2.70356125 2.70104775 2.69853446
 2.6960214  2.69350855 2.69099592 2.68848351 2.68597131 2.68345932
 2.68094754 2.67843596 2.67592459 2.67341342 2.67090245 2.66839168
 2.66588111 2.66337073 2.66086054 2.65835055 2.65584074 2.65333112
 2.65082168 2.64831243 2.64580335 2.64329446 2.64078574 2.63827719
 2.63576882 2.63326061 2.63075258 2.62824471 2.625737   2.62322945
 2.62072207 2.61821484 2.61570777 2.61320085 2.61069408 2.60818746
 2.60568099 2.60317466 2.60066848 2.59816244 2.59565653 2.59315076
 2.59064513 2.58813963 2.58563426 2.58312902 2.5806239  2.57811891
 2.57561403 2.57310928 2.57060465 2.56810013 2.56559573 2.56309143
 2.56058725 2.55808317 2.5555792  2.55307533 2.55057156 2.54806788
 2.54556431 2.54306083 2.54055743 2.53805413 2.53555092 2.53304779
 2.53054475 2.52804178 2.5255389  2.52303609 2.52053336 2.51803069
 2.5155281  2.51302558 2.51052312 2.50802072 2.50551839 2.50301611
 2.50051389 2.49801173 2.49550962 2.49300755 2.49050554 2.48800357
 2.48550165 2.48299976 2.48049792 2.47799611 2.47549434 2.47299259
 2.47049088 2.4679892  2.46548754 2.4629859  2.46048429 2.45798269
 2.45548112 2.45297955 2.450478   2.44797645 2.44547492 2.44297339
 2.44047186 2.43797033 2.4354688  2.43296727 2.43046573 2.42796418
 2.42546262 2.42296104 2.42045946 2.41795785 2.41545622 2.41295457
 2.4104529  2.40795119 2.40544946 2.4029477  2.4004459  2.39794407
 2.39544219 2.39294028 2.39043832 2.38793632 2.38543427 2.38293216
 2.38043001 2.3779278  2.37542553 2.3729232  2.3704208  2.36791835
 2.36541582 2.36291323 2.36041056 2.35790782 2.35540501 2.35290211
 2.35039913 2.34789607 2.34539292 2.34288968 2.34038636 2.33788293
 2.33537942 2.3328758  2.33037208 2.32786826 2.32536433 2.3228603
 2.32035615 2.31785189 2.31534751 2.31284302 2.31033841 2.30783367
 2.30532881 2.30282382 2.3003187  2.29781345 2.29530806 2.29280253
 2.29029686 2.28779105 2.2852851  2.282779   2.28027274 2.27776634
 2.27525978 2.27275306 2.27024618 2.26773914 2.26523193 2.26272456
 2.26021701 2.25770929 2.2552014  2.25269333 2.25018508 2.24767664
 2.24516802 2.24265921 2.24015021 2.23764102 2.23513163 2.23262204
 2.23011225 2.22760226 2.22509207 2.22258166 2.22007104 2.21756021
 2.21504916 2.2125379  2.21002641 2.20751469 2.20500275 2.20249059
 2.19997818 2.19746555 2.19495268 2.19243956 2.18992621 2.18741261
 2.18489876 2.18238466 2.17987031 2.1773557  2.17484083 2.17232571
 2.16981032 2.16729466 2.16477873 2.16226253 2.15974606 2.15722931
 2.15471228 2.15219497 2.14967738 2.14715949 2.14464132 2.14212285
 2.13960409 2.13708502 2.13456566 2.13204599 2.12952602 2.12700574
 2.12448514 2.12196423 2.119443   2.11692145 2.11439958 2.11187738
 2.10935486 2.106832   2.10430881 2.10178528 2.09926141 2.0967372
 2.09421265 2.09168774 2.08916249 2.08663688 2.08411092 2.08158459
 2.07905791 2.07653086 2.07400344 2.07147565 2.06894749 2.06641896
 2.06389004 2.06136075 2.05883106 2.056301   2.05377054 2.05123969
 2.04870844 2.04617679 2.04364475 2.04111229 2.03857944 2.03604617
 2.03351248 2.03097839 2.02844387 2.02590893 2.02337357 2.02083778
 2.01830156 2.01576491 2.01322782 2.01069029 2.00815232 2.00561391
 2.00307505 2.00053574 1.99799597 1.99545575 1.99291507 1.99037392
 1.98783231 1.98529023 1.98274768 1.98020466 1.97766116 1.97511718
 1.97257272 1.97002777 1.96748233 1.9649364  1.96238998 1.95984305
 1.95729563 1.9547477  1.95219927 1.94965032 1.94710086 1.94455089
 1.9420004  1.93944938 1.93689784 1.93434577 1.93179317 1.92924004
 1.92668637 1.92413216 1.92157741 1.9190221  1.91646625 1.91390985
 1.91135289 1.90879538 1.9062373  1.90367865 1.90111944 1.89855966
 1.8959993  1.89343837 1.89087685 1.88831476 1.88575207 1.8831888
 1.88062493 1.87806047 1.8754954  1.87292974 1.87036347 1.86779659
 1.8652291  1.86266099 1.86009227 1.85752293 1.85495296 1.85238236
 1.84981113 1.84723927 1.84466677 1.84209363 1.83951985 1.83694542
 1.83437034 1.83179461 1.82921822 1.82664117 1.82406346 1.82148508
 1.81890604 1.81632632 1.81374592 1.81116485 1.80858309 1.80600065
 1.80341752 1.8008337  1.79824918 1.79566396 1.79307804 1.79049142
 1.78790409 1.78531604 1.78272728 1.7801378  1.7775476  1.77495668
 1.77236502 1.76977264 1.76717952 1.76458566 1.76199106 1.75939571
 1.75679962 1.75420277 1.75160517 1.74900681 1.74640769 1.7438078
 1.74120715 1.73860572 1.73600352 1.73340054 1.73079677 1.72819222
 1.72558688 1.72298075 1.72037383 1.7177661  1.71515757 1.71254823
 1.70993809 1.70732713 1.70471536 1.70210276 1.69948935 1.6968751
 1.69426003 1.69164412 1.68902737 1.68640979 1.68379135 1.68117208
 1.67855195 1.67593096 1.67330912 1.67068641 1.66806284 1.66543841
 1.6628131  1.66018691 1.65755984 1.65493189 1.65230306 1.64967333
 1.64704271 1.6444112  1.64177878 1.63914546 1.63651123 1.63387609
 1.63124004 1.62860306 1.62596517 1.62332635 1.6206866  1.61804591
 1.61540429 1.61276173 1.61011823 1.60747377 1.60482837 1.60218201
 1.5995347  1.59688642 1.59423718 1.59158696 1.58893578 1.58628362
 1.58363047 1.58097635 1.57832123 1.57566513 1.57300803 1.57034993
 1.56769082 1.56503072 1.5623696  1.55970747 1.55704432 1.55438015
 1.55171495 1.54904873 1.54638147 1.54371318 1.54104385 1.53837348
 1.53570206 1.53302958 1.53035606 1.52768147 1.52500582 1.52232911
 1.51965132 1.51697247 1.51429253 1.51161152 1.50892941 1.50624622
 1.50356194 1.50087656 1.49819008 1.4955025  1.49281381 1.490124
 1.48743308 1.48474104 1.48204788 1.47935359 1.47665817 1.47396162
 1.47126392 1.46856509 1.4658651  1.46316397 1.46046168 1.45775823
 1.45505362 1.45234785 1.44964091 1.44693279 1.44422349 1.44151301
 1.43880135 1.4360885  1.43337445 1.43065921 1.42794276 1.42522511
 1.42250625 1.41978618 1.41706489 1.41434238 1.41161864 1.40889368
 1.40616748 1.40344004 1.40071137 1.39798145 1.39525028 1.39251785
 1.38978417 1.38704923 1.38431303 1.38157555 1.3788368  1.37609678
 1.37335547 1.37061288 1.367869   1.36512383 1.36237736 1.35962959
 1.35688051 1.35413013 1.35137843 1.34862541 1.34587107 1.34311541
 1.34035841 1.33760009 1.33484042 1.33207942 1.32931706 1.32655336
 1.32378831 1.32102189 1.31825412 1.31548497 1.31271446 1.30994257
 1.3071693  1.30439466 1.30161862 1.29884119 1.29606237 1.29328215
 1.29050053 1.28771749 1.28493305 1.28214719 1.27935991 1.27657121
 1.27378108 1.27098951 1.26819651 1.26540207 1.26260619 1.25980886
 1.25701007 1.25420983 1.25140812 1.24860495 1.24580031 1.2429942
 1.24018661 1.23737753 1.23456697 1.23175492 1.22894138 1.22612634
 1.22330979 1.22049174 1.21767217 1.21485109 1.21202849 1.20920437
 1.20637872 1.20355154 1.20072282 1.19789256 1.19506076 1.1922274
 1.1893925  1.18655603 1.18371801 1.18087842 1.17803726 1.17519453
 1.17235022 1.16950433 1.16665685 1.16380778 1.16095712 1.15810485
 1.15525099 1.15239551 1.14953843 1.14667973 1.14381941 1.14095747
 1.1380939  1.1352287  1.13236186 1.12949338 1.12662325 1.12375148
 1.12087805 1.11800297 1.11512623 1.11224782 1.10936774 1.10648599
 1.10360256 1.10071745 1.09783066 1.09494217 1.09205199 1.08916011
 1.08626653 1.08337125 1.08047425 1.07757554 1.07467511 1.07177296
 1.06886908 1.06596347 1.06305612 1.06014704 1.05723622 1.05432364
 1.05140932 1.04849324 1.04557541 1.04265581 1.03973444 1.0368113
 1.03388639 1.0309597  1.02803123 1.02510097 1.02216892 1.01923507
 1.01629943 1.01336199 1.01042273 1.00748167 1.0045388  1.00159411
 0.99864759 0.99569925 0.99274908 0.98979708 0.98684324 0.98388756
 0.98093004 0.97797067 0.97500945 0.97204637 0.96908143 0.96611463
 0.96314596 0.96017543 0.95720302 0.95422873 0.95125256 0.9482745
 0.94529456 0.94231273 0.939329   0.93634338 0.93335585 0.93036641
 0.92737507 0.92438181 0.92138664 0.91838955 0.91539054 0.9123896
 0.90938673 0.90638193 0.9033752  0.90036652 0.89735591 0.89434335
 0.89132884 0.88831238 0.88529397 0.88227359 0.87925126 0.87622697
 0.87320071 0.87017248 0.86714228 0.8641101  0.86107595 0.85803981
 0.85500169 0.85196159 0.8489195  0.84587542 0.84282934 0.83978127
 0.8367312  0.83367913 0.83062506 0.82756898 0.82451089 0.82145079
 0.81838869 0.81532456 0.81225842 0.80919026 0.80612008 0.80304788
 0.79997366 0.79689741 0.79381913 0.79073882 0.78765648 0.7845721
 0.7814857  0.77839725 0.77530677 0.77221425 0.7691197  0.7660231
 0.76292446 0.75982377 0.75672105 0.75361627 0.75050945 0.74740059
 0.74428968 0.74117672 0.73806171 0.73494466 0.73182555 0.7287044
 0.7255812  0.72245595 0.71932865 0.7161993  0.7130679  0.70993446
 0.70679896 0.70366142 0.70052184 0.69738021 0.69423653 0.69109081
 0.68794305 0.68479325 0.6816414  0.67848752 0.67533161 0.67217366
 0.66901367 0.66585166 0.66268762 0.65952155 0.65635346 0.65318334
 0.65001121 0.64683707 0.64366091 0.64048275 0.63730258 0.63412041
 0.63093624 0.62775008 0.62456193 0.6213718  0.61817969 0.6149856
 0.61178954 0.60859152 0.60539154 0.6021896  0.59898572 0.5957799
 0.59257214 0.58936245 0.58615085 0.58293733 0.5797219  0.57650457
 0.57328535 0.57006425 0.56684127 0.56361643 0.56038973 0.55716119
 0.55393081 0.5506986  0.54746457 0.54422874 0.54099111 0.53775171
 0.53451052 0.53126758 0.5280229  0.52477648 0.52152834 0.51827849
 0.51502695 0.51177374 0.50851886 0.50526234 0.50200419 0.49874442
 0.49548306 0.49222011 0.48895561 0.48568957 0.482422   0.47915293
 0.47588238 0.47261037 0.46933691 0.46606205 0.46278578 0.45950815
 0.45622917 0.45294886 0.44966727 0.4463844  0.44310029 0.43981497
 0.43652847 0.43324081 0.42995204 0.42666217 0.42337124 0.42007929
 0.41678635 0.41349245 0.41019764 0.40690195 0.40360542 0.40030809
 0.39701    0.39371119 0.39041171 0.38711161 0.38381092 0.3805097
 0.377208   0.37390587 0.37060335 0.36730051 0.3639974  0.36069408
 0.3573906  0.35408703 0.35078343 0.34747987 0.34417641 0.34087312
 0.33757008 0.33426735 0.33096501 0.32766315 0.32436183 0.32106115
 0.3177612  0.31446205 0.3111638  0.30786655 0.3045704  0.30127545
 0.29798179 0.29468955 0.29139883 0.28810974 0.28482242 0.28153697
 0.27825354 0.27497225 0.27169325 0.26841666 0.26514265 0.26187137
 0.25860297 0.25533761 0.25207548 0.24881674 0.24556159 0.2423102
 0.23906279 0.23581955 0.2325807  0.22934646 0.22611706 0.22289275
 0.21967377 0.21646039 0.21325287 0.2100515  0.20685657 0.2036684
 0.20048729 0.19731359 0.19414765 0.19098982 0.1878405  0.18470007
 0.18156896 0.1784476  0.17533645 0.17223599 0.16914671 0.16606916
 0.16300387 0.15995143 0.15691244 0.15388756 0.15561723 0.14827356
 0.14869412 0.14549294 0.14231914 0.13917339 0.13160573 0.12868756
 0.12579466 0.12292804 0.12008882 0.11741497 0.11463325 0.1118719
 0.10912912 0.10642195 0.10371487 0.10064187 0.0980856  0.09557091
 0.09310001 0.09025051 0.08723023 0.08494256 0.08274713 0.08054687
 0.07841006 0.07634044 0.07434197 0.07241884 0.07057586 0.06887867
 0.06720605 0.06562929 0.06415432 0.06248803 0.06082237 0.05950702
 0.05868716 0.05802249 0.05752176 0.05719373 0.05688247 0.05685821
 0.05702731 0.05710272 0.05760194 0.05831233 0.05857015 0.05957302
 0.06082279 0.06230714 0.06499061 0.06696913 0.06811664 0.07065522
 0.07350469 0.07468269 0.07793327 0.08152412 0.08548527 0.0898553
 0.09106759 0.09571436 0.10263325 0.10389859 0.10952724 0.11561663
 0.12221941 0.13100065 0.14381953 0.15452662]
t = [1.07410560e+09 1.07410564e+09 1.07410569e+09 1.07410573e+09
 1.07410578e+09 1.07410582e+09 1.07410586e+09 1.07410591e+09
 1.07410595e+09 1.07410600e+09 1.07410604e+09 1.07410608e+09
 1.07410613e+09 1.07410617e+09 1.07410621e+09 1.07410626e+09
 1.07410630e+09 1.07410635e+09 1.07410639e+09 1.07410643e+09
 1.07410648e+09 1.07410652e+09 1.07410657e+09 1.07410661e+09
 1.07410665e+09 1.07410670e+09 1.07410674e+09 1.07410678e+09
 1.07410683e+09 1.07410687e+09 1.07410692e+09 1.07410696e+09
 1.07410700e+09 1.07410705e+09 1.07410709e+09 1.07410714e+09
 1.07410718e+09 1.07410722e+09 1.07410727e+09 1.07410731e+09
 1.07410736e+09 1.07410740e+09 1.07410744e+09 1.07410749e+09
 1.07410753e+09 1.07410757e+09 1.07410762e+09 1.07410766e+09
 1.07410771e+09 1.07410775e+09 1.07410779e+09 1.07410784e+09
 1.07410788e+09 1.07410793e+09 1.07410797e+09 1.07410801e+09
 1.07410806e+09 1.07410810e+09 1.07410815e+09 1.07410819e+09
 1.07410823e+09 1.07410828e+09 1.07410832e+09 1.07410836e+09
 1.07410841e+09 1.07410845e+09 1.07410850e+09 1.07410854e+09
 1.07410858e+09 1.07410863e+09 1.07410867e+09 1.07410872e+09
 1.07410876e+09 1.07410880e+09 1.07410885e+09 1.07410889e+09
 1.07410894e+09 1.07410898e+09 1.07410902e+09 1.07410907e+09
 1.07410911e+09 1.07410915e+09 1.07410920e+09 1.07410924e+09
 1.07410929e+09 1.07410933e+09 1.07410937e+09 1.07410942e+09
 1.07410946e+09 1.07410951e+09 1.07410955e+09 1.07410959e+09
 1.07410964e+09 1.07410968e+09 1.07410973e+09 1.07410977e+09
 1.07410981e+09 1.07410986e+09 1.07410990e+09 1.07410994e+09
 1.07410999e+09 1.07411003e+09 1.07411008e+09 1.07411012e+09
 1.07411016e+09 1.07411021e+09 1.07411025e+09 1.07411030e+09
 1.07411034e+09 1.07411038e+09 1.07411043e+09 1.07411047e+09
 1.07411051e+09 1.07411056e+09 1.07411060e+09 1.07411065e+09
 1.07411069e+09 1.07411073e+09 1.07411078e+09 1.07411082e+09
 1.07411087e+09 1.07411091e+09 1.07411095e+09 1.07411100e+09
 1.07411104e+09 1.07411109e+09 1.07411113e+09 1.07411117e+09
 1.07411122e+09 1.07411126e+09 1.07411130e+09 1.07411135e+09
 1.07411139e+09 1.07411144e+09 1.07411148e+09 1.07411152e+09
 1.07411157e+09 1.07411161e+09 1.07411166e+09 1.07411170e+09
 1.07411174e+09 1.07411179e+09 1.07411183e+09 1.07411188e+09
 1.07411192e+09 1.07411196e+09 1.07411201e+09 1.07411205e+09
 1.07411209e+09 1.07411214e+09 1.07411218e+09 1.07411223e+09
 1.07411227e+09 1.07411231e+09 1.07411236e+09 1.07411240e+09
 1.07411245e+09 1.07411249e+09 1.07411253e+09 1.07411258e+09
 1.07411262e+09 1.07411267e+09 1.07411271e+09 1.07411275e+09
 1.07411280e+09 1.07411284e+09 1.07411288e+09 1.07411293e+09
 1.07411297e+09 1.07411302e+09 1.07411306e+09 1.07411310e+09
 1.07411315e+09 1.07411319e+09 1.07411324e+09 1.07411328e+09
 1.07411332e+09 1.07411337e+09 1.07411341e+09 1.07411345e+09
 1.07411350e+09 1.07411354e+09 1.07411359e+09 1.07411363e+09
 1.07411367e+09 1.07411372e+09 1.07411376e+09 1.07411381e+09
 1.07411385e+09 1.07411389e+09 1.07411394e+09 1.07411398e+09
 1.07411403e+09 1.07411407e+09 1.07411411e+09 1.07411416e+09
 1.07411420e+09 1.07411424e+09 1.07411429e+09 1.07411433e+09
 1.07411438e+09 1.07411442e+09 1.07411446e+09 1.07411451e+09
 1.07411455e+09 1.07411460e+09 1.07411464e+09 1.07411468e+09
 1.07411473e+09 1.07411477e+09 1.07411482e+09 1.07411486e+09
 1.07411490e+09 1.07411495e+09 1.07411499e+09 1.07411503e+09
 1.07411508e+09 1.07411512e+09 1.07411517e+09 1.07411521e+09
 1.07411525e+09 1.07411530e+09 1.07411534e+09 1.07411539e+09
 1.07411543e+09 1.07411547e+09 1.07411552e+09 1.07411556e+09
 1.07411561e+09 1.07411565e+09 1.07411569e+09 1.07411574e+09
 1.07411578e+09 1.07411582e+09 1.07411587e+09 1.07411591e+09
 1.07411596e+09 1.07411600e+09 1.07411604e+09 1.07411609e+09
 1.07411613e+09 1.07411618e+09 1.07411622e+09 1.07411626e+09
 1.07411631e+09 1.07411635e+09 1.07411640e+09 1.07411644e+09
 1.07411648e+09 1.07411653e+09 1.07411657e+09 1.07411661e+09
 1.07411666e+09 1.07411670e+09 1.07411675e+09 1.07411679e+09
 1.07411683e+09 1.07411688e+09 1.07411692e+09 1.07411697e+09
 1.07411701e+09 1.07411705e+09 1.07411710e+09 1.07411714e+09
 1.07411718e+09 1.07411723e+09 1.07411727e+09 1.07411732e+09
 1.07411736e+09 1.07411740e+09 1.07411745e+09 1.07411749e+09
 1.07411754e+09 1.07411758e+09 1.07411762e+09 1.07411767e+09
 1.07411771e+09 1.07411776e+09 1.07411780e+09 1.07411784e+09
 1.07411789e+09 1.07411793e+09 1.07411797e+09 1.07411802e+09
 1.07411806e+09 1.07411811e+09 1.07411815e+09 1.07411819e+09
 1.07411824e+09 1.07411828e+09 1.07411833e+09 1.07411837e+09
 1.07411841e+09 1.07411846e+09 1.07411850e+09 1.07411855e+09
 1.07411859e+09 1.07411863e+09 1.07411868e+09 1.07411872e+09
 1.07411876e+09 1.07411881e+09 1.07411885e+09 1.07411890e+09
 1.07411894e+09 1.07411898e+09 1.07411903e+09 1.07411907e+09
 1.07411912e+09 1.07411916e+09 1.07411920e+09 1.07411925e+09
 1.07411929e+09 1.07411934e+09 1.07411938e+09 1.07411942e+09
 1.07411947e+09 1.07411951e+09 1.07411955e+09 1.07411960e+09
 1.07411964e+09 1.07411969e+09 1.07411973e+09 1.07411977e+09
 1.07411982e+09 1.07411986e+09 1.07411991e+09 1.07411995e+09
 1.07411999e+09 1.07412004e+09 1.07412008e+09 1.07412012e+09
 1.07412017e+09 1.07412021e+09 1.07412026e+09 1.07412030e+09
 1.07412034e+09 1.07412039e+09 1.07412043e+09 1.07412048e+09
 1.07412052e+09 1.07412056e+09 1.07412061e+09 1.07412065e+09
 1.07412070e+09 1.07412074e+09 1.07412078e+09 1.07412083e+09
 1.07412087e+09 1.07412091e+09 1.07412096e+09 1.07412100e+09
 1.07412105e+09 1.07412109e+09 1.07412113e+09 1.07412118e+09
 1.07412122e+09 1.07412127e+09 1.07412131e+09 1.07412135e+09
 1.07412140e+09 1.07412144e+09 1.07412149e+09 1.07412153e+09
 1.07412157e+09 1.07412162e+09 1.07412166e+09 1.07412170e+09
 1.07412175e+09 1.07412179e+09 1.07412184e+09 1.07412188e+09
 1.07412192e+09 1.07412197e+09 1.07412201e+09 1.07412206e+09
 1.07412210e+09 1.07412214e+09 1.07412219e+09 1.07412223e+09
 1.07412228e+09 1.07412232e+09 1.07412236e+09 1.07412241e+09
 1.07412245e+09 1.07412249e+09 1.07412254e+09 1.07412258e+09
 1.07412263e+09 1.07412267e+09 1.07412271e+09 1.07412276e+09
 1.07412280e+09 1.07412285e+09 1.07412289e+09 1.07412293e+09
 1.07412298e+09 1.07412302e+09 1.07412306e+09 1.07412311e+09
 1.07412315e+09 1.07412320e+09 1.07412324e+09 1.07412328e+09
 1.07412333e+09 1.07412337e+09 1.07412342e+09 1.07412346e+09
 1.07412350e+09 1.07412355e+09 1.07412359e+09 1.07412364e+09
 1.07412368e+09 1.07412372e+09 1.07412377e+09 1.07412381e+09
 1.07412385e+09 1.07412390e+09 1.07412394e+09 1.07412399e+09
 1.07412403e+09 1.07412407e+09 1.07412412e+09 1.07412416e+09
 1.07412421e+09 1.07412425e+09 1.07412429e+09 1.07412434e+09
 1.07412438e+09 1.07412443e+09 1.07412447e+09 1.07412451e+09
 1.07412456e+09 1.07412460e+09 1.07412464e+09 1.07412469e+09
 1.07412473e+09 1.07412478e+09 1.07412482e+09 1.07412486e+09
 1.07412491e+09 1.07412495e+09 1.07412500e+09 1.07412504e+09
 1.07412508e+09 1.07412513e+09 1.07412517e+09 1.07412522e+09
 1.07412526e+09 1.07412530e+09 1.07412535e+09 1.07412539e+09
 1.07412543e+09 1.07412548e+09 1.07412552e+09 1.07412557e+09
 1.07412561e+09 1.07412565e+09 1.07412570e+09 1.07412574e+09
 1.07412579e+09 1.07412583e+09 1.07412587e+09 1.07412592e+09
 1.07412596e+09 1.07412601e+09 1.07412605e+09 1.07412609e+09
 1.07412614e+09 1.07412618e+09 1.07412622e+09 1.07412627e+09
 1.07412631e+09 1.07412636e+09 1.07412640e+09 1.07412644e+09
 1.07412649e+09 1.07412653e+09 1.07412658e+09 1.07412662e+09
 1.07412666e+09 1.07412671e+09 1.07412675e+09 1.07412679e+09
 1.07412684e+09 1.07412688e+09 1.07412693e+09 1.07412697e+09
 1.07412701e+09 1.07412706e+09 1.07412710e+09 1.07412715e+09
 1.07412719e+09 1.07412723e+09 1.07412728e+09 1.07412732e+09
 1.07412737e+09 1.07412741e+09 1.07412745e+09 1.07412750e+09
 1.07412754e+09 1.07412758e+09 1.07412763e+09 1.07412767e+09
 1.07412772e+09 1.07412776e+09 1.07412780e+09 1.07412785e+09
 1.07412789e+09 1.07412794e+09 1.07412798e+09 1.07412802e+09
 1.07412807e+09 1.07412811e+09 1.07412816e+09 1.07412820e+09
 1.07412824e+09 1.07412829e+09 1.07412833e+09 1.07412837e+09
 1.07412842e+09 1.07412846e+09 1.07412851e+09 1.07412855e+09
 1.07412859e+09 1.07412864e+09 1.07412868e+09 1.07412873e+09
 1.07412877e+09 1.07412881e+09 1.07412886e+09 1.07412890e+09
 1.07412895e+09 1.07412899e+09 1.07412903e+09 1.07412908e+09
 1.07412912e+09 1.07412916e+09 1.07412921e+09 1.07412925e+09
 1.07412930e+09 1.07412934e+09 1.07412938e+09 1.07412943e+09
 1.07412947e+09 1.07412952e+09 1.07412956e+09 1.07412960e+09
 1.07412965e+09 1.07412969e+09 1.07412973e+09 1.07412978e+09
 1.07412982e+09 1.07412987e+09 1.07412991e+09 1.07412995e+09
 1.07413000e+09 1.07413004e+09 1.07413009e+09 1.07413013e+09
 1.07413017e+09 1.07413022e+09 1.07413026e+09 1.07413031e+09
 1.07413035e+09 1.07413039e+09 1.07413044e+09 1.07413048e+09
 1.07413052e+09 1.07413057e+09 1.07413061e+09 1.07413066e+09
 1.07413070e+09 1.07413074e+09 1.07413079e+09 1.07413083e+09
 1.07413088e+09 1.07413092e+09 1.07413096e+09 1.07413101e+09
 1.07413105e+09 1.07413110e+09 1.07413114e+09 1.07413118e+09
 1.07413123e+09 1.07413127e+09 1.07413131e+09 1.07413136e+09
 1.07413140e+09 1.07413145e+09 1.07413149e+09 1.07413153e+09
 1.07413158e+09 1.07413162e+09 1.07413167e+09 1.07413171e+09
 1.07413175e+09 1.07413180e+09 1.07413184e+09 1.07413189e+09
 1.07413193e+09 1.07413197e+09 1.07413202e+09 1.07413206e+09
 1.07413210e+09 1.07413215e+09 1.07413219e+09 1.07413224e+09
 1.07413228e+09 1.07413232e+09 1.07413237e+09 1.07413241e+09
 1.07413246e+09 1.07413250e+09 1.07413254e+09 1.07413259e+09
 1.07413263e+09 1.07413267e+09 1.07413272e+09 1.07413276e+09
 1.07413281e+09 1.07413285e+09 1.07413289e+09 1.07413294e+09
 1.07413298e+09 1.07413303e+09 1.07413307e+09 1.07413311e+09
 1.07413316e+09 1.07413320e+09 1.07413325e+09 1.07413329e+09
 1.07413333e+09 1.07413338e+09 1.07413342e+09 1.07413346e+09
 1.07413351e+09 1.07413355e+09 1.07413360e+09 1.07413364e+09
 1.07413368e+09 1.07413373e+09 1.07413377e+09 1.07413382e+09
 1.07413386e+09 1.07413390e+09 1.07413395e+09 1.07413399e+09
 1.07413404e+09 1.07413408e+09 1.07413412e+09 1.07413417e+09
 1.07413421e+09 1.07413425e+09 1.07413430e+09 1.07413434e+09
 1.07413439e+09 1.07413443e+09 1.07413447e+09 1.07413452e+09
 1.07413456e+09 1.07413461e+09 1.07413465e+09 1.07413469e+09
 1.07413474e+09 1.07413478e+09 1.07413483e+09 1.07413487e+09
 1.07413491e+09 1.07413496e+09 1.07413500e+09 1.07413504e+09
 1.07413509e+09 1.07413513e+09 1.07413518e+09 1.07413522e+09
 1.07413526e+09 1.07413531e+09 1.07413535e+09 1.07413540e+09
 1.07413544e+09 1.07413548e+09 1.07413553e+09 1.07413557e+09
 1.07413562e+09 1.07413566e+09 1.07413570e+09 1.07413575e+09
 1.07413579e+09 1.07413583e+09 1.07413588e+09 1.07413592e+09
 1.07413597e+09 1.07413601e+09 1.07413605e+09 1.07413610e+09
 1.07413614e+09 1.07413619e+09 1.07413623e+09 1.07413627e+09
 1.07413632e+09 1.07413636e+09 1.07413640e+09 1.07413645e+09
 1.07413649e+09 1.07413654e+09 1.07413658e+09 1.07413662e+09
 1.07413667e+09 1.07413671e+09 1.07413676e+09 1.07413680e+09
 1.07413684e+09 1.07413689e+09 1.07413693e+09 1.07413698e+09
 1.07413702e+09 1.07413706e+09 1.07413711e+09 1.07413715e+09
 1.07413719e+09 1.07413724e+09 1.07413728e+09 1.07413733e+09
 1.07413737e+09 1.07413741e+09 1.07413746e+09 1.07413750e+09
 1.07413755e+09 1.07413759e+09 1.07413763e+09 1.07413768e+09
 1.07413772e+09 1.07413777e+09 1.07413781e+09 1.07413785e+09
 1.07413790e+09 1.07413794e+09 1.07413798e+09 1.07413803e+09
 1.07413807e+09 1.07413812e+09 1.07413816e+09 1.07413820e+09
 1.07413825e+09 1.07413829e+09 1.07413834e+09 1.07413838e+09
 1.07413842e+09 1.07413847e+09 1.07413851e+09 1.07413856e+09
 1.07413860e+09 1.07413864e+09 1.07413869e+09 1.07413873e+09
 1.07413877e+09 1.07413882e+09 1.07413886e+09 1.07413891e+09
 1.07413895e+09 1.07413899e+09 1.07413904e+09 1.07413908e+09
 1.07413913e+09 1.07413917e+09 1.07413921e+09 1.07413926e+09
 1.07413930e+09 1.07413934e+09 1.07413939e+09 1.07413943e+09
 1.07413948e+09 1.07413952e+09 1.07413956e+09 1.07413961e+09
 1.07413965e+09 1.07413970e+09 1.07413974e+09 1.07413978e+09
 1.07413983e+09 1.07413987e+09 1.07413992e+09 1.07413996e+09
 1.07414000e+09 1.07414005e+09 1.07414009e+09 1.07414013e+09
 1.07414018e+09 1.07414022e+09 1.07414027e+09 1.07414031e+09
 1.07414035e+09 1.07414040e+09 1.07414044e+09 1.07414049e+09
 1.07414053e+09 1.07414057e+09 1.07414062e+09 1.07414066e+09
 1.07414071e+09 1.07414075e+09 1.07414079e+09 1.07414084e+09
 1.07414088e+09 1.07414092e+09 1.07414097e+09 1.07414101e+09
 1.07414106e+09 1.07414110e+09 1.07414114e+09 1.07414119e+09
 1.07414123e+09 1.07414128e+09 1.07414132e+09 1.07414136e+09
 1.07414141e+09 1.07414145e+09 1.07414150e+09 1.07414154e+09
 1.07414158e+09 1.07414163e+09 1.07414167e+09 1.07414171e+09
 1.07414176e+09 1.07414180e+09 1.07414185e+09 1.07414189e+09
 1.07414193e+09 1.07414198e+09 1.07414202e+09 1.07414207e+09
 1.07414211e+09 1.07414215e+09 1.07414220e+09 1.07414224e+09
 1.07414229e+09 1.07414233e+09 1.07414237e+09 1.07414242e+09
 1.07414246e+09 1.07414250e+09 1.07414255e+09 1.07414259e+09
 1.07414264e+09 1.07414268e+09 1.07414272e+09 1.07414277e+09
 1.07414281e+09 1.07414286e+09 1.07414290e+09 1.07414294e+09
 1.07414299e+09 1.07414303e+09 1.07414307e+09 1.07414312e+09
 1.07414316e+09 1.07414321e+09 1.07414325e+09 1.07414329e+09
 1.07414334e+09 1.07414338e+09 1.07414343e+09 1.07414347e+09
 1.07414351e+09 1.07414356e+09 1.07414360e+09 1.07414365e+09
 1.07414369e+09 1.07414373e+09 1.07414378e+09 1.07414382e+09
 1.07414386e+09 1.07414391e+09 1.07414395e+09 1.07414400e+09
 1.07414404e+09 1.07414408e+09 1.07414413e+09 1.07414417e+09
 1.07414422e+09 1.07414426e+09 1.07414430e+09 1.07414435e+09
 1.07414439e+09 1.07414444e+09 1.07414448e+09 1.07414452e+09
 1.07414457e+09 1.07414461e+09 1.07414465e+09 1.07414470e+09
 1.07414474e+09 1.07414479e+09 1.07414483e+09 1.07414487e+09
 1.07414492e+09 1.07414496e+09 1.07414501e+09 1.07414505e+09
 1.07414509e+09 1.07414514e+09 1.07414518e+09 1.07414523e+09
 1.07414527e+09 1.07414531e+09 1.07414536e+09 1.07414540e+09
 1.07414544e+09 1.07414549e+09 1.07414553e+09 1.07414558e+09
 1.07414562e+09 1.07414566e+09 1.07414571e+09 1.07414575e+09
 1.07414580e+09 1.07414584e+09 1.07414588e+09 1.07414593e+09
 1.07414597e+09 1.07414601e+09 1.07414606e+09 1.07414610e+09
 1.07414615e+09 1.07414619e+09 1.07414623e+09 1.07414628e+09
 1.07414632e+09 1.07414637e+09 1.07414641e+09 1.07414645e+09
 1.07414650e+09 1.07414654e+09 1.07414659e+09 1.07414663e+09
 1.07414667e+09 1.07414672e+09 1.07414676e+09 1.07414680e+09
 1.07414685e+09 1.07414689e+09 1.07414694e+09 1.07414698e+09
 1.07414702e+09 1.07414707e+09 1.07414711e+09 1.07414716e+09
 1.07414720e+09 1.07414724e+09 1.07414729e+09 1.07414733e+09
 1.07414738e+09 1.07414742e+09 1.07414746e+09 1.07414751e+09
 1.07414755e+09 1.07414759e+09 1.07414764e+09 1.07414768e+09
 1.07414773e+09 1.07414777e+09 1.07414781e+09 1.07414786e+09
 1.07414790e+09 1.07414795e+09 1.07414799e+09 1.07414803e+09
 1.07414808e+09 1.07414812e+09 1.07414817e+09 1.07414821e+09
 1.07414825e+09 1.07414830e+09 1.07414834e+09 1.07414838e+09
 1.07414843e+09 1.07414847e+09 1.07414852e+09 1.07414856e+09
 1.07414860e+09 1.07414865e+09 1.07414869e+09 1.07414874e+09
 1.07414878e+09 1.07414882e+09 1.07414887e+09 1.07414891e+09
 1.07414895e+09 1.07414900e+09 1.07414904e+09 1.07414909e+09
 1.07414913e+09 1.07414917e+09 1.07414922e+09 1.07414926e+09
 1.07414931e+09 1.07414935e+09 1.07414939e+09 1.07414944e+09]
minRes = 0.05685820950292257
minResTime = [1.07414821e+09]
Cov(t) = [  0   0   0   0   0   0   0   0   0   0   0   0   0   0   0   0   0   0
   0   0   0 100 100 100 100 100 100 100 100 100 100 100 100 100 100 100
 100 100 100 100 100 100 100 100 100 100 100 100 100 100 100 100 100 100
 100 100 100 100 100 100 100 100 100 100 100 100 100 100 100 100 100 100
 100 100 100 100 100 100 100 100 100 100 100 100 100 100 100 100 100 100
 100 100 100 100 100 100 100 100 100 100 100 100 100 100 100 100 100 100
 100 100 100 100 100 100 100 100 100 100 100 100 100 100 100 100 100 100
 100 100 100 100 100 100 100 100 100 100 100 100 100 100 100 100 100 100
 100 100 100 100 100 100 100 100 100 100 100 100 100 100 100 100 100 100
 100 100 100 100 100 100 100 100 100 100 100 100 100 100 100 100 100 100
 100 100 100 100 100 100 100 100 100 100 100 100 100 100 100 100 100 100
 100 100 100 100 100 100 100 100 100 100 100 100 100 100 100 100 100 100
 100 100 100 100 100 100 100 100 100 100 100 100 100 100 100 100 100 100
 100 100 100 100 100 100 100 100 100 100 100 100 100 100 100 100 100 100
 100 100 100 100 100 100 100 100 100 100 100 100 100 100 100 100 100 100
 100 100 100 100 100 100 100 100 100 100 100 100 100 100 100 100 100 100
 100 100 100 100 100 100 100 100 100 100 100 100 100 100 100 100 100 100
 100 100 100 100 100 100 100 100 100 100 100 100 100 100 100 100 100 100
 100 100 100 100 100 100 100 100 100 100 100 100 100 100 100 100 100 100
 100 100 100 100 100 100 100 100 100 100 100 100 100 100 100 100 100 100
 100 100 100 100 100 100 100 100 100 100 100 100 100 100 100 100 100 100
 100 100 100 100 100 100 100 100 100 100 100 100 100 100 100 100 100 100
 100 100 100 100 100 100 100 100 100 100 100 100 100 100 100 100 100 100
 100 100 100 100 100 100 100 100 100 100 100 100 100 100 100 100 100 100
 100 100 100 100 100 100 100 100 100 100 100 100 100 100 100 100 100 100
 100 100 100 100 100 100 100 100 100 100 100 100 100 100 100 100 100 100
 100 100 100 100 100 100 100 100 100 100 100 100 100 100 100 100 100 100
 100 100 100 100 100 100 100 100 100 100 100 100 100 100 100 100 100 100
 100 100 100 100 100 100 100 100 100 100 100 100 100 100 100 100 100 100
 100 100 100 100 100 100 100 100 100 100 100 100 100 100 100 100 100 100
 100 100 100 100 100 100 100 100 100 100 100 100 100 100 100 100 100 100
 100 100 100 100 100 100 100 100 100 100 100 100 100 100 100 100 100 100
 100 100 100 100 100 100 100 100 100 100 100 100 100 100 100 100 100 100
 100 100 100 100 100 100 100 100 100 100 100 100 100 100 100 100 100 100
 100 100 100 100 100 100 100 100 100 100 100 100 100 100 100 100 100 100
 100 100 100 100 100 100 100 100 100 100 100 100 100 100 100 100 100 100
 100 100 100 100 100 100 100 100 100 100 100 100 100 100 100 100 100 100
 100 100 100 100 100 100 100 100 100 100 100 100 100 100 100 100 100 100
 100 100 100 100 100 100 100 100 100 100 100 100 100 100 100 100 100 100
 100 100 100 100 100 100 100 100 100 100 100 100 100 100 100 100 100 100
 100 100 100 100 100 100 100 100 100 100 100 100 100 100 100 100 100 100
 100 100 100 100 100 100 100 100 100 100 100 100 100 100 100 100 100 100
 100 100 100 100 100 100 100 100 100 100 100 100 100 100 100 100 100 100
 100 100 100 100 100 100 100 100 100 100 100 100 100 100 100 100 100 100
 100 100 100 100 100 100 100 100 100 100 100 100 100 100 100 100 100 100
 100 100 100 100 100 100 100 100 100 100 100 100 100 100 100 100 100 100
 100 100 100 100 100 100 100 100 100 100 100 100 100 100 100 100 100 100
 100 100 100 100 100 100 100 100 100 100 100 100 100 100 100 100 100 100
 100 100 100 100 100 100 100 100 100 100 100 100 100 100 100 100 100 100
 100 100 100 100 100 100 100 100 100 100 100 100 100 100 100 100 100 100
 100 100 100 100 100 100 100 100 100 100 100 100 100 100 100 100 100 100
 100 100 100 100 100 100 100 100 100 100 100 100 100 100 100 100 100 100
 100 100 100 100 100 100 100 100 100 100 100 100 100 100 100 100 100 100
 100 100 100 100 100 100 100 100 100 100 100 100 100 100 100 100 100 100
 100 100 100 100 100 100 100 100 100 100 100 100 100 100 100 100 100 100
 100 100 100 100 100 100 100 100 100 100]
maxCov = 100
maxCovTime = [1.07410652e+09 1.07410657e+09 1.07410661e+09 1.07410665e+09
 1.07410670e+09 1.07410674e+09 1.07410678e+09 1.07410683e+09
 1.07410687e+09 1.07410692e+09 1.07410696e+09 1.07410700e+09
 1.07410705e+09 1.07410709e+09 1.07410714e+09 1.07410718e+09
 1.07410722e+09 1.07410727e+09 1.07410731e+09 1.07410736e+09
 1.07410740e+09 1.07410744e+09 1.07410749e+09 1.07410753e+09
 1.07410757e+09 1.07410762e+09 1.07410766e+09 1.07410771e+09
 1.07410775e+09 1.07410779e+09 1.07410784e+09 1.07410788e+09
 1.07410793e+09 1.07410797e+09 1.07410801e+09 1.07410806e+09
 1.07410810e+09 1.07410815e+09 1.07410819e+09 1.07410823e+09
 1.07410828e+09 1.07410832e+09 1.07410836e+09 1.07410841e+09
 1.07410845e+09 1.07410850e+09 1.07410854e+09 1.07410858e+09
 1.07410863e+09 1.07410867e+09 1.07410872e+09 1.07410876e+09
 1.07410880e+09 1.07410885e+09 1.07410889e+09 1.07410894e+09
 1.07410898e+09 1.07410902e+09 1.07410907e+09 1.07410911e+09
 1.07410915e+09 1.07410920e+09 1.07410924e+09 1.07410929e+09
 1.07410933e+09 1.07410937e+09 1.07410942e+09 1.07410946e+09
 1.07410951e+09 1.07410955e+09 1.07410959e+09 1.07410964e+09
 1.07410968e+09 1.07410973e+09 1.07410977e+09 1.07410981e+09
 1.07410986e+09 1.07410990e+09 1.07410994e+09 1.07410999e+09
 1.07411003e+09 1.07411008e+09 1.07411012e+09 1.07411016e+09
 1.07411021e+09 1.07411025e+09 1.07411030e+09 1.07411034e+09
 1.07411038e+09 1.07411043e+09 1.07411047e+09 1.07411051e+09
 1.07411056e+09 1.07411060e+09 1.07411065e+09 1.07411069e+09
 1.07411073e+09 1.07411078e+09 1.07411082e+09 1.07411087e+09
 1.07411091e+09 1.07411095e+09 1.07411100e+09 1.07411104e+09
 1.07411109e+09 1.07411113e+09 1.07411117e+09 1.07411122e+09
 1.07411126e+09 1.07411130e+09 1.07411135e+09 1.07411139e+09
 1.07411144e+09 1.07411148e+09 1.07411152e+09 1.07411157e+09
 1.07411161e+09 1.07411166e+09 1.07411170e+09 1.07411174e+09
 1.07411179e+09 1.07411183e+09 1.07411188e+09 1.07411192e+09
 1.07411196e+09 1.07411201e+09 1.07411205e+09 1.07411209e+09
 1.07411214e+09 1.07411218e+09 1.07411223e+09 1.07411227e+09
 1.07411231e+09 1.07411236e+09 1.07411240e+09 1.07411245e+09
 1.07411249e+09 1.07411253e+09 1.07411258e+09 1.07411262e+09
 1.07411267e+09 1.07411271e+09 1.07411275e+09 1.07411280e+09
 1.07411284e+09 1.07411288e+09 1.07411293e+09 1.07411297e+09
 1.07411302e+09 1.07411306e+09 1.07411310e+09 1.07411315e+09
 1.07411319e+09 1.07411324e+09 1.07411328e+09 1.07411332e+09
 1.07411337e+09 1.07411341e+09 1.07411345e+09 1.07411350e+09
 1.07411354e+09 1.07411359e+09 1.07411363e+09 1.07411367e+09
 1.07411372e+09 1.07411376e+09 1.07411381e+09 1.07411385e+09
 1.07411389e+09 1.07411394e+09 1.07411398e+09 1.07411403e+09
 1.07411407e+09 1.07411411e+09 1.07411416e+09 1.07411420e+09
 1.07411424e+09 1.07411429e+09 1.07411433e+09 1.07411438e+09
 1.07411442e+09 1.07411446e+09 1.07411451e+09 1.07411455e+09
 1.07411460e+09 1.07411464e+09 1.07411468e+09 1.07411473e+09
 1.07411477e+09 1.07411482e+09 1.07411486e+09 1.07411490e+09
 1.07411495e+09 1.07411499e+09 1.07411503e+09 1.07411508e+09
 1.07411512e+09 1.07411517e+09 1.07411521e+09 1.07411525e+09
 1.07411530e+09 1.07411534e+09 1.07411539e+09 1.07411543e+09
 1.07411547e+09 1.07411552e+09 1.07411556e+09 1.07411561e+09
 1.07411565e+09 1.07411569e+09 1.07411574e+09 1.07411578e+09
 1.07411582e+09 1.07411587e+09 1.07411591e+09 1.07411596e+09
 1.07411600e+09 1.07411604e+09 1.07411609e+09 1.07411613e+09
 1.07411618e+09 1.07411622e+09 1.07411626e+09 1.07411631e+09
 1.07411635e+09 1.07411640e+09 1.07411644e+09 1.07411648e+09
 1.07411653e+09 1.07411657e+09 1.07411661e+09 1.07411666e+09
 1.07411670e+09 1.07411675e+09 1.07411679e+09 1.07411683e+09
 1.07411688e+09 1.07411692e+09 1.07411697e+09 1.07411701e+09
 1.07411705e+09 1.07411710e+09 1.07411714e+09 1.07411718e+09
 1.07411723e+09 1.07411727e+09 1.07411732e+09 1.07411736e+09
 1.07411740e+09 1.07411745e+09 1.07411749e+09 1.07411754e+09
 1.07411758e+09 1.07411762e+09 1.07411767e+09 1.07411771e+09
 1.07411776e+09 1.07411780e+09 1.07411784e+09 1.07411789e+09
 1.07411793e+09 1.07411797e+09 1.07411802e+09 1.07411806e+09
 1.07411811e+09 1.07411815e+09 1.07411819e+09 1.07411824e+09
 1.07411828e+09 1.07411833e+09 1.07411837e+09 1.07411841e+09
 1.07411846e+09 1.07411850e+09 1.07411855e+09 1.07411859e+09
 1.07411863e+09 1.07411868e+09 1.07411872e+09 1.07411876e+09
 1.07411881e+09 1.07411885e+09 1.07411890e+09 1.07411894e+09
 1.07411898e+09 1.07411903e+09 1.07411907e+09 1.07411912e+09
 1.07411916e+09 1.07411920e+09 1.07411925e+09 1.07411929e+09
 1.07411934e+09 1.07411938e+09 1.07411942e+09 1.07411947e+09
 1.07411951e+09 1.07411955e+09 1.07411960e+09 1.07411964e+09
 1.07411969e+09 1.07411973e+09 1.07411977e+09 1.07411982e+09
 1.07411986e+09 1.07411991e+09 1.07411995e+09 1.07411999e+09
 1.07412004e+09 1.07412008e+09 1.07412012e+09 1.07412017e+09
 1.07412021e+09 1.07412026e+09 1.07412030e+09 1.07412034e+09
 1.07412039e+09 1.07412043e+09 1.07412048e+09 1.07412052e+09
 1.07412056e+09 1.07412061e+09 1.07412065e+09 1.07412070e+09
 1.07412074e+09 1.07412078e+09 1.07412083e+09 1.07412087e+09
 1.07412091e+09 1.07412096e+09 1.07412100e+09 1.07412105e+09
 1.07412109e+09 1.07412113e+09 1.07412118e+09 1.07412122e+09
 1.07412127e+09 1.07412131e+09 1.07412135e+09 1.07412140e+09
 1.07412144e+09 1.07412149e+09 1.07412153e+09 1.07412157e+09
 1.07412162e+09 1.07412166e+09 1.07412170e+09 1.07412175e+09
 1.07412179e+09 1.07412184e+09 1.07412188e+09 1.07412192e+09
 1.07412197e+09 1.07412201e+09 1.07412206e+09 1.07412210e+09
 1.07412214e+09 1.07412219e+09 1.07412223e+09 1.07412228e+09
 1.07412232e+09 1.07412236e+09 1.07412241e+09 1.07412245e+09
 1.07412249e+09 1.07412254e+09 1.07412258e+09 1.07412263e+09
 1.07412267e+09 1.07412271e+09 1.07412276e+09 1.07412280e+09
 1.07412285e+09 1.07412289e+09 1.07412293e+09 1.07412298e+09
 1.07412302e+09 1.07412306e+09 1.07412311e+09 1.07412315e+09
 1.07412320e+09 1.07412324e+09 1.07412328e+09 1.07412333e+09
 1.07412337e+09 1.07412342e+09 1.07412346e+09 1.07412350e+09
 1.07412355e+09 1.07412359e+09 1.07412364e+09 1.07412368e+09
 1.07412372e+09 1.07412377e+09 1.07412381e+09 1.07412385e+09
 1.07412390e+09 1.07412394e+09 1.07412399e+09 1.07412403e+09
 1.07412407e+09 1.07412412e+09 1.07412416e+09 1.07412421e+09
 1.07412425e+09 1.07412429e+09 1.07412434e+09 1.07412438e+09
 1.07412443e+09 1.07412447e+09 1.07412451e+09 1.07412456e+09
 1.07412460e+09 1.07412464e+09 1.07412469e+09 1.07412473e+09
 1.07412478e+09 1.07412482e+09 1.07412486e+09 1.07412491e+09
 1.07412495e+09 1.07412500e+09 1.07412504e+09 1.07412508e+09
 1.07412513e+09 1.07412517e+09 1.07412522e+09 1.07412526e+09
 1.07412530e+09 1.07412535e+09 1.07412539e+09 1.07412543e+09
 1.07412548e+09 1.07412552e+09 1.07412557e+09 1.07412561e+09
 1.07412565e+09 1.07412570e+09 1.07412574e+09 1.07412579e+09
 1.07412583e+09 1.07412587e+09 1.07412592e+09 1.07412596e+09
 1.07412601e+09 1.07412605e+09 1.07412609e+09 1.07412614e+09
 1.07412618e+09 1.07412622e+09 1.07412627e+09 1.07412631e+09
 1.07412636e+09 1.07412640e+09 1.07412644e+09 1.07412649e+09
 1.07412653e+09 1.07412658e+09 1.07412662e+09 1.07412666e+09
 1.07412671e+09 1.07412675e+09 1.07412679e+09 1.07412684e+09
 1.07412688e+09 1.07412693e+09 1.07412697e+09 1.07412701e+09
 1.07412706e+09 1.07412710e+09 1.07412715e+09 1.07412719e+09
 1.07412723e+09 1.07412728e+09 1.07412732e+09 1.07412737e+09
 1.07412741e+09 1.07412745e+09 1.07412750e+09 1.07412754e+09
 1.07412758e+09 1.07412763e+09 1.07412767e+09 1.07412772e+09
 1.07412776e+09 1.07412780e+09 1.07412785e+09 1.07412789e+09
 1.07412794e+09 1.07412798e+09 1.07412802e+09 1.07412807e+09
 1.07412811e+09 1.07412816e+09 1.07412820e+09 1.07412824e+09
 1.07412829e+09 1.07412833e+09 1.07412837e+09 1.07412842e+09
 1.07412846e+09 1.07412851e+09 1.07412855e+09 1.07412859e+09
 1.07412864e+09 1.07412868e+09 1.07412873e+09 1.07412877e+09
 1.07412881e+09 1.07412886e+09 1.07412890e+09 1.07412895e+09
 1.07412899e+09 1.07412903e+09 1.07412908e+09 1.07412912e+09
 1.07412916e+09 1.07412921e+09 1.07412925e+09 1.07412930e+09
 1.07412934e+09 1.07412938e+09 1.07412943e+09 1.07412947e+09
 1.07412952e+09 1.07412956e+09 1.07412960e+09 1.07412965e+09
 1.07412969e+09 1.07412973e+09 1.07412978e+09 1.07412982e+09
 1.07412987e+09 1.07412991e+09 1.07412995e+09 1.07413000e+09
 1.07413004e+09 1.07413009e+09 1.07413013e+09 1.07413017e+09
 1.07413022e+09 1.07413026e+09 1.07413031e+09 1.07413035e+09
 1.07413039e+09 1.07413044e+09 1.07413048e+09 1.07413052e+09
 1.07413057e+09 1.07413061e+09 1.07413066e+09 1.07413070e+09
 1.07413074e+09 1.07413079e+09 1.07413083e+09 1.07413088e+09
 1.07413092e+09 1.07413096e+09 1.07413101e+09 1.07413105e+09
 1.07413110e+09 1.07413114e+09 1.07413118e+09 1.07413123e+09
 1.07413127e+09 1.07413131e+09 1.07413136e+09 1.07413140e+09
 1.07413145e+09 1.07413149e+09 1.07413153e+09 1.07413158e+09
 1.07413162e+09 1.07413167e+09 1.07413171e+09 1.07413175e+09
 1.07413180e+09 1.07413184e+09 1.07413189e+09 1.07413193e+09
 1.07413197e+09 1.07413202e+09 1.07413206e+09 1.07413210e+09
 1.07413215e+09 1.07413219e+09 1.07413224e+09 1.07413228e+09
 1.07413232e+09 1.07413237e+09 1.07413241e+09 1.07413246e+09
 1.07413250e+09 1.07413254e+09 1.07413259e+09 1.07413263e+09
 1.07413267e+09 1.07413272e+09 1.07413276e+09 1.07413281e+09
 1.07413285e+09 1.07413289e+09 1.07413294e+09 1.07413298e+09
 1.07413303e+09 1.07413307e+09 1.07413311e+09 1.07413316e+09
 1.07413320e+09 1.07413325e+09 1.07413329e+09 1.07413333e+09
 1.07413338e+09 1.07413342e+09 1.07413346e+09 1.07413351e+09
 1.07413355e+09 1.07413360e+09 1.07413364e+09 1.07413368e+09
 1.07413373e+09 1.07413377e+09 1.07413382e+09 1.07413386e+09
 1.07413390e+09 1.07413395e+09 1.07413399e+09 1.07413404e+09
 1.07413408e+09 1.07413412e+09 1.07413417e+09 1.07413421e+09
 1.07413425e+09 1.07413430e+09 1.07413434e+09 1.07413439e+09
 1.07413443e+09 1.07413447e+09 1.07413452e+09 1.07413456e+09
 1.07413461e+09 1.07413465e+09 1.07413469e+09 1.07413474e+09
 1.07413478e+09 1.07413483e+09 1.07413487e+09 1.07413491e+09
 1.07413496e+09 1.07413500e+09 1.07413504e+09 1.07413509e+09
 1.07413513e+09 1.07413518e+09 1.07413522e+09 1.07413526e+09
 1.07413531e+09 1.07413535e+09 1.07413540e+09 1.07413544e+09
 1.07413548e+09 1.07413553e+09 1.07413557e+09 1.07413562e+09
 1.07413566e+09 1.07413570e+09 1.07413575e+09 1.07413579e+09
 1.07413583e+09 1.07413588e+09 1.07413592e+09 1.07413597e+09
 1.07413601e+09 1.07413605e+09 1.07413610e+09 1.07413614e+09
 1.07413619e+09 1.07413623e+09 1.07413627e+09 1.07413632e+09
 1.07413636e+09 1.07413640e+09 1.07413645e+09 1.07413649e+09
 1.07413654e+09 1.07413658e+09 1.07413662e+09 1.07413667e+09
 1.07413671e+09 1.07413676e+09 1.07413680e+09 1.07413684e+09
 1.07413689e+09 1.07413693e+09 1.07413698e+09 1.07413702e+09
 1.07413706e+09 1.07413711e+09 1.07413715e+09 1.07413719e+09
 1.07413724e+09 1.07413728e+09 1.07413733e+09 1.07413737e+09
 1.07413741e+09 1.07413746e+09 1.07413750e+09 1.07413755e+09
 1.07413759e+09 1.07413763e+09 1.07413768e+09 1.07413772e+09
 1.07413777e+09 1.07413781e+09 1.07413785e+09 1.07413790e+09
 1.07413794e+09 1.07413798e+09 1.07413803e+09 1.07413807e+09
 1.07413812e+09 1.07413816e+09 1.07413820e+09 1.07413825e+09
 1.07413829e+09 1.07413834e+09 1.07413838e+09 1.07413842e+09
 1.07413847e+09 1.07413851e+09 1.07413856e+09 1.07413860e+09
 1.07413864e+09 1.07413869e+09 1.07413873e+09 1.07413877e+09
 1.07413882e+09 1.07413886e+09 1.07413891e+09 1.07413895e+09
 1.07413899e+09 1.07413904e+09 1.07413908e+09 1.07413913e+09
 1.07413917e+09 1.07413921e+09 1.07413926e+09 1.07413930e+09
 1.07413934e+09 1.07413939e+09 1.07413943e+09 1.07413948e+09
 1.07413952e+09 1.07413956e+09 1.07413961e+09 1.07413965e+09
 1.07413970e+09 1.07413974e+09 1.07413978e+09 1.07413983e+09
 1.07413987e+09 1.07413992e+09 1.07413996e+09 1.07414000e+09
 1.07414005e+09 1.07414009e+09 1.07414013e+09 1.07414018e+09
 1.07414022e+09 1.07414027e+09 1.07414031e+09 1.07414035e+09
 1.07414040e+09 1.07414044e+09 1.07414049e+09 1.07414053e+09
 1.07414057e+09 1.07414062e+09 1.07414066e+09 1.07414071e+09
 1.07414075e+09 1.07414079e+09 1.07414084e+09 1.07414088e+09
 1.07414092e+09 1.07414097e+09 1.07414101e+09 1.07414106e+09
 1.07414110e+09 1.07414114e+09 1.07414119e+09 1.07414123e+09
 1.07414128e+09 1.07414132e+09 1.07414136e+09 1.07414141e+09
 1.07414145e+09 1.07414150e+09 1.07414154e+09 1.07414158e+09
 1.07414163e+09 1.07414167e+09 1.07414171e+09 1.07414176e+09
 1.07414180e+09 1.07414185e+09 1.07414189e+09 1.07414193e+09
 1.07414198e+09 1.07414202e+09 1.07414207e+09 1.07414211e+09
 1.07414215e+09 1.07414220e+09 1.07414224e+09 1.07414229e+09
 1.07414233e+09 1.07414237e+09 1.07414242e+09 1.07414246e+09
 1.07414250e+09 1.07414255e+09 1.07414259e+09 1.07414264e+09
 1.07414268e+09 1.07414272e+09 1.07414277e+09 1.07414281e+09
 1.07414286e+09 1.07414290e+09 1.07414294e+09 1.07414299e+09
 1.07414303e+09 1.07414307e+09 1.07414312e+09 1.07414316e+09
 1.07414321e+09 1.07414325e+09 1.07414329e+09 1.07414334e+09
 1.07414338e+09 1.07414343e+09 1.07414347e+09 1.07414351e+09
 1.07414356e+09 1.07414360e+09 1.07414365e+09 1.07414369e+09
 1.07414373e+09 1.07414378e+09 1.07414382e+09 1.07414386e+09
 1.07414391e+09 1.07414395e+09 1.07414400e+09 1.07414404e+09
 1.07414408e+09 1.07414413e+09 1.07414417e+09 1.07414422e+09
 1.07414426e+09 1.07414430e+09 1.07414435e+09 1.07414439e+09
 1.07414444e+09 1.07414448e+09 1.07414452e+09 1.07414457e+09
 1.07414461e+09 1.07414465e+09 1.07414470e+09 1.07414474e+09
 1.07414479e+09 1.07414483e+09 1.07414487e+09 1.07414492e+09
 1.07414496e+09 1.07414501e+09 1.07414505e+09 1.07414509e+09
 1.07414514e+09 1.07414518e+09 1.07414523e+09 1.07414527e+09
 1.07414531e+09 1.07414536e+09 1.07414540e+09 1.07414544e+09
 1.07414549e+09 1.07414553e+09 1.07414558e+09 1.07414562e+09
 1.07414566e+09 1.07414571e+09 1.07414575e+09 1.07414580e+09
 1.07414584e+09 1.07414588e+09 1.07414593e+09 1.07414597e+09
 1.07414601e+09 1.07414606e+09 1.07414610e+09 1.07414615e+09
 1.07414619e+09 1.07414623e+09 1.07414628e+09 1.07414632e+09
 1.07414637e+09 1.07414641e+09 1.07414645e+09 1.07414650e+09
 1.07414654e+09 1.07414659e+09 1.07414663e+09 1.07414667e+09
 1.07414672e+09 1.07414676e+09 1.07414680e+09 1.07414685e+09
 1.07414689e+09 1.07414694e+09 1.07414698e+09 1.07414702e+09
 1.07414707e+09 1.07414711e+09 1.07414716e+09 1.07414720e+09
 1.07414724e+09 1.07414729e+09 1.07414733e+09 1.07414738e+09
 1.07414742e+09 1.07414746e+09 1.07414751e+09 1.07414755e+09
 1.07414759e+09 1.07414764e+09 1.07414768e+09 1.07414773e+09
 1.07414777e+09 1.07414781e+09 1.07414786e+09 1.07414790e+09
 1.07414795e+09 1.07414799e+09 1.07414803e+09 1.07414808e+09
 1.07414812e+09 1.07414817e+09 1.07414821e+09 1.07414825e+09
 1.07414830e+09 1.07414834e+09 1.07414838e+09 1.07414843e+09
 1.07414847e+09 1.07414852e+09 1.07414856e+09 1.07414860e+09
 1.07414865e+09 1.07414869e+09 1.07414874e+09 1.07414878e+09
 1.07414882e+09 1.07414887e+09 1.07414891e+09 1.07414895e+09
 1.07414900e+09 1.07414904e+09 1.07414909e+09 1.07414913e+09
 1.07414917e+09 1.07414922e+09 1.07414926e+09 1.07414931e+09
 1.07414935e+09 1.07414939e+09 1.07414944e+09]
