name =JUICE_ROI_GAN_2_0_16
flyby = ['2033 NOV 26 18:22:11', '2033 NOV 27 18:22:11']
Observation TW = <SpiceCell dtype = 1, length = 0, size = 3400, card = 14, is_set = 1, adjust = 0, init = 1, base = 94383695967184, data = 94383695967232>
Res(t) = [0.12743428 0.11605243 0.11457205 0.11616967 0.11471935 0.1134085
 0.11222043 0.11114167 0.11016106 0.10926904 0.10845751 0.10771942
 0.10493455 0.10439849 0.10391444 0.1034788  0.10308833 0.10274014
 0.10243158 0.1021603  0.1019241  0.101721   0.10154917 0.10140694
 0.10129276 0.10120521 0.10114294 0.10110474 0.10108946 0.10109603
 0.10112345 0.1011708  0.10123719 0.1013218  0.10142386 0.10154266
 0.10315484 0.10328767 0.10343648 0.10359253 0.10376983 0.10396131
 0.10416643 0.10438465 0.10461546 0.10618097 0.10641909 0.10666922
 0.10506359 0.10533776 0.10562235 0.10591699 0.10622134 0.10653506
 0.10685785 0.10718941 0.10752944 0.10787768 0.10823387 0.10859775
 0.10896909 0.10934765 0.10973322 0.11012559 0.10766732 0.1080905
 0.10851923 0.10895338 0.10939278 0.10983731 0.11028684 0.11074124
 0.11120035 0.11166408 0.1121323  0.11260491 0.11308178 0.11356283
 0.11404793 0.114537   0.11502994 0.11552665 0.11602704 0.11653103
 0.11703853 0.11754945 0.11806373 0.11858127 0.11910202 0.11962588
 0.1201528  0.1206827  0.12121552 0.12175119 0.12228965 0.12283084
 0.1233747  0.12392117 0.12447019 0.12502172 0.12557569 0.12613206
 0.12669078 0.1272518  0.12781506 0.12838053 0.12894816 0.12951791
 0.13008973 0.13066358 0.13123942 0.13326222 0.1338345  0.13440876
 0.13498497 0.13556309 0.13614308 0.1367249  0.13730851 0.13789389
 0.13848099 0.13906979 0.13966024 0.14025233 0.14084601 0.14144125
 0.14203804 0.14263633 0.1432361  0.14383732 0.14443996 0.14504401
 0.14564943 0.14625619 0.14686428 0.14747367 0.14808433 0.14869625
 0.1493094  0.14992376 0.1505393  0.15115601 0.15177387 0.15239286
 0.15301295 0.15363413 0.15425638 0.15487968 0.15550402 0.15612937
 0.15675572 0.15738305 0.15801135 0.1586406  0.15927078 0.15990188
 0.16053389 0.16116679 0.16180056 0.16243519 0.16307067 0.16370698
 0.16434411 0.16498205 0.16562079 0.1662603  0.16690059 0.16754163
 0.16818343 0.16882595 0.1694692  0.17011316 0.17075783 0.17140318
 0.17204922 0.17269593 0.17334329 0.17399131 0.17463997 0.17528926
 0.17593917 0.1765897  0.17724082 0.17789255 0.17854486 0.17919775
 0.17985121 0.18050523 0.18115981 0.18181493 0.18247059 0.18312678
 0.1837835  0.18444073 0.18509847 0.18575671 0.18641545 0.18707467
 0.18773438 0.18839456 0.18905521 0.18971633 0.19037789 0.19103991
 0.19170238 0.19236528 0.19302861 0.19369237 0.19435655 0.19502115
 0.19568615 0.19635156 0.19701737 0.19768358 0.19835017 0.19901715
 0.19968451 0.20035224 0.20102034 0.20168881 0.20235763 0.20302682
 0.20369635 0.20436624 0.20503646 0.20570703 0.20637792 0.20704915
 0.20772071 0.20839259 0.20906479 0.2097373  0.21041012 0.21108325
 0.21175669 0.21243042 0.21310445 0.21377877 0.21445339 0.21512829
 0.21580347 0.21647893 0.21715467 0.21783068 0.21850696 0.21918351
 0.21986032 0.22053739 0.22121473 0.22189231 0.22257015 0.22324824
 0.22392657 0.22460515 0.22528397 0.22596303 0.22664232 0.22732185
 0.22800161 0.22868159 0.2293618  0.23004224 0.23072289 0.23140377
 0.23208486 0.23276616 0.23344768 0.23412941 0.23481134 0.23549348
 0.23617582 0.23685836 0.2375411  0.23822404 0.23890717 0.2395905
 0.24027401 0.24095772 0.24164161 0.24232569 0.24300995 0.24369439
 0.24437901 0.24506381 0.24574878 0.24643393 0.24711925 0.24780474
 0.2484904  0.24917623 0.24986222 0.25054838 0.2512347  0.25192119
 0.25260783 0.25329463 0.25398159 0.2546687  0.25535597 0.25604338
 0.25673095 0.25741867 0.25810654 0.25879455 0.25948271 0.26017101
 0.26085946 0.26154804 0.26223677 0.26292564 0.26361464 0.26430378
 0.26499306 0.26568247 0.26637201 0.26706168 0.26775149 0.26844142
 0.26913148 0.26982167 0.27051199 0.27120243 0.27189299 0.27258368
 0.27327449 0.27396542 0.27465647 0.27534764 0.27603892 0.27673033
 0.27742185 0.27811348 0.27880523 0.27949709 0.28018906 0.28088115
 0.28157334 0.28226565 0.28295806 0.28365058 0.28434321 0.28503594
 0.28572878 0.28642172 0.28711477 0.28780792 0.28850117 0.28919452
 0.28988798 0.29058153 0.29127518 0.29196893 0.29266278 0.29335673
 0.29405077 0.2947449  0.29543913 0.29613346 0.29682787 0.29752238
 0.29821699 0.29891168 0.29960646 0.30030134 0.3009963  0.30169135
 0.30238649 0.30308172 0.30377703 0.30447243 0.30516792 0.30586349
 0.30655915 0.30725489 0.30795071 0.30864661 0.3093426  0.31003867
 0.31073482 0.31143105 0.31212737 0.31282376 0.31352023 0.31421678
 0.3149134  0.31561011 0.31630689 0.31700375 0.31770068 0.31839769
 0.31909478 0.31979193 0.32048917 0.32118648 0.32188386 0.32258131
 0.32327884 0.32397644 0.32467411 0.32537185 0.32606966 0.32676754
 0.32746549 0.32816352 0.32886161 0.32955977 0.33025799 0.33095629
 0.33165465 0.33235309 0.33305158 0.33375015 0.33444878 0.33514747
 0.33584624 0.33654506 0.33724395 0.33794291 0.33864193 0.33934101
 0.34004016 0.34073937 0.34143864 0.34213798 0.34283737 0.34353683
 0.34423635 0.34493593 0.34563557 0.34633528 0.34703504 0.34773486
 0.34843474 0.34913468 0.34983468 0.35053474 0.35123486 0.35193504
 0.35263527 0.35333556 0.35403591 0.35473632 0.35543678 0.3561373
 0.35683788 0.35753851 0.3582392  0.35893995 0.35964075 0.3603416
 0.36104251 0.36174348 0.3624445  0.36314557 0.3638467  0.36454788
 0.36524912 0.36595041 0.36665175 0.36735315 0.36805459 0.36875609
 0.36945765 0.37015925 0.37086091 0.37156262 0.37226438 0.37296619
 0.37366806 0.37436997 0.37507194 0.37577395 0.37647602 0.37717814
 0.3778803  0.37858252 0.37928479 0.3799871  0.38068947 0.38139188
 0.38209435 0.38279686 0.38349942 0.38420203 0.38490469 0.3856074
 0.38631015 0.38701296 0.38771581 0.38841871 0.38912165 0.38982465
 0.39052769 0.39123078 0.39193391 0.3926371  0.39334032 0.3940436
 0.39474692 0.39545029 0.3961537  0.39685716 0.39756067 0.39826422
 0.39896782 0.39967146 0.40037515 0.40107889 0.40178267 0.40248649
 0.40319036 0.40389427 0.40459823 0.40530224 0.40600628 0.40671038
 0.40741451 0.40811869 0.40882292 0.40952719 0.4102315  0.41093586
 0.41164026 0.4123447  0.41304919 0.41375372 0.4144583  0.41516291
 0.41586757 0.41657228 0.41727702 0.41798181 0.41868665 0.41939152
 0.42009644 0.4208014  0.4215064  0.42221144 0.42291653 0.42362166
 0.42432683 0.42503205 0.4257373  0.4264426  0.42714794 0.42785332
 0.42855874 0.42926421 0.42996971 0.43067526 0.43138085 0.43208648
 0.43279215 0.43349786 0.43420362 0.43490941 0.43561525 0.43632112
 0.43702704 0.437733   0.438439   0.43914504 0.43985112 0.44055724
 0.4412634  0.44196961 0.44267585 0.44338213 0.44408846 0.44479482
 0.44550122 0.44620767 0.44691415 0.44762068 0.44832724 0.44903385
 0.44974049 0.45044718 0.4511539  0.45186067 0.45256747 0.45327432
 0.4539812  0.45468812 0.45539509 0.45610209 0.45680913 0.45751622
 0.45822334 0.4589305  0.4596377  0.46034494 0.46105222 0.46175954
 0.4624669  0.46317429 0.46388173 0.4645892  0.46529672 0.46600427
 0.46671187 0.4674195  0.46812717 0.46883488 0.46954263 0.47025042
 0.47095825 0.47166611 0.47237402 0.47308196 0.47378995 0.47449797
 0.47520603 0.47591413 0.47662227 0.47733045 0.47803866 0.47874692
 0.47945521 0.48016354 0.48087192 0.48158033 0.48228877 0.48299726
 0.48370579 0.48441435 0.48512296 0.4858316  0.48654028 0.487249
 0.48795776 0.48866655 0.48937539 0.49008426 0.49079317 0.49150212
 0.49221111 0.49292014 0.4936292  0.49433831 0.49504745 0.49575663
 0.49646585 0.49717511 0.49788441 0.49859374 0.49930312 0.50001253
 0.50072198 0.50143147 0.502141   0.50285056 0.50356017 0.50426981
 0.50497949 0.50568921 0.50639897 0.50710877 0.5078186  0.50852848
 0.50923839 0.50994834 0.51065833 0.51136836 0.51207842 0.51278853
 0.51349867 0.51420885 0.51491907 0.51562933 0.51633963 0.51704996
 0.51776034 0.51847075 0.5191812  0.51989169 0.52060222 0.52131279
 0.52202339 0.52273404 0.52344472 0.52415544 0.5248662  0.525577
 0.52628784 0.52699871 0.52770963 0.52842058 0.52913157 0.5298426
 0.53055367 0.53126478 0.53197592 0.53268711 0.53339833 0.53410959
 0.53482089 0.53553223 0.53624361 0.53695503 0.53766649 0.53837798
 0.53908952 0.53980109 0.5405127  0.54122435 0.54193604 0.54264777
 0.54335954 0.54407135 0.54478319 0.54549508 0.546207   0.54691896
 0.54763096 0.548343   0.54905508 0.5497672  0.55047936 0.55119156
 0.55190379 0.55261607 0.55332839 0.55404074 0.55475313 0.55546557
 0.55617804 0.55689055 0.5576031  0.55831569 0.55902832 0.55974099
 0.5604537  0.56116644 0.56187923 0.56259206 0.56330492 0.56401783
 0.56473077 0.56544376 0.56615678 0.56686985 0.56758295 0.5682961
 0.56900928 0.5697225  0.57043576 0.57114907 0.57186241 0.57257579
 0.57328921 0.57400268 0.57471618 0.57542972 0.5761433  0.57685693
 0.57757059 0.57828429 0.57899803 0.57971181 0.58042564 0.5811395
 0.5818534  0.58256735 0.58328133 0.58399535 0.58470942 0.58542352
 0.58613767 0.58685185 0.58756608 0.58828035 0.58899465 0.589709
 0.59042339 0.59113782 0.59185229 0.5925668  0.59328135 0.59399594
 0.59471057 0.59542524 0.59613996 0.59685471 0.59756951 0.59828435
 0.59899922 0.59971414 0.6004291  0.6011441  0.60185914 0.60257423
 0.60328935 0.60400452 0.60471972 0.60543497 0.60615026 0.60686559
 0.60758096 0.60829638 0.60901183 0.60972733 0.61044286 0.61115844
 0.61187406 0.61258973 0.61330543 0.61402118 0.61473696 0.61545279
 0.61616866 0.61688458 0.61760053 0.61831653 0.61903257 0.61974865
 0.62046477 0.62118094 0.62189714 0.62261339 0.62332968 0.62404602
 0.62476239 0.62547881 0.62619527 0.62691177 0.62762832 0.6283449
 0.62906153 0.62977821 0.63049492 0.63121168 0.63192848 0.63264532
 0.63336221 0.63407914 0.63479611 0.63551312 0.63623018 0.63694728
 0.63766442 0.6383816  0.63909883 0.6398161  0.64053342 0.64125078
 0.64196818 0.64268562 0.64340311 0.64412064 0.64483822 0.64555583
 0.64627349 0.6469912  0.64770895 0.64842674 0.64914457 0.64986245
 0.65058037 0.65129834 0.65201635 0.6527344  0.6534525  0.65417064
 0.65488883 0.65560706 0.65632533 0.65704365 0.65776201 0.65848042
 0.65919887 0.65991736 0.6606359  0.66135448 0.66207311 0.66279178
 0.66351049 0.66422925 0.66494806 0.66566691 0.6663858  0.66710474
 0.66782373 0.66854275 0.66926183 0.66998094 0.67070011 0.67141931
 0.67213857 0.67285786 0.67357721 0.67429659 0.67501603 0.67573551
 0.67645503 0.6771746  0.67789421 0.67861387 0.67933357 0.68005332
 0.68077312 0.68149296 0.68221285 0.68293278 0.68365276 0.68437278
 0.68509285 0.68581297 0.68653313 0.68725334 0.68797359 0.68869389
 0.68941423 0.69013462 0.69085506 0.69157555 0.69229608 0.69301665
 0.69373727 0.69445794 0.69517866 0.69589942 0.69662023 0.69734108
 0.69806198 0.69878293 0.69950393 0.70022497 0.70094606 0.70166719
 0.70238837 0.7031096  0.70383088 0.7045522  0.70527357 0.70599499
 0.70671645 0.70743796 0.70815952 0.70888113 0.70960278 0.71032448
 0.71104623 0.71176803 0.71248987 0.71321176 0.7139337  0.71465569
 0.71537772 0.7160998  0.71682193 0.71754411 0.71826634 0.71898861
 0.71971093 0.7204333  0.72115572 0.72187819 0.7226007  0.72332326
 0.72404587 0.72476853 0.72549124 0.726214   0.7269368  0.72765966
 0.72838256 0.72910551 0.72982851 0.73055156 0.73127465 0.7319978
 0.73272099 0.73344424 0.73416753 0.73489087 0.73561426 0.7363377
 0.73706119 0.73778473 0.73850832 0.73923196 0.73995564 0.74067938
 0.74140316 0.742127   0.74285089 0.74357482 0.7442988  0.74502284
 0.74574692 0.74647106 0.74719524 0.74791947 0.74864376 0.74936809
 0.75009248 0.75081691 0.75154139 0.75226593]
t = [1.06995856e+09 1.06995857e+09 1.06995859e+09 1.06995860e+09
 1.06995861e+09 1.06995863e+09 1.06995864e+09 1.06995865e+09
 1.06995867e+09 1.06995868e+09 1.06995870e+09 1.06995871e+09
 1.06995872e+09 1.06995874e+09 1.06995875e+09 1.06995876e+09
 1.06995878e+09 1.06995879e+09 1.06995880e+09 1.06995882e+09
 1.06995883e+09 1.06995885e+09 1.06995886e+09 1.06995887e+09
 1.06995889e+09 1.06995890e+09 1.06995891e+09 1.06995893e+09
 1.06995894e+09 1.06995896e+09 1.06995897e+09 1.06995898e+09
 1.06995900e+09 1.06995901e+09 1.06995902e+09 1.06995904e+09
 1.06995905e+09 1.06995907e+09 1.06995908e+09 1.06995909e+09
 1.06995911e+09 1.06995912e+09 1.06995913e+09 1.06995915e+09
 1.06995916e+09 1.06995917e+09 1.06995919e+09 1.06995920e+09
 1.06995922e+09 1.06995923e+09 1.06995924e+09 1.06995926e+09
 1.06995927e+09 1.06995928e+09 1.06995930e+09 1.06995931e+09
 1.06995933e+09 1.06995934e+09 1.06995935e+09 1.06995937e+09
 1.06995938e+09 1.06995939e+09 1.06995941e+09 1.06995942e+09
 1.06995944e+09 1.06995945e+09 1.06995946e+09 1.06995948e+09
 1.06995949e+09 1.06995950e+09 1.06995952e+09 1.06995953e+09
 1.06995954e+09 1.06995956e+09 1.06995957e+09 1.06995959e+09
 1.06995960e+09 1.06995961e+09 1.06995963e+09 1.06995964e+09
 1.06995965e+09 1.06995967e+09 1.06995968e+09 1.06995970e+09
 1.06995971e+09 1.06995972e+09 1.06995974e+09 1.06995975e+09
 1.06995976e+09 1.06995978e+09 1.06995979e+09 1.06995981e+09
 1.06995982e+09 1.06995983e+09 1.06995985e+09 1.06995986e+09
 1.06995987e+09 1.06995989e+09 1.06995990e+09 1.06995991e+09
 1.06995993e+09 1.06995994e+09 1.06995996e+09 1.06995997e+09
 1.06995998e+09 1.06996000e+09 1.06996001e+09 1.06996002e+09
 1.06996004e+09 1.06996005e+09 1.06996007e+09 1.06996008e+09
 1.06996009e+09 1.06996011e+09 1.06996012e+09 1.06996013e+09
 1.06996015e+09 1.06996016e+09 1.06996018e+09 1.06996019e+09
 1.06996020e+09 1.06996022e+09 1.06996023e+09 1.06996024e+09
 1.06996026e+09 1.06996027e+09 1.06996028e+09 1.06996030e+09
 1.06996031e+09 1.06996033e+09 1.06996034e+09 1.06996035e+09
 1.06996037e+09 1.06996038e+09 1.06996039e+09 1.06996041e+09
 1.06996042e+09 1.06996044e+09 1.06996045e+09 1.06996046e+09
 1.06996048e+09 1.06996049e+09 1.06996050e+09 1.06996052e+09
 1.06996053e+09 1.06996055e+09 1.06996056e+09 1.06996057e+09
 1.06996059e+09 1.06996060e+09 1.06996061e+09 1.06996063e+09
 1.06996064e+09 1.06996065e+09 1.06996067e+09 1.06996068e+09
 1.06996070e+09 1.06996071e+09 1.06996072e+09 1.06996074e+09
 1.06996075e+09 1.06996076e+09 1.06996078e+09 1.06996079e+09
 1.06996081e+09 1.06996082e+09 1.06996083e+09 1.06996085e+09
 1.06996086e+09 1.06996087e+09 1.06996089e+09 1.06996090e+09
 1.06996092e+09 1.06996093e+09 1.06996094e+09 1.06996096e+09
 1.06996097e+09 1.06996098e+09 1.06996100e+09 1.06996101e+09
 1.06996103e+09 1.06996104e+09 1.06996105e+09 1.06996107e+09
 1.06996108e+09 1.06996109e+09 1.06996111e+09 1.06996112e+09
 1.06996113e+09 1.06996115e+09 1.06996116e+09 1.06996118e+09
 1.06996119e+09 1.06996120e+09 1.06996122e+09 1.06996123e+09
 1.06996124e+09 1.06996126e+09 1.06996127e+09 1.06996129e+09
 1.06996130e+09 1.06996131e+09 1.06996133e+09 1.06996134e+09
 1.06996135e+09 1.06996137e+09 1.06996138e+09 1.06996140e+09
 1.06996141e+09 1.06996142e+09 1.06996144e+09 1.06996145e+09
 1.06996146e+09 1.06996148e+09 1.06996149e+09 1.06996150e+09
 1.06996152e+09 1.06996153e+09 1.06996155e+09 1.06996156e+09
 1.06996157e+09 1.06996159e+09 1.06996160e+09 1.06996161e+09
 1.06996163e+09 1.06996164e+09 1.06996166e+09 1.06996167e+09
 1.06996168e+09 1.06996170e+09 1.06996171e+09 1.06996172e+09
 1.06996174e+09 1.06996175e+09 1.06996177e+09 1.06996178e+09
 1.06996179e+09 1.06996181e+09 1.06996182e+09 1.06996183e+09
 1.06996185e+09 1.06996186e+09 1.06996187e+09 1.06996189e+09
 1.06996190e+09 1.06996192e+09 1.06996193e+09 1.06996194e+09
 1.06996196e+09 1.06996197e+09 1.06996198e+09 1.06996200e+09
 1.06996201e+09 1.06996203e+09 1.06996204e+09 1.06996205e+09
 1.06996207e+09 1.06996208e+09 1.06996209e+09 1.06996211e+09
 1.06996212e+09 1.06996214e+09 1.06996215e+09 1.06996216e+09
 1.06996218e+09 1.06996219e+09 1.06996220e+09 1.06996222e+09
 1.06996223e+09 1.06996224e+09 1.06996226e+09 1.06996227e+09
 1.06996229e+09 1.06996230e+09 1.06996231e+09 1.06996233e+09
 1.06996234e+09 1.06996235e+09 1.06996237e+09 1.06996238e+09
 1.06996240e+09 1.06996241e+09 1.06996242e+09 1.06996244e+09
 1.06996245e+09 1.06996246e+09 1.06996248e+09 1.06996249e+09
 1.06996251e+09 1.06996252e+09 1.06996253e+09 1.06996255e+09
 1.06996256e+09 1.06996257e+09 1.06996259e+09 1.06996260e+09
 1.06996261e+09 1.06996263e+09 1.06996264e+09 1.06996266e+09
 1.06996267e+09 1.06996268e+09 1.06996270e+09 1.06996271e+09
 1.06996272e+09 1.06996274e+09 1.06996275e+09 1.06996277e+09
 1.06996278e+09 1.06996279e+09 1.06996281e+09 1.06996282e+09
 1.06996283e+09 1.06996285e+09 1.06996286e+09 1.06996288e+09
 1.06996289e+09 1.06996290e+09 1.06996292e+09 1.06996293e+09
 1.06996294e+09 1.06996296e+09 1.06996297e+09 1.06996298e+09
 1.06996300e+09 1.06996301e+09 1.06996303e+09 1.06996304e+09
 1.06996305e+09 1.06996307e+09 1.06996308e+09 1.06996309e+09
 1.06996311e+09 1.06996312e+09 1.06996314e+09 1.06996315e+09
 1.06996316e+09 1.06996318e+09 1.06996319e+09 1.06996320e+09
 1.06996322e+09 1.06996323e+09 1.06996325e+09 1.06996326e+09
 1.06996327e+09 1.06996329e+09 1.06996330e+09 1.06996331e+09
 1.06996333e+09 1.06996334e+09 1.06996336e+09 1.06996337e+09
 1.06996338e+09 1.06996340e+09 1.06996341e+09 1.06996342e+09
 1.06996344e+09 1.06996345e+09 1.06996346e+09 1.06996348e+09
 1.06996349e+09 1.06996351e+09 1.06996352e+09 1.06996353e+09
 1.06996355e+09 1.06996356e+09 1.06996357e+09 1.06996359e+09
 1.06996360e+09 1.06996362e+09 1.06996363e+09 1.06996364e+09
 1.06996366e+09 1.06996367e+09 1.06996368e+09 1.06996370e+09
 1.06996371e+09 1.06996373e+09 1.06996374e+09 1.06996375e+09
 1.06996377e+09 1.06996378e+09 1.06996379e+09 1.06996381e+09
 1.06996382e+09 1.06996383e+09 1.06996385e+09 1.06996386e+09
 1.06996388e+09 1.06996389e+09 1.06996390e+09 1.06996392e+09
 1.06996393e+09 1.06996394e+09 1.06996396e+09 1.06996397e+09
 1.06996399e+09 1.06996400e+09 1.06996401e+09 1.06996403e+09
 1.06996404e+09 1.06996405e+09 1.06996407e+09 1.06996408e+09
 1.06996410e+09 1.06996411e+09 1.06996412e+09 1.06996414e+09
 1.06996415e+09 1.06996416e+09 1.06996418e+09 1.06996419e+09
 1.06996420e+09 1.06996422e+09 1.06996423e+09 1.06996425e+09
 1.06996426e+09 1.06996427e+09 1.06996429e+09 1.06996430e+09
 1.06996431e+09 1.06996433e+09 1.06996434e+09 1.06996436e+09
 1.06996437e+09 1.06996438e+09 1.06996440e+09 1.06996441e+09
 1.06996442e+09 1.06996444e+09 1.06996445e+09 1.06996447e+09
 1.06996448e+09 1.06996449e+09 1.06996451e+09 1.06996452e+09
 1.06996453e+09 1.06996455e+09 1.06996456e+09 1.06996457e+09
 1.06996459e+09 1.06996460e+09 1.06996462e+09 1.06996463e+09
 1.06996464e+09 1.06996466e+09 1.06996467e+09 1.06996468e+09
 1.06996470e+09 1.06996471e+09 1.06996473e+09 1.06996474e+09
 1.06996475e+09 1.06996477e+09 1.06996478e+09 1.06996479e+09
 1.06996481e+09 1.06996482e+09 1.06996484e+09 1.06996485e+09
 1.06996486e+09 1.06996488e+09 1.06996489e+09 1.06996490e+09
 1.06996492e+09 1.06996493e+09 1.06996494e+09 1.06996496e+09
 1.06996497e+09 1.06996499e+09 1.06996500e+09 1.06996501e+09
 1.06996503e+09 1.06996504e+09 1.06996505e+09 1.06996507e+09
 1.06996508e+09 1.06996510e+09 1.06996511e+09 1.06996512e+09
 1.06996514e+09 1.06996515e+09 1.06996516e+09 1.06996518e+09
 1.06996519e+09 1.06996521e+09 1.06996522e+09 1.06996523e+09
 1.06996525e+09 1.06996526e+09 1.06996527e+09 1.06996529e+09
 1.06996530e+09 1.06996532e+09 1.06996533e+09 1.06996534e+09
 1.06996536e+09 1.06996537e+09 1.06996538e+09 1.06996540e+09
 1.06996541e+09 1.06996542e+09 1.06996544e+09 1.06996545e+09
 1.06996547e+09 1.06996548e+09 1.06996549e+09 1.06996551e+09
 1.06996552e+09 1.06996553e+09 1.06996555e+09 1.06996556e+09
 1.06996558e+09 1.06996559e+09 1.06996560e+09 1.06996562e+09
 1.06996563e+09 1.06996564e+09 1.06996566e+09 1.06996567e+09
 1.06996569e+09 1.06996570e+09 1.06996571e+09 1.06996573e+09
 1.06996574e+09 1.06996575e+09 1.06996577e+09 1.06996578e+09
 1.06996579e+09 1.06996581e+09 1.06996582e+09 1.06996584e+09
 1.06996585e+09 1.06996586e+09 1.06996588e+09 1.06996589e+09
 1.06996590e+09 1.06996592e+09 1.06996593e+09 1.06996595e+09
 1.06996596e+09 1.06996597e+09 1.06996599e+09 1.06996600e+09
 1.06996601e+09 1.06996603e+09 1.06996604e+09 1.06996606e+09
 1.06996607e+09 1.06996608e+09 1.06996610e+09 1.06996611e+09
 1.06996612e+09 1.06996614e+09 1.06996615e+09 1.06996616e+09
 1.06996618e+09 1.06996619e+09 1.06996621e+09 1.06996622e+09
 1.06996623e+09 1.06996625e+09 1.06996626e+09 1.06996627e+09
 1.06996629e+09 1.06996630e+09 1.06996632e+09 1.06996633e+09
 1.06996634e+09 1.06996636e+09 1.06996637e+09 1.06996638e+09
 1.06996640e+09 1.06996641e+09 1.06996643e+09 1.06996644e+09
 1.06996645e+09 1.06996647e+09 1.06996648e+09 1.06996649e+09
 1.06996651e+09 1.06996652e+09 1.06996653e+09 1.06996655e+09
 1.06996656e+09 1.06996658e+09 1.06996659e+09 1.06996660e+09
 1.06996662e+09 1.06996663e+09 1.06996664e+09 1.06996666e+09
 1.06996667e+09 1.06996669e+09 1.06996670e+09 1.06996671e+09
 1.06996673e+09 1.06996674e+09 1.06996675e+09 1.06996677e+09
 1.06996678e+09 1.06996680e+09 1.06996681e+09 1.06996682e+09
 1.06996684e+09 1.06996685e+09 1.06996686e+09 1.06996688e+09
 1.06996689e+09 1.06996690e+09 1.06996692e+09 1.06996693e+09
 1.06996695e+09 1.06996696e+09 1.06996697e+09 1.06996699e+09
 1.06996700e+09 1.06996701e+09 1.06996703e+09 1.06996704e+09
 1.06996706e+09 1.06996707e+09 1.06996708e+09 1.06996710e+09
 1.06996711e+09 1.06996712e+09 1.06996714e+09 1.06996715e+09
 1.06996717e+09 1.06996718e+09 1.06996719e+09 1.06996721e+09
 1.06996722e+09 1.06996723e+09 1.06996725e+09 1.06996726e+09
 1.06996727e+09 1.06996729e+09 1.06996730e+09 1.06996732e+09
 1.06996733e+09 1.06996734e+09 1.06996736e+09 1.06996737e+09
 1.06996738e+09 1.06996740e+09 1.06996741e+09 1.06996743e+09
 1.06996744e+09 1.06996745e+09 1.06996747e+09 1.06996748e+09
 1.06996749e+09 1.06996751e+09 1.06996752e+09 1.06996754e+09
 1.06996755e+09 1.06996756e+09 1.06996758e+09 1.06996759e+09
 1.06996760e+09 1.06996762e+09 1.06996763e+09 1.06996765e+09
 1.06996766e+09 1.06996767e+09 1.06996769e+09 1.06996770e+09
 1.06996771e+09 1.06996773e+09 1.06996774e+09 1.06996775e+09
 1.06996777e+09 1.06996778e+09 1.06996780e+09 1.06996781e+09
 1.06996782e+09 1.06996784e+09 1.06996785e+09 1.06996786e+09
 1.06996788e+09 1.06996789e+09 1.06996791e+09 1.06996792e+09
 1.06996793e+09 1.06996795e+09 1.06996796e+09 1.06996797e+09
 1.06996799e+09 1.06996800e+09 1.06996802e+09 1.06996803e+09
 1.06996804e+09 1.06996806e+09 1.06996807e+09 1.06996808e+09
 1.06996810e+09 1.06996811e+09 1.06996812e+09 1.06996814e+09
 1.06996815e+09 1.06996817e+09 1.06996818e+09 1.06996819e+09
 1.06996821e+09 1.06996822e+09 1.06996823e+09 1.06996825e+09
 1.06996826e+09 1.06996828e+09 1.06996829e+09 1.06996830e+09
 1.06996832e+09 1.06996833e+09 1.06996834e+09 1.06996836e+09
 1.06996837e+09 1.06996839e+09 1.06996840e+09 1.06996841e+09
 1.06996843e+09 1.06996844e+09 1.06996845e+09 1.06996847e+09
 1.06996848e+09 1.06996849e+09 1.06996851e+09 1.06996852e+09
 1.06996854e+09 1.06996855e+09 1.06996856e+09 1.06996858e+09
 1.06996859e+09 1.06996860e+09 1.06996862e+09 1.06996863e+09
 1.06996865e+09 1.06996866e+09 1.06996867e+09 1.06996869e+09
 1.06996870e+09 1.06996871e+09 1.06996873e+09 1.06996874e+09
 1.06996876e+09 1.06996877e+09 1.06996878e+09 1.06996880e+09
 1.06996881e+09 1.06996882e+09 1.06996884e+09 1.06996885e+09
 1.06996886e+09 1.06996888e+09 1.06996889e+09 1.06996891e+09
 1.06996892e+09 1.06996893e+09 1.06996895e+09 1.06996896e+09
 1.06996897e+09 1.06996899e+09 1.06996900e+09 1.06996902e+09
 1.06996903e+09 1.06996904e+09 1.06996906e+09 1.06996907e+09
 1.06996908e+09 1.06996910e+09 1.06996911e+09 1.06996913e+09
 1.06996914e+09 1.06996915e+09 1.06996917e+09 1.06996918e+09
 1.06996919e+09 1.06996921e+09 1.06996922e+09 1.06996923e+09
 1.06996925e+09 1.06996926e+09 1.06996928e+09 1.06996929e+09
 1.06996930e+09 1.06996932e+09 1.06996933e+09 1.06996934e+09
 1.06996936e+09 1.06996937e+09 1.06996939e+09 1.06996940e+09
 1.06996941e+09 1.06996943e+09 1.06996944e+09 1.06996945e+09
 1.06996947e+09 1.06996948e+09 1.06996950e+09 1.06996951e+09
 1.06996952e+09 1.06996954e+09 1.06996955e+09 1.06996956e+09
 1.06996958e+09 1.06996959e+09 1.06996960e+09 1.06996962e+09
 1.06996963e+09 1.06996965e+09 1.06996966e+09 1.06996967e+09
 1.06996969e+09 1.06996970e+09 1.06996971e+09 1.06996973e+09
 1.06996974e+09 1.06996976e+09 1.06996977e+09 1.06996978e+09
 1.06996980e+09 1.06996981e+09 1.06996982e+09 1.06996984e+09
 1.06996985e+09 1.06996987e+09 1.06996988e+09 1.06996989e+09
 1.06996991e+09 1.06996992e+09 1.06996993e+09 1.06996995e+09
 1.06996996e+09 1.06996998e+09 1.06996999e+09 1.06997000e+09
 1.06997002e+09 1.06997003e+09 1.06997004e+09 1.06997006e+09
 1.06997007e+09 1.06997008e+09 1.06997010e+09 1.06997011e+09
 1.06997013e+09 1.06997014e+09 1.06997015e+09 1.06997017e+09
 1.06997018e+09 1.06997019e+09 1.06997021e+09 1.06997022e+09
 1.06997024e+09 1.06997025e+09 1.06997026e+09 1.06997028e+09
 1.06997029e+09 1.06997030e+09 1.06997032e+09 1.06997033e+09
 1.06997035e+09 1.06997036e+09 1.06997037e+09 1.06997039e+09
 1.06997040e+09 1.06997041e+09 1.06997043e+09 1.06997044e+09
 1.06997045e+09 1.06997047e+09 1.06997048e+09 1.06997050e+09
 1.06997051e+09 1.06997052e+09 1.06997054e+09 1.06997055e+09
 1.06997056e+09 1.06997058e+09 1.06997059e+09 1.06997061e+09
 1.06997062e+09 1.06997063e+09 1.06997065e+09 1.06997066e+09
 1.06997067e+09 1.06997069e+09 1.06997070e+09 1.06997072e+09
 1.06997073e+09 1.06997074e+09 1.06997076e+09 1.06997077e+09
 1.06997078e+09 1.06997080e+09 1.06997081e+09 1.06997082e+09
 1.06997084e+09 1.06997085e+09 1.06997087e+09 1.06997088e+09
 1.06997089e+09 1.06997091e+09 1.06997092e+09 1.06997093e+09
 1.06997095e+09 1.06997096e+09 1.06997098e+09 1.06997099e+09
 1.06997100e+09 1.06997102e+09 1.06997103e+09 1.06997104e+09
 1.06997106e+09 1.06997107e+09 1.06997109e+09 1.06997110e+09
 1.06997111e+09 1.06997113e+09 1.06997114e+09 1.06997115e+09
 1.06997117e+09 1.06997118e+09 1.06997119e+09 1.06997121e+09
 1.06997122e+09 1.06997124e+09 1.06997125e+09 1.06997126e+09
 1.06997128e+09 1.06997129e+09 1.06997130e+09 1.06997132e+09
 1.06997133e+09 1.06997135e+09 1.06997136e+09 1.06997137e+09
 1.06997139e+09 1.06997140e+09 1.06997141e+09 1.06997143e+09
 1.06997144e+09 1.06997146e+09 1.06997147e+09 1.06997148e+09
 1.06997150e+09 1.06997151e+09 1.06997152e+09 1.06997154e+09
 1.06997155e+09 1.06997156e+09 1.06997158e+09 1.06997159e+09
 1.06997161e+09 1.06997162e+09 1.06997163e+09 1.06997165e+09
 1.06997166e+09 1.06997167e+09 1.06997169e+09 1.06997170e+09
 1.06997172e+09 1.06997173e+09 1.06997174e+09 1.06997176e+09
 1.06997177e+09 1.06997178e+09 1.06997180e+09 1.06997181e+09
 1.06997183e+09 1.06997184e+09 1.06997185e+09 1.06997187e+09
 1.06997188e+09 1.06997189e+09 1.06997191e+09 1.06997192e+09
 1.06997193e+09 1.06997195e+09 1.06997196e+09 1.06997198e+09
 1.06997199e+09 1.06997200e+09 1.06997202e+09 1.06997203e+09
 1.06997204e+09 1.06997206e+09 1.06997207e+09 1.06997209e+09
 1.06997210e+09 1.06997211e+09 1.06997213e+09 1.06997214e+09
 1.06997215e+09 1.06997217e+09 1.06997218e+09 1.06997220e+09
 1.06997221e+09 1.06997222e+09 1.06997224e+09 1.06997225e+09]
minRes = 0.10108946010543943
minResTime = [1.06995894e+09]
Cov(t) = [100 100 100 100 100 100 100 100 100 100 100 100 100 100 100 100 100 100
 100 100 100 100 100 100 100 100 100 100 100 100 100 100 100 100 100 100
 100 100 100 100 100 100 100 100 100 100 100 100 100 100 100 100 100 100
 100 100 100 100 100 100 100 100 100 100 100 100 100 100 100 100 100 100
 100 100 100 100 100 100 100 100 100 100 100 100 100 100 100 100 100 100
 100 100 100 100 100 100 100 100 100 100 100 100 100 100 100 100 100 100
 100 100 100 100 100 100 100 100 100 100 100 100 100 100 100 100 100 100
 100 100 100 100 100 100 100 100 100 100 100 100 100 100 100 100 100 100
 100 100 100 100 100 100 100 100 100 100 100 100 100 100 100 100 100 100
 100 100 100 100 100 100 100 100 100 100 100 100 100 100 100 100 100 100
 100 100 100 100 100 100 100 100 100 100 100 100 100 100 100 100 100 100
 100 100 100 100 100 100 100 100 100 100 100 100 100 100 100 100 100 100
 100 100 100 100 100 100 100 100 100 100 100 100 100 100 100 100 100 100
 100 100 100 100 100 100 100 100 100 100 100 100 100 100 100 100 100 100
 100 100 100 100 100 100 100 100 100 100 100 100 100 100 100 100 100 100
 100 100 100 100 100 100 100 100 100 100 100 100 100 100 100 100 100 100
 100 100 100 100 100 100 100 100 100 100 100 100 100 100 100 100 100 100
 100 100 100 100 100 100 100 100 100 100 100 100 100 100 100 100 100 100
 100 100 100 100 100 100 100 100 100 100 100 100 100 100 100 100 100 100
 100 100 100 100 100 100 100 100 100 100 100 100 100 100 100 100 100 100
 100 100 100 100 100 100 100 100 100 100 100 100 100 100 100 100 100 100
 100 100 100 100 100 100 100 100 100 100 100 100 100 100 100 100 100 100
 100 100 100 100 100 100 100 100 100 100 100 100 100 100 100 100 100 100
 100 100 100 100 100 100 100 100 100 100 100 100 100 100 100 100 100 100
 100 100 100 100 100 100 100 100 100 100 100 100 100 100 100 100 100 100
 100 100 100 100 100 100 100 100 100 100 100 100 100 100 100 100 100 100
 100 100 100 100 100 100 100 100 100 100 100 100 100 100 100 100 100 100
 100 100 100 100 100 100 100 100 100 100 100 100 100 100 100 100 100 100
 100 100 100 100 100 100 100 100 100 100 100 100 100 100 100 100 100 100
 100 100 100 100 100 100 100 100 100 100 100 100 100 100 100 100 100 100
 100 100 100 100 100 100 100 100 100 100 100 100 100 100 100 100 100 100
 100 100 100 100 100 100 100 100 100 100 100 100 100 100 100 100 100 100
 100 100 100 100 100 100 100 100 100 100 100 100 100 100 100 100 100 100
 100 100 100 100 100 100 100 100 100 100 100 100 100 100 100 100 100 100
 100 100 100 100 100 100 100 100 100 100 100 100 100 100 100 100 100 100
 100 100 100 100 100 100 100 100 100 100 100 100 100 100 100 100 100 100
 100 100 100 100 100 100 100 100 100 100 100 100 100 100 100 100 100 100
 100 100 100 100 100 100 100 100 100 100 100 100 100 100 100 100 100 100
 100 100 100 100 100 100 100 100 100 100 100 100 100 100 100 100 100 100
 100 100 100 100 100 100 100 100 100 100 100 100 100 100 100 100 100 100
 100 100 100 100 100 100 100 100 100 100 100 100 100 100 100 100 100 100
 100 100 100 100 100 100 100 100 100 100 100 100 100 100 100 100 100 100
 100 100 100 100 100 100 100 100 100 100 100 100 100 100 100 100 100 100
 100 100 100 100 100 100 100 100 100 100 100 100 100 100 100 100 100 100
 100 100 100 100 100 100 100 100 100 100 100 100 100 100 100 100 100 100
 100 100 100 100 100 100 100 100 100 100 100 100 100 100 100 100 100 100
 100 100 100 100 100 100 100 100 100 100 100 100 100 100 100 100 100 100
 100 100 100 100 100 100 100 100 100 100 100 100 100 100 100 100 100 100
 100 100 100 100 100 100 100 100 100 100 100 100 100 100 100 100 100 100
 100 100 100 100 100 100 100 100 100 100 100 100 100 100 100 100 100 100
 100 100 100 100 100 100 100 100 100 100 100 100 100 100 100 100 100 100
 100 100 100 100 100 100 100 100 100 100 100 100 100 100 100 100 100 100
 100 100 100 100 100 100 100 100 100 100 100 100 100 100 100 100 100 100
 100 100 100 100 100 100 100 100 100 100 100 100 100 100 100 100 100 100
 100 100 100 100 100 100 100 100 100 100 100 100 100 100 100 100 100 100
 100 100 100 100 100 100 100 100 100 100]
maxCov = 100
maxCovTime = [1.06995856e+09 1.06995857e+09 1.06995859e+09 1.06995860e+09
 1.06995861e+09 1.06995863e+09 1.06995864e+09 1.06995865e+09
 1.06995867e+09 1.06995868e+09 1.06995870e+09 1.06995871e+09
 1.06995872e+09 1.06995874e+09 1.06995875e+09 1.06995876e+09
 1.06995878e+09 1.06995879e+09 1.06995880e+09 1.06995882e+09
 1.06995883e+09 1.06995885e+09 1.06995886e+09 1.06995887e+09
 1.06995889e+09 1.06995890e+09 1.06995891e+09 1.06995893e+09
 1.06995894e+09 1.06995896e+09 1.06995897e+09 1.06995898e+09
 1.06995900e+09 1.06995901e+09 1.06995902e+09 1.06995904e+09
 1.06995905e+09 1.06995907e+09 1.06995908e+09 1.06995909e+09
 1.06995911e+09 1.06995912e+09 1.06995913e+09 1.06995915e+09
 1.06995916e+09 1.06995917e+09 1.06995919e+09 1.06995920e+09
 1.06995922e+09 1.06995923e+09 1.06995924e+09 1.06995926e+09
 1.06995927e+09 1.06995928e+09 1.06995930e+09 1.06995931e+09
 1.06995933e+09 1.06995934e+09 1.06995935e+09 1.06995937e+09
 1.06995938e+09 1.06995939e+09 1.06995941e+09 1.06995942e+09
 1.06995944e+09 1.06995945e+09 1.06995946e+09 1.06995948e+09
 1.06995949e+09 1.06995950e+09 1.06995952e+09 1.06995953e+09
 1.06995954e+09 1.06995956e+09 1.06995957e+09 1.06995959e+09
 1.06995960e+09 1.06995961e+09 1.06995963e+09 1.06995964e+09
 1.06995965e+09 1.06995967e+09 1.06995968e+09 1.06995970e+09
 1.06995971e+09 1.06995972e+09 1.06995974e+09 1.06995975e+09
 1.06995976e+09 1.06995978e+09 1.06995979e+09 1.06995981e+09
 1.06995982e+09 1.06995983e+09 1.06995985e+09 1.06995986e+09
 1.06995987e+09 1.06995989e+09 1.06995990e+09 1.06995991e+09
 1.06995993e+09 1.06995994e+09 1.06995996e+09 1.06995997e+09
 1.06995998e+09 1.06996000e+09 1.06996001e+09 1.06996002e+09
 1.06996004e+09 1.06996005e+09 1.06996007e+09 1.06996008e+09
 1.06996009e+09 1.06996011e+09 1.06996012e+09 1.06996013e+09
 1.06996015e+09 1.06996016e+09 1.06996018e+09 1.06996019e+09
 1.06996020e+09 1.06996022e+09 1.06996023e+09 1.06996024e+09
 1.06996026e+09 1.06996027e+09 1.06996028e+09 1.06996030e+09
 1.06996031e+09 1.06996033e+09 1.06996034e+09 1.06996035e+09
 1.06996037e+09 1.06996038e+09 1.06996039e+09 1.06996041e+09
 1.06996042e+09 1.06996044e+09 1.06996045e+09 1.06996046e+09
 1.06996048e+09 1.06996049e+09 1.06996050e+09 1.06996052e+09
 1.06996053e+09 1.06996055e+09 1.06996056e+09 1.06996057e+09
 1.06996059e+09 1.06996060e+09 1.06996061e+09 1.06996063e+09
 1.06996064e+09 1.06996065e+09 1.06996067e+09 1.06996068e+09
 1.06996070e+09 1.06996071e+09 1.06996072e+09 1.06996074e+09
 1.06996075e+09 1.06996076e+09 1.06996078e+09 1.06996079e+09
 1.06996081e+09 1.06996082e+09 1.06996083e+09 1.06996085e+09
 1.06996086e+09 1.06996087e+09 1.06996089e+09 1.06996090e+09
 1.06996092e+09 1.06996093e+09 1.06996094e+09 1.06996096e+09
 1.06996097e+09 1.06996098e+09 1.06996100e+09 1.06996101e+09
 1.06996103e+09 1.06996104e+09 1.06996105e+09 1.06996107e+09
 1.06996108e+09 1.06996109e+09 1.06996111e+09 1.06996112e+09
 1.06996113e+09 1.06996115e+09 1.06996116e+09 1.06996118e+09
 1.06996119e+09 1.06996120e+09 1.06996122e+09 1.06996123e+09
 1.06996124e+09 1.06996126e+09 1.06996127e+09 1.06996129e+09
 1.06996130e+09 1.06996131e+09 1.06996133e+09 1.06996134e+09
 1.06996135e+09 1.06996137e+09 1.06996138e+09 1.06996140e+09
 1.06996141e+09 1.06996142e+09 1.06996144e+09 1.06996145e+09
 1.06996146e+09 1.06996148e+09 1.06996149e+09 1.06996150e+09
 1.06996152e+09 1.06996153e+09 1.06996155e+09 1.06996156e+09
 1.06996157e+09 1.06996159e+09 1.06996160e+09 1.06996161e+09
 1.06996163e+09 1.06996164e+09 1.06996166e+09 1.06996167e+09
 1.06996168e+09 1.06996170e+09 1.06996171e+09 1.06996172e+09
 1.06996174e+09 1.06996175e+09 1.06996177e+09 1.06996178e+09
 1.06996179e+09 1.06996181e+09 1.06996182e+09 1.06996183e+09
 1.06996185e+09 1.06996186e+09 1.06996187e+09 1.06996189e+09
 1.06996190e+09 1.06996192e+09 1.06996193e+09 1.06996194e+09
 1.06996196e+09 1.06996197e+09 1.06996198e+09 1.06996200e+09
 1.06996201e+09 1.06996203e+09 1.06996204e+09 1.06996205e+09
 1.06996207e+09 1.06996208e+09 1.06996209e+09 1.06996211e+09
 1.06996212e+09 1.06996214e+09 1.06996215e+09 1.06996216e+09
 1.06996218e+09 1.06996219e+09 1.06996220e+09 1.06996222e+09
 1.06996223e+09 1.06996224e+09 1.06996226e+09 1.06996227e+09
 1.06996229e+09 1.06996230e+09 1.06996231e+09 1.06996233e+09
 1.06996234e+09 1.06996235e+09 1.06996237e+09 1.06996238e+09
 1.06996240e+09 1.06996241e+09 1.06996242e+09 1.06996244e+09
 1.06996245e+09 1.06996246e+09 1.06996248e+09 1.06996249e+09
 1.06996251e+09 1.06996252e+09 1.06996253e+09 1.06996255e+09
 1.06996256e+09 1.06996257e+09 1.06996259e+09 1.06996260e+09
 1.06996261e+09 1.06996263e+09 1.06996264e+09 1.06996266e+09
 1.06996267e+09 1.06996268e+09 1.06996270e+09 1.06996271e+09
 1.06996272e+09 1.06996274e+09 1.06996275e+09 1.06996277e+09
 1.06996278e+09 1.06996279e+09 1.06996281e+09 1.06996282e+09
 1.06996283e+09 1.06996285e+09 1.06996286e+09 1.06996288e+09
 1.06996289e+09 1.06996290e+09 1.06996292e+09 1.06996293e+09
 1.06996294e+09 1.06996296e+09 1.06996297e+09 1.06996298e+09
 1.06996300e+09 1.06996301e+09 1.06996303e+09 1.06996304e+09
 1.06996305e+09 1.06996307e+09 1.06996308e+09 1.06996309e+09
 1.06996311e+09 1.06996312e+09 1.06996314e+09 1.06996315e+09
 1.06996316e+09 1.06996318e+09 1.06996319e+09 1.06996320e+09
 1.06996322e+09 1.06996323e+09 1.06996325e+09 1.06996326e+09
 1.06996327e+09 1.06996329e+09 1.06996330e+09 1.06996331e+09
 1.06996333e+09 1.06996334e+09 1.06996336e+09 1.06996337e+09
 1.06996338e+09 1.06996340e+09 1.06996341e+09 1.06996342e+09
 1.06996344e+09 1.06996345e+09 1.06996346e+09 1.06996348e+09
 1.06996349e+09 1.06996351e+09 1.06996352e+09 1.06996353e+09
 1.06996355e+09 1.06996356e+09 1.06996357e+09 1.06996359e+09
 1.06996360e+09 1.06996362e+09 1.06996363e+09 1.06996364e+09
 1.06996366e+09 1.06996367e+09 1.06996368e+09 1.06996370e+09
 1.06996371e+09 1.06996373e+09 1.06996374e+09 1.06996375e+09
 1.06996377e+09 1.06996378e+09 1.06996379e+09 1.06996381e+09
 1.06996382e+09 1.06996383e+09 1.06996385e+09 1.06996386e+09
 1.06996388e+09 1.06996389e+09 1.06996390e+09 1.06996392e+09
 1.06996393e+09 1.06996394e+09 1.06996396e+09 1.06996397e+09
 1.06996399e+09 1.06996400e+09 1.06996401e+09 1.06996403e+09
 1.06996404e+09 1.06996405e+09 1.06996407e+09 1.06996408e+09
 1.06996410e+09 1.06996411e+09 1.06996412e+09 1.06996414e+09
 1.06996415e+09 1.06996416e+09 1.06996418e+09 1.06996419e+09
 1.06996420e+09 1.06996422e+09 1.06996423e+09 1.06996425e+09
 1.06996426e+09 1.06996427e+09 1.06996429e+09 1.06996430e+09
 1.06996431e+09 1.06996433e+09 1.06996434e+09 1.06996436e+09
 1.06996437e+09 1.06996438e+09 1.06996440e+09 1.06996441e+09
 1.06996442e+09 1.06996444e+09 1.06996445e+09 1.06996447e+09
 1.06996448e+09 1.06996449e+09 1.06996451e+09 1.06996452e+09
 1.06996453e+09 1.06996455e+09 1.06996456e+09 1.06996457e+09
 1.06996459e+09 1.06996460e+09 1.06996462e+09 1.06996463e+09
 1.06996464e+09 1.06996466e+09 1.06996467e+09 1.06996468e+09
 1.06996470e+09 1.06996471e+09 1.06996473e+09 1.06996474e+09
 1.06996475e+09 1.06996477e+09 1.06996478e+09 1.06996479e+09
 1.06996481e+09 1.06996482e+09 1.06996484e+09 1.06996485e+09
 1.06996486e+09 1.06996488e+09 1.06996489e+09 1.06996490e+09
 1.06996492e+09 1.06996493e+09 1.06996494e+09 1.06996496e+09
 1.06996497e+09 1.06996499e+09 1.06996500e+09 1.06996501e+09
 1.06996503e+09 1.06996504e+09 1.06996505e+09 1.06996507e+09
 1.06996508e+09 1.06996510e+09 1.06996511e+09 1.06996512e+09
 1.06996514e+09 1.06996515e+09 1.06996516e+09 1.06996518e+09
 1.06996519e+09 1.06996521e+09 1.06996522e+09 1.06996523e+09
 1.06996525e+09 1.06996526e+09 1.06996527e+09 1.06996529e+09
 1.06996530e+09 1.06996532e+09 1.06996533e+09 1.06996534e+09
 1.06996536e+09 1.06996537e+09 1.06996538e+09 1.06996540e+09
 1.06996541e+09 1.06996542e+09 1.06996544e+09 1.06996545e+09
 1.06996547e+09 1.06996548e+09 1.06996549e+09 1.06996551e+09
 1.06996552e+09 1.06996553e+09 1.06996555e+09 1.06996556e+09
 1.06996558e+09 1.06996559e+09 1.06996560e+09 1.06996562e+09
 1.06996563e+09 1.06996564e+09 1.06996566e+09 1.06996567e+09
 1.06996569e+09 1.06996570e+09 1.06996571e+09 1.06996573e+09
 1.06996574e+09 1.06996575e+09 1.06996577e+09 1.06996578e+09
 1.06996579e+09 1.06996581e+09 1.06996582e+09 1.06996584e+09
 1.06996585e+09 1.06996586e+09 1.06996588e+09 1.06996589e+09
 1.06996590e+09 1.06996592e+09 1.06996593e+09 1.06996595e+09
 1.06996596e+09 1.06996597e+09 1.06996599e+09 1.06996600e+09
 1.06996601e+09 1.06996603e+09 1.06996604e+09 1.06996606e+09
 1.06996607e+09 1.06996608e+09 1.06996610e+09 1.06996611e+09
 1.06996612e+09 1.06996614e+09 1.06996615e+09 1.06996616e+09
 1.06996618e+09 1.06996619e+09 1.06996621e+09 1.06996622e+09
 1.06996623e+09 1.06996625e+09 1.06996626e+09 1.06996627e+09
 1.06996629e+09 1.06996630e+09 1.06996632e+09 1.06996633e+09
 1.06996634e+09 1.06996636e+09 1.06996637e+09 1.06996638e+09
 1.06996640e+09 1.06996641e+09 1.06996643e+09 1.06996644e+09
 1.06996645e+09 1.06996647e+09 1.06996648e+09 1.06996649e+09
 1.06996651e+09 1.06996652e+09 1.06996653e+09 1.06996655e+09
 1.06996656e+09 1.06996658e+09 1.06996659e+09 1.06996660e+09
 1.06996662e+09 1.06996663e+09 1.06996664e+09 1.06996666e+09
 1.06996667e+09 1.06996669e+09 1.06996670e+09 1.06996671e+09
 1.06996673e+09 1.06996674e+09 1.06996675e+09 1.06996677e+09
 1.06996678e+09 1.06996680e+09 1.06996681e+09 1.06996682e+09
 1.06996684e+09 1.06996685e+09 1.06996686e+09 1.06996688e+09
 1.06996689e+09 1.06996690e+09 1.06996692e+09 1.06996693e+09
 1.06996695e+09 1.06996696e+09 1.06996697e+09 1.06996699e+09
 1.06996700e+09 1.06996701e+09 1.06996703e+09 1.06996704e+09
 1.06996706e+09 1.06996707e+09 1.06996708e+09 1.06996710e+09
 1.06996711e+09 1.06996712e+09 1.06996714e+09 1.06996715e+09
 1.06996717e+09 1.06996718e+09 1.06996719e+09 1.06996721e+09
 1.06996722e+09 1.06996723e+09 1.06996725e+09 1.06996726e+09
 1.06996727e+09 1.06996729e+09 1.06996730e+09 1.06996732e+09
 1.06996733e+09 1.06996734e+09 1.06996736e+09 1.06996737e+09
 1.06996738e+09 1.06996740e+09 1.06996741e+09 1.06996743e+09
 1.06996744e+09 1.06996745e+09 1.06996747e+09 1.06996748e+09
 1.06996749e+09 1.06996751e+09 1.06996752e+09 1.06996754e+09
 1.06996755e+09 1.06996756e+09 1.06996758e+09 1.06996759e+09
 1.06996760e+09 1.06996762e+09 1.06996763e+09 1.06996765e+09
 1.06996766e+09 1.06996767e+09 1.06996769e+09 1.06996770e+09
 1.06996771e+09 1.06996773e+09 1.06996774e+09 1.06996775e+09
 1.06996777e+09 1.06996778e+09 1.06996780e+09 1.06996781e+09
 1.06996782e+09 1.06996784e+09 1.06996785e+09 1.06996786e+09
 1.06996788e+09 1.06996789e+09 1.06996791e+09 1.06996792e+09
 1.06996793e+09 1.06996795e+09 1.06996796e+09 1.06996797e+09
 1.06996799e+09 1.06996800e+09 1.06996802e+09 1.06996803e+09
 1.06996804e+09 1.06996806e+09 1.06996807e+09 1.06996808e+09
 1.06996810e+09 1.06996811e+09 1.06996812e+09 1.06996814e+09
 1.06996815e+09 1.06996817e+09 1.06996818e+09 1.06996819e+09
 1.06996821e+09 1.06996822e+09 1.06996823e+09 1.06996825e+09
 1.06996826e+09 1.06996828e+09 1.06996829e+09 1.06996830e+09
 1.06996832e+09 1.06996833e+09 1.06996834e+09 1.06996836e+09
 1.06996837e+09 1.06996839e+09 1.06996840e+09 1.06996841e+09
 1.06996843e+09 1.06996844e+09 1.06996845e+09 1.06996847e+09
 1.06996848e+09 1.06996849e+09 1.06996851e+09 1.06996852e+09
 1.06996854e+09 1.06996855e+09 1.06996856e+09 1.06996858e+09
 1.06996859e+09 1.06996860e+09 1.06996862e+09 1.06996863e+09
 1.06996865e+09 1.06996866e+09 1.06996867e+09 1.06996869e+09
 1.06996870e+09 1.06996871e+09 1.06996873e+09 1.06996874e+09
 1.06996876e+09 1.06996877e+09 1.06996878e+09 1.06996880e+09
 1.06996881e+09 1.06996882e+09 1.06996884e+09 1.06996885e+09
 1.06996886e+09 1.06996888e+09 1.06996889e+09 1.06996891e+09
 1.06996892e+09 1.06996893e+09 1.06996895e+09 1.06996896e+09
 1.06996897e+09 1.06996899e+09 1.06996900e+09 1.06996902e+09
 1.06996903e+09 1.06996904e+09 1.06996906e+09 1.06996907e+09
 1.06996908e+09 1.06996910e+09 1.06996911e+09 1.06996913e+09
 1.06996914e+09 1.06996915e+09 1.06996917e+09 1.06996918e+09
 1.06996919e+09 1.06996921e+09 1.06996922e+09 1.06996923e+09
 1.06996925e+09 1.06996926e+09 1.06996928e+09 1.06996929e+09
 1.06996930e+09 1.06996932e+09 1.06996933e+09 1.06996934e+09
 1.06996936e+09 1.06996937e+09 1.06996939e+09 1.06996940e+09
 1.06996941e+09 1.06996943e+09 1.06996944e+09 1.06996945e+09
 1.06996947e+09 1.06996948e+09 1.06996950e+09 1.06996951e+09
 1.06996952e+09 1.06996954e+09 1.06996955e+09 1.06996956e+09
 1.06996958e+09 1.06996959e+09 1.06996960e+09 1.06996962e+09
 1.06996963e+09 1.06996965e+09 1.06996966e+09 1.06996967e+09
 1.06996969e+09 1.06996970e+09 1.06996971e+09 1.06996973e+09
 1.06996974e+09 1.06996976e+09 1.06996977e+09 1.06996978e+09
 1.06996980e+09 1.06996981e+09 1.06996982e+09 1.06996984e+09
 1.06996985e+09 1.06996987e+09 1.06996988e+09 1.06996989e+09
 1.06996991e+09 1.06996992e+09 1.06996993e+09 1.06996995e+09
 1.06996996e+09 1.06996998e+09 1.06996999e+09 1.06997000e+09
 1.06997002e+09 1.06997003e+09 1.06997004e+09 1.06997006e+09
 1.06997007e+09 1.06997008e+09 1.06997010e+09 1.06997011e+09
 1.06997013e+09 1.06997014e+09 1.06997015e+09 1.06997017e+09
 1.06997018e+09 1.06997019e+09 1.06997021e+09 1.06997022e+09
 1.06997024e+09 1.06997025e+09 1.06997026e+09 1.06997028e+09
 1.06997029e+09 1.06997030e+09 1.06997032e+09 1.06997033e+09
 1.06997035e+09 1.06997036e+09 1.06997037e+09 1.06997039e+09
 1.06997040e+09 1.06997041e+09 1.06997043e+09 1.06997044e+09
 1.06997045e+09 1.06997047e+09 1.06997048e+09 1.06997050e+09
 1.06997051e+09 1.06997052e+09 1.06997054e+09 1.06997055e+09
 1.06997056e+09 1.06997058e+09 1.06997059e+09 1.06997061e+09
 1.06997062e+09 1.06997063e+09 1.06997065e+09 1.06997066e+09
 1.06997067e+09 1.06997069e+09 1.06997070e+09 1.06997072e+09
 1.06997073e+09 1.06997074e+09 1.06997076e+09 1.06997077e+09
 1.06997078e+09 1.06997080e+09 1.06997081e+09 1.06997082e+09
 1.06997084e+09 1.06997085e+09 1.06997087e+09 1.06997088e+09
 1.06997089e+09 1.06997091e+09 1.06997092e+09 1.06997093e+09
 1.06997095e+09 1.06997096e+09 1.06997098e+09 1.06997099e+09
 1.06997100e+09 1.06997102e+09 1.06997103e+09 1.06997104e+09
 1.06997106e+09 1.06997107e+09 1.06997109e+09 1.06997110e+09
 1.06997111e+09 1.06997113e+09 1.06997114e+09 1.06997115e+09
 1.06997117e+09 1.06997118e+09 1.06997119e+09 1.06997121e+09
 1.06997122e+09 1.06997124e+09 1.06997125e+09 1.06997126e+09
 1.06997128e+09 1.06997129e+09 1.06997130e+09 1.06997132e+09
 1.06997133e+09 1.06997135e+09 1.06997136e+09 1.06997137e+09
 1.06997139e+09 1.06997140e+09 1.06997141e+09 1.06997143e+09
 1.06997144e+09 1.06997146e+09 1.06997147e+09 1.06997148e+09
 1.06997150e+09 1.06997151e+09 1.06997152e+09 1.06997154e+09
 1.06997155e+09 1.06997156e+09 1.06997158e+09 1.06997159e+09
 1.06997161e+09 1.06997162e+09 1.06997163e+09 1.06997165e+09
 1.06997166e+09 1.06997167e+09 1.06997169e+09 1.06997170e+09
 1.06997172e+09 1.06997173e+09 1.06997174e+09 1.06997176e+09
 1.06997177e+09 1.06997178e+09 1.06997180e+09 1.06997181e+09
 1.06997183e+09 1.06997184e+09 1.06997185e+09 1.06997187e+09
 1.06997188e+09 1.06997189e+09 1.06997191e+09 1.06997192e+09
 1.06997193e+09 1.06997195e+09 1.06997196e+09 1.06997198e+09
 1.06997199e+09 1.06997200e+09 1.06997202e+09 1.06997203e+09
 1.06997204e+09 1.06997206e+09 1.06997207e+09 1.06997209e+09
 1.06997210e+09 1.06997211e+09 1.06997213e+09 1.06997214e+09
 1.06997215e+09 1.06997217e+09 1.06997218e+09 1.06997220e+09
 1.06997221e+09 1.06997222e+09 1.06997224e+09 1.06997225e+09]
