name =JUICE_ROI_GAN_6_3_03
flyby = ['2034 JAN 14 06:38:51', '2034 JAN 15 06:38:51']
Observation TW = <SpiceCell dtype = 1, length = 0, size = 3200, card = 12, is_set = 1, adjust = 0, init = 1, base = 94872018727680, data = 94872018727728>
Res(t) = [1.59804622 1.59644626 1.59484641 1.59324669 1.59164709 1.59004761
 1.58844825 1.58684901 1.58524988 1.58365087 1.58205198 1.58045321
 1.57885455 1.57725601 1.57565759 1.57405928 1.57246108 1.570863
 1.56926503 1.56766717 1.56606942 1.56447179 1.56287427 1.56127686
 1.55967956 1.55808237 1.55648528 1.55488831 1.55329145 1.55169469
 1.55009804 1.54850149 1.54690506 1.54530873 1.5437125  1.54211638
 1.54052036 1.53892444 1.53732863 1.53573293 1.53413732 1.53254182
 1.53094641 1.52935111 1.52775591 1.5261608  1.5245658  1.52297089
 1.52137609 1.51978138 1.51818677 1.51659225 1.51499783 1.51340351
 1.51180928 1.51021514 1.5086211  1.50702715 1.5054333  1.50383954
 1.50224587 1.50065229 1.4990588  1.49746541 1.4958721  1.49427888
 1.49268576 1.49109272 1.48949977 1.4879069  1.48631412 1.48472143
 1.48312883 1.48153631 1.47994387 1.47835152 1.47675926 1.47516708
 1.47357498 1.47198296 1.47039102 1.46879917 1.46720739 1.4656157
 1.46402409 1.46243255 1.4608411  1.45924972 1.45765842 1.4560672
 1.45447606 1.45288499 1.45129399 1.44970308 1.44811223 1.44652146
 1.44493077 1.44334015 1.4417496  1.44015912 1.43856871 1.43697838
 1.43538812 1.43379792 1.4322078  1.43061774 1.42902776 1.42743784
 1.42584799 1.42425821 1.42266849 1.42107884 1.41948925 1.41789973
 1.41631028 1.41472089 1.41313156 1.41154229 1.40995309 1.40836395
 1.40677487 1.40518585 1.40359689 1.40200799 1.40041916 1.39883038
 1.39724166 1.39565299 1.39406439 1.39247584 1.39088734 1.38929891
 1.38771052 1.3861222  1.38453392 1.38294571 1.38135754 1.37976943
 1.37818137 1.37659336 1.3750054  1.37341749 1.37182964 1.37024183
 1.36865407 1.36706636 1.3654787  1.36389109 1.36230352 1.360716
 1.35912852 1.3575411  1.35595371 1.35436637 1.35277908 1.35119183
 1.34960462 1.34801745 1.34643033 1.34484325 1.34325621 1.34166921
 1.34008224 1.33849532 1.33690844 1.3353216  1.33373479 1.33214802
 1.33056129 1.32897459 1.32738793 1.32580131 1.32421472 1.32262816
 1.32104164 1.31945515 1.31786869 1.31628227 1.31469588 1.31310951
 1.31152318 1.30993688 1.30835061 1.30676437 1.30517816 1.30359197
 1.30200582 1.30041969 1.29883358 1.2972475  1.29566145 1.29407543
 1.29248942 1.29090344 1.28931749 1.28773156 1.28614565 1.28455976
 1.28297389 1.28138805 1.27980222 1.27821641 1.27663063 1.27504486
 1.27345911 1.27187338 1.27028767 1.26870197 1.26711629 1.26553062
 1.26394497 1.26235934 1.26077372 1.25918811 1.25760252 1.25601693
 1.25443136 1.25284581 1.25126026 1.24967472 1.2480892  1.24650368
 1.24491817 1.24333267 1.24174718 1.2401617  1.23857622 1.23699075
 1.23540529 1.23381983 1.23223437 1.23064893 1.22906348 1.22747804
 1.2258926  1.22430716 1.22272173 1.22113629 1.21955086 1.21796543
 1.21637999 1.21479456 1.21320912 1.21162369 1.21003825 1.20845281
 1.20686736 1.20528191 1.20369646 1.202111   1.20052554 1.19894007
 1.19735459 1.19576911 1.19418362 1.19259812 1.19101261 1.18942709
 1.18784157 1.18625603 1.18467049 1.18308493 1.18149936 1.17991378
 1.17832819 1.17674258 1.17515696 1.17357133 1.17198568 1.17040002
 1.16881434 1.16722864 1.16564293 1.1640572  1.16247145 1.16088569
 1.1592999  1.1577141  1.15612828 1.15454243 1.15295657 1.15137068
 1.14978478 1.14819885 1.14661289 1.14502692 1.14344092 1.14185489
 1.14026884 1.13868277 1.13709667 1.13551054 1.13392439 1.13233821
 1.130752   1.12916576 1.12757949 1.1259932  1.12440687 1.12282052
 1.12123413 1.11964771 1.11806126 1.11647477 1.11488826 1.11330171
 1.11171512 1.1101285  1.10854185 1.10695516 1.10536843 1.10378167
 1.10219487 1.10060803 1.09902115 1.09743424 1.09584729 1.09426029
 1.09267326 1.09108618 1.08949907 1.08791191 1.08632471 1.08473747
 1.08315018 1.08156286 1.07997548 1.07838806 1.0768006  1.07521309
 1.07362553 1.07203793 1.07045028 1.06886258 1.06727484 1.06568704
 1.0640992  1.0625113  1.06092336 1.05933537 1.05774732 1.05615922
 1.05457107 1.05298287 1.05139461 1.0498063  1.04821793 1.04662951
 1.04504104 1.0434525  1.04186392 1.04027527 1.03868657 1.03709781
 1.03550899 1.03392011 1.03233118 1.03074218 1.02915312 1.02756401
 1.02597483 1.02438558 1.02279628 1.02120691 1.01961748 1.01802799
 1.01643843 1.01484881 1.01325912 1.01166937 1.01007955 1.00848966
 1.0068997  1.00530968 1.00371959 1.00212943 1.0005392  0.9989489
 0.99735853 0.99576809 0.99417758 0.99258699 0.99099634 0.98940561
 0.9878148  0.98622393 0.98463298 0.98304195 0.98145085 0.97985968
 0.97826842 0.97667709 0.97508569 0.9734942  0.97190264 0.970311
 0.96871928 0.96712748 0.9655356  0.96394364 0.9623516  0.96075947
 0.95916727 0.95757498 0.95598261 0.95439015 0.95279761 0.95120499
 0.94961228 0.94801949 0.94642661 0.94483364 0.94324059 0.94164745
 0.94005422 0.9384609  0.93686749 0.935274   0.93368041 0.93208674
 0.93049297 0.92889912 0.92730517 0.92571113 0.92411699 0.92252276
 0.92092844 0.91933403 0.91773952 0.91614492 0.91455022 0.91295542
 0.91136053 0.90976554 0.90817045 0.90657527 0.90497999 0.90338461
 0.90178913 0.90019355 0.89859787 0.89700209 0.8954062  0.89381022
 0.89221414 0.89061795 0.88902166 0.88742526 0.88582877 0.88423216
 0.88263546 0.88103864 0.87944173 0.8778447  0.87624757 0.87465034
 0.87305299 0.87145554 0.86985798 0.86826031 0.86666253 0.86506464
 0.86346664 0.86186853 0.86027031 0.85867198 0.85707353 0.85547498
 0.85387631 0.85227753 0.85067863 0.84907962 0.8474805  0.84588126
 0.8442819  0.84268243 0.84108284 0.83948314 0.83788332 0.83628338
 0.83468332 0.83308315 0.83148286 0.82988244 0.82828191 0.82668126
 0.82508048 0.82347959 0.82187857 0.82027744 0.81867618 0.81707479
 0.81547329 0.81387166 0.81226991 0.81066803 0.80906603 0.8074639
 0.80586165 0.80425927 0.80265677 0.80105414 0.79945138 0.7978485
 0.79624548 0.79464234 0.79303907 0.79143567 0.78983215 0.78822849
 0.7866247  0.78502078 0.78341673 0.78181255 0.78020824 0.77860379
 0.77699921 0.7753945  0.77378966 0.77218468 0.77057957 0.76897432
 0.76736894 0.76576343 0.76415778 0.76255199 0.76094607 0.75934001
 0.75773381 0.75612748 0.75452101 0.7529144  0.75130765 0.74970077
 0.74809374 0.74648658 0.74487927 0.74327183 0.74166425 0.74005652
 0.73844866 0.73684065 0.7352325  0.73362421 0.73201578 0.73040721
 0.72879849 0.72718963 0.72558062 0.72397147 0.72236218 0.72075275
 0.71914316 0.71753344 0.71592357 0.71431355 0.71270339 0.71109308
 0.70948262 0.70787202 0.70626127 0.70465037 0.70303933 0.70142814
 0.6998168  0.69820531 0.69659367 0.69498189 0.69336995 0.69175787
 0.69014564 0.68853326 0.68692072 0.68530804 0.6836952  0.68208222
 0.68046909 0.6788558  0.67724236 0.67562877 0.67401503 0.67240114
 0.67078709 0.66917289 0.66755854 0.66594404 0.66432938 0.66271457
 0.66109961 0.6594845  0.65786923 0.6562538  0.65463823 0.65302249
 0.65140661 0.64979057 0.64817437 0.64655802 0.64494152 0.64332486
 0.64170805 0.64009108 0.63847395 0.63685667 0.63523924 0.63362165
 0.6320039  0.630386   0.62876794 0.62714973 0.62553136 0.62391283
 0.62229415 0.62067531 0.61905632 0.61743717 0.61581786 0.6141984
 0.61257878 0.610959   0.60933907 0.60771898 0.60609874 0.60447834
 0.60285778 0.60123707 0.5996162  0.59799518 0.596374   0.59475266
 0.59313117 0.59150952 0.58988771 0.58826575 0.58664364 0.58502137
 0.58339894 0.58177636 0.58015363 0.57853073 0.57690769 0.57528449
 0.57366113 0.57203762 0.57041396 0.56879014 0.56716617 0.56554205
 0.56391777 0.56229334 0.56066876 0.55904402 0.55741913 0.5557941
 0.5541689  0.55254356 0.55091807 0.54929242 0.54766663 0.54604068
 0.54441459 0.54278835 0.54116195 0.53953541 0.53790872 0.53628189
 0.5346549  0.53302777 0.53140049 0.52977307 0.5281455  0.52651779
 0.52488993 0.52326193 0.52163379 0.5200055  0.51837707 0.5167485
 0.51511978 0.51349093 0.51186194 0.51023281 0.50860354 0.50697413
 0.50534459 0.50371491 0.50208509 0.50045514 0.49882506 0.49719484
 0.49556449 0.49393401 0.49230339 0.49067265 0.48904178 0.48741078
 0.48577966 0.4841484  0.48251703 0.48088553 0.4792539  0.47762216
 0.47599029 0.4743583  0.4727262  0.47109398 0.46946164 0.46782918
 0.46619662 0.46456394 0.46293115 0.46129824 0.45966523 0.45803212
 0.45639889 0.45476556 0.45313213 0.4514986  0.44986497 0.44823123
 0.44659741 0.44496348 0.44332946 0.44169535 0.44006115 0.43842687
 0.43679249 0.43515803 0.43352349 0.43188886 0.43025416 0.42861938
 0.42698452 0.42534959 0.42371459 0.42207952 0.42044438 0.41880918
 0.41717392 0.4155386  0.41390322 0.41226778 0.41063229 0.40899676
 0.40736117 0.40572554 0.40408987 0.40245415 0.4008184  0.39918262
 0.39754681 0.39591096 0.3942751  0.39263921 0.3910033  0.38936738
 0.38773144 0.3860955  0.38445954 0.38282359 0.38118764 0.37955169
 0.37791576 0.37627983 0.37464392 0.37300803 0.37137217 0.36973633
 0.36810053 0.36646476 0.36482904 0.36319336 0.36155772 0.35992215
 0.35828663 0.35665118 0.35501579 0.35338048 0.35174525 0.35011011
 0.34847505 0.34684009 0.34520522 0.34357047 0.34193582 0.34030129
 0.33866689 0.33703261 0.33539847 0.33376448 0.33213063 0.33049694
 0.32886342 0.32723006 0.32559688 0.32396388 0.32233108 0.32069847
 0.31906607 0.31743389 0.31580193 0.32445241 0.32268545 0.32091975
 0.31915532 0.31739216 0.31563028 0.31386969 0.31211039 0.31035239
 0.30859569 0.30684031 0.30508624 0.30333351 0.30158211 0.29983205
 0.29808335 0.29633601 0.29459004 0.29284544 0.28650165 0.28481386
 0.28312715 0.28144154 0.27975704 0.27807365 0.27639139 0.27471026
 0.27303029 0.27135149 0.26967386 0.26799743 0.26632219 0.26464818
 0.26297541 0.26130388 0.25963362 0.25796463 0.25638079 0.25469796
 0.25301665 0.25133688 0.24965868 0.24748394 0.24581774 0.24194222
 0.24030275 0.23866475 0.23702826 0.23539328 0.23375985 0.23212799
 0.23049772 0.22886907 0.22724206 0.22561672 0.2229498  0.22133469
 0.21972129 0.21810963 0.21649975 0.21489167 0.21328544 0.21168109
 0.21007865 0.20847816 0.20687967 0.2052832  0.20472769 0.20310973
 0.20149423 0.19988123 0.19827077 0.19666292 0.1950577  0.19345518
 0.1918554  0.19025843 0.18866432 0.18707312 0.1854849  0.18389971
 0.18231764 0.18073873 0.17916307 0.17759072 0.17602176 0.17445626
 0.17289431 0.17133599 0.16978138 0.16823058 0.16668368 0.16514077
 0.16360195 0.16206733 0.16053699 0.15901108 0.15748971 0.15597299
 0.15446104 0.15295399 0.15145198 0.14995516 0.14846365 0.14697762
 0.14549722 0.14402262 0.14255398 0.14109147 0.13963529 0.13818562
 0.13674266 0.13530662 0.13387772 0.13245617 0.13104222 0.12930033
 0.12757982 0.12617191 0.12481713 0.12268562 0.1213161  0.1195905
 0.11825259 0.11692587 0.11561074 0.11430762 0.11301691 0.11173909
 0.11047461 0.10922398 0.10798772 0.10676638 0.10556053 0.10436903
 0.10319624 0.10163726 0.10051245 0.09896109 0.09779404 0.09670095
 0.09575925 0.09475759 0.093784   0.09289505 0.09161993 0.09074423
 0.0898995  0.08908726 0.0878536  0.08712027 0.0860621  0.08543976
 0.08486289 0.08433406 0.08385602 0.08343174 0.08306442 0.08275756
 0.08251498 0.08234079 0.08223163 0.08222019 0.08229341 0.08245776
 0.08272032 0.08308933 0.08357434 0.08418642 0.0839008  0.08467832
 0.08560876 0.08631272 0.08625592 0.08655383 0.0879411  0.08790984
 0.08951998 0.09137726 0.09352876 0.09318826 0.09581754 0.0986846
 0.100837   0.10453036 0.10718209 0.11223672 0.11569989 0.1153427
 0.1220966  0.12667416 0.14031767 0.13615796 0.15136394 0.12367701
 0.13008192 0.13883561 0.14424396 0.16586994]
t = [1.07411925e+09 1.07411928e+09 1.07411931e+09 1.07411934e+09
 1.07411937e+09 1.07411940e+09 1.07411943e+09 1.07411946e+09
 1.07411948e+09 1.07411951e+09 1.07411954e+09 1.07411957e+09
 1.07411960e+09 1.07411963e+09 1.07411966e+09 1.07411969e+09
 1.07411972e+09 1.07411975e+09 1.07411978e+09 1.07411981e+09
 1.07411984e+09 1.07411987e+09 1.07411990e+09 1.07411992e+09
 1.07411995e+09 1.07411998e+09 1.07412001e+09 1.07412004e+09
 1.07412007e+09 1.07412010e+09 1.07412013e+09 1.07412016e+09
 1.07412019e+09 1.07412022e+09 1.07412025e+09 1.07412028e+09
 1.07412031e+09 1.07412034e+09 1.07412036e+09 1.07412039e+09
 1.07412042e+09 1.07412045e+09 1.07412048e+09 1.07412051e+09
 1.07412054e+09 1.07412057e+09 1.07412060e+09 1.07412063e+09
 1.07412066e+09 1.07412069e+09 1.07412072e+09 1.07412075e+09
 1.07412078e+09 1.07412080e+09 1.07412083e+09 1.07412086e+09
 1.07412089e+09 1.07412092e+09 1.07412095e+09 1.07412098e+09
 1.07412101e+09 1.07412104e+09 1.07412107e+09 1.07412110e+09
 1.07412113e+09 1.07412116e+09 1.07412119e+09 1.07412122e+09
 1.07412125e+09 1.07412127e+09 1.07412130e+09 1.07412133e+09
 1.07412136e+09 1.07412139e+09 1.07412142e+09 1.07412145e+09
 1.07412148e+09 1.07412151e+09 1.07412154e+09 1.07412157e+09
 1.07412160e+09 1.07412163e+09 1.07412166e+09 1.07412169e+09
 1.07412171e+09 1.07412174e+09 1.07412177e+09 1.07412180e+09
 1.07412183e+09 1.07412186e+09 1.07412189e+09 1.07412192e+09
 1.07412195e+09 1.07412198e+09 1.07412201e+09 1.07412204e+09
 1.07412207e+09 1.07412210e+09 1.07412213e+09 1.07412215e+09
 1.07412218e+09 1.07412221e+09 1.07412224e+09 1.07412227e+09
 1.07412230e+09 1.07412233e+09 1.07412236e+09 1.07412239e+09
 1.07412242e+09 1.07412245e+09 1.07412248e+09 1.07412251e+09
 1.07412254e+09 1.07412257e+09 1.07412259e+09 1.07412262e+09
 1.07412265e+09 1.07412268e+09 1.07412271e+09 1.07412274e+09
 1.07412277e+09 1.07412280e+09 1.07412283e+09 1.07412286e+09
 1.07412289e+09 1.07412292e+09 1.07412295e+09 1.07412298e+09
 1.07412301e+09 1.07412303e+09 1.07412306e+09 1.07412309e+09
 1.07412312e+09 1.07412315e+09 1.07412318e+09 1.07412321e+09
 1.07412324e+09 1.07412327e+09 1.07412330e+09 1.07412333e+09
 1.07412336e+09 1.07412339e+09 1.07412342e+09 1.07412345e+09
 1.07412347e+09 1.07412350e+09 1.07412353e+09 1.07412356e+09
 1.07412359e+09 1.07412362e+09 1.07412365e+09 1.07412368e+09
 1.07412371e+09 1.07412374e+09 1.07412377e+09 1.07412380e+09
 1.07412383e+09 1.07412386e+09 1.07412389e+09 1.07412391e+09
 1.07412394e+09 1.07412397e+09 1.07412400e+09 1.07412403e+09
 1.07412406e+09 1.07412409e+09 1.07412412e+09 1.07412415e+09
 1.07412418e+09 1.07412421e+09 1.07412424e+09 1.07412427e+09
 1.07412430e+09 1.07412433e+09 1.07412435e+09 1.07412438e+09
 1.07412441e+09 1.07412444e+09 1.07412447e+09 1.07412450e+09
 1.07412453e+09 1.07412456e+09 1.07412459e+09 1.07412462e+09
 1.07412465e+09 1.07412468e+09 1.07412471e+09 1.07412474e+09
 1.07412477e+09 1.07412479e+09 1.07412482e+09 1.07412485e+09
 1.07412488e+09 1.07412491e+09 1.07412494e+09 1.07412497e+09
 1.07412500e+09 1.07412503e+09 1.07412506e+09 1.07412509e+09
 1.07412512e+09 1.07412515e+09 1.07412518e+09 1.07412521e+09
 1.07412523e+09 1.07412526e+09 1.07412529e+09 1.07412532e+09
 1.07412535e+09 1.07412538e+09 1.07412541e+09 1.07412544e+09
 1.07412547e+09 1.07412550e+09 1.07412553e+09 1.07412556e+09
 1.07412559e+09 1.07412562e+09 1.07412565e+09 1.07412567e+09
 1.07412570e+09 1.07412573e+09 1.07412576e+09 1.07412579e+09
 1.07412582e+09 1.07412585e+09 1.07412588e+09 1.07412591e+09
 1.07412594e+09 1.07412597e+09 1.07412600e+09 1.07412603e+09
 1.07412606e+09 1.07412609e+09 1.07412611e+09 1.07412614e+09
 1.07412617e+09 1.07412620e+09 1.07412623e+09 1.07412626e+09
 1.07412629e+09 1.07412632e+09 1.07412635e+09 1.07412638e+09
 1.07412641e+09 1.07412644e+09 1.07412647e+09 1.07412650e+09
 1.07412653e+09 1.07412655e+09 1.07412658e+09 1.07412661e+09
 1.07412664e+09 1.07412667e+09 1.07412670e+09 1.07412673e+09
 1.07412676e+09 1.07412679e+09 1.07412682e+09 1.07412685e+09
 1.07412688e+09 1.07412691e+09 1.07412694e+09 1.07412697e+09
 1.07412699e+09 1.07412702e+09 1.07412705e+09 1.07412708e+09
 1.07412711e+09 1.07412714e+09 1.07412717e+09 1.07412720e+09
 1.07412723e+09 1.07412726e+09 1.07412729e+09 1.07412732e+09
 1.07412735e+09 1.07412738e+09 1.07412741e+09 1.07412743e+09
 1.07412746e+09 1.07412749e+09 1.07412752e+09 1.07412755e+09
 1.07412758e+09 1.07412761e+09 1.07412764e+09 1.07412767e+09
 1.07412770e+09 1.07412773e+09 1.07412776e+09 1.07412779e+09
 1.07412782e+09 1.07412785e+09 1.07412787e+09 1.07412790e+09
 1.07412793e+09 1.07412796e+09 1.07412799e+09 1.07412802e+09
 1.07412805e+09 1.07412808e+09 1.07412811e+09 1.07412814e+09
 1.07412817e+09 1.07412820e+09 1.07412823e+09 1.07412826e+09
 1.07412829e+09 1.07412831e+09 1.07412834e+09 1.07412837e+09
 1.07412840e+09 1.07412843e+09 1.07412846e+09 1.07412849e+09
 1.07412852e+09 1.07412855e+09 1.07412858e+09 1.07412861e+09
 1.07412864e+09 1.07412867e+09 1.07412870e+09 1.07412873e+09
 1.07412875e+09 1.07412878e+09 1.07412881e+09 1.07412884e+09
 1.07412887e+09 1.07412890e+09 1.07412893e+09 1.07412896e+09
 1.07412899e+09 1.07412902e+09 1.07412905e+09 1.07412908e+09
 1.07412911e+09 1.07412914e+09 1.07412917e+09 1.07412919e+09
 1.07412922e+09 1.07412925e+09 1.07412928e+09 1.07412931e+09
 1.07412934e+09 1.07412937e+09 1.07412940e+09 1.07412943e+09
 1.07412946e+09 1.07412949e+09 1.07412952e+09 1.07412955e+09
 1.07412958e+09 1.07412961e+09 1.07412963e+09 1.07412966e+09
 1.07412969e+09 1.07412972e+09 1.07412975e+09 1.07412978e+09
 1.07412981e+09 1.07412984e+09 1.07412987e+09 1.07412990e+09
 1.07412993e+09 1.07412996e+09 1.07412999e+09 1.07413002e+09
 1.07413005e+09 1.07413008e+09 1.07413010e+09 1.07413013e+09
 1.07413016e+09 1.07413019e+09 1.07413022e+09 1.07413025e+09
 1.07413028e+09 1.07413031e+09 1.07413034e+09 1.07413037e+09
 1.07413040e+09 1.07413043e+09 1.07413046e+09 1.07413049e+09
 1.07413052e+09 1.07413054e+09 1.07413057e+09 1.07413060e+09
 1.07413063e+09 1.07413066e+09 1.07413069e+09 1.07413072e+09
 1.07413075e+09 1.07413078e+09 1.07413081e+09 1.07413084e+09
 1.07413087e+09 1.07413090e+09 1.07413093e+09 1.07413096e+09
 1.07413098e+09 1.07413101e+09 1.07413104e+09 1.07413107e+09
 1.07413110e+09 1.07413113e+09 1.07413116e+09 1.07413119e+09
 1.07413122e+09 1.07413125e+09 1.07413128e+09 1.07413131e+09
 1.07413134e+09 1.07413137e+09 1.07413140e+09 1.07413142e+09
 1.07413145e+09 1.07413148e+09 1.07413151e+09 1.07413154e+09
 1.07413157e+09 1.07413160e+09 1.07413163e+09 1.07413166e+09
 1.07413169e+09 1.07413172e+09 1.07413175e+09 1.07413178e+09
 1.07413181e+09 1.07413184e+09 1.07413186e+09 1.07413189e+09
 1.07413192e+09 1.07413195e+09 1.07413198e+09 1.07413201e+09
 1.07413204e+09 1.07413207e+09 1.07413210e+09 1.07413213e+09
 1.07413216e+09 1.07413219e+09 1.07413222e+09 1.07413225e+09
 1.07413228e+09 1.07413230e+09 1.07413233e+09 1.07413236e+09
 1.07413239e+09 1.07413242e+09 1.07413245e+09 1.07413248e+09
 1.07413251e+09 1.07413254e+09 1.07413257e+09 1.07413260e+09
 1.07413263e+09 1.07413266e+09 1.07413269e+09 1.07413272e+09
 1.07413274e+09 1.07413277e+09 1.07413280e+09 1.07413283e+09
 1.07413286e+09 1.07413289e+09 1.07413292e+09 1.07413295e+09
 1.07413298e+09 1.07413301e+09 1.07413304e+09 1.07413307e+09
 1.07413310e+09 1.07413313e+09 1.07413316e+09 1.07413318e+09
 1.07413321e+09 1.07413324e+09 1.07413327e+09 1.07413330e+09
 1.07413333e+09 1.07413336e+09 1.07413339e+09 1.07413342e+09
 1.07413345e+09 1.07413348e+09 1.07413351e+09 1.07413354e+09
 1.07413357e+09 1.07413360e+09 1.07413362e+09 1.07413365e+09
 1.07413368e+09 1.07413371e+09 1.07413374e+09 1.07413377e+09
 1.07413380e+09 1.07413383e+09 1.07413386e+09 1.07413389e+09
 1.07413392e+09 1.07413395e+09 1.07413398e+09 1.07413401e+09
 1.07413404e+09 1.07413406e+09 1.07413409e+09 1.07413412e+09
 1.07413415e+09 1.07413418e+09 1.07413421e+09 1.07413424e+09
 1.07413427e+09 1.07413430e+09 1.07413433e+09 1.07413436e+09
 1.07413439e+09 1.07413442e+09 1.07413445e+09 1.07413448e+09
 1.07413450e+09 1.07413453e+09 1.07413456e+09 1.07413459e+09
 1.07413462e+09 1.07413465e+09 1.07413468e+09 1.07413471e+09
 1.07413474e+09 1.07413477e+09 1.07413480e+09 1.07413483e+09
 1.07413486e+09 1.07413489e+09 1.07413492e+09 1.07413494e+09
 1.07413497e+09 1.07413500e+09 1.07413503e+09 1.07413506e+09
 1.07413509e+09 1.07413512e+09 1.07413515e+09 1.07413518e+09
 1.07413521e+09 1.07413524e+09 1.07413527e+09 1.07413530e+09
 1.07413533e+09 1.07413536e+09 1.07413538e+09 1.07413541e+09
 1.07413544e+09 1.07413547e+09 1.07413550e+09 1.07413553e+09
 1.07413556e+09 1.07413559e+09 1.07413562e+09 1.07413565e+09
 1.07413568e+09 1.07413571e+09 1.07413574e+09 1.07413577e+09
 1.07413580e+09 1.07413582e+09 1.07413585e+09 1.07413588e+09
 1.07413591e+09 1.07413594e+09 1.07413597e+09 1.07413600e+09
 1.07413603e+09 1.07413606e+09 1.07413609e+09 1.07413612e+09
 1.07413615e+09 1.07413618e+09 1.07413621e+09 1.07413624e+09
 1.07413626e+09 1.07413629e+09 1.07413632e+09 1.07413635e+09
 1.07413638e+09 1.07413641e+09 1.07413644e+09 1.07413647e+09
 1.07413650e+09 1.07413653e+09 1.07413656e+09 1.07413659e+09
 1.07413662e+09 1.07413665e+09 1.07413668e+09 1.07413670e+09
 1.07413673e+09 1.07413676e+09 1.07413679e+09 1.07413682e+09
 1.07413685e+09 1.07413688e+09 1.07413691e+09 1.07413694e+09
 1.07413697e+09 1.07413700e+09 1.07413703e+09 1.07413706e+09
 1.07413709e+09 1.07413712e+09 1.07413714e+09 1.07413717e+09
 1.07413720e+09 1.07413723e+09 1.07413726e+09 1.07413729e+09
 1.07413732e+09 1.07413735e+09 1.07413738e+09 1.07413741e+09
 1.07413744e+09 1.07413747e+09 1.07413750e+09 1.07413753e+09
 1.07413756e+09 1.07413758e+09 1.07413761e+09 1.07413764e+09
 1.07413767e+09 1.07413770e+09 1.07413773e+09 1.07413776e+09
 1.07413779e+09 1.07413782e+09 1.07413785e+09 1.07413788e+09
 1.07413791e+09 1.07413794e+09 1.07413797e+09 1.07413800e+09
 1.07413802e+09 1.07413805e+09 1.07413808e+09 1.07413811e+09
 1.07413814e+09 1.07413817e+09 1.07413820e+09 1.07413823e+09
 1.07413826e+09 1.07413829e+09 1.07413832e+09 1.07413835e+09
 1.07413838e+09 1.07413841e+09 1.07413844e+09 1.07413846e+09
 1.07413849e+09 1.07413852e+09 1.07413855e+09 1.07413858e+09
 1.07413861e+09 1.07413864e+09 1.07413867e+09 1.07413870e+09
 1.07413873e+09 1.07413876e+09 1.07413879e+09 1.07413882e+09
 1.07413885e+09 1.07413888e+09 1.07413891e+09 1.07413893e+09
 1.07413896e+09 1.07413899e+09 1.07413902e+09 1.07413905e+09
 1.07413908e+09 1.07413911e+09 1.07413914e+09 1.07413917e+09
 1.07413920e+09 1.07413923e+09 1.07413926e+09 1.07413929e+09
 1.07413932e+09 1.07413935e+09 1.07413937e+09 1.07413940e+09
 1.07413943e+09 1.07413946e+09 1.07413949e+09 1.07413952e+09
 1.07413955e+09 1.07413958e+09 1.07413961e+09 1.07413964e+09
 1.07413967e+09 1.07413970e+09 1.07413973e+09 1.07413976e+09
 1.07413979e+09 1.07413981e+09 1.07413984e+09 1.07413987e+09
 1.07413990e+09 1.07413993e+09 1.07413996e+09 1.07413999e+09
 1.07414002e+09 1.07414005e+09 1.07414008e+09 1.07414011e+09
 1.07414014e+09 1.07414017e+09 1.07414020e+09 1.07414023e+09
 1.07414025e+09 1.07414028e+09 1.07414031e+09 1.07414034e+09
 1.07414037e+09 1.07414040e+09 1.07414043e+09 1.07414046e+09
 1.07414049e+09 1.07414052e+09 1.07414055e+09 1.07414058e+09
 1.07414061e+09 1.07414064e+09 1.07414067e+09 1.07414069e+09
 1.07414072e+09 1.07414075e+09 1.07414078e+09 1.07414081e+09
 1.07414084e+09 1.07414087e+09 1.07414090e+09 1.07414093e+09
 1.07414096e+09 1.07414099e+09 1.07414102e+09 1.07414105e+09
 1.07414108e+09 1.07414111e+09 1.07414113e+09 1.07414116e+09
 1.07414119e+09 1.07414122e+09 1.07414125e+09 1.07414128e+09
 1.07414131e+09 1.07414134e+09 1.07414137e+09 1.07414140e+09
 1.07414143e+09 1.07414146e+09 1.07414149e+09 1.07414152e+09
 1.07414155e+09 1.07414157e+09 1.07414160e+09 1.07414163e+09
 1.07414166e+09 1.07414169e+09 1.07414172e+09 1.07414175e+09
 1.07414178e+09 1.07414181e+09 1.07414184e+09 1.07414187e+09
 1.07414190e+09 1.07414193e+09 1.07414196e+09 1.07414199e+09
 1.07414201e+09 1.07414204e+09 1.07414207e+09 1.07414210e+09
 1.07414213e+09 1.07414216e+09 1.07414219e+09 1.07414222e+09
 1.07414225e+09 1.07414228e+09 1.07414231e+09 1.07414234e+09
 1.07414237e+09 1.07414240e+09 1.07414243e+09 1.07414245e+09
 1.07414248e+09 1.07414251e+09 1.07414254e+09 1.07414257e+09
 1.07414260e+09 1.07414263e+09 1.07414266e+09 1.07414269e+09
 1.07414272e+09 1.07414275e+09 1.07414278e+09 1.07414281e+09
 1.07414284e+09 1.07414287e+09 1.07414289e+09 1.07414292e+09
 1.07414295e+09 1.07414298e+09 1.07414301e+09 1.07414304e+09
 1.07414307e+09 1.07414310e+09 1.07414313e+09 1.07414316e+09
 1.07414319e+09 1.07414322e+09 1.07414325e+09 1.07414328e+09
 1.07414331e+09 1.07414333e+09 1.07414336e+09 1.07414339e+09
 1.07414342e+09 1.07414345e+09 1.07414348e+09 1.07414351e+09
 1.07414354e+09 1.07414357e+09 1.07414360e+09 1.07414363e+09
 1.07414366e+09 1.07414369e+09 1.07414372e+09 1.07414375e+09
 1.07414377e+09 1.07414380e+09 1.07414383e+09 1.07414386e+09
 1.07414389e+09 1.07414392e+09 1.07414395e+09 1.07414398e+09
 1.07414401e+09 1.07414404e+09 1.07414407e+09 1.07414410e+09
 1.07414413e+09 1.07414416e+09 1.07414419e+09 1.07414421e+09
 1.07414424e+09 1.07414427e+09 1.07414430e+09 1.07414433e+09
 1.07414436e+09 1.07414439e+09 1.07414442e+09 1.07414445e+09
 1.07414448e+09 1.07414451e+09 1.07414454e+09 1.07414457e+09
 1.07414460e+09 1.07414463e+09 1.07414465e+09 1.07414468e+09
 1.07414471e+09 1.07414474e+09 1.07414477e+09 1.07414480e+09
 1.07414483e+09 1.07414486e+09 1.07414489e+09 1.07414492e+09
 1.07414495e+09 1.07414498e+09 1.07414501e+09 1.07414504e+09
 1.07414507e+09 1.07414509e+09 1.07414512e+09 1.07414515e+09
 1.07414518e+09 1.07414521e+09 1.07414524e+09 1.07414527e+09
 1.07414530e+09 1.07414533e+09 1.07414536e+09 1.07414539e+09
 1.07414542e+09 1.07414545e+09 1.07414548e+09 1.07414551e+09
 1.07414553e+09 1.07414556e+09 1.07414559e+09 1.07414562e+09
 1.07414565e+09 1.07414568e+09 1.07414571e+09 1.07414574e+09
 1.07414577e+09 1.07414580e+09 1.07414583e+09 1.07414586e+09
 1.07414589e+09 1.07414592e+09 1.07414595e+09 1.07414597e+09
 1.07414600e+09 1.07414603e+09 1.07414606e+09 1.07414609e+09
 1.07414612e+09 1.07414615e+09 1.07414618e+09 1.07414621e+09
 1.07414624e+09 1.07414627e+09 1.07414630e+09 1.07414633e+09
 1.07414636e+09 1.07414639e+09 1.07414641e+09 1.07414644e+09
 1.07414647e+09 1.07414650e+09 1.07414653e+09 1.07414656e+09
 1.07414659e+09 1.07414662e+09 1.07414665e+09 1.07414668e+09
 1.07414671e+09 1.07414674e+09 1.07414677e+09 1.07414680e+09
 1.07414683e+09 1.07414685e+09 1.07414688e+09 1.07414691e+09
 1.07414694e+09 1.07414697e+09 1.07414700e+09 1.07414703e+09
 1.07414706e+09 1.07414709e+09 1.07414712e+09 1.07414715e+09
 1.07414718e+09 1.07414721e+09 1.07414724e+09 1.07414727e+09
 1.07414730e+09 1.07414732e+09 1.07414735e+09 1.07414738e+09
 1.07414741e+09 1.07414744e+09 1.07414747e+09 1.07414750e+09
 1.07414753e+09 1.07414756e+09 1.07414759e+09 1.07414762e+09
 1.07414765e+09 1.07414768e+09 1.07414771e+09 1.07414774e+09
 1.07414776e+09 1.07414779e+09 1.07414782e+09 1.07414785e+09
 1.07414788e+09 1.07414791e+09 1.07414794e+09 1.07414797e+09
 1.07414800e+09 1.07414803e+09 1.07414806e+09 1.07414809e+09
 1.07414812e+09 1.07414815e+09 1.07414818e+09 1.07414820e+09
 1.07414823e+09 1.07414826e+09 1.07414829e+09 1.07414832e+09
 1.07414835e+09 1.07414838e+09 1.07414841e+09 1.07414844e+09
 1.07414847e+09 1.07414850e+09 1.07414853e+09 1.07414856e+09]
minRes = 0.08222019234912181
minResTime = [1.0741475e+09]
Cov(t) = [100 100 100 100 100 100 100 100 100 100 100 100 100 100 100 100 100 100
 100 100 100 100 100 100 100 100 100 100 100 100 100 100 100 100 100 100
 100 100 100 100 100 100 100 100 100 100 100 100 100 100 100 100 100 100
 100 100 100 100 100 100 100 100 100 100 100 100 100 100 100 100 100 100
 100 100 100 100 100 100 100 100 100 100 100 100 100 100 100 100 100 100
 100 100 100 100 100 100 100 100 100 100 100 100 100 100 100 100 100 100
 100 100 100 100 100 100 100 100 100 100 100 100 100 100 100 100 100 100
 100 100 100 100 100 100 100 100 100 100 100 100 100 100 100 100 100 100
 100 100 100 100 100 100 100 100 100 100 100 100 100 100 100 100 100 100
 100 100 100 100 100 100 100 100 100 100 100 100 100 100 100 100 100 100
 100 100 100 100 100 100 100 100 100 100 100 100 100 100 100 100 100 100
 100 100 100 100 100 100 100 100 100 100 100 100 100 100 100 100 100 100
 100 100 100 100 100 100 100 100 100 100 100 100 100 100 100 100 100 100
 100 100 100 100 100 100 100 100 100 100 100 100 100 100 100 100 100 100
 100 100 100 100 100 100 100 100 100 100 100 100 100 100 100 100 100 100
 100 100 100 100 100 100 100 100 100 100 100 100 100 100 100 100 100 100
 100 100 100 100 100 100 100 100 100 100 100 100 100 100 100 100 100 100
 100 100 100 100 100 100 100 100 100 100 100 100 100 100 100 100 100 100
 100 100 100 100 100 100 100 100 100 100 100 100 100 100 100 100 100 100
 100 100 100 100 100 100 100 100 100 100 100 100 100 100 100 100 100 100
 100 100 100 100 100 100 100 100 100 100 100 100 100 100 100 100 100 100
 100 100 100 100 100 100 100 100 100 100 100 100 100 100 100 100 100 100
 100 100 100 100 100 100 100 100 100 100 100 100 100 100 100 100 100 100
 100 100 100 100 100 100 100 100 100 100 100 100 100 100 100 100 100 100
 100 100 100 100 100 100 100 100 100 100 100 100 100 100 100 100 100 100
 100 100 100 100 100 100 100 100 100 100 100 100 100 100 100 100 100 100
 100 100 100 100 100 100 100 100 100 100 100 100 100 100 100 100 100 100
 100 100 100 100 100 100 100 100 100 100 100 100 100 100 100 100 100 100
 100 100 100 100 100 100 100 100 100 100 100 100 100 100 100 100 100 100
 100 100 100 100 100 100 100 100 100 100 100 100 100 100 100 100 100 100
 100 100 100 100 100 100 100 100 100 100 100 100 100 100 100 100 100 100
 100 100 100 100 100 100 100 100 100 100 100 100 100 100 100 100 100 100
 100 100 100 100 100 100 100 100 100 100 100 100 100 100 100 100 100 100
 100 100 100 100 100 100 100 100 100 100 100 100 100 100 100 100 100 100
 100 100 100 100 100 100 100 100 100 100 100 100 100 100 100 100 100 100
 100 100 100 100 100 100 100 100 100 100 100 100 100 100 100 100 100 100
 100 100 100 100 100 100 100 100 100 100 100 100 100 100 100 100 100 100
 100 100 100 100 100 100 100 100 100 100 100 100 100 100 100 100 100 100
 100 100 100 100 100 100 100 100 100 100 100 100 100 100 100 100 100 100
 100 100 100 100 100 100 100 100 100 100 100 100 100 100 100 100 100 100
 100 100 100 100 100 100 100 100 100 100 100 100 100 100 100 100 100 100
 100 100 100 100 100 100 100 100 100 100 100 100 100 100 100 100 100 100
 100 100 100 100 100 100 100 100 100 100 100 100 100 100 100 100 100 100
 100 100 100 100 100 100 100 100 100 100 100 100 100 100 100 100 100 100
 100 100 100 100 100 100 100 100 100 100 100 100 100 100 100 100 100 100
 100 100 100 100 100 100 100 100 100 100 100 100 100 100 100 100 100 100
 100 100 100 100 100 100 100 100 100 100 100 100 100 100 100 100 100 100
 100 100 100 100 100 100 100 100 100 100 100 100 100 100 100 100 100 100
 100 100 100 100 100 100 100 100 100 100 100 100 100 100 100 100 100 100
 100 100 100 100 100 100 100 100 100 100 100 100 100 100 100 100 100 100
 100 100 100 100 100 100 100 100 100 100 100 100 100 100 100 100 100 100
 100 100 100 100 100 100 100 100 100 100 100 100 100 100 100 100 100 100
 100 100 100 100 100 100 100 100 100 100 100 100 100 100 100 100 100 100
 100 100 100 100 100 100 100 100 100 100 100 100 100 100 100 100 100 100
 100 100 100 100 100 100 100 100 100 100 100 100 100 100 100 100 100 100
 100 100 100 100 100 100 100 100 100 100]
maxCov = 100
maxCovTime = [1.07411925e+09 1.07411928e+09 1.07411931e+09 1.07411934e+09
 1.07411937e+09 1.07411940e+09 1.07411943e+09 1.07411946e+09
 1.07411948e+09 1.07411951e+09 1.07411954e+09 1.07411957e+09
 1.07411960e+09 1.07411963e+09 1.07411966e+09 1.07411969e+09
 1.07411972e+09 1.07411975e+09 1.07411978e+09 1.07411981e+09
 1.07411984e+09 1.07411987e+09 1.07411990e+09 1.07411992e+09
 1.07411995e+09 1.07411998e+09 1.07412001e+09 1.07412004e+09
 1.07412007e+09 1.07412010e+09 1.07412013e+09 1.07412016e+09
 1.07412019e+09 1.07412022e+09 1.07412025e+09 1.07412028e+09
 1.07412031e+09 1.07412034e+09 1.07412036e+09 1.07412039e+09
 1.07412042e+09 1.07412045e+09 1.07412048e+09 1.07412051e+09
 1.07412054e+09 1.07412057e+09 1.07412060e+09 1.07412063e+09
 1.07412066e+09 1.07412069e+09 1.07412072e+09 1.07412075e+09
 1.07412078e+09 1.07412080e+09 1.07412083e+09 1.07412086e+09
 1.07412089e+09 1.07412092e+09 1.07412095e+09 1.07412098e+09
 1.07412101e+09 1.07412104e+09 1.07412107e+09 1.07412110e+09
 1.07412113e+09 1.07412116e+09 1.07412119e+09 1.07412122e+09
 1.07412125e+09 1.07412127e+09 1.07412130e+09 1.07412133e+09
 1.07412136e+09 1.07412139e+09 1.07412142e+09 1.07412145e+09
 1.07412148e+09 1.07412151e+09 1.07412154e+09 1.07412157e+09
 1.07412160e+09 1.07412163e+09 1.07412166e+09 1.07412169e+09
 1.07412171e+09 1.07412174e+09 1.07412177e+09 1.07412180e+09
 1.07412183e+09 1.07412186e+09 1.07412189e+09 1.07412192e+09
 1.07412195e+09 1.07412198e+09 1.07412201e+09 1.07412204e+09
 1.07412207e+09 1.07412210e+09 1.07412213e+09 1.07412215e+09
 1.07412218e+09 1.07412221e+09 1.07412224e+09 1.07412227e+09
 1.07412230e+09 1.07412233e+09 1.07412236e+09 1.07412239e+09
 1.07412242e+09 1.07412245e+09 1.07412248e+09 1.07412251e+09
 1.07412254e+09 1.07412257e+09 1.07412259e+09 1.07412262e+09
 1.07412265e+09 1.07412268e+09 1.07412271e+09 1.07412274e+09
 1.07412277e+09 1.07412280e+09 1.07412283e+09 1.07412286e+09
 1.07412289e+09 1.07412292e+09 1.07412295e+09 1.07412298e+09
 1.07412301e+09 1.07412303e+09 1.07412306e+09 1.07412309e+09
 1.07412312e+09 1.07412315e+09 1.07412318e+09 1.07412321e+09
 1.07412324e+09 1.07412327e+09 1.07412330e+09 1.07412333e+09
 1.07412336e+09 1.07412339e+09 1.07412342e+09 1.07412345e+09
 1.07412347e+09 1.07412350e+09 1.07412353e+09 1.07412356e+09
 1.07412359e+09 1.07412362e+09 1.07412365e+09 1.07412368e+09
 1.07412371e+09 1.07412374e+09 1.07412377e+09 1.07412380e+09
 1.07412383e+09 1.07412386e+09 1.07412389e+09 1.07412391e+09
 1.07412394e+09 1.07412397e+09 1.07412400e+09 1.07412403e+09
 1.07412406e+09 1.07412409e+09 1.07412412e+09 1.07412415e+09
 1.07412418e+09 1.07412421e+09 1.07412424e+09 1.07412427e+09
 1.07412430e+09 1.07412433e+09 1.07412435e+09 1.07412438e+09
 1.07412441e+09 1.07412444e+09 1.07412447e+09 1.07412450e+09
 1.07412453e+09 1.07412456e+09 1.07412459e+09 1.07412462e+09
 1.07412465e+09 1.07412468e+09 1.07412471e+09 1.07412474e+09
 1.07412477e+09 1.07412479e+09 1.07412482e+09 1.07412485e+09
 1.07412488e+09 1.07412491e+09 1.07412494e+09 1.07412497e+09
 1.07412500e+09 1.07412503e+09 1.07412506e+09 1.07412509e+09
 1.07412512e+09 1.07412515e+09 1.07412518e+09 1.07412521e+09
 1.07412523e+09 1.07412526e+09 1.07412529e+09 1.07412532e+09
 1.07412535e+09 1.07412538e+09 1.07412541e+09 1.07412544e+09
 1.07412547e+09 1.07412550e+09 1.07412553e+09 1.07412556e+09
 1.07412559e+09 1.07412562e+09 1.07412565e+09 1.07412567e+09
 1.07412570e+09 1.07412573e+09 1.07412576e+09 1.07412579e+09
 1.07412582e+09 1.07412585e+09 1.07412588e+09 1.07412591e+09
 1.07412594e+09 1.07412597e+09 1.07412600e+09 1.07412603e+09
 1.07412606e+09 1.07412609e+09 1.07412611e+09 1.07412614e+09
 1.07412617e+09 1.07412620e+09 1.07412623e+09 1.07412626e+09
 1.07412629e+09 1.07412632e+09 1.07412635e+09 1.07412638e+09
 1.07412641e+09 1.07412644e+09 1.07412647e+09 1.07412650e+09
 1.07412653e+09 1.07412655e+09 1.07412658e+09 1.07412661e+09
 1.07412664e+09 1.07412667e+09 1.07412670e+09 1.07412673e+09
 1.07412676e+09 1.07412679e+09 1.07412682e+09 1.07412685e+09
 1.07412688e+09 1.07412691e+09 1.07412694e+09 1.07412697e+09
 1.07412699e+09 1.07412702e+09 1.07412705e+09 1.07412708e+09
 1.07412711e+09 1.07412714e+09 1.07412717e+09 1.07412720e+09
 1.07412723e+09 1.07412726e+09 1.07412729e+09 1.07412732e+09
 1.07412735e+09 1.07412738e+09 1.07412741e+09 1.07412743e+09
 1.07412746e+09 1.07412749e+09 1.07412752e+09 1.07412755e+09
 1.07412758e+09 1.07412761e+09 1.07412764e+09 1.07412767e+09
 1.07412770e+09 1.07412773e+09 1.07412776e+09 1.07412779e+09
 1.07412782e+09 1.07412785e+09 1.07412787e+09 1.07412790e+09
 1.07412793e+09 1.07412796e+09 1.07412799e+09 1.07412802e+09
 1.07412805e+09 1.07412808e+09 1.07412811e+09 1.07412814e+09
 1.07412817e+09 1.07412820e+09 1.07412823e+09 1.07412826e+09
 1.07412829e+09 1.07412831e+09 1.07412834e+09 1.07412837e+09
 1.07412840e+09 1.07412843e+09 1.07412846e+09 1.07412849e+09
 1.07412852e+09 1.07412855e+09 1.07412858e+09 1.07412861e+09
 1.07412864e+09 1.07412867e+09 1.07412870e+09 1.07412873e+09
 1.07412875e+09 1.07412878e+09 1.07412881e+09 1.07412884e+09
 1.07412887e+09 1.07412890e+09 1.07412893e+09 1.07412896e+09
 1.07412899e+09 1.07412902e+09 1.07412905e+09 1.07412908e+09
 1.07412911e+09 1.07412914e+09 1.07412917e+09 1.07412919e+09
 1.07412922e+09 1.07412925e+09 1.07412928e+09 1.07412931e+09
 1.07412934e+09 1.07412937e+09 1.07412940e+09 1.07412943e+09
 1.07412946e+09 1.07412949e+09 1.07412952e+09 1.07412955e+09
 1.07412958e+09 1.07412961e+09 1.07412963e+09 1.07412966e+09
 1.07412969e+09 1.07412972e+09 1.07412975e+09 1.07412978e+09
 1.07412981e+09 1.07412984e+09 1.07412987e+09 1.07412990e+09
 1.07412993e+09 1.07412996e+09 1.07412999e+09 1.07413002e+09
 1.07413005e+09 1.07413008e+09 1.07413010e+09 1.07413013e+09
 1.07413016e+09 1.07413019e+09 1.07413022e+09 1.07413025e+09
 1.07413028e+09 1.07413031e+09 1.07413034e+09 1.07413037e+09
 1.07413040e+09 1.07413043e+09 1.07413046e+09 1.07413049e+09
 1.07413052e+09 1.07413054e+09 1.07413057e+09 1.07413060e+09
 1.07413063e+09 1.07413066e+09 1.07413069e+09 1.07413072e+09
 1.07413075e+09 1.07413078e+09 1.07413081e+09 1.07413084e+09
 1.07413087e+09 1.07413090e+09 1.07413093e+09 1.07413096e+09
 1.07413098e+09 1.07413101e+09 1.07413104e+09 1.07413107e+09
 1.07413110e+09 1.07413113e+09 1.07413116e+09 1.07413119e+09
 1.07413122e+09 1.07413125e+09 1.07413128e+09 1.07413131e+09
 1.07413134e+09 1.07413137e+09 1.07413140e+09 1.07413142e+09
 1.07413145e+09 1.07413148e+09 1.07413151e+09 1.07413154e+09
 1.07413157e+09 1.07413160e+09 1.07413163e+09 1.07413166e+09
 1.07413169e+09 1.07413172e+09 1.07413175e+09 1.07413178e+09
 1.07413181e+09 1.07413184e+09 1.07413186e+09 1.07413189e+09
 1.07413192e+09 1.07413195e+09 1.07413198e+09 1.07413201e+09
 1.07413204e+09 1.07413207e+09 1.07413210e+09 1.07413213e+09
 1.07413216e+09 1.07413219e+09 1.07413222e+09 1.07413225e+09
 1.07413228e+09 1.07413230e+09 1.07413233e+09 1.07413236e+09
 1.07413239e+09 1.07413242e+09 1.07413245e+09 1.07413248e+09
 1.07413251e+09 1.07413254e+09 1.07413257e+09 1.07413260e+09
 1.07413263e+09 1.07413266e+09 1.07413269e+09 1.07413272e+09
 1.07413274e+09 1.07413277e+09 1.07413280e+09 1.07413283e+09
 1.07413286e+09 1.07413289e+09 1.07413292e+09 1.07413295e+09
 1.07413298e+09 1.07413301e+09 1.07413304e+09 1.07413307e+09
 1.07413310e+09 1.07413313e+09 1.07413316e+09 1.07413318e+09
 1.07413321e+09 1.07413324e+09 1.07413327e+09 1.07413330e+09
 1.07413333e+09 1.07413336e+09 1.07413339e+09 1.07413342e+09
 1.07413345e+09 1.07413348e+09 1.07413351e+09 1.07413354e+09
 1.07413357e+09 1.07413360e+09 1.07413362e+09 1.07413365e+09
 1.07413368e+09 1.07413371e+09 1.07413374e+09 1.07413377e+09
 1.07413380e+09 1.07413383e+09 1.07413386e+09 1.07413389e+09
 1.07413392e+09 1.07413395e+09 1.07413398e+09 1.07413401e+09
 1.07413404e+09 1.07413406e+09 1.07413409e+09 1.07413412e+09
 1.07413415e+09 1.07413418e+09 1.07413421e+09 1.07413424e+09
 1.07413427e+09 1.07413430e+09 1.07413433e+09 1.07413436e+09
 1.07413439e+09 1.07413442e+09 1.07413445e+09 1.07413448e+09
 1.07413450e+09 1.07413453e+09 1.07413456e+09 1.07413459e+09
 1.07413462e+09 1.07413465e+09 1.07413468e+09 1.07413471e+09
 1.07413474e+09 1.07413477e+09 1.07413480e+09 1.07413483e+09
 1.07413486e+09 1.07413489e+09 1.07413492e+09 1.07413494e+09
 1.07413497e+09 1.07413500e+09 1.07413503e+09 1.07413506e+09
 1.07413509e+09 1.07413512e+09 1.07413515e+09 1.07413518e+09
 1.07413521e+09 1.07413524e+09 1.07413527e+09 1.07413530e+09
 1.07413533e+09 1.07413536e+09 1.07413538e+09 1.07413541e+09
 1.07413544e+09 1.07413547e+09 1.07413550e+09 1.07413553e+09
 1.07413556e+09 1.07413559e+09 1.07413562e+09 1.07413565e+09
 1.07413568e+09 1.07413571e+09 1.07413574e+09 1.07413577e+09
 1.07413580e+09 1.07413582e+09 1.07413585e+09 1.07413588e+09
 1.07413591e+09 1.07413594e+09 1.07413597e+09 1.07413600e+09
 1.07413603e+09 1.07413606e+09 1.07413609e+09 1.07413612e+09
 1.07413615e+09 1.07413618e+09 1.07413621e+09 1.07413624e+09
 1.07413626e+09 1.07413629e+09 1.07413632e+09 1.07413635e+09
 1.07413638e+09 1.07413641e+09 1.07413644e+09 1.07413647e+09
 1.07413650e+09 1.07413653e+09 1.07413656e+09 1.07413659e+09
 1.07413662e+09 1.07413665e+09 1.07413668e+09 1.07413670e+09
 1.07413673e+09 1.07413676e+09 1.07413679e+09 1.07413682e+09
 1.07413685e+09 1.07413688e+09 1.07413691e+09 1.07413694e+09
 1.07413697e+09 1.07413700e+09 1.07413703e+09 1.07413706e+09
 1.07413709e+09 1.07413712e+09 1.07413714e+09 1.07413717e+09
 1.07413720e+09 1.07413723e+09 1.07413726e+09 1.07413729e+09
 1.07413732e+09 1.07413735e+09 1.07413738e+09 1.07413741e+09
 1.07413744e+09 1.07413747e+09 1.07413750e+09 1.07413753e+09
 1.07413756e+09 1.07413758e+09 1.07413761e+09 1.07413764e+09
 1.07413767e+09 1.07413770e+09 1.07413773e+09 1.07413776e+09
 1.07413779e+09 1.07413782e+09 1.07413785e+09 1.07413788e+09
 1.07413791e+09 1.07413794e+09 1.07413797e+09 1.07413800e+09
 1.07413802e+09 1.07413805e+09 1.07413808e+09 1.07413811e+09
 1.07413814e+09 1.07413817e+09 1.07413820e+09 1.07413823e+09
 1.07413826e+09 1.07413829e+09 1.07413832e+09 1.07413835e+09
 1.07413838e+09 1.07413841e+09 1.07413844e+09 1.07413846e+09
 1.07413849e+09 1.07413852e+09 1.07413855e+09 1.07413858e+09
 1.07413861e+09 1.07413864e+09 1.07413867e+09 1.07413870e+09
 1.07413873e+09 1.07413876e+09 1.07413879e+09 1.07413882e+09
 1.07413885e+09 1.07413888e+09 1.07413891e+09 1.07413893e+09
 1.07413896e+09 1.07413899e+09 1.07413902e+09 1.07413905e+09
 1.07413908e+09 1.07413911e+09 1.07413914e+09 1.07413917e+09
 1.07413920e+09 1.07413923e+09 1.07413926e+09 1.07413929e+09
 1.07413932e+09 1.07413935e+09 1.07413937e+09 1.07413940e+09
 1.07413943e+09 1.07413946e+09 1.07413949e+09 1.07413952e+09
 1.07413955e+09 1.07413958e+09 1.07413961e+09 1.07413964e+09
 1.07413967e+09 1.07413970e+09 1.07413973e+09 1.07413976e+09
 1.07413979e+09 1.07413981e+09 1.07413984e+09 1.07413987e+09
 1.07413990e+09 1.07413993e+09 1.07413996e+09 1.07413999e+09
 1.07414002e+09 1.07414005e+09 1.07414008e+09 1.07414011e+09
 1.07414014e+09 1.07414017e+09 1.07414020e+09 1.07414023e+09
 1.07414025e+09 1.07414028e+09 1.07414031e+09 1.07414034e+09
 1.07414037e+09 1.07414040e+09 1.07414043e+09 1.07414046e+09
 1.07414049e+09 1.07414052e+09 1.07414055e+09 1.07414058e+09
 1.07414061e+09 1.07414064e+09 1.07414067e+09 1.07414069e+09
 1.07414072e+09 1.07414075e+09 1.07414078e+09 1.07414081e+09
 1.07414084e+09 1.07414087e+09 1.07414090e+09 1.07414093e+09
 1.07414096e+09 1.07414099e+09 1.07414102e+09 1.07414105e+09
 1.07414108e+09 1.07414111e+09 1.07414113e+09 1.07414116e+09
 1.07414119e+09 1.07414122e+09 1.07414125e+09 1.07414128e+09
 1.07414131e+09 1.07414134e+09 1.07414137e+09 1.07414140e+09
 1.07414143e+09 1.07414146e+09 1.07414149e+09 1.07414152e+09
 1.07414155e+09 1.07414157e+09 1.07414160e+09 1.07414163e+09
 1.07414166e+09 1.07414169e+09 1.07414172e+09 1.07414175e+09
 1.07414178e+09 1.07414181e+09 1.07414184e+09 1.07414187e+09
 1.07414190e+09 1.07414193e+09 1.07414196e+09 1.07414199e+09
 1.07414201e+09 1.07414204e+09 1.07414207e+09 1.07414210e+09
 1.07414213e+09 1.07414216e+09 1.07414219e+09 1.07414222e+09
 1.07414225e+09 1.07414228e+09 1.07414231e+09 1.07414234e+09
 1.07414237e+09 1.07414240e+09 1.07414243e+09 1.07414245e+09
 1.07414248e+09 1.07414251e+09 1.07414254e+09 1.07414257e+09
 1.07414260e+09 1.07414263e+09 1.07414266e+09 1.07414269e+09
 1.07414272e+09 1.07414275e+09 1.07414278e+09 1.07414281e+09
 1.07414284e+09 1.07414287e+09 1.07414289e+09 1.07414292e+09
 1.07414295e+09 1.07414298e+09 1.07414301e+09 1.07414304e+09
 1.07414307e+09 1.07414310e+09 1.07414313e+09 1.07414316e+09
 1.07414319e+09 1.07414322e+09 1.07414325e+09 1.07414328e+09
 1.07414331e+09 1.07414333e+09 1.07414336e+09 1.07414339e+09
 1.07414342e+09 1.07414345e+09 1.07414348e+09 1.07414351e+09
 1.07414354e+09 1.07414357e+09 1.07414360e+09 1.07414363e+09
 1.07414366e+09 1.07414369e+09 1.07414372e+09 1.07414375e+09
 1.07414377e+09 1.07414380e+09 1.07414383e+09 1.07414386e+09
 1.07414389e+09 1.07414392e+09 1.07414395e+09 1.07414398e+09
 1.07414401e+09 1.07414404e+09 1.07414407e+09 1.07414410e+09
 1.07414413e+09 1.07414416e+09 1.07414419e+09 1.07414421e+09
 1.07414424e+09 1.07414427e+09 1.07414430e+09 1.07414433e+09
 1.07414436e+09 1.07414439e+09 1.07414442e+09 1.07414445e+09
 1.07414448e+09 1.07414451e+09 1.07414454e+09 1.07414457e+09
 1.07414460e+09 1.07414463e+09 1.07414465e+09 1.07414468e+09
 1.07414471e+09 1.07414474e+09 1.07414477e+09 1.07414480e+09
 1.07414483e+09 1.07414486e+09 1.07414489e+09 1.07414492e+09
 1.07414495e+09 1.07414498e+09 1.07414501e+09 1.07414504e+09
 1.07414507e+09 1.07414509e+09 1.07414512e+09 1.07414515e+09
 1.07414518e+09 1.07414521e+09 1.07414524e+09 1.07414527e+09
 1.07414530e+09 1.07414533e+09 1.07414536e+09 1.07414539e+09
 1.07414542e+09 1.07414545e+09 1.07414548e+09 1.07414551e+09
 1.07414553e+09 1.07414556e+09 1.07414559e+09 1.07414562e+09
 1.07414565e+09 1.07414568e+09 1.07414571e+09 1.07414574e+09
 1.07414577e+09 1.07414580e+09 1.07414583e+09 1.07414586e+09
 1.07414589e+09 1.07414592e+09 1.07414595e+09 1.07414597e+09
 1.07414600e+09 1.07414603e+09 1.07414606e+09 1.07414609e+09
 1.07414612e+09 1.07414615e+09 1.07414618e+09 1.07414621e+09
 1.07414624e+09 1.07414627e+09 1.07414630e+09 1.07414633e+09
 1.07414636e+09 1.07414639e+09 1.07414641e+09 1.07414644e+09
 1.07414647e+09 1.07414650e+09 1.07414653e+09 1.07414656e+09
 1.07414659e+09 1.07414662e+09 1.07414665e+09 1.07414668e+09
 1.07414671e+09 1.07414674e+09 1.07414677e+09 1.07414680e+09
 1.07414683e+09 1.07414685e+09 1.07414688e+09 1.07414691e+09
 1.07414694e+09 1.07414697e+09 1.07414700e+09 1.07414703e+09
 1.07414706e+09 1.07414709e+09 1.07414712e+09 1.07414715e+09
 1.07414718e+09 1.07414721e+09 1.07414724e+09 1.07414727e+09
 1.07414730e+09 1.07414732e+09 1.07414735e+09 1.07414738e+09
 1.07414741e+09 1.07414744e+09 1.07414747e+09 1.07414750e+09
 1.07414753e+09 1.07414756e+09 1.07414759e+09 1.07414762e+09
 1.07414765e+09 1.07414768e+09 1.07414771e+09 1.07414774e+09
 1.07414776e+09 1.07414779e+09 1.07414782e+09 1.07414785e+09
 1.07414788e+09 1.07414791e+09 1.07414794e+09 1.07414797e+09
 1.07414800e+09 1.07414803e+09 1.07414806e+09 1.07414809e+09
 1.07414812e+09 1.07414815e+09 1.07414818e+09 1.07414820e+09
 1.07414823e+09 1.07414826e+09 1.07414829e+09 1.07414832e+09
 1.07414835e+09 1.07414838e+09 1.07414841e+09 1.07414844e+09
 1.07414847e+09 1.07414850e+09 1.07414853e+09 1.07414856e+09]
