name =JUICE_ROI_GAN_6_3_06
flyby = ['2034 JUN 05 18:53:51', '2034 JUN 06 18:53:51']
Observation TW = <SpiceCell dtype = 1, length = 0, size = 3000, card = 10, is_set = 1, adjust = 0, init = 1, base = 94527700103840, data = 94527700103888>
Res(t) = [0.18663834 0.17023176 0.16254298 0.15927264 0.1564948  0.15835245
 0.15575007 0.15349051 0.15150502 0.14974606 0.14836117 0.14692374
 0.14563675 0.14448296 0.14344836 0.14252137 0.14169225 0.14095271
 0.14029561 0.13971473 0.13920461 0.13876041 0.13837784 0.13805301
 0.13778245 0.1396634  0.13940187 0.13919194 0.13903065 0.13891528
 0.13884333 0.13881252 0.13882072 0.13886599 0.13894651 0.13906061
 0.13920671 0.13802409 0.1382433  0.13835122 0.13861473 0.13890325
 0.13921575 0.13955125 0.13990886 0.14028769 0.1406704  0.14108773
 0.14152405 0.14197864 0.14245085 0.14294003 0.14344558 0.14396692
 0.14450349 0.14505478 0.14562028 0.1461995  0.14679201 0.14739735
 0.14801511 0.14864488 0.14928629 0.14993896 0.15060254 0.15127669
 0.15196109 0.15265543 0.1533594  0.15407271 0.1547951  0.15552628
 0.15626601 0.15701404 0.15777014 0.15853406 0.1593056  0.16008453
 0.16087065 0.16166377 0.16246369 0.16327023 0.16408321 0.16490246
 0.16572781 0.1665591  0.16739617 0.16823889 0.16908709 0.16994064
 0.1707994  0.17166325 0.17253205 0.17340569 0.17428403 0.17516697
 0.1760544  0.1769462  0.17784227 0.17874251 0.17964682 0.1805551
 0.18146726 0.18238321 0.18330286 0.18422613 0.18515293 0.18608319
 0.18701681 0.18795374 0.1888939  0.1898372  0.1907836  0.191733
 0.19268537 0.19364061 0.19459869 0.19555952 0.19652307 0.19748926
 0.19845805 0.19942937 0.20040319 0.20137943 0.20235807 0.20333904
 0.2043223  0.2053078  0.2062955  0.20728535 0.20827732 0.20927136
 0.21026743 0.21126548 0.21226549 0.21326742 0.21427122 0.21527687
 0.21628432 0.21729354 0.21830451 0.21931719 0.22033154 0.22134754
 0.22236516 0.22257672 0.22359908 0.22462296 0.22564833 0.22667518
 0.22770347 0.22873318 0.22976428 0.23079676 0.23183058 0.23286572
 0.23390217 0.2349399  0.23597889 0.23783573 0.23888046 0.23992643
 0.24097361 0.24202198 0.24307152 0.24412222 0.24517405 0.24622701
 0.24672738 0.24777802 0.24882971 0.24988243 0.25093617 0.25109028
 0.25208907 0.25314216 0.25419618 0.25525112 0.25630696 0.25736368
 0.25842128 0.25947974 0.26053905 0.26159919 0.2602129  0.26126282
 0.26231347 0.26336482 0.26441687 0.2654696  0.26652301 0.26757708
 0.26863181 0.26968718 0.27074318 0.27179981 0.27285705 0.27467121
 0.27573236 0.27679412 0.27785647 0.27899544 0.27945795 0.28050786
 0.28155826 0.28260914 0.28366048 0.28471229 0.28576454 0.28681724
 0.28787037 0.28892393 0.28997791 0.29103231 0.29208712 0.29314232
 0.29419793 0.29525391 0.29631028 0.29736703 0.29842414 0.29948162
 0.30053945 0.30159764 0.30265617 0.30371504 0.30477424 0.30583378
 0.30689363 0.30795381 0.3090143  0.3100751  0.3111362  0.3121976
 0.31325929 0.31128412 0.31233798 0.31339206 0.31444637 0.3155009
 0.31655564 0.3176106  0.31866577 0.31972113 0.3207767  0.32183246
 0.32288842 0.32394456 0.32500088 0.32605739 0.32711407 0.32817092
 0.32922795 0.33028513 0.33134248 0.33239999 0.33345766 0.33451548
 0.33557345 0.33765828 0.33871223 0.33976626 0.34082038 0.34187458
 0.34292886 0.34398322 0.34503766 0.34609216 0.34714674 0.34820138
 0.34925608 0.35031085 0.35136567 0.35242054 0.35347547 0.35453045
 0.35558548 0.35664055 0.35769566 0.35875081 0.359806   0.36086123
 0.36191648 0.36297177 0.36402709 0.36508243 0.3661378  0.36719319
 0.36824859 0.36930402 0.37035946 0.37141492 0.37247039 0.37352587
 0.37458135 0.37563684 0.37669234 0.37774784 0.37880334 0.37985884
 0.38091433 0.38196982 0.38302531 0.38408079 0.38513626 0.38619171
 0.38724716 0.38830259 0.38935801 0.39041341 0.39146879 0.39252415
 0.39357949 0.3946348  0.3956901  0.39674536 0.3978006  0.39885581
 0.399911   0.40096615 0.40202127 0.40307636 0.40413141 0.40518642
 0.4062414  0.40729635 0.40835125 0.40940611 0.41046093 0.41151571
 0.41257045 0.41362514 0.41467978 0.41573438 0.41678893 0.41784344
 0.41889789 0.41995229 0.42100664 0.42206094 0.42311519 0.42416938
 0.42522351 0.42627759 0.42733162 0.42838558 0.42943949 0.43049334
 0.43154712 0.43260085 0.43365451 0.43470811 0.43576165 0.43681513
 0.43786854 0.43892188 0.43997516 0.44102837 0.44208151 0.44313459
 0.44418759 0.44524053 0.44629339 0.44734619 0.44839891 0.44945156
 0.45050414 0.45155664 0.45260907 0.45366143 0.45471371 0.45576592
 0.45681804 0.4578701  0.45892207 0.45997397 0.46102578 0.46207752
 0.46312918 0.46418076 0.46523226 0.46628368 0.46733502 0.46838627
 0.46943744 0.47048853 0.47153954 0.47259046 0.4736413  0.47469206
 0.47574272 0.47679331 0.47784381 0.47889422 0.47994454 0.48099478
 0.48204493 0.483095   0.48414497 0.48519486 0.48624466 0.48729437
 0.48834399 0.48939352 0.49044296 0.49149231 0.49254156 0.49359073
 0.49463981 0.49568879 0.49673769 0.49778649 0.49883519 0.49988381
 0.50093233 0.50198076 0.50302909 0.50407733 0.50512548 0.50617353
 0.50722149 0.50826935 0.50931712 0.51036479 0.51141237 0.51245985
 0.51350723 0.51455452 0.51560171 0.51664881 0.51769581 0.51874271
 0.51978951 0.52083622 0.52188282 0.52292933 0.52397575 0.52502206
 0.52606828 0.52711439 0.52816041 0.52920633 0.53025215 0.53129787
 0.53234349 0.53338901 0.53443443 0.53547975 0.53652497 0.53757009
 0.53861511 0.53966003 0.54070485 0.54174957 0.54279419 0.54383871
 0.54488312 0.54592744 0.54697165 0.54801576 0.54905977 0.55010368
 0.55114748 0.55219119 0.55323479 0.55427829 0.55532168 0.55636498
 0.55740817 0.55845126 0.55949425 0.56053713 0.56157991 0.56262259
 0.56366517 0.56470764 0.56575001 0.56679228 0.56783444 0.5688765
 0.56991846 0.57096031 0.57200206 0.57304371 0.57408525 0.57512669
 0.57616802 0.57720925 0.57825038 0.5792914  0.58033232 0.58137313
 0.58241384 0.58345445 0.58449495 0.58553535 0.58657565 0.58761583
 0.58865592 0.5896959  0.59073578 0.59177555 0.59281522 0.59385478
 0.59489424 0.59593359 0.59697284 0.59801198 0.59905102 0.60008996
 0.60112879 0.60216752 0.60320614 0.60424465 0.60528306 0.60632137
 0.60735957 0.60839767 0.60943566 0.61047355 0.61151133 0.61254901
 0.61358658 0.61462405 0.61566142 0.61669867 0.61773583 0.61877288
 0.61980982 0.62084666 0.6218834  0.62292002 0.62395655 0.62499297
 0.62602928 0.62706549 0.6281016  0.6291376  0.6301735  0.63120929
 0.63224497 0.63328056 0.63431603 0.6353514  0.63638667 0.63742183
 0.63845689 0.63949185 0.64052669 0.64156144 0.64259608 0.64363061
 0.64466504 0.64569937 0.64673359 0.64776771 0.64880172 0.64983563
 0.65086943 0.65190313 0.65293673 0.65397022 0.6550036  0.65603688
 0.65707006 0.65810314 0.6591361  0.66016897 0.66120173 0.66223439
 0.66326694 0.66429939 0.66533173 0.66636397 0.66739611 0.66842814
 0.66946007 0.6704919  0.67152362 0.67255524 0.67358675 0.67461816
 0.67564947 0.67668067 0.67771177 0.67874277 0.67977366 0.68080445
 0.68183514 0.68286572 0.6838962  0.68492658 0.68595685 0.68698702
 0.68801709 0.68904705 0.69007691 0.69110667 0.69213632 0.69316587
 0.69419532 0.69522467 0.69625391 0.69728305 0.69831209 0.69934103
 0.70036986 0.70139859 0.70242722 0.70345575 0.70448417 0.70551249
 0.70654071 0.70756883 0.70859684 0.70962475 0.71065257 0.71168027
 0.71270788 0.71373539 0.71476279 0.71579009 0.71681729 0.71784439
 0.71887138 0.71989828 0.72092507 0.72195176 0.72297836 0.72400484
 0.72503123 0.72605752 0.72708371 0.72810979 0.72913577 0.73016166
 0.73118744 0.73221312 0.7332387  0.73426418 0.73528956 0.73631484
 0.73734001 0.73836509 0.73939007 0.74041494 0.74143972 0.7424644
 0.74348897 0.74451345 0.74553782 0.7465621  0.74758627 0.74861035
 0.74963433 0.7506582  0.75168198 0.75270566 0.75372923 0.75475271
 0.75577609 0.75679937 0.75782255 0.75884563 0.75986861 0.76089149
 0.76191427 0.76293696 0.76395954 0.76498203 0.76600442 0.76702671
 0.7680489  0.76907099 0.77009298 0.77111488 0.77213667 0.77315837
 0.77417997 0.77520147 0.77622287 0.77724418 0.77826538 0.77928649
 0.78030751 0.78132842 0.78234923 0.78336995 0.78439057 0.7854111
 0.78643152 0.78745185 0.78847208 0.78949221 0.79051225 0.79153219
 0.79255203 0.79357178 0.79459142 0.79561097 0.79663043 0.79764979
 0.79866905 0.79968821 0.80070728 0.80172625 0.80274513 0.80376391
 0.80478259 0.80580118 0.80681967 0.80783806 0.80885636 0.80987456
 0.81089267 0.81191068 0.81292859 0.81394641 0.81496414 0.81598177
 0.8169993  0.81801674 0.81903408 0.82005133 0.82106848 0.82208554
 0.8231025  0.82411937 0.82513614 0.82615282 0.8271694  0.82818589
 0.82920229 0.83021859 0.83123479 0.83225091 0.83326692 0.83428284
 0.83529867 0.83631441 0.83733005 0.8383456  0.83936105 0.84037641
 0.84139167 0.84240685 0.84342193 0.84443691 0.8454518  0.8464666
 0.84748131 0.84849592 0.84951044 0.85052486 0.8515392  0.85255344
 0.85356759 0.85458164 0.8555956  0.85660947 0.85762325 0.85863693
 0.85965053 0.86066403 0.86167744 0.86269075 0.86370398 0.86471711
 0.86573015 0.8667431  0.86775595 0.86876872 0.86978139 0.87079397
 0.87180647 0.87281886 0.87383117 0.87484339 0.87585551 0.87686755
 0.87787949 0.87889135 0.87990311 0.88091478 0.88192636 0.88293785
 0.88394925 0.88496056 0.88597178 0.88698291 0.88799395 0.88900489
 0.89001575 0.89102652 0.8920372  0.89304779 0.89405829 0.8950687
 0.89607901 0.89708925 0.89809939 0.89910944 0.9001194  0.90112927
 0.90213906 0.90314875 0.90415836 0.90516788 0.9061773  0.90718664
 0.90819589 0.90920506 0.91021413 0.91122312 0.91223201 0.91324082
 0.91424954 0.91525818 0.91626672 0.91727518 0.91828355 0.91929183
 0.92030003 0.92130813 0.92231615 0.92332408 0.92433193 0.92533968
 0.92634735 0.92735494 0.92836243 0.92936984 0.93037716 0.9313844
 0.93239155 0.93339861 0.93440558 0.93541247 0.93641927 0.93742599
 0.93843262 0.93943916 0.94044562 0.94145199 0.94245828 0.94346448
 0.9444706  0.94547663 0.94648257 0.94748843 0.9484942  0.94949989
 0.95050549 0.95151101 0.95251644 0.95352179 0.95452705 0.95553223
 0.95653732 0.95754233 0.95854725 0.95955209 0.96055685 0.96156152
 0.96256611 0.96357061 0.96457503 0.96557937 0.96658362 0.96758778
 0.96859187 0.96959587 0.97059979 0.97160362 0.97260737 0.97361104
 0.97461462 0.97561812 0.97662154 0.97762487 0.97862813 0.9796313
 0.98063438 0.98163739 0.98264031 0.98364315 0.98464591 0.98564858
 0.98665118 0.98765369 0.98865612 0.98965847 0.99066073 0.99166292
 0.99266502 0.99366704 0.99466899 0.99567084 0.99667262 0.99767432
 0.99867594 0.99967747 1.00067893 1.0016803  1.00268159 1.00368281
 1.00468394 1.00568499 1.00668596 1.00768686 1.00868767 1.0096884
 1.01068905 1.01168962 1.01269012 1.01369053 1.01469086 1.01569112
 1.01669129 1.01769139 1.01869141 1.01969134 1.0206912  1.02169098
 1.02269068 1.02369031 1.02468985 1.02568932 1.02668871 1.02768801
 1.02868725 1.0296864  1.03068548 1.03168447 1.03268339 1.03368224
 1.034681   1.03567969 1.0366783  1.03767683 1.03867529 1.03967367
 1.04067197 1.04167019 1.04266834 1.04366641 1.04466441 1.04566233
 1.04666017 1.04765793 1.04865562 1.04965324 1.05065078 1.05164824
 1.05264563 1.05364294 1.05464017 1.05563733 1.05663442 1.05763143
 1.05862836 1.05962522 1.06062201 1.06161872 1.06261535 1.06361191
 1.0646084  1.06560481 1.06660115 1.06759742 1.06859361 1.06958972
 1.07058576 1.07158173 1.07257763 1.07357345 1.0745692  1.07556487
 1.07656047 1.077556   1.07855146 1.07954684 1.08054215 1.08153739
 1.08253255 1.08352764 1.08452266 1.08551761 1.08651249 1.08750729
 1.08850202 1.08949668 1.09049127 1.09148579 1.09248024 1.09347461
 1.09446892 1.09546315 1.09645731 1.0974514 ]
t = [1.08646369e+09 1.08646373e+09 1.08646377e+09 1.08646381e+09
 1.08646385e+09 1.08646389e+09 1.08646394e+09 1.08646398e+09
 1.08646402e+09 1.08646406e+09 1.08646410e+09 1.08646414e+09
 1.08646418e+09 1.08646422e+09 1.08646427e+09 1.08646431e+09
 1.08646435e+09 1.08646439e+09 1.08646443e+09 1.08646447e+09
 1.08646451e+09 1.08646455e+09 1.08646460e+09 1.08646464e+09
 1.08646468e+09 1.08646472e+09 1.08646476e+09 1.08646480e+09
 1.08646484e+09 1.08646488e+09 1.08646493e+09 1.08646497e+09
 1.08646501e+09 1.08646505e+09 1.08646509e+09 1.08646513e+09
 1.08646517e+09 1.08646521e+09 1.08646526e+09 1.08646530e+09
 1.08646534e+09 1.08646538e+09 1.08646542e+09 1.08646546e+09
 1.08646550e+09 1.08646554e+09 1.08646559e+09 1.08646563e+09
 1.08646567e+09 1.08646571e+09 1.08646575e+09 1.08646579e+09
 1.08646583e+09 1.08646587e+09 1.08646592e+09 1.08646596e+09
 1.08646600e+09 1.08646604e+09 1.08646608e+09 1.08646612e+09
 1.08646616e+09 1.08646620e+09 1.08646625e+09 1.08646629e+09
 1.08646633e+09 1.08646637e+09 1.08646641e+09 1.08646645e+09
 1.08646649e+09 1.08646653e+09 1.08646658e+09 1.08646662e+09
 1.08646666e+09 1.08646670e+09 1.08646674e+09 1.08646678e+09
 1.08646682e+09 1.08646686e+09 1.08646691e+09 1.08646695e+09
 1.08646699e+09 1.08646703e+09 1.08646707e+09 1.08646711e+09
 1.08646715e+09 1.08646719e+09 1.08646724e+09 1.08646728e+09
 1.08646732e+09 1.08646736e+09 1.08646740e+09 1.08646744e+09
 1.08646748e+09 1.08646752e+09 1.08646757e+09 1.08646761e+09
 1.08646765e+09 1.08646769e+09 1.08646773e+09 1.08646777e+09
 1.08646781e+09 1.08646785e+09 1.08646790e+09 1.08646794e+09
 1.08646798e+09 1.08646802e+09 1.08646806e+09 1.08646810e+09
 1.08646814e+09 1.08646818e+09 1.08646823e+09 1.08646827e+09
 1.08646831e+09 1.08646835e+09 1.08646839e+09 1.08646843e+09
 1.08646847e+09 1.08646851e+09 1.08646856e+09 1.08646860e+09
 1.08646864e+09 1.08646868e+09 1.08646872e+09 1.08646876e+09
 1.08646880e+09 1.08646884e+09 1.08646889e+09 1.08646893e+09
 1.08646897e+09 1.08646901e+09 1.08646905e+09 1.08646909e+09
 1.08646913e+09 1.08646917e+09 1.08646922e+09 1.08646926e+09
 1.08646930e+09 1.08646934e+09 1.08646938e+09 1.08646942e+09
 1.08646946e+09 1.08646950e+09 1.08646955e+09 1.08646959e+09
 1.08646963e+09 1.08646967e+09 1.08646971e+09 1.08646975e+09
 1.08646979e+09 1.08646983e+09 1.08646988e+09 1.08646992e+09
 1.08646996e+09 1.08647000e+09 1.08647004e+09 1.08647008e+09
 1.08647012e+09 1.08647016e+09 1.08647021e+09 1.08647025e+09
 1.08647029e+09 1.08647033e+09 1.08647037e+09 1.08647041e+09
 1.08647045e+09 1.08647049e+09 1.08647054e+09 1.08647058e+09
 1.08647062e+09 1.08647066e+09 1.08647070e+09 1.08647074e+09
 1.08647078e+09 1.08647082e+09 1.08647087e+09 1.08647091e+09
 1.08647095e+09 1.08647099e+09 1.08647103e+09 1.08647107e+09
 1.08647111e+09 1.08647115e+09 1.08647120e+09 1.08647124e+09
 1.08647128e+09 1.08647132e+09 1.08647136e+09 1.08647140e+09
 1.08647144e+09 1.08647148e+09 1.08647153e+09 1.08647157e+09
 1.08647161e+09 1.08647165e+09 1.08647169e+09 1.08647173e+09
 1.08647177e+09 1.08647181e+09 1.08647186e+09 1.08647190e+09
 1.08647194e+09 1.08647198e+09 1.08647202e+09 1.08647206e+09
 1.08647210e+09 1.08647214e+09 1.08647219e+09 1.08647223e+09
 1.08647227e+09 1.08647231e+09 1.08647235e+09 1.08647239e+09
 1.08647243e+09 1.08647247e+09 1.08647252e+09 1.08647256e+09
 1.08647260e+09 1.08647264e+09 1.08647268e+09 1.08647272e+09
 1.08647276e+09 1.08647280e+09 1.08647285e+09 1.08647289e+09
 1.08647293e+09 1.08647297e+09 1.08647301e+09 1.08647305e+09
 1.08647309e+09 1.08647313e+09 1.08647318e+09 1.08647322e+09
 1.08647326e+09 1.08647330e+09 1.08647334e+09 1.08647338e+09
 1.08647342e+09 1.08647346e+09 1.08647351e+09 1.08647355e+09
 1.08647359e+09 1.08647363e+09 1.08647367e+09 1.08647371e+09
 1.08647375e+09 1.08647379e+09 1.08647384e+09 1.08647388e+09
 1.08647392e+09 1.08647396e+09 1.08647400e+09 1.08647404e+09
 1.08647408e+09 1.08647412e+09 1.08647417e+09 1.08647421e+09
 1.08647425e+09 1.08647429e+09 1.08647433e+09 1.08647437e+09
 1.08647441e+09 1.08647445e+09 1.08647450e+09 1.08647454e+09
 1.08647458e+09 1.08647462e+09 1.08647466e+09 1.08647470e+09
 1.08647474e+09 1.08647478e+09 1.08647483e+09 1.08647487e+09
 1.08647491e+09 1.08647495e+09 1.08647499e+09 1.08647503e+09
 1.08647507e+09 1.08647511e+09 1.08647516e+09 1.08647520e+09
 1.08647524e+09 1.08647528e+09 1.08647532e+09 1.08647536e+09
 1.08647540e+09 1.08647545e+09 1.08647549e+09 1.08647553e+09
 1.08647557e+09 1.08647561e+09 1.08647565e+09 1.08647569e+09
 1.08647573e+09 1.08647578e+09 1.08647582e+09 1.08647586e+09
 1.08647590e+09 1.08647594e+09 1.08647598e+09 1.08647602e+09
 1.08647606e+09 1.08647611e+09 1.08647615e+09 1.08647619e+09
 1.08647623e+09 1.08647627e+09 1.08647631e+09 1.08647635e+09
 1.08647639e+09 1.08647644e+09 1.08647648e+09 1.08647652e+09
 1.08647656e+09 1.08647660e+09 1.08647664e+09 1.08647668e+09
 1.08647672e+09 1.08647677e+09 1.08647681e+09 1.08647685e+09
 1.08647689e+09 1.08647693e+09 1.08647697e+09 1.08647701e+09
 1.08647705e+09 1.08647710e+09 1.08647714e+09 1.08647718e+09
 1.08647722e+09 1.08647726e+09 1.08647730e+09 1.08647734e+09
 1.08647738e+09 1.08647743e+09 1.08647747e+09 1.08647751e+09
 1.08647755e+09 1.08647759e+09 1.08647763e+09 1.08647767e+09
 1.08647771e+09 1.08647776e+09 1.08647780e+09 1.08647784e+09
 1.08647788e+09 1.08647792e+09 1.08647796e+09 1.08647800e+09
 1.08647804e+09 1.08647809e+09 1.08647813e+09 1.08647817e+09
 1.08647821e+09 1.08647825e+09 1.08647829e+09 1.08647833e+09
 1.08647837e+09 1.08647842e+09 1.08647846e+09 1.08647850e+09
 1.08647854e+09 1.08647858e+09 1.08647862e+09 1.08647866e+09
 1.08647870e+09 1.08647875e+09 1.08647879e+09 1.08647883e+09
 1.08647887e+09 1.08647891e+09 1.08647895e+09 1.08647899e+09
 1.08647903e+09 1.08647908e+09 1.08647912e+09 1.08647916e+09
 1.08647920e+09 1.08647924e+09 1.08647928e+09 1.08647932e+09
 1.08647936e+09 1.08647941e+09 1.08647945e+09 1.08647949e+09
 1.08647953e+09 1.08647957e+09 1.08647961e+09 1.08647965e+09
 1.08647969e+09 1.08647974e+09 1.08647978e+09 1.08647982e+09
 1.08647986e+09 1.08647990e+09 1.08647994e+09 1.08647998e+09
 1.08648002e+09 1.08648007e+09 1.08648011e+09 1.08648015e+09
 1.08648019e+09 1.08648023e+09 1.08648027e+09 1.08648031e+09
 1.08648035e+09 1.08648040e+09 1.08648044e+09 1.08648048e+09
 1.08648052e+09 1.08648056e+09 1.08648060e+09 1.08648064e+09
 1.08648068e+09 1.08648073e+09 1.08648077e+09 1.08648081e+09
 1.08648085e+09 1.08648089e+09 1.08648093e+09 1.08648097e+09
 1.08648101e+09 1.08648106e+09 1.08648110e+09 1.08648114e+09
 1.08648118e+09 1.08648122e+09 1.08648126e+09 1.08648130e+09
 1.08648134e+09 1.08648139e+09 1.08648143e+09 1.08648147e+09
 1.08648151e+09 1.08648155e+09 1.08648159e+09 1.08648163e+09
 1.08648167e+09 1.08648172e+09 1.08648176e+09 1.08648180e+09
 1.08648184e+09 1.08648188e+09 1.08648192e+09 1.08648196e+09
 1.08648200e+09 1.08648205e+09 1.08648209e+09 1.08648213e+09
 1.08648217e+09 1.08648221e+09 1.08648225e+09 1.08648229e+09
 1.08648233e+09 1.08648238e+09 1.08648242e+09 1.08648246e+09
 1.08648250e+09 1.08648254e+09 1.08648258e+09 1.08648262e+09
 1.08648266e+09 1.08648271e+09 1.08648275e+09 1.08648279e+09
 1.08648283e+09 1.08648287e+09 1.08648291e+09 1.08648295e+09
 1.08648299e+09 1.08648304e+09 1.08648308e+09 1.08648312e+09
 1.08648316e+09 1.08648320e+09 1.08648324e+09 1.08648328e+09
 1.08648332e+09 1.08648337e+09 1.08648341e+09 1.08648345e+09
 1.08648349e+09 1.08648353e+09 1.08648357e+09 1.08648361e+09
 1.08648365e+09 1.08648370e+09 1.08648374e+09 1.08648378e+09
 1.08648382e+09 1.08648386e+09 1.08648390e+09 1.08648394e+09
 1.08648398e+09 1.08648403e+09 1.08648407e+09 1.08648411e+09
 1.08648415e+09 1.08648419e+09 1.08648423e+09 1.08648427e+09
 1.08648431e+09 1.08648436e+09 1.08648440e+09 1.08648444e+09
 1.08648448e+09 1.08648452e+09 1.08648456e+09 1.08648460e+09
 1.08648464e+09 1.08648469e+09 1.08648473e+09 1.08648477e+09
 1.08648481e+09 1.08648485e+09 1.08648489e+09 1.08648493e+09
 1.08648497e+09 1.08648502e+09 1.08648506e+09 1.08648510e+09
 1.08648514e+09 1.08648518e+09 1.08648522e+09 1.08648526e+09
 1.08648530e+09 1.08648535e+09 1.08648539e+09 1.08648543e+09
 1.08648547e+09 1.08648551e+09 1.08648555e+09 1.08648559e+09
 1.08648563e+09 1.08648568e+09 1.08648572e+09 1.08648576e+09
 1.08648580e+09 1.08648584e+09 1.08648588e+09 1.08648592e+09
 1.08648596e+09 1.08648601e+09 1.08648605e+09 1.08648609e+09
 1.08648613e+09 1.08648617e+09 1.08648621e+09 1.08648625e+09
 1.08648629e+09 1.08648634e+09 1.08648638e+09 1.08648642e+09
 1.08648646e+09 1.08648650e+09 1.08648654e+09 1.08648658e+09
 1.08648662e+09 1.08648667e+09 1.08648671e+09 1.08648675e+09
 1.08648679e+09 1.08648683e+09 1.08648687e+09 1.08648691e+09
 1.08648695e+09 1.08648700e+09 1.08648704e+09 1.08648708e+09
 1.08648712e+09 1.08648716e+09 1.08648720e+09 1.08648724e+09
 1.08648728e+09 1.08648733e+09 1.08648737e+09 1.08648741e+09
 1.08648745e+09 1.08648749e+09 1.08648753e+09 1.08648757e+09
 1.08648761e+09 1.08648766e+09 1.08648770e+09 1.08648774e+09
 1.08648778e+09 1.08648782e+09 1.08648786e+09 1.08648790e+09
 1.08648794e+09 1.08648799e+09 1.08648803e+09 1.08648807e+09
 1.08648811e+09 1.08648815e+09 1.08648819e+09 1.08648823e+09
 1.08648827e+09 1.08648832e+09 1.08648836e+09 1.08648840e+09
 1.08648844e+09 1.08648848e+09 1.08648852e+09 1.08648856e+09
 1.08648860e+09 1.08648865e+09 1.08648869e+09 1.08648873e+09
 1.08648877e+09 1.08648881e+09 1.08648885e+09 1.08648889e+09
 1.08648893e+09 1.08648898e+09 1.08648902e+09 1.08648906e+09
 1.08648910e+09 1.08648914e+09 1.08648918e+09 1.08648922e+09
 1.08648927e+09 1.08648931e+09 1.08648935e+09 1.08648939e+09
 1.08648943e+09 1.08648947e+09 1.08648951e+09 1.08648955e+09
 1.08648960e+09 1.08648964e+09 1.08648968e+09 1.08648972e+09
 1.08648976e+09 1.08648980e+09 1.08648984e+09 1.08648988e+09
 1.08648993e+09 1.08648997e+09 1.08649001e+09 1.08649005e+09
 1.08649009e+09 1.08649013e+09 1.08649017e+09 1.08649021e+09
 1.08649026e+09 1.08649030e+09 1.08649034e+09 1.08649038e+09
 1.08649042e+09 1.08649046e+09 1.08649050e+09 1.08649054e+09
 1.08649059e+09 1.08649063e+09 1.08649067e+09 1.08649071e+09
 1.08649075e+09 1.08649079e+09 1.08649083e+09 1.08649087e+09
 1.08649092e+09 1.08649096e+09 1.08649100e+09 1.08649104e+09
 1.08649108e+09 1.08649112e+09 1.08649116e+09 1.08649120e+09
 1.08649125e+09 1.08649129e+09 1.08649133e+09 1.08649137e+09
 1.08649141e+09 1.08649145e+09 1.08649149e+09 1.08649153e+09
 1.08649158e+09 1.08649162e+09 1.08649166e+09 1.08649170e+09
 1.08649174e+09 1.08649178e+09 1.08649182e+09 1.08649186e+09
 1.08649191e+09 1.08649195e+09 1.08649199e+09 1.08649203e+09
 1.08649207e+09 1.08649211e+09 1.08649215e+09 1.08649219e+09
 1.08649224e+09 1.08649228e+09 1.08649232e+09 1.08649236e+09
 1.08649240e+09 1.08649244e+09 1.08649248e+09 1.08649252e+09
 1.08649257e+09 1.08649261e+09 1.08649265e+09 1.08649269e+09
 1.08649273e+09 1.08649277e+09 1.08649281e+09 1.08649285e+09
 1.08649290e+09 1.08649294e+09 1.08649298e+09 1.08649302e+09
 1.08649306e+09 1.08649310e+09 1.08649314e+09 1.08649318e+09
 1.08649323e+09 1.08649327e+09 1.08649331e+09 1.08649335e+09
 1.08649339e+09 1.08649343e+09 1.08649347e+09 1.08649351e+09
 1.08649356e+09 1.08649360e+09 1.08649364e+09 1.08649368e+09
 1.08649372e+09 1.08649376e+09 1.08649380e+09 1.08649384e+09
 1.08649389e+09 1.08649393e+09 1.08649397e+09 1.08649401e+09
 1.08649405e+09 1.08649409e+09 1.08649413e+09 1.08649417e+09
 1.08649422e+09 1.08649426e+09 1.08649430e+09 1.08649434e+09
 1.08649438e+09 1.08649442e+09 1.08649446e+09 1.08649450e+09
 1.08649455e+09 1.08649459e+09 1.08649463e+09 1.08649467e+09
 1.08649471e+09 1.08649475e+09 1.08649479e+09 1.08649483e+09
 1.08649488e+09 1.08649492e+09 1.08649496e+09 1.08649500e+09
 1.08649504e+09 1.08649508e+09 1.08649512e+09 1.08649516e+09
 1.08649521e+09 1.08649525e+09 1.08649529e+09 1.08649533e+09
 1.08649537e+09 1.08649541e+09 1.08649545e+09 1.08649549e+09
 1.08649554e+09 1.08649558e+09 1.08649562e+09 1.08649566e+09
 1.08649570e+09 1.08649574e+09 1.08649578e+09 1.08649582e+09
 1.08649587e+09 1.08649591e+09 1.08649595e+09 1.08649599e+09
 1.08649603e+09 1.08649607e+09 1.08649611e+09 1.08649615e+09
 1.08649620e+09 1.08649624e+09 1.08649628e+09 1.08649632e+09
 1.08649636e+09 1.08649640e+09 1.08649644e+09 1.08649648e+09
 1.08649653e+09 1.08649657e+09 1.08649661e+09 1.08649665e+09
 1.08649669e+09 1.08649673e+09 1.08649677e+09 1.08649681e+09
 1.08649686e+09 1.08649690e+09 1.08649694e+09 1.08649698e+09
 1.08649702e+09 1.08649706e+09 1.08649710e+09 1.08649714e+09
 1.08649719e+09 1.08649723e+09 1.08649727e+09 1.08649731e+09
 1.08649735e+09 1.08649739e+09 1.08649743e+09 1.08649747e+09
 1.08649752e+09 1.08649756e+09 1.08649760e+09 1.08649764e+09
 1.08649768e+09 1.08649772e+09 1.08649776e+09 1.08649780e+09
 1.08649785e+09 1.08649789e+09 1.08649793e+09 1.08649797e+09
 1.08649801e+09 1.08649805e+09 1.08649809e+09 1.08649813e+09
 1.08649818e+09 1.08649822e+09 1.08649826e+09 1.08649830e+09
 1.08649834e+09 1.08649838e+09 1.08649842e+09 1.08649846e+09
 1.08649851e+09 1.08649855e+09 1.08649859e+09 1.08649863e+09
 1.08649867e+09 1.08649871e+09 1.08649875e+09 1.08649879e+09
 1.08649884e+09 1.08649888e+09 1.08649892e+09 1.08649896e+09
 1.08649900e+09 1.08649904e+09 1.08649908e+09 1.08649912e+09
 1.08649917e+09 1.08649921e+09 1.08649925e+09 1.08649929e+09
 1.08649933e+09 1.08649937e+09 1.08649941e+09 1.08649945e+09
 1.08649950e+09 1.08649954e+09 1.08649958e+09 1.08649962e+09
 1.08649966e+09 1.08649970e+09 1.08649974e+09 1.08649978e+09
 1.08649983e+09 1.08649987e+09 1.08649991e+09 1.08649995e+09
 1.08649999e+09 1.08650003e+09 1.08650007e+09 1.08650011e+09
 1.08650016e+09 1.08650020e+09 1.08650024e+09 1.08650028e+09
 1.08650032e+09 1.08650036e+09 1.08650040e+09 1.08650044e+09
 1.08650049e+09 1.08650053e+09 1.08650057e+09 1.08650061e+09
 1.08650065e+09 1.08650069e+09 1.08650073e+09 1.08650077e+09
 1.08650082e+09 1.08650086e+09 1.08650090e+09 1.08650094e+09
 1.08650098e+09 1.08650102e+09 1.08650106e+09 1.08650110e+09
 1.08650115e+09 1.08650119e+09 1.08650123e+09 1.08650127e+09
 1.08650131e+09 1.08650135e+09 1.08650139e+09 1.08650143e+09
 1.08650148e+09 1.08650152e+09 1.08650156e+09 1.08650160e+09
 1.08650164e+09 1.08650168e+09 1.08650172e+09 1.08650176e+09
 1.08650181e+09 1.08650185e+09 1.08650189e+09 1.08650193e+09
 1.08650197e+09 1.08650201e+09 1.08650205e+09 1.08650209e+09
 1.08650214e+09 1.08650218e+09 1.08650222e+09 1.08650226e+09
 1.08650230e+09 1.08650234e+09 1.08650238e+09 1.08650242e+09
 1.08650247e+09 1.08650251e+09 1.08650255e+09 1.08650259e+09
 1.08650263e+09 1.08650267e+09 1.08650271e+09 1.08650275e+09
 1.08650280e+09 1.08650284e+09 1.08650288e+09 1.08650292e+09
 1.08650296e+09 1.08650300e+09 1.08650304e+09 1.08650309e+09
 1.08650313e+09 1.08650317e+09 1.08650321e+09 1.08650325e+09
 1.08650329e+09 1.08650333e+09 1.08650337e+09 1.08650342e+09
 1.08650346e+09 1.08650350e+09 1.08650354e+09 1.08650358e+09
 1.08650362e+09 1.08650366e+09 1.08650370e+09 1.08650375e+09
 1.08650379e+09 1.08650383e+09 1.08650387e+09 1.08650391e+09
 1.08650395e+09 1.08650399e+09 1.08650403e+09 1.08650408e+09
 1.08650412e+09 1.08650416e+09 1.08650420e+09 1.08650424e+09
 1.08650428e+09 1.08650432e+09 1.08650436e+09 1.08650441e+09
 1.08650445e+09 1.08650449e+09 1.08650453e+09 1.08650457e+09
 1.08650461e+09 1.08650465e+09 1.08650469e+09 1.08650474e+09
 1.08650478e+09 1.08650482e+09 1.08650486e+09 1.08650490e+09]
minRes = 0.13778245374501114
minResTime = [1.08646468e+09]
Cov(t) = [100 100 100 100 100 100 100 100 100 100 100 100 100 100 100 100 100 100
 100 100 100 100 100 100 100 100 100 100 100 100 100 100 100 100 100 100
 100 100 100 100 100 100 100 100 100 100 100 100 100 100 100 100 100 100
 100 100 100 100 100 100 100 100 100 100 100 100 100 100 100 100 100 100
 100 100 100 100 100 100 100 100 100 100 100 100 100 100 100 100 100 100
 100 100 100 100 100 100 100 100 100 100 100 100 100 100 100 100 100 100
 100 100 100 100 100 100 100 100 100 100 100 100 100 100 100 100 100 100
 100 100 100 100 100 100 100 100 100 100 100 100 100 100 100 100 100 100
 100 100 100 100 100 100 100 100 100 100 100 100 100 100 100 100 100 100
 100 100 100 100 100 100 100 100 100 100 100 100 100 100 100 100 100 100
 100 100 100 100 100 100 100 100 100 100 100 100 100 100 100 100 100 100
 100 100 100 100 100 100 100 100 100 100 100 100 100 100 100 100 100 100
 100 100 100 100 100 100 100 100 100 100 100 100 100 100 100 100 100 100
 100 100 100 100 100 100 100 100 100 100 100 100 100 100 100 100 100 100
 100 100 100 100 100 100 100 100 100 100 100 100 100 100 100 100 100 100
 100 100 100 100 100 100 100 100 100 100 100 100 100 100 100 100 100 100
 100 100 100 100 100 100 100 100 100 100 100 100 100 100 100 100 100 100
 100 100 100 100 100 100 100 100 100 100 100 100 100 100 100 100 100 100
 100 100 100 100 100 100 100 100 100 100 100 100 100 100 100 100 100 100
 100 100 100 100 100 100 100 100 100 100 100 100 100 100 100 100 100 100
 100 100 100 100 100 100 100 100 100 100 100 100 100 100 100 100 100 100
 100 100 100 100 100 100 100 100 100 100 100 100 100 100 100 100 100 100
 100 100 100 100 100 100 100 100 100 100 100 100 100 100 100 100 100 100
 100 100 100 100 100 100 100 100 100 100 100 100 100 100 100 100 100 100
 100 100 100 100 100 100 100 100 100 100 100 100 100 100 100 100 100 100
 100 100 100 100 100 100 100 100 100 100 100 100 100 100 100 100 100 100
 100 100 100 100 100 100 100 100 100 100 100 100 100 100 100 100 100 100
 100 100 100 100 100 100 100 100 100 100 100 100 100 100 100 100 100 100
 100 100 100 100 100 100 100 100 100 100 100 100 100 100 100 100 100 100
 100 100 100 100 100 100 100 100 100 100 100 100 100 100 100 100 100 100
 100 100 100 100 100 100 100 100 100 100 100 100 100 100 100 100 100 100
 100 100 100 100 100 100 100 100 100 100 100 100 100 100 100 100 100 100
 100 100 100 100 100 100 100 100 100 100 100 100 100 100 100 100 100 100
 100 100 100 100 100 100 100 100 100 100 100 100 100 100 100 100 100 100
 100 100 100 100 100 100 100 100 100 100 100 100 100 100 100 100 100 100
 100 100 100 100 100 100 100 100 100 100 100 100 100 100 100 100 100 100
 100 100 100 100 100 100 100 100 100 100 100 100 100 100 100 100 100 100
 100 100 100 100 100 100 100 100 100 100 100 100 100 100 100 100 100 100
 100 100 100 100 100 100 100 100 100 100 100 100 100 100 100 100 100 100
 100 100 100 100 100 100 100 100 100 100 100 100 100 100 100 100 100 100
 100 100 100 100 100 100 100 100 100 100 100 100 100 100 100 100 100 100
 100 100 100 100 100 100 100 100 100 100 100 100 100 100 100 100 100 100
 100 100 100 100 100 100 100 100 100 100 100 100 100 100 100 100 100 100
 100 100 100 100 100 100 100 100 100 100 100 100 100 100 100 100 100 100
 100 100 100 100 100 100 100 100 100 100 100 100 100 100 100 100 100 100
 100 100 100 100 100 100 100 100 100 100 100 100 100 100 100 100 100 100
 100 100 100 100 100 100 100 100 100 100 100 100 100 100 100 100 100 100
 100 100 100 100 100 100 100 100 100 100 100 100 100 100 100 100 100 100
 100 100 100 100 100 100 100 100 100 100 100 100 100 100 100 100 100 100
 100 100 100 100 100 100 100 100 100 100 100 100 100 100 100 100 100 100
 100 100 100 100 100 100 100 100 100 100 100 100 100 100 100 100 100 100
 100 100 100 100 100 100 100 100 100 100 100 100 100 100 100 100 100 100
 100 100 100 100 100 100 100 100 100 100 100 100 100 100 100 100 100 100
 100 100 100 100 100 100 100 100 100 100 100 100 100 100 100 100 100 100
 100 100 100 100 100 100 100 100 100 100 100 100 100 100 100 100 100 100
 100 100 100 100 100 100 100 100 100 100]
maxCov = 100
maxCovTime = [1.08646369e+09 1.08646373e+09 1.08646377e+09 1.08646381e+09
 1.08646385e+09 1.08646389e+09 1.08646394e+09 1.08646398e+09
 1.08646402e+09 1.08646406e+09 1.08646410e+09 1.08646414e+09
 1.08646418e+09 1.08646422e+09 1.08646427e+09 1.08646431e+09
 1.08646435e+09 1.08646439e+09 1.08646443e+09 1.08646447e+09
 1.08646451e+09 1.08646455e+09 1.08646460e+09 1.08646464e+09
 1.08646468e+09 1.08646472e+09 1.08646476e+09 1.08646480e+09
 1.08646484e+09 1.08646488e+09 1.08646493e+09 1.08646497e+09
 1.08646501e+09 1.08646505e+09 1.08646509e+09 1.08646513e+09
 1.08646517e+09 1.08646521e+09 1.08646526e+09 1.08646530e+09
 1.08646534e+09 1.08646538e+09 1.08646542e+09 1.08646546e+09
 1.08646550e+09 1.08646554e+09 1.08646559e+09 1.08646563e+09
 1.08646567e+09 1.08646571e+09 1.08646575e+09 1.08646579e+09
 1.08646583e+09 1.08646587e+09 1.08646592e+09 1.08646596e+09
 1.08646600e+09 1.08646604e+09 1.08646608e+09 1.08646612e+09
 1.08646616e+09 1.08646620e+09 1.08646625e+09 1.08646629e+09
 1.08646633e+09 1.08646637e+09 1.08646641e+09 1.08646645e+09
 1.08646649e+09 1.08646653e+09 1.08646658e+09 1.08646662e+09
 1.08646666e+09 1.08646670e+09 1.08646674e+09 1.08646678e+09
 1.08646682e+09 1.08646686e+09 1.08646691e+09 1.08646695e+09
 1.08646699e+09 1.08646703e+09 1.08646707e+09 1.08646711e+09
 1.08646715e+09 1.08646719e+09 1.08646724e+09 1.08646728e+09
 1.08646732e+09 1.08646736e+09 1.08646740e+09 1.08646744e+09
 1.08646748e+09 1.08646752e+09 1.08646757e+09 1.08646761e+09
 1.08646765e+09 1.08646769e+09 1.08646773e+09 1.08646777e+09
 1.08646781e+09 1.08646785e+09 1.08646790e+09 1.08646794e+09
 1.08646798e+09 1.08646802e+09 1.08646806e+09 1.08646810e+09
 1.08646814e+09 1.08646818e+09 1.08646823e+09 1.08646827e+09
 1.08646831e+09 1.08646835e+09 1.08646839e+09 1.08646843e+09
 1.08646847e+09 1.08646851e+09 1.08646856e+09 1.08646860e+09
 1.08646864e+09 1.08646868e+09 1.08646872e+09 1.08646876e+09
 1.08646880e+09 1.08646884e+09 1.08646889e+09 1.08646893e+09
 1.08646897e+09 1.08646901e+09 1.08646905e+09 1.08646909e+09
 1.08646913e+09 1.08646917e+09 1.08646922e+09 1.08646926e+09
 1.08646930e+09 1.08646934e+09 1.08646938e+09 1.08646942e+09
 1.08646946e+09 1.08646950e+09 1.08646955e+09 1.08646959e+09
 1.08646963e+09 1.08646967e+09 1.08646971e+09 1.08646975e+09
 1.08646979e+09 1.08646983e+09 1.08646988e+09 1.08646992e+09
 1.08646996e+09 1.08647000e+09 1.08647004e+09 1.08647008e+09
 1.08647012e+09 1.08647016e+09 1.08647021e+09 1.08647025e+09
 1.08647029e+09 1.08647033e+09 1.08647037e+09 1.08647041e+09
 1.08647045e+09 1.08647049e+09 1.08647054e+09 1.08647058e+09
 1.08647062e+09 1.08647066e+09 1.08647070e+09 1.08647074e+09
 1.08647078e+09 1.08647082e+09 1.08647087e+09 1.08647091e+09
 1.08647095e+09 1.08647099e+09 1.08647103e+09 1.08647107e+09
 1.08647111e+09 1.08647115e+09 1.08647120e+09 1.08647124e+09
 1.08647128e+09 1.08647132e+09 1.08647136e+09 1.08647140e+09
 1.08647144e+09 1.08647148e+09 1.08647153e+09 1.08647157e+09
 1.08647161e+09 1.08647165e+09 1.08647169e+09 1.08647173e+09
 1.08647177e+09 1.08647181e+09 1.08647186e+09 1.08647190e+09
 1.08647194e+09 1.08647198e+09 1.08647202e+09 1.08647206e+09
 1.08647210e+09 1.08647214e+09 1.08647219e+09 1.08647223e+09
 1.08647227e+09 1.08647231e+09 1.08647235e+09 1.08647239e+09
 1.08647243e+09 1.08647247e+09 1.08647252e+09 1.08647256e+09
 1.08647260e+09 1.08647264e+09 1.08647268e+09 1.08647272e+09
 1.08647276e+09 1.08647280e+09 1.08647285e+09 1.08647289e+09
 1.08647293e+09 1.08647297e+09 1.08647301e+09 1.08647305e+09
 1.08647309e+09 1.08647313e+09 1.08647318e+09 1.08647322e+09
 1.08647326e+09 1.08647330e+09 1.08647334e+09 1.08647338e+09
 1.08647342e+09 1.08647346e+09 1.08647351e+09 1.08647355e+09
 1.08647359e+09 1.08647363e+09 1.08647367e+09 1.08647371e+09
 1.08647375e+09 1.08647379e+09 1.08647384e+09 1.08647388e+09
 1.08647392e+09 1.08647396e+09 1.08647400e+09 1.08647404e+09
 1.08647408e+09 1.08647412e+09 1.08647417e+09 1.08647421e+09
 1.08647425e+09 1.08647429e+09 1.08647433e+09 1.08647437e+09
 1.08647441e+09 1.08647445e+09 1.08647450e+09 1.08647454e+09
 1.08647458e+09 1.08647462e+09 1.08647466e+09 1.08647470e+09
 1.08647474e+09 1.08647478e+09 1.08647483e+09 1.08647487e+09
 1.08647491e+09 1.08647495e+09 1.08647499e+09 1.08647503e+09
 1.08647507e+09 1.08647511e+09 1.08647516e+09 1.08647520e+09
 1.08647524e+09 1.08647528e+09 1.08647532e+09 1.08647536e+09
 1.08647540e+09 1.08647545e+09 1.08647549e+09 1.08647553e+09
 1.08647557e+09 1.08647561e+09 1.08647565e+09 1.08647569e+09
 1.08647573e+09 1.08647578e+09 1.08647582e+09 1.08647586e+09
 1.08647590e+09 1.08647594e+09 1.08647598e+09 1.08647602e+09
 1.08647606e+09 1.08647611e+09 1.08647615e+09 1.08647619e+09
 1.08647623e+09 1.08647627e+09 1.08647631e+09 1.08647635e+09
 1.08647639e+09 1.08647644e+09 1.08647648e+09 1.08647652e+09
 1.08647656e+09 1.08647660e+09 1.08647664e+09 1.08647668e+09
 1.08647672e+09 1.08647677e+09 1.08647681e+09 1.08647685e+09
 1.08647689e+09 1.08647693e+09 1.08647697e+09 1.08647701e+09
 1.08647705e+09 1.08647710e+09 1.08647714e+09 1.08647718e+09
 1.08647722e+09 1.08647726e+09 1.08647730e+09 1.08647734e+09
 1.08647738e+09 1.08647743e+09 1.08647747e+09 1.08647751e+09
 1.08647755e+09 1.08647759e+09 1.08647763e+09 1.08647767e+09
 1.08647771e+09 1.08647776e+09 1.08647780e+09 1.08647784e+09
 1.08647788e+09 1.08647792e+09 1.08647796e+09 1.08647800e+09
 1.08647804e+09 1.08647809e+09 1.08647813e+09 1.08647817e+09
 1.08647821e+09 1.08647825e+09 1.08647829e+09 1.08647833e+09
 1.08647837e+09 1.08647842e+09 1.08647846e+09 1.08647850e+09
 1.08647854e+09 1.08647858e+09 1.08647862e+09 1.08647866e+09
 1.08647870e+09 1.08647875e+09 1.08647879e+09 1.08647883e+09
 1.08647887e+09 1.08647891e+09 1.08647895e+09 1.08647899e+09
 1.08647903e+09 1.08647908e+09 1.08647912e+09 1.08647916e+09
 1.08647920e+09 1.08647924e+09 1.08647928e+09 1.08647932e+09
 1.08647936e+09 1.08647941e+09 1.08647945e+09 1.08647949e+09
 1.08647953e+09 1.08647957e+09 1.08647961e+09 1.08647965e+09
 1.08647969e+09 1.08647974e+09 1.08647978e+09 1.08647982e+09
 1.08647986e+09 1.08647990e+09 1.08647994e+09 1.08647998e+09
 1.08648002e+09 1.08648007e+09 1.08648011e+09 1.08648015e+09
 1.08648019e+09 1.08648023e+09 1.08648027e+09 1.08648031e+09
 1.08648035e+09 1.08648040e+09 1.08648044e+09 1.08648048e+09
 1.08648052e+09 1.08648056e+09 1.08648060e+09 1.08648064e+09
 1.08648068e+09 1.08648073e+09 1.08648077e+09 1.08648081e+09
 1.08648085e+09 1.08648089e+09 1.08648093e+09 1.08648097e+09
 1.08648101e+09 1.08648106e+09 1.08648110e+09 1.08648114e+09
 1.08648118e+09 1.08648122e+09 1.08648126e+09 1.08648130e+09
 1.08648134e+09 1.08648139e+09 1.08648143e+09 1.08648147e+09
 1.08648151e+09 1.08648155e+09 1.08648159e+09 1.08648163e+09
 1.08648167e+09 1.08648172e+09 1.08648176e+09 1.08648180e+09
 1.08648184e+09 1.08648188e+09 1.08648192e+09 1.08648196e+09
 1.08648200e+09 1.08648205e+09 1.08648209e+09 1.08648213e+09
 1.08648217e+09 1.08648221e+09 1.08648225e+09 1.08648229e+09
 1.08648233e+09 1.08648238e+09 1.08648242e+09 1.08648246e+09
 1.08648250e+09 1.08648254e+09 1.08648258e+09 1.08648262e+09
 1.08648266e+09 1.08648271e+09 1.08648275e+09 1.08648279e+09
 1.08648283e+09 1.08648287e+09 1.08648291e+09 1.08648295e+09
 1.08648299e+09 1.08648304e+09 1.08648308e+09 1.08648312e+09
 1.08648316e+09 1.08648320e+09 1.08648324e+09 1.08648328e+09
 1.08648332e+09 1.08648337e+09 1.08648341e+09 1.08648345e+09
 1.08648349e+09 1.08648353e+09 1.08648357e+09 1.08648361e+09
 1.08648365e+09 1.08648370e+09 1.08648374e+09 1.08648378e+09
 1.08648382e+09 1.08648386e+09 1.08648390e+09 1.08648394e+09
 1.08648398e+09 1.08648403e+09 1.08648407e+09 1.08648411e+09
 1.08648415e+09 1.08648419e+09 1.08648423e+09 1.08648427e+09
 1.08648431e+09 1.08648436e+09 1.08648440e+09 1.08648444e+09
 1.08648448e+09 1.08648452e+09 1.08648456e+09 1.08648460e+09
 1.08648464e+09 1.08648469e+09 1.08648473e+09 1.08648477e+09
 1.08648481e+09 1.08648485e+09 1.08648489e+09 1.08648493e+09
 1.08648497e+09 1.08648502e+09 1.08648506e+09 1.08648510e+09
 1.08648514e+09 1.08648518e+09 1.08648522e+09 1.08648526e+09
 1.08648530e+09 1.08648535e+09 1.08648539e+09 1.08648543e+09
 1.08648547e+09 1.08648551e+09 1.08648555e+09 1.08648559e+09
 1.08648563e+09 1.08648568e+09 1.08648572e+09 1.08648576e+09
 1.08648580e+09 1.08648584e+09 1.08648588e+09 1.08648592e+09
 1.08648596e+09 1.08648601e+09 1.08648605e+09 1.08648609e+09
 1.08648613e+09 1.08648617e+09 1.08648621e+09 1.08648625e+09
 1.08648629e+09 1.08648634e+09 1.08648638e+09 1.08648642e+09
 1.08648646e+09 1.08648650e+09 1.08648654e+09 1.08648658e+09
 1.08648662e+09 1.08648667e+09 1.08648671e+09 1.08648675e+09
 1.08648679e+09 1.08648683e+09 1.08648687e+09 1.08648691e+09
 1.08648695e+09 1.08648700e+09 1.08648704e+09 1.08648708e+09
 1.08648712e+09 1.08648716e+09 1.08648720e+09 1.08648724e+09
 1.08648728e+09 1.08648733e+09 1.08648737e+09 1.08648741e+09
 1.08648745e+09 1.08648749e+09 1.08648753e+09 1.08648757e+09
 1.08648761e+09 1.08648766e+09 1.08648770e+09 1.08648774e+09
 1.08648778e+09 1.08648782e+09 1.08648786e+09 1.08648790e+09
 1.08648794e+09 1.08648799e+09 1.08648803e+09 1.08648807e+09
 1.08648811e+09 1.08648815e+09 1.08648819e+09 1.08648823e+09
 1.08648827e+09 1.08648832e+09 1.08648836e+09 1.08648840e+09
 1.08648844e+09 1.08648848e+09 1.08648852e+09 1.08648856e+09
 1.08648860e+09 1.08648865e+09 1.08648869e+09 1.08648873e+09
 1.08648877e+09 1.08648881e+09 1.08648885e+09 1.08648889e+09
 1.08648893e+09 1.08648898e+09 1.08648902e+09 1.08648906e+09
 1.08648910e+09 1.08648914e+09 1.08648918e+09 1.08648922e+09
 1.08648927e+09 1.08648931e+09 1.08648935e+09 1.08648939e+09
 1.08648943e+09 1.08648947e+09 1.08648951e+09 1.08648955e+09
 1.08648960e+09 1.08648964e+09 1.08648968e+09 1.08648972e+09
 1.08648976e+09 1.08648980e+09 1.08648984e+09 1.08648988e+09
 1.08648993e+09 1.08648997e+09 1.08649001e+09 1.08649005e+09
 1.08649009e+09 1.08649013e+09 1.08649017e+09 1.08649021e+09
 1.08649026e+09 1.08649030e+09 1.08649034e+09 1.08649038e+09
 1.08649042e+09 1.08649046e+09 1.08649050e+09 1.08649054e+09
 1.08649059e+09 1.08649063e+09 1.08649067e+09 1.08649071e+09
 1.08649075e+09 1.08649079e+09 1.08649083e+09 1.08649087e+09
 1.08649092e+09 1.08649096e+09 1.08649100e+09 1.08649104e+09
 1.08649108e+09 1.08649112e+09 1.08649116e+09 1.08649120e+09
 1.08649125e+09 1.08649129e+09 1.08649133e+09 1.08649137e+09
 1.08649141e+09 1.08649145e+09 1.08649149e+09 1.08649153e+09
 1.08649158e+09 1.08649162e+09 1.08649166e+09 1.08649170e+09
 1.08649174e+09 1.08649178e+09 1.08649182e+09 1.08649186e+09
 1.08649191e+09 1.08649195e+09 1.08649199e+09 1.08649203e+09
 1.08649207e+09 1.08649211e+09 1.08649215e+09 1.08649219e+09
 1.08649224e+09 1.08649228e+09 1.08649232e+09 1.08649236e+09
 1.08649240e+09 1.08649244e+09 1.08649248e+09 1.08649252e+09
 1.08649257e+09 1.08649261e+09 1.08649265e+09 1.08649269e+09
 1.08649273e+09 1.08649277e+09 1.08649281e+09 1.08649285e+09
 1.08649290e+09 1.08649294e+09 1.08649298e+09 1.08649302e+09
 1.08649306e+09 1.08649310e+09 1.08649314e+09 1.08649318e+09
 1.08649323e+09 1.08649327e+09 1.08649331e+09 1.08649335e+09
 1.08649339e+09 1.08649343e+09 1.08649347e+09 1.08649351e+09
 1.08649356e+09 1.08649360e+09 1.08649364e+09 1.08649368e+09
 1.08649372e+09 1.08649376e+09 1.08649380e+09 1.08649384e+09
 1.08649389e+09 1.08649393e+09 1.08649397e+09 1.08649401e+09
 1.08649405e+09 1.08649409e+09 1.08649413e+09 1.08649417e+09
 1.08649422e+09 1.08649426e+09 1.08649430e+09 1.08649434e+09
 1.08649438e+09 1.08649442e+09 1.08649446e+09 1.08649450e+09
 1.08649455e+09 1.08649459e+09 1.08649463e+09 1.08649467e+09
 1.08649471e+09 1.08649475e+09 1.08649479e+09 1.08649483e+09
 1.08649488e+09 1.08649492e+09 1.08649496e+09 1.08649500e+09
 1.08649504e+09 1.08649508e+09 1.08649512e+09 1.08649516e+09
 1.08649521e+09 1.08649525e+09 1.08649529e+09 1.08649533e+09
 1.08649537e+09 1.08649541e+09 1.08649545e+09 1.08649549e+09
 1.08649554e+09 1.08649558e+09 1.08649562e+09 1.08649566e+09
 1.08649570e+09 1.08649574e+09 1.08649578e+09 1.08649582e+09
 1.08649587e+09 1.08649591e+09 1.08649595e+09 1.08649599e+09
 1.08649603e+09 1.08649607e+09 1.08649611e+09 1.08649615e+09
 1.08649620e+09 1.08649624e+09 1.08649628e+09 1.08649632e+09
 1.08649636e+09 1.08649640e+09 1.08649644e+09 1.08649648e+09
 1.08649653e+09 1.08649657e+09 1.08649661e+09 1.08649665e+09
 1.08649669e+09 1.08649673e+09 1.08649677e+09 1.08649681e+09
 1.08649686e+09 1.08649690e+09 1.08649694e+09 1.08649698e+09
 1.08649702e+09 1.08649706e+09 1.08649710e+09 1.08649714e+09
 1.08649719e+09 1.08649723e+09 1.08649727e+09 1.08649731e+09
 1.08649735e+09 1.08649739e+09 1.08649743e+09 1.08649747e+09
 1.08649752e+09 1.08649756e+09 1.08649760e+09 1.08649764e+09
 1.08649768e+09 1.08649772e+09 1.08649776e+09 1.08649780e+09
 1.08649785e+09 1.08649789e+09 1.08649793e+09 1.08649797e+09
 1.08649801e+09 1.08649805e+09 1.08649809e+09 1.08649813e+09
 1.08649818e+09 1.08649822e+09 1.08649826e+09 1.08649830e+09
 1.08649834e+09 1.08649838e+09 1.08649842e+09 1.08649846e+09
 1.08649851e+09 1.08649855e+09 1.08649859e+09 1.08649863e+09
 1.08649867e+09 1.08649871e+09 1.08649875e+09 1.08649879e+09
 1.08649884e+09 1.08649888e+09 1.08649892e+09 1.08649896e+09
 1.08649900e+09 1.08649904e+09 1.08649908e+09 1.08649912e+09
 1.08649917e+09 1.08649921e+09 1.08649925e+09 1.08649929e+09
 1.08649933e+09 1.08649937e+09 1.08649941e+09 1.08649945e+09
 1.08649950e+09 1.08649954e+09 1.08649958e+09 1.08649962e+09
 1.08649966e+09 1.08649970e+09 1.08649974e+09 1.08649978e+09
 1.08649983e+09 1.08649987e+09 1.08649991e+09 1.08649995e+09
 1.08649999e+09 1.08650003e+09 1.08650007e+09 1.08650011e+09
 1.08650016e+09 1.08650020e+09 1.08650024e+09 1.08650028e+09
 1.08650032e+09 1.08650036e+09 1.08650040e+09 1.08650044e+09
 1.08650049e+09 1.08650053e+09 1.08650057e+09 1.08650061e+09
 1.08650065e+09 1.08650069e+09 1.08650073e+09 1.08650077e+09
 1.08650082e+09 1.08650086e+09 1.08650090e+09 1.08650094e+09
 1.08650098e+09 1.08650102e+09 1.08650106e+09 1.08650110e+09
 1.08650115e+09 1.08650119e+09 1.08650123e+09 1.08650127e+09
 1.08650131e+09 1.08650135e+09 1.08650139e+09 1.08650143e+09
 1.08650148e+09 1.08650152e+09 1.08650156e+09 1.08650160e+09
 1.08650164e+09 1.08650168e+09 1.08650172e+09 1.08650176e+09
 1.08650181e+09 1.08650185e+09 1.08650189e+09 1.08650193e+09
 1.08650197e+09 1.08650201e+09 1.08650205e+09 1.08650209e+09
 1.08650214e+09 1.08650218e+09 1.08650222e+09 1.08650226e+09
 1.08650230e+09 1.08650234e+09 1.08650238e+09 1.08650242e+09
 1.08650247e+09 1.08650251e+09 1.08650255e+09 1.08650259e+09
 1.08650263e+09 1.08650267e+09 1.08650271e+09 1.08650275e+09
 1.08650280e+09 1.08650284e+09 1.08650288e+09 1.08650292e+09
 1.08650296e+09 1.08650300e+09 1.08650304e+09 1.08650309e+09
 1.08650313e+09 1.08650317e+09 1.08650321e+09 1.08650325e+09
 1.08650329e+09 1.08650333e+09 1.08650337e+09 1.08650342e+09
 1.08650346e+09 1.08650350e+09 1.08650354e+09 1.08650358e+09
 1.08650362e+09 1.08650366e+09 1.08650370e+09 1.08650375e+09
 1.08650379e+09 1.08650383e+09 1.08650387e+09 1.08650391e+09
 1.08650395e+09 1.08650399e+09 1.08650403e+09 1.08650408e+09
 1.08650412e+09 1.08650416e+09 1.08650420e+09 1.08650424e+09
 1.08650428e+09 1.08650432e+09 1.08650436e+09 1.08650441e+09
 1.08650445e+09 1.08650449e+09 1.08650453e+09 1.08650457e+09
 1.08650461e+09 1.08650465e+09 1.08650469e+09 1.08650474e+09
 1.08650478e+09 1.08650482e+09 1.08650486e+09 1.08650490e+09]
