name =JUICE_ROI_GAN_4_6_01
flyby = ['2034 JUL 11 19:50:31', '2034 JUL 12 19:50:31']
Observation TW = <SpiceCell dtype = 1, length = 0, size = 3000, card = 10, is_set = 1, adjust = 0, init = 1, base = 93831231250784, data = 93831231250832>
Res(t) = [2.19788931 2.1978799  2.19787148 2.19786405 2.19785763 2.19785219
 2.19784775 2.19784429 2.19784183 2.19784036 2.19783987 2.19784037
 2.19784185 2.19784432 2.19784777 2.1978522  2.19785761 2.197864
 2.19787137 2.19787972 2.19788904 2.19789933 2.1979106  2.19792284
 2.19793605 2.19795024 2.19796539 2.1979815  2.19799859 2.19801663
 2.19803565 2.19805562 2.19807656 2.19809846 2.19812131 2.19814513
 2.1981699  2.19819562 2.1982223  2.19824994 2.19827852 2.19830806
 2.19833854 2.19836998 2.19840236 2.19843569 2.19846996 2.19850518
 2.19854134 2.19857844 2.19861648 2.19865546 2.19869538 2.19873623
 2.19877802 2.19882074 2.1988644  2.19890899 2.19895451 2.19900095
 2.19904833 2.19909663 2.19914586 2.19919602 2.19924709 2.19929909
 2.19935202 2.19940586 2.19946062 2.19951629 2.19957289 2.19963039
 2.19968882 2.19974815 2.1998084  2.19986955 2.19993162 2.19999459
 2.20005847 2.20012326 2.20018895 2.20025554 2.20032304 2.20039143
 2.20046073 2.20053092 2.20060201 2.200674   2.20074688 2.20082065
 2.20089532 2.20097087 2.20104732 2.20112466 2.20120288 2.20128199
 2.20136199 2.20144286 2.20152463 2.20160727 2.20169079 2.20177519
 2.20186047 2.20194663 2.20203366 2.20212156 2.20221034 2.20229999
 2.20239051 2.2024819  2.20257416 2.20266729 2.20276128 2.20285613
 2.20295185 2.20304843 2.20314587 2.20324418 2.20334333 2.20344335
 2.20354422 2.20364595 2.20374853 2.20385197 2.20395625 2.20406138
 2.20416737 2.2042742  2.20438188 2.2044904  2.20459976 2.20470997
 2.20482102 2.20493291 2.20504564 2.20515921 2.20527361 2.20538885
 2.20550493 2.20562183 2.20573957 2.20585814 2.20597754 2.20609776
 2.20621882 2.2063407  2.2064634  2.20658692 2.20671127 2.20683644
 2.20696243 2.20708924 2.20721686 2.2073453  2.20747456 2.20760463
 2.20773551 2.2078672  2.2079997  2.20813301 2.20826713 2.20840206
 2.20853779 2.20867432 2.20881165 2.20894979 2.20908873 2.20922847
 2.209369   2.20951033 2.20965246 2.20979538 2.20993909 2.21008359
 2.21022889 2.21037497 2.21052185 2.21066951 2.21081795 2.21096718
 2.21111719 2.21126799 2.21141956 2.21157192 2.21172505 2.21187896
 2.21203365 2.21218911 2.21234534 2.21250235 2.21266013 2.21281868
 2.21297799 2.21313808 2.21329892 2.21346054 2.21362292 2.21378606
 2.21394996 2.21411463 2.21428005 2.21444623 2.21461316 2.21478085
 2.2149493  2.2151185  2.21528845 2.21545915 2.2156306  2.2158028
 2.21597574 2.21614943 2.21632386 2.21649904 2.21667496 2.21685162
 2.21702902 2.21720716 2.21738604 2.21756565 2.217746   2.21792708
 2.21810889 2.21829143 2.21847471 2.21865871 2.21884344 2.21902889
 2.21921508 2.21940198 2.21958961 2.21977796 2.21996703 2.22015682
 2.22034732 2.22053855 2.22073049 2.22092314 2.22111651 2.22131058
 2.22150537 2.22170087 2.22189708 2.22209399 2.22229161 2.22248994
 2.22268896 2.22288869 2.22308912 2.22329026 2.22349209 2.22369461
 2.22389784 2.22410175 2.22430637 2.22451167 2.22471767 2.22492436
 2.22513173 2.2253398  2.22554855 2.22575798 2.2259681  2.22617891
 2.22639039 2.22660256 2.22681541 2.22702893 2.22724313 2.22745801
 2.22767356 2.22788979 2.22810669 2.22832426 2.2285425  2.2287614
 2.22898098 2.22920122 2.22942213 2.2296437  2.22986594 2.23008883
 2.23031239 2.23053661 2.23076148 2.23098701 2.2312132  2.23144004
 2.23166754 2.23189569 2.23212449 2.23235394 2.23258403 2.23281478
 2.23304617 2.23327821 2.23351089 2.23374421 2.23397818 2.23421278
 2.23444803 2.23468391 2.23492043 2.23515759 2.23539538 2.2356338
 2.23587286 2.23611254 2.23635286 2.23659381 2.23683538 2.23707758
 2.2373204  2.23756385 2.23780792 2.23805262 2.23829793 2.23854386
 2.23879041 2.23903758 2.23928537 2.23953377 2.23978278 2.2400324
 2.24028264 2.24053349 2.24078494 2.241037   2.24128967 2.24154295
 2.24179683 2.24205131 2.24230639 2.24256208 2.24281836 2.24307524
 2.24333272 2.2435908  2.24384947 2.24410874 2.24436859 2.24462904
 2.24489008 2.24515171 2.24541393 2.24567673 2.24594012 2.24620409
 2.24646865 2.24673379 2.24699951 2.24726581 2.24753269 2.24780015
 2.24806818 2.24833679 2.24860597 2.24887573 2.24914606 2.24941696
 2.24968843 2.24996046 2.25023307 2.25050624 2.25077998 2.25105428
 2.25132914 2.25160456 2.25188055 2.25215709 2.2524342  2.25271186
 2.25299007 2.25326885 2.25354817 2.25382805 2.25410848 2.25438946
 2.25467099 2.25495306 2.25523569 2.25551886 2.25580257 2.25608683
 2.25637163 2.25665697 2.25694286 2.25722928 2.25751624 2.25780373
 2.25809177 2.25838033 2.25866943 2.25895907 2.25924923 2.25953992
 2.25983115 2.2601229  2.26041518 2.26070798 2.26100131 2.26129516
 2.26158953 2.26188443 2.26217984 2.26247578 2.26277223 2.2630692
 2.26336669 2.26366469 2.2639632  2.26426222 2.26456176 2.26486181
 2.26516236 2.26546343 2.265765   2.26606708 2.26636966 2.26667274
 2.26697633 2.26728042 2.26758501 2.2678901  2.26819568 2.26850177
 2.26880835 2.26911542 2.26942299 2.26973105 2.2700396  2.27034864
 2.27065818 2.2709682  2.2712787  2.2715897  2.27190118 2.27221314
 2.27252558 2.27283851 2.27315192 2.27346581 2.27378017 2.27409502
 2.27441034 2.27472613 2.2750424  2.27535915 2.27567636 2.27599405
 2.2763122  2.27663083 2.27694992 2.27726948 2.2775895  2.27790999
 2.27823095 2.27855236 2.27887424 2.27919658 2.27951937 2.27984263
 2.28016634 2.28049051 2.28081513 2.28114021 2.28146573 2.28179172
 2.28211815 2.28244503 2.28277236 2.28310014 2.28342836 2.28375703
 2.28408615 2.28441571 2.28474571 2.28507615 2.28540703 2.28573835
 2.28607011 2.28640231 2.28673494 2.28706801 2.28740151 2.28773545
 2.28806981 2.28840461 2.28873984 2.28907549 2.28941158 2.28974809
 2.29008502 2.29042238 2.29076017 2.29109837 2.291437   2.29177605
 2.29211552 2.29245541 2.29279571 2.29313643 2.29347757 2.29381912
 2.29416108 2.29450346 2.29484624 2.29518944 2.29553305 2.29587706
 2.29622149 2.29656631 2.29691155 2.29725718 2.29760323 2.29794967
 2.29829651 2.29864376 2.2989914  2.29933944 2.29968788 2.30003671
 2.30038594 2.30073556 2.30108558 2.30143599 2.30178679 2.30213798
 2.30248956 2.30284152 2.30319387 2.30354661 2.30389974 2.30425325
 2.30460714 2.30496141 2.30531607 2.3056711  2.30602651 2.30638231
 2.30673847 2.30709502 2.30745194 2.30780923 2.3081669  2.30852494
 2.30888335 2.30924213 2.30960128 2.3099608  2.31032068 2.31068093
 2.31104155 2.31140253 2.31176388 2.31212558 2.31248765 2.31285008
 2.31321287 2.31357601 2.31393952 2.31430338 2.31466759 2.31503216
 2.31539709 2.31576237 2.31612799 2.31649397 2.3168603  2.31722698
 2.31759401 2.31796138 2.3183291  2.31869716 2.31906557 2.31943432
 2.31980341 2.32017284 2.32054262 2.32091273 2.32128318 2.32165397
 2.3220251  2.32239656 2.32276835 2.32314048 2.32351294 2.32388574
 2.32425886 2.32463231 2.3250061  2.32538021 2.32575465 2.32612941
 2.3265045  2.32687991 2.32725565 2.32763171 2.32800809 2.32838479
 2.32876181 2.32913914 2.3295168  2.32989477 2.33027306 2.33065167
 2.33103058 2.33140981 2.33178936 2.33216921 2.33254938 2.33292985
 2.33331063 2.33369172 2.33407312 2.33445482 2.33483683 2.33521914
 2.33560175 2.33598467 2.33636789 2.3367514  2.33713522 2.33751934
 2.33790375 2.33828846 2.33867346 2.33905876 2.33944436 2.33983025
 2.34021643 2.3406029  2.34098966 2.34137671 2.34176405 2.34215167
 2.34253959 2.34292779 2.34331627 2.34370504 2.34409409 2.34448343
 2.34487304 2.34526294 2.34565311 2.34604357 2.3464343  2.34682531
 2.3472166  2.34760816 2.348      2.34839211 2.34878449 2.34917714
 2.34957007 2.34996326 2.35035673 2.35075046 2.35114446 2.35153873
 2.35193326 2.35232806 2.35272312 2.35311844 2.35351403 2.35390988
 2.35430599 2.35470236 2.35509898 2.35549587 2.35589301 2.35629041
 2.35668807 2.35708597 2.35748414 2.35788255 2.35828122 2.35868014
 2.35907931 2.35947873 2.3598784  2.36027831 2.36067847 2.36107888
 2.36147954 2.36188043 2.36228158 2.36268296 2.36308459 2.36348646
 2.36388856 2.36429091 2.3646935  2.36509632 2.36549938 2.36590268
 2.36630621 2.36670998 2.36711398 2.36751821 2.36792268 2.36832738
 2.3687323  2.36913746 2.36954285 2.36994846 2.3703543  2.37076037
 2.37116666 2.37157318 2.37197992 2.37238688 2.37279407 2.37320147
 2.3736091  2.37401695 2.37442502 2.3748333  2.37524181 2.37565052
 2.37605946 2.37646861 2.37687797 2.37728755 2.37769734 2.37810735
 2.37851756 2.37892798 2.37933862 2.37974946 2.38016051 2.38057176
 2.38098323 2.3813949  2.38180677 2.38221885 2.38263113 2.38304361
 2.38345629 2.38386918 2.38428226 2.38469555 2.38510903 2.38552271
 2.38593659 2.38635066 2.38676493 2.3871794  2.38759405 2.38800891
 2.38842395 2.38883918 2.38925461 2.38967023 2.39008603 2.39050202
 2.39091821 2.39133457 2.39175113 2.39216787 2.39258479 2.3930019
 2.39341919 2.39383667 2.39425432 2.39467216 2.39509018 2.39550837
 2.39592675 2.3963453  2.39676403 2.39718294 2.39760202 2.39802128
 2.39844071 2.39886032 2.3992801  2.39970005 2.40012017 2.40054046
 2.40096093 2.40138156 2.40180236 2.40222332 2.40264446 2.40306576
 2.40348722 2.40390886 2.40433065 2.40475261 2.40517473 2.40559701
 2.40601946 2.40644206 2.40686482 2.40728775 2.40771083 2.40813406
 2.40855746 2.40898101 2.40940472 2.40982858 2.4102526  2.41067677
 2.41110109 2.41152556 2.41195018 2.41237496 2.41279988 2.41322496
 2.41365018 2.41407555 2.41450107 2.41492673 2.41535254 2.41577849
 2.41620459 2.41663083 2.41705722 2.41748374 2.41791041 2.41833722
 2.41876417 2.41919125 2.41961848 2.42004585 2.42047335 2.42090099
 2.42132876 2.42175667 2.42218471 2.42261289 2.4230412  2.42346965
 2.42389822 2.42432693 2.42475577 2.42518474 2.42561383 2.42604306
 2.42647241 2.42690189 2.4273315  2.42776123 2.42819109 2.42862107
 2.42905118 2.42948141 2.42991176 2.43034224 2.43077283 2.43120355
 2.43163438 2.43206534 2.43249641 2.4329276  2.43335891 2.43379034
 2.43422188 2.43465354 2.43508531 2.4355172  2.4359492  2.43638131
 2.43681354 2.43724588 2.43767832 2.43811088 2.43854355 2.43897633
 2.43940921 2.4398422  2.4402753  2.44070851 2.44114182 2.44157524
 2.44200876 2.44244239 2.44287612 2.44330995 2.44374389 2.44417792
 2.44461206 2.44504629 2.44548063 2.44591507 2.4463496  2.44678423
 2.44721896 2.44765379 2.44808871 2.44852373 2.44895884 2.44939404
 2.44982934 2.45026474 2.45070022 2.4511358  2.45157146 2.45200722
 2.45244307 2.45287901 2.45331503 2.45375115 2.45418735 2.45462364
 2.45506001 2.45549647 2.45593302 2.45636965 2.45680636 2.45724316
 2.45768004 2.458117   2.45855404 2.45899117 2.45942837 2.45986566
 2.46030302 2.46074047 2.46117799 2.46161559 2.46205326 2.46249101
 2.46292884 2.46336674 2.46380472 2.46424277 2.4646809  2.4651191
 2.46555737 2.46599571 2.46643412 2.46687261 2.46731116 2.46774979
 2.46818848 2.46862724 2.46906607 2.46950497 2.46994393 2.47038296
 2.47082206 2.47126122 2.47170044 2.47213973 2.47257908 2.4730185
 2.47345798 2.47389751 2.47433712 2.47477678 2.4752165  2.47565628
 2.47609612 2.47653602 2.47697597 2.47741599 2.47785606 2.47829619
 2.47873637 2.47917661 2.4796169  2.48005725 2.48049765 2.48093811
 2.48137861 2.48181917 2.48225978 2.48270044 2.48314116 2.48358192
 2.48402273 2.48446359 2.4849045  2.48534546 2.48578646 2.48622751
 2.48666861 2.48710976 2.48755095 2.48799218 2.48843346 2.48887478
 2.48931615 2.48975755 2.490199   2.4906405  2.49108203 2.4915236
 2.49196522 2.49240687 2.49284857 2.4932903  2.49373207 2.49417388
 2.49461573 2.49505761 2.49549953 2.49594148]
t = [1.08957865e+09 1.08957869e+09 1.08957873e+09 1.08957877e+09
 1.08957881e+09 1.08957885e+09 1.08957889e+09 1.08957893e+09
 1.08957897e+09 1.08957901e+09 1.08957905e+09 1.08957909e+09
 1.08957913e+09 1.08957917e+09 1.08957921e+09 1.08957925e+09
 1.08957929e+09 1.08957933e+09 1.08957937e+09 1.08957941e+09
 1.08957945e+09 1.08957949e+09 1.08957953e+09 1.08957957e+09
 1.08957961e+09 1.08957965e+09 1.08957969e+09 1.08957973e+09
 1.08957977e+09 1.08957981e+09 1.08957985e+09 1.08957989e+09
 1.08957993e+09 1.08957997e+09 1.08958001e+09 1.08958005e+09
 1.08958009e+09 1.08958013e+09 1.08958017e+09 1.08958021e+09
 1.08958025e+09 1.08958029e+09 1.08958033e+09 1.08958037e+09
 1.08958041e+09 1.08958045e+09 1.08958049e+09 1.08958053e+09
 1.08958057e+09 1.08958061e+09 1.08958065e+09 1.08958069e+09
 1.08958073e+09 1.08958077e+09 1.08958082e+09 1.08958086e+09
 1.08958090e+09 1.08958094e+09 1.08958098e+09 1.08958102e+09
 1.08958106e+09 1.08958110e+09 1.08958114e+09 1.08958118e+09
 1.08958122e+09 1.08958126e+09 1.08958130e+09 1.08958134e+09
 1.08958138e+09 1.08958142e+09 1.08958146e+09 1.08958150e+09
 1.08958154e+09 1.08958158e+09 1.08958162e+09 1.08958166e+09
 1.08958170e+09 1.08958174e+09 1.08958178e+09 1.08958182e+09
 1.08958186e+09 1.08958190e+09 1.08958194e+09 1.08958198e+09
 1.08958202e+09 1.08958206e+09 1.08958210e+09 1.08958214e+09
 1.08958218e+09 1.08958222e+09 1.08958226e+09 1.08958230e+09
 1.08958234e+09 1.08958238e+09 1.08958242e+09 1.08958246e+09
 1.08958250e+09 1.08958254e+09 1.08958258e+09 1.08958262e+09
 1.08958266e+09 1.08958270e+09 1.08958274e+09 1.08958278e+09
 1.08958282e+09 1.08958286e+09 1.08958290e+09 1.08958294e+09
 1.08958298e+09 1.08958302e+09 1.08958306e+09 1.08958310e+09
 1.08958314e+09 1.08958318e+09 1.08958322e+09 1.08958326e+09
 1.08958330e+09 1.08958334e+09 1.08958338e+09 1.08958342e+09
 1.08958346e+09 1.08958350e+09 1.08958354e+09 1.08958358e+09
 1.08958362e+09 1.08958366e+09 1.08958370e+09 1.08958374e+09
 1.08958378e+09 1.08958382e+09 1.08958386e+09 1.08958390e+09
 1.08958394e+09 1.08958398e+09 1.08958402e+09 1.08958406e+09
 1.08958410e+09 1.08958414e+09 1.08958418e+09 1.08958422e+09
 1.08958426e+09 1.08958430e+09 1.08958434e+09 1.08958438e+09
 1.08958442e+09 1.08958446e+09 1.08958450e+09 1.08958454e+09
 1.08958458e+09 1.08958462e+09 1.08958466e+09 1.08958470e+09
 1.08958474e+09 1.08958478e+09 1.08958482e+09 1.08958486e+09
 1.08958490e+09 1.08958494e+09 1.08958498e+09 1.08958502e+09
 1.08958506e+09 1.08958510e+09 1.08958514e+09 1.08958518e+09
 1.08958522e+09 1.08958527e+09 1.08958531e+09 1.08958535e+09
 1.08958539e+09 1.08958543e+09 1.08958547e+09 1.08958551e+09
 1.08958555e+09 1.08958559e+09 1.08958563e+09 1.08958567e+09
 1.08958571e+09 1.08958575e+09 1.08958579e+09 1.08958583e+09
 1.08958587e+09 1.08958591e+09 1.08958595e+09 1.08958599e+09
 1.08958603e+09 1.08958607e+09 1.08958611e+09 1.08958615e+09
 1.08958619e+09 1.08958623e+09 1.08958627e+09 1.08958631e+09
 1.08958635e+09 1.08958639e+09 1.08958643e+09 1.08958647e+09
 1.08958651e+09 1.08958655e+09 1.08958659e+09 1.08958663e+09
 1.08958667e+09 1.08958671e+09 1.08958675e+09 1.08958679e+09
 1.08958683e+09 1.08958687e+09 1.08958691e+09 1.08958695e+09
 1.08958699e+09 1.08958703e+09 1.08958707e+09 1.08958711e+09
 1.08958715e+09 1.08958719e+09 1.08958723e+09 1.08958727e+09
 1.08958731e+09 1.08958735e+09 1.08958739e+09 1.08958743e+09
 1.08958747e+09 1.08958751e+09 1.08958755e+09 1.08958759e+09
 1.08958763e+09 1.08958767e+09 1.08958771e+09 1.08958775e+09
 1.08958779e+09 1.08958783e+09 1.08958787e+09 1.08958791e+09
 1.08958795e+09 1.08958799e+09 1.08958803e+09 1.08958807e+09
 1.08958811e+09 1.08958815e+09 1.08958819e+09 1.08958823e+09
 1.08958827e+09 1.08958831e+09 1.08958835e+09 1.08958839e+09
 1.08958843e+09 1.08958847e+09 1.08958851e+09 1.08958855e+09
 1.08958859e+09 1.08958863e+09 1.08958867e+09 1.08958871e+09
 1.08958875e+09 1.08958879e+09 1.08958883e+09 1.08958887e+09
 1.08958891e+09 1.08958895e+09 1.08958899e+09 1.08958903e+09
 1.08958907e+09 1.08958911e+09 1.08958915e+09 1.08958919e+09
 1.08958923e+09 1.08958927e+09 1.08958931e+09 1.08958935e+09
 1.08958939e+09 1.08958943e+09 1.08958947e+09 1.08958951e+09
 1.08958955e+09 1.08958959e+09 1.08958963e+09 1.08958967e+09
 1.08958972e+09 1.08958976e+09 1.08958980e+09 1.08958984e+09
 1.08958988e+09 1.08958992e+09 1.08958996e+09 1.08959000e+09
 1.08959004e+09 1.08959008e+09 1.08959012e+09 1.08959016e+09
 1.08959020e+09 1.08959024e+09 1.08959028e+09 1.08959032e+09
 1.08959036e+09 1.08959040e+09 1.08959044e+09 1.08959048e+09
 1.08959052e+09 1.08959056e+09 1.08959060e+09 1.08959064e+09
 1.08959068e+09 1.08959072e+09 1.08959076e+09 1.08959080e+09
 1.08959084e+09 1.08959088e+09 1.08959092e+09 1.08959096e+09
 1.08959100e+09 1.08959104e+09 1.08959108e+09 1.08959112e+09
 1.08959116e+09 1.08959120e+09 1.08959124e+09 1.08959128e+09
 1.08959132e+09 1.08959136e+09 1.08959140e+09 1.08959144e+09
 1.08959148e+09 1.08959152e+09 1.08959156e+09 1.08959160e+09
 1.08959164e+09 1.08959168e+09 1.08959172e+09 1.08959176e+09
 1.08959180e+09 1.08959184e+09 1.08959188e+09 1.08959192e+09
 1.08959196e+09 1.08959200e+09 1.08959204e+09 1.08959208e+09
 1.08959212e+09 1.08959216e+09 1.08959220e+09 1.08959224e+09
 1.08959228e+09 1.08959232e+09 1.08959236e+09 1.08959240e+09
 1.08959244e+09 1.08959248e+09 1.08959252e+09 1.08959256e+09
 1.08959260e+09 1.08959264e+09 1.08959268e+09 1.08959272e+09
 1.08959276e+09 1.08959280e+09 1.08959284e+09 1.08959288e+09
 1.08959292e+09 1.08959296e+09 1.08959300e+09 1.08959304e+09
 1.08959308e+09 1.08959312e+09 1.08959316e+09 1.08959320e+09
 1.08959324e+09 1.08959328e+09 1.08959332e+09 1.08959336e+09
 1.08959340e+09 1.08959344e+09 1.08959348e+09 1.08959352e+09
 1.08959356e+09 1.08959360e+09 1.08959364e+09 1.08959368e+09
 1.08959372e+09 1.08959376e+09 1.08959380e+09 1.08959384e+09
 1.08959388e+09 1.08959392e+09 1.08959396e+09 1.08959400e+09
 1.08959404e+09 1.08959408e+09 1.08959412e+09 1.08959417e+09
 1.08959421e+09 1.08959425e+09 1.08959429e+09 1.08959433e+09
 1.08959437e+09 1.08959441e+09 1.08959445e+09 1.08959449e+09
 1.08959453e+09 1.08959457e+09 1.08959461e+09 1.08959465e+09
 1.08959469e+09 1.08959473e+09 1.08959477e+09 1.08959481e+09
 1.08959485e+09 1.08959489e+09 1.08959493e+09 1.08959497e+09
 1.08959501e+09 1.08959505e+09 1.08959509e+09 1.08959513e+09
 1.08959517e+09 1.08959521e+09 1.08959525e+09 1.08959529e+09
 1.08959533e+09 1.08959537e+09 1.08959541e+09 1.08959545e+09
 1.08959549e+09 1.08959553e+09 1.08959557e+09 1.08959561e+09
 1.08959565e+09 1.08959569e+09 1.08959573e+09 1.08959577e+09
 1.08959581e+09 1.08959585e+09 1.08959589e+09 1.08959593e+09
 1.08959597e+09 1.08959601e+09 1.08959605e+09 1.08959609e+09
 1.08959613e+09 1.08959617e+09 1.08959621e+09 1.08959625e+09
 1.08959629e+09 1.08959633e+09 1.08959637e+09 1.08959641e+09
 1.08959645e+09 1.08959649e+09 1.08959653e+09 1.08959657e+09
 1.08959661e+09 1.08959665e+09 1.08959669e+09 1.08959673e+09
 1.08959677e+09 1.08959681e+09 1.08959685e+09 1.08959689e+09
 1.08959693e+09 1.08959697e+09 1.08959701e+09 1.08959705e+09
 1.08959709e+09 1.08959713e+09 1.08959717e+09 1.08959721e+09
 1.08959725e+09 1.08959729e+09 1.08959733e+09 1.08959737e+09
 1.08959741e+09 1.08959745e+09 1.08959749e+09 1.08959753e+09
 1.08959757e+09 1.08959761e+09 1.08959765e+09 1.08959769e+09
 1.08959773e+09 1.08959777e+09 1.08959781e+09 1.08959785e+09
 1.08959789e+09 1.08959793e+09 1.08959797e+09 1.08959801e+09
 1.08959805e+09 1.08959809e+09 1.08959813e+09 1.08959817e+09
 1.08959821e+09 1.08959825e+09 1.08959829e+09 1.08959833e+09
 1.08959837e+09 1.08959841e+09 1.08959845e+09 1.08959849e+09
 1.08959853e+09 1.08959857e+09 1.08959862e+09 1.08959866e+09
 1.08959870e+09 1.08959874e+09 1.08959878e+09 1.08959882e+09
 1.08959886e+09 1.08959890e+09 1.08959894e+09 1.08959898e+09
 1.08959902e+09 1.08959906e+09 1.08959910e+09 1.08959914e+09
 1.08959918e+09 1.08959922e+09 1.08959926e+09 1.08959930e+09
 1.08959934e+09 1.08959938e+09 1.08959942e+09 1.08959946e+09
 1.08959950e+09 1.08959954e+09 1.08959958e+09 1.08959962e+09
 1.08959966e+09 1.08959970e+09 1.08959974e+09 1.08959978e+09
 1.08959982e+09 1.08959986e+09 1.08959990e+09 1.08959994e+09
 1.08959998e+09 1.08960002e+09 1.08960006e+09 1.08960010e+09
 1.08960014e+09 1.08960018e+09 1.08960022e+09 1.08960026e+09
 1.08960030e+09 1.08960034e+09 1.08960038e+09 1.08960042e+09
 1.08960046e+09 1.08960050e+09 1.08960054e+09 1.08960058e+09
 1.08960062e+09 1.08960066e+09 1.08960070e+09 1.08960074e+09
 1.08960078e+09 1.08960082e+09 1.08960086e+09 1.08960090e+09
 1.08960094e+09 1.08960098e+09 1.08960102e+09 1.08960106e+09
 1.08960110e+09 1.08960114e+09 1.08960118e+09 1.08960122e+09
 1.08960126e+09 1.08960130e+09 1.08960134e+09 1.08960138e+09
 1.08960142e+09 1.08960146e+09 1.08960150e+09 1.08960154e+09
 1.08960158e+09 1.08960162e+09 1.08960166e+09 1.08960170e+09
 1.08960174e+09 1.08960178e+09 1.08960182e+09 1.08960186e+09
 1.08960190e+09 1.08960194e+09 1.08960198e+09 1.08960202e+09
 1.08960206e+09 1.08960210e+09 1.08960214e+09 1.08960218e+09
 1.08960222e+09 1.08960226e+09 1.08960230e+09 1.08960234e+09
 1.08960238e+09 1.08960242e+09 1.08960246e+09 1.08960250e+09
 1.08960254e+09 1.08960258e+09 1.08960262e+09 1.08960266e+09
 1.08960270e+09 1.08960274e+09 1.08960278e+09 1.08960282e+09
 1.08960286e+09 1.08960290e+09 1.08960294e+09 1.08960298e+09
 1.08960302e+09 1.08960307e+09 1.08960311e+09 1.08960315e+09
 1.08960319e+09 1.08960323e+09 1.08960327e+09 1.08960331e+09
 1.08960335e+09 1.08960339e+09 1.08960343e+09 1.08960347e+09
 1.08960351e+09 1.08960355e+09 1.08960359e+09 1.08960363e+09
 1.08960367e+09 1.08960371e+09 1.08960375e+09 1.08960379e+09
 1.08960383e+09 1.08960387e+09 1.08960391e+09 1.08960395e+09
 1.08960399e+09 1.08960403e+09 1.08960407e+09 1.08960411e+09
 1.08960415e+09 1.08960419e+09 1.08960423e+09 1.08960427e+09
 1.08960431e+09 1.08960435e+09 1.08960439e+09 1.08960443e+09
 1.08960447e+09 1.08960451e+09 1.08960455e+09 1.08960459e+09
 1.08960463e+09 1.08960467e+09 1.08960471e+09 1.08960475e+09
 1.08960479e+09 1.08960483e+09 1.08960487e+09 1.08960491e+09
 1.08960495e+09 1.08960499e+09 1.08960503e+09 1.08960507e+09
 1.08960511e+09 1.08960515e+09 1.08960519e+09 1.08960523e+09
 1.08960527e+09 1.08960531e+09 1.08960535e+09 1.08960539e+09
 1.08960543e+09 1.08960547e+09 1.08960551e+09 1.08960555e+09
 1.08960559e+09 1.08960563e+09 1.08960567e+09 1.08960571e+09
 1.08960575e+09 1.08960579e+09 1.08960583e+09 1.08960587e+09
 1.08960591e+09 1.08960595e+09 1.08960599e+09 1.08960603e+09
 1.08960607e+09 1.08960611e+09 1.08960615e+09 1.08960619e+09
 1.08960623e+09 1.08960627e+09 1.08960631e+09 1.08960635e+09
 1.08960639e+09 1.08960643e+09 1.08960647e+09 1.08960651e+09
 1.08960655e+09 1.08960659e+09 1.08960663e+09 1.08960667e+09
 1.08960671e+09 1.08960675e+09 1.08960679e+09 1.08960683e+09
 1.08960687e+09 1.08960691e+09 1.08960695e+09 1.08960699e+09
 1.08960703e+09 1.08960707e+09 1.08960711e+09 1.08960715e+09
 1.08960719e+09 1.08960723e+09 1.08960727e+09 1.08960731e+09
 1.08960735e+09 1.08960739e+09 1.08960743e+09 1.08960747e+09
 1.08960752e+09 1.08960756e+09 1.08960760e+09 1.08960764e+09
 1.08960768e+09 1.08960772e+09 1.08960776e+09 1.08960780e+09
 1.08960784e+09 1.08960788e+09 1.08960792e+09 1.08960796e+09
 1.08960800e+09 1.08960804e+09 1.08960808e+09 1.08960812e+09
 1.08960816e+09 1.08960820e+09 1.08960824e+09 1.08960828e+09
 1.08960832e+09 1.08960836e+09 1.08960840e+09 1.08960844e+09
 1.08960848e+09 1.08960852e+09 1.08960856e+09 1.08960860e+09
 1.08960864e+09 1.08960868e+09 1.08960872e+09 1.08960876e+09
 1.08960880e+09 1.08960884e+09 1.08960888e+09 1.08960892e+09
 1.08960896e+09 1.08960900e+09 1.08960904e+09 1.08960908e+09
 1.08960912e+09 1.08960916e+09 1.08960920e+09 1.08960924e+09
 1.08960928e+09 1.08960932e+09 1.08960936e+09 1.08960940e+09
 1.08960944e+09 1.08960948e+09 1.08960952e+09 1.08960956e+09
 1.08960960e+09 1.08960964e+09 1.08960968e+09 1.08960972e+09
 1.08960976e+09 1.08960980e+09 1.08960984e+09 1.08960988e+09
 1.08960992e+09 1.08960996e+09 1.08961000e+09 1.08961004e+09
 1.08961008e+09 1.08961012e+09 1.08961016e+09 1.08961020e+09
 1.08961024e+09 1.08961028e+09 1.08961032e+09 1.08961036e+09
 1.08961040e+09 1.08961044e+09 1.08961048e+09 1.08961052e+09
 1.08961056e+09 1.08961060e+09 1.08961064e+09 1.08961068e+09
 1.08961072e+09 1.08961076e+09 1.08961080e+09 1.08961084e+09
 1.08961088e+09 1.08961092e+09 1.08961096e+09 1.08961100e+09
 1.08961104e+09 1.08961108e+09 1.08961112e+09 1.08961116e+09
 1.08961120e+09 1.08961124e+09 1.08961128e+09 1.08961132e+09
 1.08961136e+09 1.08961140e+09 1.08961144e+09 1.08961148e+09
 1.08961152e+09 1.08961156e+09 1.08961160e+09 1.08961164e+09
 1.08961168e+09 1.08961172e+09 1.08961176e+09 1.08961180e+09
 1.08961184e+09 1.08961188e+09 1.08961192e+09 1.08961197e+09
 1.08961201e+09 1.08961205e+09 1.08961209e+09 1.08961213e+09
 1.08961217e+09 1.08961221e+09 1.08961225e+09 1.08961229e+09
 1.08961233e+09 1.08961237e+09 1.08961241e+09 1.08961245e+09
 1.08961249e+09 1.08961253e+09 1.08961257e+09 1.08961261e+09
 1.08961265e+09 1.08961269e+09 1.08961273e+09 1.08961277e+09
 1.08961281e+09 1.08961285e+09 1.08961289e+09 1.08961293e+09
 1.08961297e+09 1.08961301e+09 1.08961305e+09 1.08961309e+09
 1.08961313e+09 1.08961317e+09 1.08961321e+09 1.08961325e+09
 1.08961329e+09 1.08961333e+09 1.08961337e+09 1.08961341e+09
 1.08961345e+09 1.08961349e+09 1.08961353e+09 1.08961357e+09
 1.08961361e+09 1.08961365e+09 1.08961369e+09 1.08961373e+09
 1.08961377e+09 1.08961381e+09 1.08961385e+09 1.08961389e+09
 1.08961393e+09 1.08961397e+09 1.08961401e+09 1.08961405e+09
 1.08961409e+09 1.08961413e+09 1.08961417e+09 1.08961421e+09
 1.08961425e+09 1.08961429e+09 1.08961433e+09 1.08961437e+09
 1.08961441e+09 1.08961445e+09 1.08961449e+09 1.08961453e+09
 1.08961457e+09 1.08961461e+09 1.08961465e+09 1.08961469e+09
 1.08961473e+09 1.08961477e+09 1.08961481e+09 1.08961485e+09
 1.08961489e+09 1.08961493e+09 1.08961497e+09 1.08961501e+09
 1.08961505e+09 1.08961509e+09 1.08961513e+09 1.08961517e+09
 1.08961521e+09 1.08961525e+09 1.08961529e+09 1.08961533e+09
 1.08961537e+09 1.08961541e+09 1.08961545e+09 1.08961549e+09
 1.08961553e+09 1.08961557e+09 1.08961561e+09 1.08961565e+09
 1.08961569e+09 1.08961573e+09 1.08961577e+09 1.08961581e+09
 1.08961585e+09 1.08961589e+09 1.08961593e+09 1.08961597e+09
 1.08961601e+09 1.08961605e+09 1.08961609e+09 1.08961613e+09
 1.08961617e+09 1.08961621e+09 1.08961625e+09 1.08961629e+09
 1.08961633e+09 1.08961637e+09 1.08961642e+09 1.08961646e+09
 1.08961650e+09 1.08961654e+09 1.08961658e+09 1.08961662e+09
 1.08961666e+09 1.08961670e+09 1.08961674e+09 1.08961678e+09
 1.08961682e+09 1.08961686e+09 1.08961690e+09 1.08961694e+09
 1.08961698e+09 1.08961702e+09 1.08961706e+09 1.08961710e+09
 1.08961714e+09 1.08961718e+09 1.08961722e+09 1.08961726e+09
 1.08961730e+09 1.08961734e+09 1.08961738e+09 1.08961742e+09
 1.08961746e+09 1.08961750e+09 1.08961754e+09 1.08961758e+09
 1.08961762e+09 1.08961766e+09 1.08961770e+09 1.08961774e+09
 1.08961778e+09 1.08961782e+09 1.08961786e+09 1.08961790e+09
 1.08961794e+09 1.08961798e+09 1.08961802e+09 1.08961806e+09
 1.08961810e+09 1.08961814e+09 1.08961818e+09 1.08961822e+09
 1.08961826e+09 1.08961830e+09 1.08961834e+09 1.08961838e+09
 1.08961842e+09 1.08961846e+09 1.08961850e+09 1.08961854e+09
 1.08961858e+09 1.08961862e+09 1.08961866e+09 1.08961870e+09]
minRes = 2.197839868218252
minResTime = [1.08957905e+09]
Cov(t) = [100 100 100 100 100 100 100 100 100 100 100 100 100 100 100 100 100 100
 100 100 100 100 100 100 100 100 100 100 100 100 100 100 100 100 100 100
 100 100 100 100 100 100 100 100 100 100 100 100 100 100 100 100 100 100
 100 100 100 100 100 100 100 100 100 100 100 100 100 100 100 100 100 100
 100 100 100 100 100 100 100 100 100 100 100 100 100 100 100 100 100 100
 100 100 100 100 100 100 100 100 100 100 100 100 100 100 100 100 100 100
 100 100 100 100 100 100 100 100 100 100 100 100 100 100 100 100 100 100
 100 100 100 100 100 100 100 100 100 100 100 100 100 100 100 100 100 100
 100 100 100 100 100 100 100 100 100 100 100 100 100 100 100 100 100 100
 100 100 100 100 100 100 100 100 100 100 100 100 100 100 100 100 100 100
 100 100 100 100 100 100 100 100 100 100 100 100 100 100 100 100 100 100
 100 100 100 100 100 100 100 100 100 100 100 100 100 100 100 100 100 100
 100 100 100 100 100 100 100 100 100 100 100 100 100 100 100 100 100 100
 100 100 100 100 100 100 100 100 100 100 100 100 100 100 100 100 100 100
 100 100 100 100 100 100 100 100 100 100 100 100 100 100 100 100 100 100
 100 100 100 100 100 100 100 100 100 100 100 100 100 100 100 100 100 100
 100 100 100 100 100 100 100 100 100 100 100 100 100 100 100 100 100 100
 100 100 100 100 100 100 100 100 100 100 100 100 100 100 100 100 100 100
 100 100 100 100 100 100 100 100 100 100 100 100 100 100 100 100 100 100
 100 100 100 100 100 100 100 100 100 100 100 100 100 100 100 100 100 100
 100 100 100 100 100 100 100 100 100 100 100 100 100 100 100 100 100 100
 100 100 100 100 100 100 100 100 100 100 100 100 100 100 100 100 100 100
 100 100 100 100 100 100 100 100 100 100 100 100 100 100 100 100 100 100
 100 100 100 100 100 100 100 100 100 100 100 100 100 100 100 100 100 100
 100 100 100 100 100 100 100 100 100 100 100 100 100 100 100 100 100 100
 100 100 100 100 100 100 100 100 100 100 100 100 100 100 100 100 100 100
 100 100 100 100 100 100 100 100 100 100 100 100 100 100 100 100 100 100
 100 100 100 100 100 100 100 100 100 100 100 100 100 100 100 100 100 100
 100 100 100 100 100 100 100 100 100 100 100 100 100 100 100 100 100 100
 100 100 100 100 100 100 100 100 100 100 100 100 100 100 100 100 100 100
 100 100 100 100 100 100 100 100 100 100 100 100 100 100 100 100 100 100
 100 100 100 100 100 100 100 100 100 100 100 100 100 100 100 100 100 100
 100 100 100 100 100 100 100 100 100 100 100 100 100 100 100 100 100 100
 100 100 100 100 100 100 100 100 100 100 100 100 100 100 100 100 100 100
 100 100 100 100 100 100 100 100 100 100 100 100 100 100 100 100 100 100
 100 100 100 100 100 100 100 100 100 100 100 100 100 100 100 100 100 100
 100 100 100 100 100 100 100 100 100 100 100 100 100 100 100 100 100 100
 100 100 100 100 100 100 100 100 100 100 100 100 100 100 100 100 100 100
 100 100 100 100 100 100 100 100 100 100 100 100 100 100 100 100 100 100
 100 100 100 100 100 100 100 100 100 100 100 100 100 100 100 100 100 100
 100 100 100 100 100 100 100 100 100 100 100 100 100 100 100 100 100 100
 100 100 100 100 100 100 100 100 100 100 100 100 100 100 100 100 100 100
 100 100 100 100 100 100 100 100 100 100 100 100 100 100 100 100 100 100
 100 100 100 100 100 100 100 100 100 100 100 100 100 100 100 100 100 100
 100 100 100 100 100 100 100 100 100 100 100 100 100 100 100 100 100 100
 100 100 100 100 100 100 100 100 100 100 100 100 100 100 100 100 100 100
 100 100 100 100 100 100 100 100 100 100 100 100 100 100 100 100 100 100
 100 100 100 100 100 100 100 100 100 100 100 100 100 100 100 100 100 100
 100 100 100 100 100 100 100 100 100 100 100 100 100 100 100 100 100 100
 100 100 100 100 100 100 100 100 100 100 100 100 100 100 100 100 100 100
 100 100 100 100 100 100 100 100 100 100 100 100 100 100 100 100 100 100
 100 100 100 100 100 100 100 100 100 100 100 100 100 100 100 100 100 100
 100 100 100 100 100 100 100 100 100 100 100 100 100 100 100 100 100 100
 100 100 100 100 100 100 100 100 100 100 100 100 100 100 100 100 100 100
 100 100 100 100 100 100 100 100 100 100 100 100 100 100 100 100 100 100
 100 100 100 100 100 100 100 100 100 100]
maxCov = 100
maxCovTime = [1.08957865e+09 1.08957869e+09 1.08957873e+09 1.08957877e+09
 1.08957881e+09 1.08957885e+09 1.08957889e+09 1.08957893e+09
 1.08957897e+09 1.08957901e+09 1.08957905e+09 1.08957909e+09
 1.08957913e+09 1.08957917e+09 1.08957921e+09 1.08957925e+09
 1.08957929e+09 1.08957933e+09 1.08957937e+09 1.08957941e+09
 1.08957945e+09 1.08957949e+09 1.08957953e+09 1.08957957e+09
 1.08957961e+09 1.08957965e+09 1.08957969e+09 1.08957973e+09
 1.08957977e+09 1.08957981e+09 1.08957985e+09 1.08957989e+09
 1.08957993e+09 1.08957997e+09 1.08958001e+09 1.08958005e+09
 1.08958009e+09 1.08958013e+09 1.08958017e+09 1.08958021e+09
 1.08958025e+09 1.08958029e+09 1.08958033e+09 1.08958037e+09
 1.08958041e+09 1.08958045e+09 1.08958049e+09 1.08958053e+09
 1.08958057e+09 1.08958061e+09 1.08958065e+09 1.08958069e+09
 1.08958073e+09 1.08958077e+09 1.08958082e+09 1.08958086e+09
 1.08958090e+09 1.08958094e+09 1.08958098e+09 1.08958102e+09
 1.08958106e+09 1.08958110e+09 1.08958114e+09 1.08958118e+09
 1.08958122e+09 1.08958126e+09 1.08958130e+09 1.08958134e+09
 1.08958138e+09 1.08958142e+09 1.08958146e+09 1.08958150e+09
 1.08958154e+09 1.08958158e+09 1.08958162e+09 1.08958166e+09
 1.08958170e+09 1.08958174e+09 1.08958178e+09 1.08958182e+09
 1.08958186e+09 1.08958190e+09 1.08958194e+09 1.08958198e+09
 1.08958202e+09 1.08958206e+09 1.08958210e+09 1.08958214e+09
 1.08958218e+09 1.08958222e+09 1.08958226e+09 1.08958230e+09
 1.08958234e+09 1.08958238e+09 1.08958242e+09 1.08958246e+09
 1.08958250e+09 1.08958254e+09 1.08958258e+09 1.08958262e+09
 1.08958266e+09 1.08958270e+09 1.08958274e+09 1.08958278e+09
 1.08958282e+09 1.08958286e+09 1.08958290e+09 1.08958294e+09
 1.08958298e+09 1.08958302e+09 1.08958306e+09 1.08958310e+09
 1.08958314e+09 1.08958318e+09 1.08958322e+09 1.08958326e+09
 1.08958330e+09 1.08958334e+09 1.08958338e+09 1.08958342e+09
 1.08958346e+09 1.08958350e+09 1.08958354e+09 1.08958358e+09
 1.08958362e+09 1.08958366e+09 1.08958370e+09 1.08958374e+09
 1.08958378e+09 1.08958382e+09 1.08958386e+09 1.08958390e+09
 1.08958394e+09 1.08958398e+09 1.08958402e+09 1.08958406e+09
 1.08958410e+09 1.08958414e+09 1.08958418e+09 1.08958422e+09
 1.08958426e+09 1.08958430e+09 1.08958434e+09 1.08958438e+09
 1.08958442e+09 1.08958446e+09 1.08958450e+09 1.08958454e+09
 1.08958458e+09 1.08958462e+09 1.08958466e+09 1.08958470e+09
 1.08958474e+09 1.08958478e+09 1.08958482e+09 1.08958486e+09
 1.08958490e+09 1.08958494e+09 1.08958498e+09 1.08958502e+09
 1.08958506e+09 1.08958510e+09 1.08958514e+09 1.08958518e+09
 1.08958522e+09 1.08958527e+09 1.08958531e+09 1.08958535e+09
 1.08958539e+09 1.08958543e+09 1.08958547e+09 1.08958551e+09
 1.08958555e+09 1.08958559e+09 1.08958563e+09 1.08958567e+09
 1.08958571e+09 1.08958575e+09 1.08958579e+09 1.08958583e+09
 1.08958587e+09 1.08958591e+09 1.08958595e+09 1.08958599e+09
 1.08958603e+09 1.08958607e+09 1.08958611e+09 1.08958615e+09
 1.08958619e+09 1.08958623e+09 1.08958627e+09 1.08958631e+09
 1.08958635e+09 1.08958639e+09 1.08958643e+09 1.08958647e+09
 1.08958651e+09 1.08958655e+09 1.08958659e+09 1.08958663e+09
 1.08958667e+09 1.08958671e+09 1.08958675e+09 1.08958679e+09
 1.08958683e+09 1.08958687e+09 1.08958691e+09 1.08958695e+09
 1.08958699e+09 1.08958703e+09 1.08958707e+09 1.08958711e+09
 1.08958715e+09 1.08958719e+09 1.08958723e+09 1.08958727e+09
 1.08958731e+09 1.08958735e+09 1.08958739e+09 1.08958743e+09
 1.08958747e+09 1.08958751e+09 1.08958755e+09 1.08958759e+09
 1.08958763e+09 1.08958767e+09 1.08958771e+09 1.08958775e+09
 1.08958779e+09 1.08958783e+09 1.08958787e+09 1.08958791e+09
 1.08958795e+09 1.08958799e+09 1.08958803e+09 1.08958807e+09
 1.08958811e+09 1.08958815e+09 1.08958819e+09 1.08958823e+09
 1.08958827e+09 1.08958831e+09 1.08958835e+09 1.08958839e+09
 1.08958843e+09 1.08958847e+09 1.08958851e+09 1.08958855e+09
 1.08958859e+09 1.08958863e+09 1.08958867e+09 1.08958871e+09
 1.08958875e+09 1.08958879e+09 1.08958883e+09 1.08958887e+09
 1.08958891e+09 1.08958895e+09 1.08958899e+09 1.08958903e+09
 1.08958907e+09 1.08958911e+09 1.08958915e+09 1.08958919e+09
 1.08958923e+09 1.08958927e+09 1.08958931e+09 1.08958935e+09
 1.08958939e+09 1.08958943e+09 1.08958947e+09 1.08958951e+09
 1.08958955e+09 1.08958959e+09 1.08958963e+09 1.08958967e+09
 1.08958972e+09 1.08958976e+09 1.08958980e+09 1.08958984e+09
 1.08958988e+09 1.08958992e+09 1.08958996e+09 1.08959000e+09
 1.08959004e+09 1.08959008e+09 1.08959012e+09 1.08959016e+09
 1.08959020e+09 1.08959024e+09 1.08959028e+09 1.08959032e+09
 1.08959036e+09 1.08959040e+09 1.08959044e+09 1.08959048e+09
 1.08959052e+09 1.08959056e+09 1.08959060e+09 1.08959064e+09
 1.08959068e+09 1.08959072e+09 1.08959076e+09 1.08959080e+09
 1.08959084e+09 1.08959088e+09 1.08959092e+09 1.08959096e+09
 1.08959100e+09 1.08959104e+09 1.08959108e+09 1.08959112e+09
 1.08959116e+09 1.08959120e+09 1.08959124e+09 1.08959128e+09
 1.08959132e+09 1.08959136e+09 1.08959140e+09 1.08959144e+09
 1.08959148e+09 1.08959152e+09 1.08959156e+09 1.08959160e+09
 1.08959164e+09 1.08959168e+09 1.08959172e+09 1.08959176e+09
 1.08959180e+09 1.08959184e+09 1.08959188e+09 1.08959192e+09
 1.08959196e+09 1.08959200e+09 1.08959204e+09 1.08959208e+09
 1.08959212e+09 1.08959216e+09 1.08959220e+09 1.08959224e+09
 1.08959228e+09 1.08959232e+09 1.08959236e+09 1.08959240e+09
 1.08959244e+09 1.08959248e+09 1.08959252e+09 1.08959256e+09
 1.08959260e+09 1.08959264e+09 1.08959268e+09 1.08959272e+09
 1.08959276e+09 1.08959280e+09 1.08959284e+09 1.08959288e+09
 1.08959292e+09 1.08959296e+09 1.08959300e+09 1.08959304e+09
 1.08959308e+09 1.08959312e+09 1.08959316e+09 1.08959320e+09
 1.08959324e+09 1.08959328e+09 1.08959332e+09 1.08959336e+09
 1.08959340e+09 1.08959344e+09 1.08959348e+09 1.08959352e+09
 1.08959356e+09 1.08959360e+09 1.08959364e+09 1.08959368e+09
 1.08959372e+09 1.08959376e+09 1.08959380e+09 1.08959384e+09
 1.08959388e+09 1.08959392e+09 1.08959396e+09 1.08959400e+09
 1.08959404e+09 1.08959408e+09 1.08959412e+09 1.08959417e+09
 1.08959421e+09 1.08959425e+09 1.08959429e+09 1.08959433e+09
 1.08959437e+09 1.08959441e+09 1.08959445e+09 1.08959449e+09
 1.08959453e+09 1.08959457e+09 1.08959461e+09 1.08959465e+09
 1.08959469e+09 1.08959473e+09 1.08959477e+09 1.08959481e+09
 1.08959485e+09 1.08959489e+09 1.08959493e+09 1.08959497e+09
 1.08959501e+09 1.08959505e+09 1.08959509e+09 1.08959513e+09
 1.08959517e+09 1.08959521e+09 1.08959525e+09 1.08959529e+09
 1.08959533e+09 1.08959537e+09 1.08959541e+09 1.08959545e+09
 1.08959549e+09 1.08959553e+09 1.08959557e+09 1.08959561e+09
 1.08959565e+09 1.08959569e+09 1.08959573e+09 1.08959577e+09
 1.08959581e+09 1.08959585e+09 1.08959589e+09 1.08959593e+09
 1.08959597e+09 1.08959601e+09 1.08959605e+09 1.08959609e+09
 1.08959613e+09 1.08959617e+09 1.08959621e+09 1.08959625e+09
 1.08959629e+09 1.08959633e+09 1.08959637e+09 1.08959641e+09
 1.08959645e+09 1.08959649e+09 1.08959653e+09 1.08959657e+09
 1.08959661e+09 1.08959665e+09 1.08959669e+09 1.08959673e+09
 1.08959677e+09 1.08959681e+09 1.08959685e+09 1.08959689e+09
 1.08959693e+09 1.08959697e+09 1.08959701e+09 1.08959705e+09
 1.08959709e+09 1.08959713e+09 1.08959717e+09 1.08959721e+09
 1.08959725e+09 1.08959729e+09 1.08959733e+09 1.08959737e+09
 1.08959741e+09 1.08959745e+09 1.08959749e+09 1.08959753e+09
 1.08959757e+09 1.08959761e+09 1.08959765e+09 1.08959769e+09
 1.08959773e+09 1.08959777e+09 1.08959781e+09 1.08959785e+09
 1.08959789e+09 1.08959793e+09 1.08959797e+09 1.08959801e+09
 1.08959805e+09 1.08959809e+09 1.08959813e+09 1.08959817e+09
 1.08959821e+09 1.08959825e+09 1.08959829e+09 1.08959833e+09
 1.08959837e+09 1.08959841e+09 1.08959845e+09 1.08959849e+09
 1.08959853e+09 1.08959857e+09 1.08959862e+09 1.08959866e+09
 1.08959870e+09 1.08959874e+09 1.08959878e+09 1.08959882e+09
 1.08959886e+09 1.08959890e+09 1.08959894e+09 1.08959898e+09
 1.08959902e+09 1.08959906e+09 1.08959910e+09 1.08959914e+09
 1.08959918e+09 1.08959922e+09 1.08959926e+09 1.08959930e+09
 1.08959934e+09 1.08959938e+09 1.08959942e+09 1.08959946e+09
 1.08959950e+09 1.08959954e+09 1.08959958e+09 1.08959962e+09
 1.08959966e+09 1.08959970e+09 1.08959974e+09 1.08959978e+09
 1.08959982e+09 1.08959986e+09 1.08959990e+09 1.08959994e+09
 1.08959998e+09 1.08960002e+09 1.08960006e+09 1.08960010e+09
 1.08960014e+09 1.08960018e+09 1.08960022e+09 1.08960026e+09
 1.08960030e+09 1.08960034e+09 1.08960038e+09 1.08960042e+09
 1.08960046e+09 1.08960050e+09 1.08960054e+09 1.08960058e+09
 1.08960062e+09 1.08960066e+09 1.08960070e+09 1.08960074e+09
 1.08960078e+09 1.08960082e+09 1.08960086e+09 1.08960090e+09
 1.08960094e+09 1.08960098e+09 1.08960102e+09 1.08960106e+09
 1.08960110e+09 1.08960114e+09 1.08960118e+09 1.08960122e+09
 1.08960126e+09 1.08960130e+09 1.08960134e+09 1.08960138e+09
 1.08960142e+09 1.08960146e+09 1.08960150e+09 1.08960154e+09
 1.08960158e+09 1.08960162e+09 1.08960166e+09 1.08960170e+09
 1.08960174e+09 1.08960178e+09 1.08960182e+09 1.08960186e+09
 1.08960190e+09 1.08960194e+09 1.08960198e+09 1.08960202e+09
 1.08960206e+09 1.08960210e+09 1.08960214e+09 1.08960218e+09
 1.08960222e+09 1.08960226e+09 1.08960230e+09 1.08960234e+09
 1.08960238e+09 1.08960242e+09 1.08960246e+09 1.08960250e+09
 1.08960254e+09 1.08960258e+09 1.08960262e+09 1.08960266e+09
 1.08960270e+09 1.08960274e+09 1.08960278e+09 1.08960282e+09
 1.08960286e+09 1.08960290e+09 1.08960294e+09 1.08960298e+09
 1.08960302e+09 1.08960307e+09 1.08960311e+09 1.08960315e+09
 1.08960319e+09 1.08960323e+09 1.08960327e+09 1.08960331e+09
 1.08960335e+09 1.08960339e+09 1.08960343e+09 1.08960347e+09
 1.08960351e+09 1.08960355e+09 1.08960359e+09 1.08960363e+09
 1.08960367e+09 1.08960371e+09 1.08960375e+09 1.08960379e+09
 1.08960383e+09 1.08960387e+09 1.08960391e+09 1.08960395e+09
 1.08960399e+09 1.08960403e+09 1.08960407e+09 1.08960411e+09
 1.08960415e+09 1.08960419e+09 1.08960423e+09 1.08960427e+09
 1.08960431e+09 1.08960435e+09 1.08960439e+09 1.08960443e+09
 1.08960447e+09 1.08960451e+09 1.08960455e+09 1.08960459e+09
 1.08960463e+09 1.08960467e+09 1.08960471e+09 1.08960475e+09
 1.08960479e+09 1.08960483e+09 1.08960487e+09 1.08960491e+09
 1.08960495e+09 1.08960499e+09 1.08960503e+09 1.08960507e+09
 1.08960511e+09 1.08960515e+09 1.08960519e+09 1.08960523e+09
 1.08960527e+09 1.08960531e+09 1.08960535e+09 1.08960539e+09
 1.08960543e+09 1.08960547e+09 1.08960551e+09 1.08960555e+09
 1.08960559e+09 1.08960563e+09 1.08960567e+09 1.08960571e+09
 1.08960575e+09 1.08960579e+09 1.08960583e+09 1.08960587e+09
 1.08960591e+09 1.08960595e+09 1.08960599e+09 1.08960603e+09
 1.08960607e+09 1.08960611e+09 1.08960615e+09 1.08960619e+09
 1.08960623e+09 1.08960627e+09 1.08960631e+09 1.08960635e+09
 1.08960639e+09 1.08960643e+09 1.08960647e+09 1.08960651e+09
 1.08960655e+09 1.08960659e+09 1.08960663e+09 1.08960667e+09
 1.08960671e+09 1.08960675e+09 1.08960679e+09 1.08960683e+09
 1.08960687e+09 1.08960691e+09 1.08960695e+09 1.08960699e+09
 1.08960703e+09 1.08960707e+09 1.08960711e+09 1.08960715e+09
 1.08960719e+09 1.08960723e+09 1.08960727e+09 1.08960731e+09
 1.08960735e+09 1.08960739e+09 1.08960743e+09 1.08960747e+09
 1.08960752e+09 1.08960756e+09 1.08960760e+09 1.08960764e+09
 1.08960768e+09 1.08960772e+09 1.08960776e+09 1.08960780e+09
 1.08960784e+09 1.08960788e+09 1.08960792e+09 1.08960796e+09
 1.08960800e+09 1.08960804e+09 1.08960808e+09 1.08960812e+09
 1.08960816e+09 1.08960820e+09 1.08960824e+09 1.08960828e+09
 1.08960832e+09 1.08960836e+09 1.08960840e+09 1.08960844e+09
 1.08960848e+09 1.08960852e+09 1.08960856e+09 1.08960860e+09
 1.08960864e+09 1.08960868e+09 1.08960872e+09 1.08960876e+09
 1.08960880e+09 1.08960884e+09 1.08960888e+09 1.08960892e+09
 1.08960896e+09 1.08960900e+09 1.08960904e+09 1.08960908e+09
 1.08960912e+09 1.08960916e+09 1.08960920e+09 1.08960924e+09
 1.08960928e+09 1.08960932e+09 1.08960936e+09 1.08960940e+09
 1.08960944e+09 1.08960948e+09 1.08960952e+09 1.08960956e+09
 1.08960960e+09 1.08960964e+09 1.08960968e+09 1.08960972e+09
 1.08960976e+09 1.08960980e+09 1.08960984e+09 1.08960988e+09
 1.08960992e+09 1.08960996e+09 1.08961000e+09 1.08961004e+09
 1.08961008e+09 1.08961012e+09 1.08961016e+09 1.08961020e+09
 1.08961024e+09 1.08961028e+09 1.08961032e+09 1.08961036e+09
 1.08961040e+09 1.08961044e+09 1.08961048e+09 1.08961052e+09
 1.08961056e+09 1.08961060e+09 1.08961064e+09 1.08961068e+09
 1.08961072e+09 1.08961076e+09 1.08961080e+09 1.08961084e+09
 1.08961088e+09 1.08961092e+09 1.08961096e+09 1.08961100e+09
 1.08961104e+09 1.08961108e+09 1.08961112e+09 1.08961116e+09
 1.08961120e+09 1.08961124e+09 1.08961128e+09 1.08961132e+09
 1.08961136e+09 1.08961140e+09 1.08961144e+09 1.08961148e+09
 1.08961152e+09 1.08961156e+09 1.08961160e+09 1.08961164e+09
 1.08961168e+09 1.08961172e+09 1.08961176e+09 1.08961180e+09
 1.08961184e+09 1.08961188e+09 1.08961192e+09 1.08961197e+09
 1.08961201e+09 1.08961205e+09 1.08961209e+09 1.08961213e+09
 1.08961217e+09 1.08961221e+09 1.08961225e+09 1.08961229e+09
 1.08961233e+09 1.08961237e+09 1.08961241e+09 1.08961245e+09
 1.08961249e+09 1.08961253e+09 1.08961257e+09 1.08961261e+09
 1.08961265e+09 1.08961269e+09 1.08961273e+09 1.08961277e+09
 1.08961281e+09 1.08961285e+09 1.08961289e+09 1.08961293e+09
 1.08961297e+09 1.08961301e+09 1.08961305e+09 1.08961309e+09
 1.08961313e+09 1.08961317e+09 1.08961321e+09 1.08961325e+09
 1.08961329e+09 1.08961333e+09 1.08961337e+09 1.08961341e+09
 1.08961345e+09 1.08961349e+09 1.08961353e+09 1.08961357e+09
 1.08961361e+09 1.08961365e+09 1.08961369e+09 1.08961373e+09
 1.08961377e+09 1.08961381e+09 1.08961385e+09 1.08961389e+09
 1.08961393e+09 1.08961397e+09 1.08961401e+09 1.08961405e+09
 1.08961409e+09 1.08961413e+09 1.08961417e+09 1.08961421e+09
 1.08961425e+09 1.08961429e+09 1.08961433e+09 1.08961437e+09
 1.08961441e+09 1.08961445e+09 1.08961449e+09 1.08961453e+09
 1.08961457e+09 1.08961461e+09 1.08961465e+09 1.08961469e+09
 1.08961473e+09 1.08961477e+09 1.08961481e+09 1.08961485e+09
 1.08961489e+09 1.08961493e+09 1.08961497e+09 1.08961501e+09
 1.08961505e+09 1.08961509e+09 1.08961513e+09 1.08961517e+09
 1.08961521e+09 1.08961525e+09 1.08961529e+09 1.08961533e+09
 1.08961537e+09 1.08961541e+09 1.08961545e+09 1.08961549e+09
 1.08961553e+09 1.08961557e+09 1.08961561e+09 1.08961565e+09
 1.08961569e+09 1.08961573e+09 1.08961577e+09 1.08961581e+09
 1.08961585e+09 1.08961589e+09 1.08961593e+09 1.08961597e+09
 1.08961601e+09 1.08961605e+09 1.08961609e+09 1.08961613e+09
 1.08961617e+09 1.08961621e+09 1.08961625e+09 1.08961629e+09
 1.08961633e+09 1.08961637e+09 1.08961642e+09 1.08961646e+09
 1.08961650e+09 1.08961654e+09 1.08961658e+09 1.08961662e+09
 1.08961666e+09 1.08961670e+09 1.08961674e+09 1.08961678e+09
 1.08961682e+09 1.08961686e+09 1.08961690e+09 1.08961694e+09
 1.08961698e+09 1.08961702e+09 1.08961706e+09 1.08961710e+09
 1.08961714e+09 1.08961718e+09 1.08961722e+09 1.08961726e+09
 1.08961730e+09 1.08961734e+09 1.08961738e+09 1.08961742e+09
 1.08961746e+09 1.08961750e+09 1.08961754e+09 1.08961758e+09
 1.08961762e+09 1.08961766e+09 1.08961770e+09 1.08961774e+09
 1.08961778e+09 1.08961782e+09 1.08961786e+09 1.08961790e+09
 1.08961794e+09 1.08961798e+09 1.08961802e+09 1.08961806e+09
 1.08961810e+09 1.08961814e+09 1.08961818e+09 1.08961822e+09
 1.08961826e+09 1.08961830e+09 1.08961834e+09 1.08961838e+09
 1.08961842e+09 1.08961846e+09 1.08961850e+09 1.08961854e+09
 1.08961858e+09 1.08961862e+09 1.08961866e+09 1.08961870e+09]
