name =JUICE_ROI_GAN_1_0_02
flyby = ['2034 JAN 14 06:38:51', '2034 JAN 15 06:38:51']
Observation TW = <SpiceCell dtype = 1, length = 0, size = 3000, card = 10, is_set = 1, adjust = 0, init = 1, base = 94726051874496, data = 94726051874544>
Res(t) = [0.12683004 0.11838437 0.11249484 0.1131777  0.11084022 0.11029918
 0.10894518 0.10748271 0.10692019 0.10665731 0.10664591 0.10679243
 0.10718837 0.10775342 0.10847244 0.10952523 0.11051946 0.11193705
 0.11316022 0.1144934  0.11431084 0.11418837 0.11582761 0.11763691
 0.11956932 0.12142243 0.12332687 0.12534664 0.12744726 0.12723547
 0.12952033 0.13170138 0.13372906 0.13605567 0.13844286 0.14088962
 0.14339515 0.14595891 0.14706287 0.14965943 0.1523106  0.15565886
 0.15781272 0.16004281 0.16291634 0.16592029 0.16891594 0.16625256
 0.1690097  0.17209922 0.17502011 0.17792499 0.18086631 0.18384429
 0.18685924 0.18991168 0.1933287  0.19645918 0.19962971 0.2028414
 0.20609571 0.20799276 0.21125876 0.21457035 0.21793013 0.22406585
 0.22760976 0.22725589 0.23077333 0.23435745 0.23801575 0.24175762
 0.24559493 0.24954295 0.25362175 0.25785837 0.24349672 0.2465892
 0.24969897 0.25282624 0.25437879 0.2575104  0.26070269 0.26391436
 0.2672287  0.27048238 0.27375688 0.27991674 0.28333092 0.28676951
 0.2902333  0.29372313 0.29723993 0.30078474 0.30435864 0.30796289
 0.31159881 0.31526789 0.31640684 0.32006287 0.3028853  0.30592368
 0.30897058 0.31202608 0.31509026 0.31816322 0.32124505 0.32433586
 0.33647828 0.33974237 0.34301745 0.34630369 0.33651814 0.33961976
 0.34272987 0.34584859 0.34897607 0.35211248 0.35525797 0.35841272
 0.36157692 0.36475076 0.36793444 0.37112818 0.3743322  0.37754674
 0.38077205 0.38400839 0.38725604 0.39051529 0.39378644 0.39706981
 0.40036573 0.40367456 0.40699667 0.41033244 0.41368229 0.41704663
 0.42042594 0.42382067 0.42723134 0.43065848 0.43410263 0.43756439
 0.44104438 0.44454326 0.44806173 0.45160051 0.45877077 0.46244473
 0.46614461 0.46987146 0.50183357 0.50610838 0.51042438 0.51478335
 0.51918723 0.52363807 0.5281381  0.53268967 0.53729532 0.54195778
 0.54667999 0.55146512 0.5563166  0.56123813 0.56623374 0.57130781
 0.57646511 0.58171084 0.58705072 0.59249101 0.59803862 0.60370116
 0.60948709 0.6154058  0.62146778 0.62768478 0.63407001 0.64063843
 0.64740701 0.65439514 0.66162511 0.66912267 0.67691778 0.68504563
 0.69354781 0.70247398 0.7118841  0.72185133 0.73246624 0.74384257
 0.75612581 0.76950583 0.78423657 0.80066772 0.81929841 0.8408738
 0.86657308 0.89841471 0.94026473 1.00095379 1.10845454 1.20398775
 0.57070724 0.57334375 0.57597928 0.57861385 0.58124745 0.58388009
 0.58651176 0.58914248 0.59177225 0.59440107 0.59702895 0.59965589
 0.60228188 0.60490695 0.65192859 0.654851   0.65777249 0.66069307
 0.66361273 0.66653147 0.66944929 0.67236619 0.67528216 0.67819721
 0.68111133 0.68402452 0.68693678 0.68984812 0.69275851 0.69566798
 0.69857651 0.7014841  0.70439076 0.70729648 0.71020126 0.71310511
 0.71600801 0.71890998 0.721811   0.72471108 0.72761022 0.73050842
 0.73340568 0.73630199 0.73919736 0.74209179 0.74498528 0.74787782
 0.75076942 0.75366008 0.75654979 0.75943856 0.76232639 0.76521328
 0.76809922 0.77098423 0.77386829 0.77675141 0.77963359 0.78251483
 0.78539513 0.78827449 0.79115291 0.79403039 0.79690694 0.79978255
 0.80265722 0.80553096 0.80840377 0.81127564 0.81414658 0.81701658
 0.81988566 0.8227538  0.82562101 0.8284873  0.83135266 0.83421709
 0.8370806  0.83994318 0.84280484 0.84566558 0.84852539 0.85138429
 0.85424227 0.85709933 0.85995547 0.8628107  0.86566501 0.86851842
 0.87137091 0.87422249 0.87707316 0.87992292 0.88277178 0.88561973
 0.88846679 0.89131293 0.89415818 0.89700253 0.89984598 0.90268854
 0.9055302  0.90837097 0.91121084 0.91404983 0.91688792 0.91972513
 0.92256146 0.9253969  0.92823146 0.93106514 0.93389794 0.93672986
 0.9395609  0.94239107 0.94522037 0.9480488  0.95087636 0.95370305
 0.95652887 0.95935383 0.96217793 0.96500117 0.96782355 0.97064507
 0.97346574 0.97628555 0.97910451 0.98192262 0.98473988 0.98755629
 0.99037186 0.99318659 0.99600047 0.99881352 1.00162573 1.0044371
 1.00724763 1.01005734 1.01286621 1.01567426 1.01848148 1.02128788
 1.02409345 1.0268982  1.02970213 1.03250524 1.03530754 1.03810903
 1.0409097  1.04370956 1.04650862 1.04930687 1.05210431 1.05490095
 1.0576968  1.06049184 1.06328609 1.06607954 1.0688722  1.07166407
 1.07445515 1.07724544 1.08003495 1.08282367 1.08561162 1.08839878
 1.09118517 1.09397078 1.09675562 1.09953969 1.10232299 1.10510552
 1.10788728 1.11066829 1.11344853 1.11622801 1.11900673 1.1217847
 1.12456191 1.12733837 1.13011408 1.13288905 1.13566326 1.13843674
 1.14120947 1.14398146 1.14675271 1.14952323 1.15229302 1.15506207
 1.15783039 1.16059798 1.16336485 1.16613099 1.16889641 1.17166111
 1.17442509 1.17718836 1.17995091 1.18271275 1.18547388 1.1882343
 1.19099401 1.19375302 1.19651133 1.19926894 1.20202584 1.20478206
 1.20753757 1.2102924  1.21304653 1.21579998 1.21855273 1.22130481
 1.2240562  1.22680691 1.22955694 1.23230629 1.23505497 1.23780298
 1.24055031 1.24329698 1.24604298 1.24878832 1.25153299 1.254277
 1.25702035 1.25976304 1.26250508 1.26524646 1.2679872  1.27072728
 1.27346672 1.27620551 1.27894366 1.28168116 1.28441803 1.28715426
 1.28988985 1.29262481 1.29535914 1.29809283 1.3008259  1.30355834
 1.30629016 1.30902136 1.31175193 1.31448189 1.31721123 1.31993996
 1.32266807 1.32539557 1.32812247 1.33084876 1.33357444 1.33629952
 1.33902399 1.34174787 1.34447115 1.34719384 1.34991593 1.35263743
 1.35535834 1.35807867 1.3607984  1.36351756 1.36623613 1.36895412
 1.37167153 1.37438836 1.37710463 1.37982031 1.38253543 1.38524998
 1.38796396 1.39067737 1.39339023 1.39610252 1.39881425 1.40152542
 1.40423604 1.4069461  1.40965561 1.41236457 1.41507298 1.41778085
 1.42048817 1.42319495 1.42590118 1.42860688 1.43131204 1.43401666
 1.43672075 1.43942431 1.44212733 1.44482983 1.4475318  1.45023325
 1.45293417 1.45563458 1.45833446 1.46103383 1.46373268 1.46643101
 1.46912884 1.47182615 1.47452296 1.47721926 1.47991505 1.48261034
 1.48530513 1.48799942 1.49069321 1.49338651 1.49607931 1.49877162
 1.50146343 1.50415476 1.5068456  1.50953596 1.51222583 1.51491522
 1.51760413 1.52029256 1.52298052 1.525668   1.52835501 1.53104154
 1.53372761 1.5364132  1.53909833 1.541783   1.5444672  1.54715095
 1.54983423 1.55251705 1.55519942 1.55788134 1.5605628  1.56324381
 1.56592437 1.56860449 1.57128415 1.57396338 1.57664216 1.5793205
 1.5819984  1.58467587 1.5873529  1.59002949 1.59270565 1.59538139
 1.59805669 1.60073156 1.60340601 1.60608004 1.60875364 1.61142683
 1.61409959 1.61677194 1.61944387 1.62211538 1.62478648 1.62745718
 1.63012746 1.63279734 1.63546681 1.63813587 1.64080453 1.6434728
 1.64614066 1.64880812 1.65147519 1.65414186 1.65680814 1.65947403
 1.66213953 1.66480464 1.66746936 1.6701337  1.67279765 1.67546123
 1.67812442 1.68078723 1.68344967 1.68611173 1.68877341 1.69143473
 1.69409567 1.69675625 1.69941645 1.70207629 1.70473576 1.70739488
 1.71005363 1.71271201 1.71537005 1.71802772 1.72068504 1.723342
 1.72599861 1.72865487 1.73131079 1.73396635 1.73662157 1.73927644
 1.74193097 1.74458515 1.747239   1.74989251 1.75254568 1.75519851
 1.75785101 1.76050318 1.76315502 1.76580652 1.7684577  1.77110855
 1.77375908 1.77640928 1.77905916 1.78170871 1.78435795 1.78700687
 1.78965547 1.79230376 1.79495174 1.7975994  1.80024675 1.80289379
 1.80554052 1.80818695 1.81083307 1.81347889 1.8161244  1.81876962
 1.82141453 1.82405915 1.82670347 1.8293475  1.83199123 1.83463467
 1.83727782 1.83992068 1.84256325 1.84520553 1.84784753 1.85048924
 1.85313067 1.85577183 1.8584127  1.86105329 1.8636936  1.86633364
 1.86897341 1.8716129  1.87425212 1.87689107 1.87952975 1.88216817
 1.88480631 1.8874442  1.89008182 1.89271917 1.89535627 1.89799311
 1.90062969 1.90326601 1.90590207 1.90853789 1.91117345 1.91380875
 1.91644381 1.91907862 1.92171318 1.9243475  1.92698157 1.92961539
 1.93224898 1.93488232 1.93751542 1.94014829 1.94278092 1.94541331
 1.94804547 1.95067739 1.95330908 1.95594054 1.95857178 1.96120278
 1.96383356 1.96646411 1.96909443 1.97172454 1.97435442 1.97698408
 1.97961352 1.98224274 1.98487175 1.98750054 1.99012912 1.99275748
 1.99538563 1.99801357 2.0006413  2.00326882 2.00589614 2.00852325
 2.01115015 2.01377686 2.01640336 2.01902965 2.02165575 2.02428165
 2.02690736 2.02953286 2.03215817 2.03478329 2.03740822 2.04003295
 2.04265749 2.04528185 2.04790601 2.05052999 2.05315379 2.0557774
 2.05840082 2.06102407 2.06364713 2.06627002 2.06889272 2.07151525
 2.0741376  2.07675978 2.07938178 2.08200361 2.08462527 2.08724675
 2.08986807 2.09248922 2.0951102  2.09773102 2.10035167 2.10297216
 2.10559248 2.10821264 2.11083265 2.11345249 2.11607218 2.1186917
 2.12131108 2.12393029 2.12654936 2.12916826 2.13178702 2.13440563
 2.13702409 2.1396424  2.14226056 2.14487858 2.14749645 2.15011418
 2.15273176 2.1553492  2.1579665  2.16058366 2.16320069 2.16581757
 2.16843432 2.17105093 2.17366741 2.17628375 2.17889996 2.18151604
 2.18413199 2.18674781 2.1893635  2.19197906 2.1945945  2.19720981
 2.199825   2.20244007 2.20505501 2.20766983 2.21028453 2.21289911
 2.21551358 2.21812792 2.22074215 2.22335627 2.22597027 2.22858415
 2.23119793 2.23381159 2.23642514 2.23903859 2.24165192 2.24426515
 2.24687827 2.24949129 2.2521042  2.25471701 2.25732971 2.25994232
 2.26255482 2.26516722 2.26777953 2.27039173 2.27300384 2.27561586
 2.27822778 2.2808396  2.28345133 2.28606297 2.28867452 2.29128598
 2.29389735 2.29650863 2.29911982 2.30173093 2.30434195 2.30695289
 2.30956374 2.31217451 2.3147852  2.3173958  2.32000633 2.32261677
 2.32522714 2.32783743 2.33044765 2.33305778 2.33566785 2.33827783
 2.34088775 2.34349759 2.34610737 2.34871707 2.3513267  2.35393626
 2.35654576 2.35915518 2.36176455 2.36437384 2.36698307 2.36959224
 2.37220135 2.37481039 2.37741937 2.38002829 2.38263716 2.38524596
 2.38785471 2.3904634  2.39307203 2.39568061 2.39828913 2.4008976
 2.40350602 2.40611438 2.4087227  2.41133096 2.41393917 2.41654734
 2.41915546 2.42176352 2.42437155 2.42697953 2.42958746 2.43219535
 2.4348032  2.437411   2.44001876 2.44262648 2.44523416 2.4478418
 2.45044941 2.45305697 2.4556645  2.458272   2.46087945 2.46348687
 2.46609426 2.46870162 2.47130894 2.47391623 2.47652349 2.47913072
 2.48173792 2.4843451  2.48695224 2.48955936 2.49216645 2.49477351
 2.49738055 2.49998757 2.50259456 2.50520153 2.50780848 2.5104154
 2.51302231 2.51562919 2.51823606 2.52084291 2.52344974 2.52605655
 2.52866334 2.53127012 2.53387689 2.53648364 2.53909038 2.5416971
 2.54430382 2.54691052 2.54951721 2.55212389 2.55473056 2.55733722
 2.55994387 2.56255052 2.56515716 2.56776379 2.57037042 2.57297704
 2.57558366 2.57819027 2.58079688 2.58340349 2.5860101  2.58861671
 2.59122332 2.59382992 2.59643653 2.59904314 2.60164976 2.60425637
 2.60686299 2.60946961 2.61207624 2.61468287 2.61728951 2.61989616
 2.62250281 2.62510947 2.62771614 2.63032282 2.63292951 2.63553621
 2.63814292 2.64074964 2.64335637 2.64596312 2.64856988 2.65117665
 2.65378344 2.65639025 2.65899706 2.6616039  2.66421075 2.66681762
 2.66942451 2.67203142 2.67463834 2.67724529 2.67985225 2.68245924
 2.68506625 2.68767328 2.69028033 2.69288741 2.6954945  2.69810163
 2.70070878 2.70331595 2.70592315 2.70853037 2.71113762 2.71374491
 2.71635221 2.71895955 2.72156692 2.72417431 2.72678174 2.72938919
 2.73199668 2.7346042  2.73721175 2.73981933 2.74242695 2.7450346
 2.74764229 2.75025001 2.75285776 2.75546555]
t = [1.07414900e+09 1.07414904e+09 1.07414908e+09 1.07414912e+09
 1.07414916e+09 1.07414920e+09 1.07414925e+09 1.07414929e+09
 1.07414933e+09 1.07414937e+09 1.07414941e+09 1.07414945e+09
 1.07414949e+09 1.07414954e+09 1.07414958e+09 1.07414962e+09
 1.07414966e+09 1.07414970e+09 1.07414974e+09 1.07414978e+09
 1.07414982e+09 1.07414987e+09 1.07414991e+09 1.07414995e+09
 1.07414999e+09 1.07415003e+09 1.07415007e+09 1.07415011e+09
 1.07415016e+09 1.07415020e+09 1.07415024e+09 1.07415028e+09
 1.07415032e+09 1.07415036e+09 1.07415040e+09 1.07415045e+09
 1.07415049e+09 1.07415053e+09 1.07415057e+09 1.07415061e+09
 1.07415065e+09 1.07415069e+09 1.07415074e+09 1.07415078e+09
 1.07415082e+09 1.07415086e+09 1.07415090e+09 1.07415094e+09
 1.07415098e+09 1.07415103e+09 1.07415107e+09 1.07415111e+09
 1.07415115e+09 1.07415119e+09 1.07415123e+09 1.07415127e+09
 1.07415132e+09 1.07415136e+09 1.07415140e+09 1.07415144e+09
 1.07415148e+09 1.07415152e+09 1.07415156e+09 1.07415160e+09
 1.07415165e+09 1.07415169e+09 1.07415173e+09 1.07415177e+09
 1.07415181e+09 1.07415185e+09 1.07415189e+09 1.07415194e+09
 1.07415198e+09 1.07415202e+09 1.07415206e+09 1.07415210e+09
 1.07415214e+09 1.07415218e+09 1.07415223e+09 1.07415227e+09
 1.07415231e+09 1.07415235e+09 1.07415239e+09 1.07415243e+09
 1.07415247e+09 1.07415252e+09 1.07415256e+09 1.07415260e+09
 1.07415264e+09 1.07415268e+09 1.07415272e+09 1.07415276e+09
 1.07415281e+09 1.07415285e+09 1.07415289e+09 1.07415293e+09
 1.07415297e+09 1.07415301e+09 1.07415305e+09 1.07415310e+09
 1.07415314e+09 1.07415318e+09 1.07415322e+09 1.07415326e+09
 1.07415330e+09 1.07415334e+09 1.07415338e+09 1.07415343e+09
 1.07415347e+09 1.07415351e+09 1.07415355e+09 1.07415359e+09
 1.07415363e+09 1.07415367e+09 1.07415372e+09 1.07415376e+09
 1.07415380e+09 1.07415384e+09 1.07415388e+09 1.07415392e+09
 1.07415396e+09 1.07415401e+09 1.07415405e+09 1.07415409e+09
 1.07415413e+09 1.07415417e+09 1.07415421e+09 1.07415425e+09
 1.07415430e+09 1.07415434e+09 1.07415438e+09 1.07415442e+09
 1.07415446e+09 1.07415450e+09 1.07415454e+09 1.07415459e+09
 1.07415463e+09 1.07415467e+09 1.07415471e+09 1.07415475e+09
 1.07415479e+09 1.07415483e+09 1.07415488e+09 1.07415492e+09
 1.07415496e+09 1.07415500e+09 1.07415504e+09 1.07415508e+09
 1.07415512e+09 1.07415516e+09 1.07415521e+09 1.07415525e+09
 1.07415529e+09 1.07415533e+09 1.07415537e+09 1.07415541e+09
 1.07415545e+09 1.07415550e+09 1.07415554e+09 1.07415558e+09
 1.07415562e+09 1.07415566e+09 1.07415570e+09 1.07415574e+09
 1.07415579e+09 1.07415583e+09 1.07415587e+09 1.07415591e+09
 1.07415595e+09 1.07415599e+09 1.07415603e+09 1.07415608e+09
 1.07415612e+09 1.07415616e+09 1.07415620e+09 1.07415624e+09
 1.07415628e+09 1.07415632e+09 1.07415637e+09 1.07415641e+09
 1.07415645e+09 1.07415649e+09 1.07415653e+09 1.07415657e+09
 1.07415661e+09 1.07415666e+09 1.07415670e+09 1.07415674e+09
 1.07415678e+09 1.07415682e+09 1.07415686e+09 1.07415690e+09
 1.07415694e+09 1.07415699e+09 1.07415703e+09 1.07415707e+09
 1.07415711e+09 1.07415715e+09 1.07415719e+09 1.07415723e+09
 1.07415728e+09 1.07415732e+09 1.07415736e+09 1.07415740e+09
 1.07415744e+09 1.07415748e+09 1.07415752e+09 1.07415757e+09
 1.07415761e+09 1.07415765e+09 1.07415769e+09 1.07415773e+09
 1.07415777e+09 1.07415781e+09 1.07415786e+09 1.07415790e+09
 1.07415794e+09 1.07415798e+09 1.07415802e+09 1.07415806e+09
 1.07415810e+09 1.07415815e+09 1.07415819e+09 1.07415823e+09
 1.07415827e+09 1.07415831e+09 1.07415835e+09 1.07415839e+09
 1.07415844e+09 1.07415848e+09 1.07415852e+09 1.07415856e+09
 1.07415860e+09 1.07415864e+09 1.07415868e+09 1.07415872e+09
 1.07415877e+09 1.07415881e+09 1.07415885e+09 1.07415889e+09
 1.07415893e+09 1.07415897e+09 1.07415901e+09 1.07415906e+09
 1.07415910e+09 1.07415914e+09 1.07415918e+09 1.07415922e+09
 1.07415926e+09 1.07415930e+09 1.07415935e+09 1.07415939e+09
 1.07415943e+09 1.07415947e+09 1.07415951e+09 1.07415955e+09
 1.07415959e+09 1.07415964e+09 1.07415968e+09 1.07415972e+09
 1.07415976e+09 1.07415980e+09 1.07415984e+09 1.07415988e+09
 1.07415993e+09 1.07415997e+09 1.07416001e+09 1.07416005e+09
 1.07416009e+09 1.07416013e+09 1.07416017e+09 1.07416021e+09
 1.07416026e+09 1.07416030e+09 1.07416034e+09 1.07416038e+09
 1.07416042e+09 1.07416046e+09 1.07416050e+09 1.07416055e+09
 1.07416059e+09 1.07416063e+09 1.07416067e+09 1.07416071e+09
 1.07416075e+09 1.07416079e+09 1.07416084e+09 1.07416088e+09
 1.07416092e+09 1.07416096e+09 1.07416100e+09 1.07416104e+09
 1.07416108e+09 1.07416113e+09 1.07416117e+09 1.07416121e+09
 1.07416125e+09 1.07416129e+09 1.07416133e+09 1.07416137e+09
 1.07416142e+09 1.07416146e+09 1.07416150e+09 1.07416154e+09
 1.07416158e+09 1.07416162e+09 1.07416166e+09 1.07416171e+09
 1.07416175e+09 1.07416179e+09 1.07416183e+09 1.07416187e+09
 1.07416191e+09 1.07416195e+09 1.07416199e+09 1.07416204e+09
 1.07416208e+09 1.07416212e+09 1.07416216e+09 1.07416220e+09
 1.07416224e+09 1.07416228e+09 1.07416233e+09 1.07416237e+09
 1.07416241e+09 1.07416245e+09 1.07416249e+09 1.07416253e+09
 1.07416257e+09 1.07416262e+09 1.07416266e+09 1.07416270e+09
 1.07416274e+09 1.07416278e+09 1.07416282e+09 1.07416286e+09
 1.07416291e+09 1.07416295e+09 1.07416299e+09 1.07416303e+09
 1.07416307e+09 1.07416311e+09 1.07416315e+09 1.07416320e+09
 1.07416324e+09 1.07416328e+09 1.07416332e+09 1.07416336e+09
 1.07416340e+09 1.07416344e+09 1.07416349e+09 1.07416353e+09
 1.07416357e+09 1.07416361e+09 1.07416365e+09 1.07416369e+09
 1.07416373e+09 1.07416377e+09 1.07416382e+09 1.07416386e+09
 1.07416390e+09 1.07416394e+09 1.07416398e+09 1.07416402e+09
 1.07416406e+09 1.07416411e+09 1.07416415e+09 1.07416419e+09
 1.07416423e+09 1.07416427e+09 1.07416431e+09 1.07416435e+09
 1.07416440e+09 1.07416444e+09 1.07416448e+09 1.07416452e+09
 1.07416456e+09 1.07416460e+09 1.07416464e+09 1.07416469e+09
 1.07416473e+09 1.07416477e+09 1.07416481e+09 1.07416485e+09
 1.07416489e+09 1.07416493e+09 1.07416498e+09 1.07416502e+09
 1.07416506e+09 1.07416510e+09 1.07416514e+09 1.07416518e+09
 1.07416522e+09 1.07416527e+09 1.07416531e+09 1.07416535e+09
 1.07416539e+09 1.07416543e+09 1.07416547e+09 1.07416551e+09
 1.07416555e+09 1.07416560e+09 1.07416564e+09 1.07416568e+09
 1.07416572e+09 1.07416576e+09 1.07416580e+09 1.07416584e+09
 1.07416589e+09 1.07416593e+09 1.07416597e+09 1.07416601e+09
 1.07416605e+09 1.07416609e+09 1.07416613e+09 1.07416618e+09
 1.07416622e+09 1.07416626e+09 1.07416630e+09 1.07416634e+09
 1.07416638e+09 1.07416642e+09 1.07416647e+09 1.07416651e+09
 1.07416655e+09 1.07416659e+09 1.07416663e+09 1.07416667e+09
 1.07416671e+09 1.07416676e+09 1.07416680e+09 1.07416684e+09
 1.07416688e+09 1.07416692e+09 1.07416696e+09 1.07416700e+09
 1.07416705e+09 1.07416709e+09 1.07416713e+09 1.07416717e+09
 1.07416721e+09 1.07416725e+09 1.07416729e+09 1.07416733e+09
 1.07416738e+09 1.07416742e+09 1.07416746e+09 1.07416750e+09
 1.07416754e+09 1.07416758e+09 1.07416762e+09 1.07416767e+09
 1.07416771e+09 1.07416775e+09 1.07416779e+09 1.07416783e+09
 1.07416787e+09 1.07416791e+09 1.07416796e+09 1.07416800e+09
 1.07416804e+09 1.07416808e+09 1.07416812e+09 1.07416816e+09
 1.07416820e+09 1.07416825e+09 1.07416829e+09 1.07416833e+09
 1.07416837e+09 1.07416841e+09 1.07416845e+09 1.07416849e+09
 1.07416854e+09 1.07416858e+09 1.07416862e+09 1.07416866e+09
 1.07416870e+09 1.07416874e+09 1.07416878e+09 1.07416883e+09
 1.07416887e+09 1.07416891e+09 1.07416895e+09 1.07416899e+09
 1.07416903e+09 1.07416907e+09 1.07416911e+09 1.07416916e+09
 1.07416920e+09 1.07416924e+09 1.07416928e+09 1.07416932e+09
 1.07416936e+09 1.07416940e+09 1.07416945e+09 1.07416949e+09
 1.07416953e+09 1.07416957e+09 1.07416961e+09 1.07416965e+09
 1.07416969e+09 1.07416974e+09 1.07416978e+09 1.07416982e+09
 1.07416986e+09 1.07416990e+09 1.07416994e+09 1.07416998e+09
 1.07417003e+09 1.07417007e+09 1.07417011e+09 1.07417015e+09
 1.07417019e+09 1.07417023e+09 1.07417027e+09 1.07417032e+09
 1.07417036e+09 1.07417040e+09 1.07417044e+09 1.07417048e+09
 1.07417052e+09 1.07417056e+09 1.07417060e+09 1.07417065e+09
 1.07417069e+09 1.07417073e+09 1.07417077e+09 1.07417081e+09
 1.07417085e+09 1.07417089e+09 1.07417094e+09 1.07417098e+09
 1.07417102e+09 1.07417106e+09 1.07417110e+09 1.07417114e+09
 1.07417118e+09 1.07417123e+09 1.07417127e+09 1.07417131e+09
 1.07417135e+09 1.07417139e+09 1.07417143e+09 1.07417147e+09
 1.07417152e+09 1.07417156e+09 1.07417160e+09 1.07417164e+09
 1.07417168e+09 1.07417172e+09 1.07417176e+09 1.07417181e+09
 1.07417185e+09 1.07417189e+09 1.07417193e+09 1.07417197e+09
 1.07417201e+09 1.07417205e+09 1.07417210e+09 1.07417214e+09
 1.07417218e+09 1.07417222e+09 1.07417226e+09 1.07417230e+09
 1.07417234e+09 1.07417238e+09 1.07417243e+09 1.07417247e+09
 1.07417251e+09 1.07417255e+09 1.07417259e+09 1.07417263e+09
 1.07417267e+09 1.07417272e+09 1.07417276e+09 1.07417280e+09
 1.07417284e+09 1.07417288e+09 1.07417292e+09 1.07417296e+09
 1.07417301e+09 1.07417305e+09 1.07417309e+09 1.07417313e+09
 1.07417317e+09 1.07417321e+09 1.07417325e+09 1.07417330e+09
 1.07417334e+09 1.07417338e+09 1.07417342e+09 1.07417346e+09
 1.07417350e+09 1.07417354e+09 1.07417359e+09 1.07417363e+09
 1.07417367e+09 1.07417371e+09 1.07417375e+09 1.07417379e+09
 1.07417383e+09 1.07417388e+09 1.07417392e+09 1.07417396e+09
 1.07417400e+09 1.07417404e+09 1.07417408e+09 1.07417412e+09
 1.07417416e+09 1.07417421e+09 1.07417425e+09 1.07417429e+09
 1.07417433e+09 1.07417437e+09 1.07417441e+09 1.07417445e+09
 1.07417450e+09 1.07417454e+09 1.07417458e+09 1.07417462e+09
 1.07417466e+09 1.07417470e+09 1.07417474e+09 1.07417479e+09
 1.07417483e+09 1.07417487e+09 1.07417491e+09 1.07417495e+09
 1.07417499e+09 1.07417503e+09 1.07417508e+09 1.07417512e+09
 1.07417516e+09 1.07417520e+09 1.07417524e+09 1.07417528e+09
 1.07417532e+09 1.07417537e+09 1.07417541e+09 1.07417545e+09
 1.07417549e+09 1.07417553e+09 1.07417557e+09 1.07417561e+09
 1.07417566e+09 1.07417570e+09 1.07417574e+09 1.07417578e+09
 1.07417582e+09 1.07417586e+09 1.07417590e+09 1.07417594e+09
 1.07417599e+09 1.07417603e+09 1.07417607e+09 1.07417611e+09
 1.07417615e+09 1.07417619e+09 1.07417623e+09 1.07417628e+09
 1.07417632e+09 1.07417636e+09 1.07417640e+09 1.07417644e+09
 1.07417648e+09 1.07417652e+09 1.07417657e+09 1.07417661e+09
 1.07417665e+09 1.07417669e+09 1.07417673e+09 1.07417677e+09
 1.07417681e+09 1.07417686e+09 1.07417690e+09 1.07417694e+09
 1.07417698e+09 1.07417702e+09 1.07417706e+09 1.07417710e+09
 1.07417715e+09 1.07417719e+09 1.07417723e+09 1.07417727e+09
 1.07417731e+09 1.07417735e+09 1.07417739e+09 1.07417744e+09
 1.07417748e+09 1.07417752e+09 1.07417756e+09 1.07417760e+09
 1.07417764e+09 1.07417768e+09 1.07417772e+09 1.07417777e+09
 1.07417781e+09 1.07417785e+09 1.07417789e+09 1.07417793e+09
 1.07417797e+09 1.07417801e+09 1.07417806e+09 1.07417810e+09
 1.07417814e+09 1.07417818e+09 1.07417822e+09 1.07417826e+09
 1.07417830e+09 1.07417835e+09 1.07417839e+09 1.07417843e+09
 1.07417847e+09 1.07417851e+09 1.07417855e+09 1.07417859e+09
 1.07417864e+09 1.07417868e+09 1.07417872e+09 1.07417876e+09
 1.07417880e+09 1.07417884e+09 1.07417888e+09 1.07417893e+09
 1.07417897e+09 1.07417901e+09 1.07417905e+09 1.07417909e+09
 1.07417913e+09 1.07417917e+09 1.07417922e+09 1.07417926e+09
 1.07417930e+09 1.07417934e+09 1.07417938e+09 1.07417942e+09
 1.07417946e+09 1.07417950e+09 1.07417955e+09 1.07417959e+09
 1.07417963e+09 1.07417967e+09 1.07417971e+09 1.07417975e+09
 1.07417979e+09 1.07417984e+09 1.07417988e+09 1.07417992e+09
 1.07417996e+09 1.07418000e+09 1.07418004e+09 1.07418008e+09
 1.07418013e+09 1.07418017e+09 1.07418021e+09 1.07418025e+09
 1.07418029e+09 1.07418033e+09 1.07418037e+09 1.07418042e+09
 1.07418046e+09 1.07418050e+09 1.07418054e+09 1.07418058e+09
 1.07418062e+09 1.07418066e+09 1.07418071e+09 1.07418075e+09
 1.07418079e+09 1.07418083e+09 1.07418087e+09 1.07418091e+09
 1.07418095e+09 1.07418100e+09 1.07418104e+09 1.07418108e+09
 1.07418112e+09 1.07418116e+09 1.07418120e+09 1.07418124e+09
 1.07418128e+09 1.07418133e+09 1.07418137e+09 1.07418141e+09
 1.07418145e+09 1.07418149e+09 1.07418153e+09 1.07418157e+09
 1.07418162e+09 1.07418166e+09 1.07418170e+09 1.07418174e+09
 1.07418178e+09 1.07418182e+09 1.07418186e+09 1.07418191e+09
 1.07418195e+09 1.07418199e+09 1.07418203e+09 1.07418207e+09
 1.07418211e+09 1.07418215e+09 1.07418220e+09 1.07418224e+09
 1.07418228e+09 1.07418232e+09 1.07418236e+09 1.07418240e+09
 1.07418244e+09 1.07418249e+09 1.07418253e+09 1.07418257e+09
 1.07418261e+09 1.07418265e+09 1.07418269e+09 1.07418273e+09
 1.07418277e+09 1.07418282e+09 1.07418286e+09 1.07418290e+09
 1.07418294e+09 1.07418298e+09 1.07418302e+09 1.07418306e+09
 1.07418311e+09 1.07418315e+09 1.07418319e+09 1.07418323e+09
 1.07418327e+09 1.07418331e+09 1.07418335e+09 1.07418340e+09
 1.07418344e+09 1.07418348e+09 1.07418352e+09 1.07418356e+09
 1.07418360e+09 1.07418364e+09 1.07418369e+09 1.07418373e+09
 1.07418377e+09 1.07418381e+09 1.07418385e+09 1.07418389e+09
 1.07418393e+09 1.07418398e+09 1.07418402e+09 1.07418406e+09
 1.07418410e+09 1.07418414e+09 1.07418418e+09 1.07418422e+09
 1.07418427e+09 1.07418431e+09 1.07418435e+09 1.07418439e+09
 1.07418443e+09 1.07418447e+09 1.07418451e+09 1.07418455e+09
 1.07418460e+09 1.07418464e+09 1.07418468e+09 1.07418472e+09
 1.07418476e+09 1.07418480e+09 1.07418484e+09 1.07418489e+09
 1.07418493e+09 1.07418497e+09 1.07418501e+09 1.07418505e+09
 1.07418509e+09 1.07418513e+09 1.07418518e+09 1.07418522e+09
 1.07418526e+09 1.07418530e+09 1.07418534e+09 1.07418538e+09
 1.07418542e+09 1.07418547e+09 1.07418551e+09 1.07418555e+09
 1.07418559e+09 1.07418563e+09 1.07418567e+09 1.07418571e+09
 1.07418576e+09 1.07418580e+09 1.07418584e+09 1.07418588e+09
 1.07418592e+09 1.07418596e+09 1.07418600e+09 1.07418605e+09
 1.07418609e+09 1.07418613e+09 1.07418617e+09 1.07418621e+09
 1.07418625e+09 1.07418629e+09 1.07418633e+09 1.07418638e+09
 1.07418642e+09 1.07418646e+09 1.07418650e+09 1.07418654e+09
 1.07418658e+09 1.07418662e+09 1.07418667e+09 1.07418671e+09
 1.07418675e+09 1.07418679e+09 1.07418683e+09 1.07418687e+09
 1.07418691e+09 1.07418696e+09 1.07418700e+09 1.07418704e+09
 1.07418708e+09 1.07418712e+09 1.07418716e+09 1.07418720e+09
 1.07418725e+09 1.07418729e+09 1.07418733e+09 1.07418737e+09
 1.07418741e+09 1.07418745e+09 1.07418749e+09 1.07418754e+09
 1.07418758e+09 1.07418762e+09 1.07418766e+09 1.07418770e+09
 1.07418774e+09 1.07418778e+09 1.07418783e+09 1.07418787e+09
 1.07418791e+09 1.07418795e+09 1.07418799e+09 1.07418803e+09
 1.07418807e+09 1.07418811e+09 1.07418816e+09 1.07418820e+09
 1.07418824e+09 1.07418828e+09 1.07418832e+09 1.07418836e+09
 1.07418840e+09 1.07418845e+09 1.07418849e+09 1.07418853e+09
 1.07418857e+09 1.07418861e+09 1.07418865e+09 1.07418869e+09
 1.07418874e+09 1.07418878e+09 1.07418882e+09 1.07418886e+09
 1.07418890e+09 1.07418894e+09 1.07418898e+09 1.07418903e+09
 1.07418907e+09 1.07418911e+09 1.07418915e+09 1.07418919e+09
 1.07418923e+09 1.07418927e+09 1.07418932e+09 1.07418936e+09
 1.07418940e+09 1.07418944e+09 1.07418948e+09 1.07418952e+09
 1.07418956e+09 1.07418961e+09 1.07418965e+09 1.07418969e+09
 1.07418973e+09 1.07418977e+09 1.07418981e+09 1.07418985e+09
 1.07418989e+09 1.07418994e+09 1.07418998e+09 1.07419002e+09
 1.07419006e+09 1.07419010e+09 1.07419014e+09 1.07419018e+09
 1.07419023e+09 1.07419027e+09 1.07419031e+09 1.07419035e+09]
minRes = 0.10664591074376362
minResTime = [1.07414941e+09]
Cov(t) = [100.         100.         100.         100.         100.
 100.         100.         100.         100.         100.
 100.         100.         100.         100.         100.
 100.         100.         100.         100.         100.
 100.         100.         100.         100.         100.
 100.         100.         100.         100.         100.
 100.         100.         100.         100.         100.
 100.         100.         100.         100.         100.
 100.         100.         100.         100.         100.
 100.         100.         100.         100.         100.
 100.         100.         100.         100.         100.
 100.         100.         100.         100.         100.
 100.         100.         100.         100.         100.
 100.         100.         100.         100.         100.
 100.         100.         100.         100.         100.
 100.         100.         100.         100.         100.
 100.         100.         100.         100.         100.
 100.         100.         100.         100.         100.
 100.         100.         100.         100.         100.
 100.         100.         100.         100.         100.
 100.         100.         100.         100.         100.
 100.         100.         100.         100.         100.
 100.         100.         100.         100.         100.
 100.         100.         100.         100.         100.
 100.         100.         100.         100.         100.
 100.         100.         100.         100.         100.
 100.         100.         100.         100.         100.
 100.         100.         100.         100.         100.
 100.         100.         100.         100.         100.
 100.         100.         100.         100.         100.
 100.         100.         100.         100.         100.
 100.         100.         100.         100.         100.
 100.         100.         100.         100.         100.
 100.         100.         100.         100.         100.
 100.         100.         100.         100.         100.
 100.         100.         100.         100.         100.
 100.         100.         100.         100.         100.
 100.         100.         100.         100.         100.
 100.         100.         100.         100.         100.
 100.         100.         100.         100.         100.
 100.         100.         100.         100.         100.
 100.         100.         100.         100.         100.
 100.         100.         100.         100.         100.
 100.         100.         100.         100.         100.
 100.         100.         100.         100.         100.
 100.         100.         100.         100.         100.
 100.         100.         100.         100.         100.
 100.         100.         100.         100.         100.
 100.         100.         100.         100.         100.
 100.         100.         100.         100.         100.
 100.         100.         100.         100.         100.
 100.         100.         100.         100.         100.
 100.         100.         100.         100.         100.
 100.         100.         100.         100.         100.
 100.         100.         100.         100.         100.
 100.         100.         100.         100.         100.
 100.         100.         100.         100.         100.
 100.         100.         100.         100.         100.
 100.         100.         100.         100.         100.
 100.         100.         100.         100.         100.
 100.         100.         100.         100.         100.
 100.         100.         100.         100.         100.
 100.         100.         100.         100.         100.
 100.         100.         100.         100.         100.
 100.         100.         100.         100.         100.
 100.         100.         100.         100.         100.
 100.         100.         100.         100.         100.
 100.         100.         100.         100.         100.
 100.         100.         100.         100.         100.
 100.         100.         100.         100.         100.
 100.         100.         100.         100.         100.
 100.         100.         100.         100.         100.
 100.         100.         100.         100.         100.
 100.         100.         100.         100.         100.
 100.         100.         100.         100.         100.
 100.         100.         100.         100.         100.
 100.         100.         100.         100.         100.
 100.         100.         100.         100.         100.
 100.         100.         100.         100.         100.
 100.         100.         100.         100.         100.
 100.         100.         100.         100.         100.
 100.         100.         100.         100.         100.
 100.         100.         100.         100.         100.
 100.         100.         100.         100.         100.
 100.         100.         100.         100.         100.
 100.         100.         100.         100.         100.
 100.         100.         100.         100.         100.
 100.         100.         100.         100.         100.
 100.         100.         100.         100.         100.
 100.         100.         100.         100.         100.
 100.         100.         100.         100.         100.
 100.         100.         100.         100.         100.
 100.         100.         100.         100.         100.
 100.         100.         100.         100.         100.
 100.         100.         100.         100.         100.
 100.         100.         100.         100.         100.
 100.         100.         100.         100.         100.
 100.         100.         100.         100.         100.
 100.         100.         100.         100.         100.
 100.         100.         100.         100.         100.
 100.         100.         100.         100.         100.
 100.         100.         100.         100.         100.
 100.         100.         100.         100.         100.
 100.         100.         100.         100.         100.
 100.         100.         100.         100.         100.
 100.         100.         100.         100.         100.
 100.         100.         100.         100.         100.
 100.         100.         100.         100.         100.
 100.         100.         100.         100.         100.
 100.         100.         100.         100.         100.
 100.         100.         100.         100.         100.
 100.         100.         100.         100.         100.
 100.         100.         100.         100.         100.
 100.         100.         100.         100.         100.
 100.         100.         100.         100.         100.
 100.         100.         100.         100.         100.
 100.         100.         100.         100.         100.
 100.         100.         100.         100.         100.
 100.         100.         100.         100.         100.
 100.         100.         100.         100.         100.
 100.         100.         100.         100.         100.
 100.         100.         100.         100.         100.
 100.         100.         100.         100.         100.
 100.         100.         100.         100.         100.
 100.         100.         100.         100.         100.
 100.         100.         100.         100.         100.
 100.         100.         100.         100.         100.
 100.         100.         100.         100.         100.
 100.         100.         100.         100.         100.
 100.         100.         100.         100.         100.
 100.         100.         100.         100.         100.
 100.         100.         100.         100.         100.
 100.         100.         100.         100.         100.
 100.         100.         100.         100.         100.
 100.         100.         100.         100.         100.
 100.         100.         100.         100.         100.
 100.         100.         100.         100.         100.
 100.         100.         100.         100.         100.
 100.         100.         100.         100.         100.
 100.         100.         100.         100.         100.
 100.         100.         100.         100.         100.
 100.         100.         100.         100.         100.
 100.         100.         100.         100.         100.
 100.         100.         100.         100.         100.
 100.         100.         100.         100.         100.
 100.         100.         100.         100.         100.
 100.         100.         100.         100.         100.
 100.         100.         100.         100.         100.
 100.         100.         100.         100.         100.
 100.         100.         100.         100.         100.
 100.         100.         100.         100.         100.
 100.         100.         100.         100.         100.
 100.         100.         100.         100.         100.
 100.         100.         100.         100.         100.
 100.         100.         100.         100.         100.
 100.         100.         100.         100.         100.
 100.         100.         100.         100.         100.
 100.         100.         100.         100.         100.
 100.         100.         100.         100.         100.
 100.         100.         100.         100.         100.
 100.         100.         100.         100.         100.
 100.         100.         100.         100.         100.
 100.         100.         100.         100.         100.
 100.         100.         100.         100.         100.
 100.         100.         100.         100.         100.
 100.         100.         100.         100.         100.
 100.         100.         100.         100.         100.
 100.         100.         100.         100.         100.
 100.         100.         100.         100.         100.
 100.         100.         100.         100.         100.
 100.         100.         100.         100.         100.
 100.         100.         100.         100.         100.
 100.         100.         100.         100.         100.
 100.         100.         100.         100.         100.
 100.         100.         100.         100.         100.
 100.         100.         100.         100.         100.
 100.         100.         100.         100.         100.
 100.         100.         100.         100.         100.
 100.         100.         100.         100.         100.
 100.         100.         100.         100.         100.
 100.         100.         100.         100.         100.
 100.         100.         100.         100.         100.
 100.         100.         100.         100.         100.
 100.         100.         100.         100.         100.
 100.         100.         100.         100.         100.
 100.         100.         100.         100.         100.
 100.         100.         100.         100.         100.
 100.         100.         100.         100.         100.
 100.         100.         100.         100.         100.
 100.         100.         100.         100.         100.
 100.         100.         100.         100.         100.
 100.         100.         100.         100.         100.
 100.         100.         100.         100.         100.
 100.         100.          83.21383747  83.17988931  83.14578985
  83.11153734  83.07712927  83.04256375  83.00783823  82.97295057
  82.9378983   82.90267895  82.86729     82.83172881  82.79599277
  82.760079    82.72398469  82.68770711  82.65124298  82.61458934
  82.57774289  82.54070047  82.50345861  82.4660137   82.42836232
  82.39050058  82.35242465  82.31413056  82.27561418  82.23687117
  82.1978989   82.15874014  82.11941472  82.07992058  82.0402558 ]
maxCov = 100.0
maxCovTime = [1.07414900e+09 1.07414904e+09 1.07414908e+09 1.07414912e+09
 1.07414916e+09 1.07414920e+09 1.07414925e+09 1.07414929e+09
 1.07414933e+09 1.07414937e+09 1.07414941e+09 1.07414945e+09
 1.07414949e+09 1.07414954e+09 1.07414958e+09 1.07414962e+09
 1.07414966e+09 1.07414970e+09 1.07414974e+09 1.07414978e+09
 1.07414982e+09 1.07414987e+09 1.07414991e+09 1.07414995e+09
 1.07414999e+09 1.07415003e+09 1.07415007e+09 1.07415011e+09
 1.07415016e+09 1.07415020e+09 1.07415024e+09 1.07415028e+09
 1.07415032e+09 1.07415036e+09 1.07415040e+09 1.07415045e+09
 1.07415049e+09 1.07415053e+09 1.07415057e+09 1.07415061e+09
 1.07415065e+09 1.07415069e+09 1.07415074e+09 1.07415078e+09
 1.07415082e+09 1.07415086e+09 1.07415090e+09 1.07415094e+09
 1.07415098e+09 1.07415103e+09 1.07415107e+09 1.07415111e+09
 1.07415115e+09 1.07415119e+09 1.07415123e+09 1.07415127e+09
 1.07415132e+09 1.07415136e+09 1.07415140e+09 1.07415144e+09
 1.07415148e+09 1.07415152e+09 1.07415156e+09 1.07415160e+09
 1.07415165e+09 1.07415169e+09 1.07415173e+09 1.07415177e+09
 1.07415181e+09 1.07415185e+09 1.07415189e+09 1.07415194e+09
 1.07415198e+09 1.07415202e+09 1.07415206e+09 1.07415210e+09
 1.07415214e+09 1.07415218e+09 1.07415223e+09 1.07415227e+09
 1.07415231e+09 1.07415235e+09 1.07415239e+09 1.07415243e+09
 1.07415247e+09 1.07415252e+09 1.07415256e+09 1.07415260e+09
 1.07415264e+09 1.07415268e+09 1.07415272e+09 1.07415276e+09
 1.07415281e+09 1.07415285e+09 1.07415289e+09 1.07415293e+09
 1.07415297e+09 1.07415301e+09 1.07415305e+09 1.07415310e+09
 1.07415314e+09 1.07415318e+09 1.07415322e+09 1.07415326e+09
 1.07415330e+09 1.07415334e+09 1.07415338e+09 1.07415343e+09
 1.07415347e+09 1.07415351e+09 1.07415355e+09 1.07415359e+09
 1.07415363e+09 1.07415367e+09 1.07415372e+09 1.07415376e+09
 1.07415380e+09 1.07415384e+09 1.07415388e+09 1.07415392e+09
 1.07415396e+09 1.07415401e+09 1.07415405e+09 1.07415409e+09
 1.07415413e+09 1.07415417e+09 1.07415421e+09 1.07415425e+09
 1.07415430e+09 1.07415434e+09 1.07415438e+09 1.07415442e+09
 1.07415446e+09 1.07415450e+09 1.07415454e+09 1.07415459e+09
 1.07415463e+09 1.07415467e+09 1.07415471e+09 1.07415475e+09
 1.07415479e+09 1.07415483e+09 1.07415488e+09 1.07415492e+09
 1.07415496e+09 1.07415500e+09 1.07415504e+09 1.07415508e+09
 1.07415512e+09 1.07415516e+09 1.07415521e+09 1.07415525e+09
 1.07415529e+09 1.07415533e+09 1.07415537e+09 1.07415541e+09
 1.07415545e+09 1.07415550e+09 1.07415554e+09 1.07415558e+09
 1.07415562e+09 1.07415566e+09 1.07415570e+09 1.07415574e+09
 1.07415579e+09 1.07415583e+09 1.07415587e+09 1.07415591e+09
 1.07415595e+09 1.07415599e+09 1.07415603e+09 1.07415608e+09
 1.07415612e+09 1.07415616e+09 1.07415620e+09 1.07415624e+09
 1.07415628e+09 1.07415632e+09 1.07415637e+09 1.07415641e+09
 1.07415645e+09 1.07415649e+09 1.07415653e+09 1.07415657e+09
 1.07415661e+09 1.07415666e+09 1.07415670e+09 1.07415674e+09
 1.07415678e+09 1.07415682e+09 1.07415686e+09 1.07415690e+09
 1.07415694e+09 1.07415699e+09 1.07415703e+09 1.07415707e+09
 1.07415711e+09 1.07415715e+09 1.07415719e+09 1.07415723e+09
 1.07415728e+09 1.07415732e+09 1.07415736e+09 1.07415740e+09
 1.07415744e+09 1.07415748e+09 1.07415752e+09 1.07415757e+09
 1.07415761e+09 1.07415765e+09 1.07415769e+09 1.07415773e+09
 1.07415777e+09 1.07415781e+09 1.07415786e+09 1.07415790e+09
 1.07415794e+09 1.07415798e+09 1.07415802e+09 1.07415806e+09
 1.07415810e+09 1.07415815e+09 1.07415819e+09 1.07415823e+09
 1.07415827e+09 1.07415831e+09 1.07415835e+09 1.07415839e+09
 1.07415844e+09 1.07415848e+09 1.07415852e+09 1.07415856e+09
 1.07415860e+09 1.07415864e+09 1.07415868e+09 1.07415872e+09
 1.07415877e+09 1.07415881e+09 1.07415885e+09 1.07415889e+09
 1.07415893e+09 1.07415897e+09 1.07415901e+09 1.07415906e+09
 1.07415910e+09 1.07415914e+09 1.07415918e+09 1.07415922e+09
 1.07415926e+09 1.07415930e+09 1.07415935e+09 1.07415939e+09
 1.07415943e+09 1.07415947e+09 1.07415951e+09 1.07415955e+09
 1.07415959e+09 1.07415964e+09 1.07415968e+09 1.07415972e+09
 1.07415976e+09 1.07415980e+09 1.07415984e+09 1.07415988e+09
 1.07415993e+09 1.07415997e+09 1.07416001e+09 1.07416005e+09
 1.07416009e+09 1.07416013e+09 1.07416017e+09 1.07416021e+09
 1.07416026e+09 1.07416030e+09 1.07416034e+09 1.07416038e+09
 1.07416042e+09 1.07416046e+09 1.07416050e+09 1.07416055e+09
 1.07416059e+09 1.07416063e+09 1.07416067e+09 1.07416071e+09
 1.07416075e+09 1.07416079e+09 1.07416084e+09 1.07416088e+09
 1.07416092e+09 1.07416096e+09 1.07416100e+09 1.07416104e+09
 1.07416108e+09 1.07416113e+09 1.07416117e+09 1.07416121e+09
 1.07416125e+09 1.07416129e+09 1.07416133e+09 1.07416137e+09
 1.07416142e+09 1.07416146e+09 1.07416150e+09 1.07416154e+09
 1.07416158e+09 1.07416162e+09 1.07416166e+09 1.07416171e+09
 1.07416175e+09 1.07416179e+09 1.07416183e+09 1.07416187e+09
 1.07416191e+09 1.07416195e+09 1.07416199e+09 1.07416204e+09
 1.07416208e+09 1.07416212e+09 1.07416216e+09 1.07416220e+09
 1.07416224e+09 1.07416228e+09 1.07416233e+09 1.07416237e+09
 1.07416241e+09 1.07416245e+09 1.07416249e+09 1.07416253e+09
 1.07416257e+09 1.07416262e+09 1.07416266e+09 1.07416270e+09
 1.07416274e+09 1.07416278e+09 1.07416282e+09 1.07416286e+09
 1.07416291e+09 1.07416295e+09 1.07416299e+09 1.07416303e+09
 1.07416307e+09 1.07416311e+09 1.07416315e+09 1.07416320e+09
 1.07416324e+09 1.07416328e+09 1.07416332e+09 1.07416336e+09
 1.07416340e+09 1.07416344e+09 1.07416349e+09 1.07416353e+09
 1.07416357e+09 1.07416361e+09 1.07416365e+09 1.07416369e+09
 1.07416373e+09 1.07416377e+09 1.07416382e+09 1.07416386e+09
 1.07416390e+09 1.07416394e+09 1.07416398e+09 1.07416402e+09
 1.07416406e+09 1.07416411e+09 1.07416415e+09 1.07416419e+09
 1.07416423e+09 1.07416427e+09 1.07416431e+09 1.07416435e+09
 1.07416440e+09 1.07416444e+09 1.07416448e+09 1.07416452e+09
 1.07416456e+09 1.07416460e+09 1.07416464e+09 1.07416469e+09
 1.07416473e+09 1.07416477e+09 1.07416481e+09 1.07416485e+09
 1.07416489e+09 1.07416493e+09 1.07416498e+09 1.07416502e+09
 1.07416506e+09 1.07416510e+09 1.07416514e+09 1.07416518e+09
 1.07416522e+09 1.07416527e+09 1.07416531e+09 1.07416535e+09
 1.07416539e+09 1.07416543e+09 1.07416547e+09 1.07416551e+09
 1.07416555e+09 1.07416560e+09 1.07416564e+09 1.07416568e+09
 1.07416572e+09 1.07416576e+09 1.07416580e+09 1.07416584e+09
 1.07416589e+09 1.07416593e+09 1.07416597e+09 1.07416601e+09
 1.07416605e+09 1.07416609e+09 1.07416613e+09 1.07416618e+09
 1.07416622e+09 1.07416626e+09 1.07416630e+09 1.07416634e+09
 1.07416638e+09 1.07416642e+09 1.07416647e+09 1.07416651e+09
 1.07416655e+09 1.07416659e+09 1.07416663e+09 1.07416667e+09
 1.07416671e+09 1.07416676e+09 1.07416680e+09 1.07416684e+09
 1.07416688e+09 1.07416692e+09 1.07416696e+09 1.07416700e+09
 1.07416705e+09 1.07416709e+09 1.07416713e+09 1.07416717e+09
 1.07416721e+09 1.07416725e+09 1.07416729e+09 1.07416733e+09
 1.07416738e+09 1.07416742e+09 1.07416746e+09 1.07416750e+09
 1.07416754e+09 1.07416758e+09 1.07416762e+09 1.07416767e+09
 1.07416771e+09 1.07416775e+09 1.07416779e+09 1.07416783e+09
 1.07416787e+09 1.07416791e+09 1.07416796e+09 1.07416800e+09
 1.07416804e+09 1.07416808e+09 1.07416812e+09 1.07416816e+09
 1.07416820e+09 1.07416825e+09 1.07416829e+09 1.07416833e+09
 1.07416837e+09 1.07416841e+09 1.07416845e+09 1.07416849e+09
 1.07416854e+09 1.07416858e+09 1.07416862e+09 1.07416866e+09
 1.07416870e+09 1.07416874e+09 1.07416878e+09 1.07416883e+09
 1.07416887e+09 1.07416891e+09 1.07416895e+09 1.07416899e+09
 1.07416903e+09 1.07416907e+09 1.07416911e+09 1.07416916e+09
 1.07416920e+09 1.07416924e+09 1.07416928e+09 1.07416932e+09
 1.07416936e+09 1.07416940e+09 1.07416945e+09 1.07416949e+09
 1.07416953e+09 1.07416957e+09 1.07416961e+09 1.07416965e+09
 1.07416969e+09 1.07416974e+09 1.07416978e+09 1.07416982e+09
 1.07416986e+09 1.07416990e+09 1.07416994e+09 1.07416998e+09
 1.07417003e+09 1.07417007e+09 1.07417011e+09 1.07417015e+09
 1.07417019e+09 1.07417023e+09 1.07417027e+09 1.07417032e+09
 1.07417036e+09 1.07417040e+09 1.07417044e+09 1.07417048e+09
 1.07417052e+09 1.07417056e+09 1.07417060e+09 1.07417065e+09
 1.07417069e+09 1.07417073e+09 1.07417077e+09 1.07417081e+09
 1.07417085e+09 1.07417089e+09 1.07417094e+09 1.07417098e+09
 1.07417102e+09 1.07417106e+09 1.07417110e+09 1.07417114e+09
 1.07417118e+09 1.07417123e+09 1.07417127e+09 1.07417131e+09
 1.07417135e+09 1.07417139e+09 1.07417143e+09 1.07417147e+09
 1.07417152e+09 1.07417156e+09 1.07417160e+09 1.07417164e+09
 1.07417168e+09 1.07417172e+09 1.07417176e+09 1.07417181e+09
 1.07417185e+09 1.07417189e+09 1.07417193e+09 1.07417197e+09
 1.07417201e+09 1.07417205e+09 1.07417210e+09 1.07417214e+09
 1.07417218e+09 1.07417222e+09 1.07417226e+09 1.07417230e+09
 1.07417234e+09 1.07417238e+09 1.07417243e+09 1.07417247e+09
 1.07417251e+09 1.07417255e+09 1.07417259e+09 1.07417263e+09
 1.07417267e+09 1.07417272e+09 1.07417276e+09 1.07417280e+09
 1.07417284e+09 1.07417288e+09 1.07417292e+09 1.07417296e+09
 1.07417301e+09 1.07417305e+09 1.07417309e+09 1.07417313e+09
 1.07417317e+09 1.07417321e+09 1.07417325e+09 1.07417330e+09
 1.07417334e+09 1.07417338e+09 1.07417342e+09 1.07417346e+09
 1.07417350e+09 1.07417354e+09 1.07417359e+09 1.07417363e+09
 1.07417367e+09 1.07417371e+09 1.07417375e+09 1.07417379e+09
 1.07417383e+09 1.07417388e+09 1.07417392e+09 1.07417396e+09
 1.07417400e+09 1.07417404e+09 1.07417408e+09 1.07417412e+09
 1.07417416e+09 1.07417421e+09 1.07417425e+09 1.07417429e+09
 1.07417433e+09 1.07417437e+09 1.07417441e+09 1.07417445e+09
 1.07417450e+09 1.07417454e+09 1.07417458e+09 1.07417462e+09
 1.07417466e+09 1.07417470e+09 1.07417474e+09 1.07417479e+09
 1.07417483e+09 1.07417487e+09 1.07417491e+09 1.07417495e+09
 1.07417499e+09 1.07417503e+09 1.07417508e+09 1.07417512e+09
 1.07417516e+09 1.07417520e+09 1.07417524e+09 1.07417528e+09
 1.07417532e+09 1.07417537e+09 1.07417541e+09 1.07417545e+09
 1.07417549e+09 1.07417553e+09 1.07417557e+09 1.07417561e+09
 1.07417566e+09 1.07417570e+09 1.07417574e+09 1.07417578e+09
 1.07417582e+09 1.07417586e+09 1.07417590e+09 1.07417594e+09
 1.07417599e+09 1.07417603e+09 1.07417607e+09 1.07417611e+09
 1.07417615e+09 1.07417619e+09 1.07417623e+09 1.07417628e+09
 1.07417632e+09 1.07417636e+09 1.07417640e+09 1.07417644e+09
 1.07417648e+09 1.07417652e+09 1.07417657e+09 1.07417661e+09
 1.07417665e+09 1.07417669e+09 1.07417673e+09 1.07417677e+09
 1.07417681e+09 1.07417686e+09 1.07417690e+09 1.07417694e+09
 1.07417698e+09 1.07417702e+09 1.07417706e+09 1.07417710e+09
 1.07417715e+09 1.07417719e+09 1.07417723e+09 1.07417727e+09
 1.07417731e+09 1.07417735e+09 1.07417739e+09 1.07417744e+09
 1.07417748e+09 1.07417752e+09 1.07417756e+09 1.07417760e+09
 1.07417764e+09 1.07417768e+09 1.07417772e+09 1.07417777e+09
 1.07417781e+09 1.07417785e+09 1.07417789e+09 1.07417793e+09
 1.07417797e+09 1.07417801e+09 1.07417806e+09 1.07417810e+09
 1.07417814e+09 1.07417818e+09 1.07417822e+09 1.07417826e+09
 1.07417830e+09 1.07417835e+09 1.07417839e+09 1.07417843e+09
 1.07417847e+09 1.07417851e+09 1.07417855e+09 1.07417859e+09
 1.07417864e+09 1.07417868e+09 1.07417872e+09 1.07417876e+09
 1.07417880e+09 1.07417884e+09 1.07417888e+09 1.07417893e+09
 1.07417897e+09 1.07417901e+09 1.07417905e+09 1.07417909e+09
 1.07417913e+09 1.07417917e+09 1.07417922e+09 1.07417926e+09
 1.07417930e+09 1.07417934e+09 1.07417938e+09 1.07417942e+09
 1.07417946e+09 1.07417950e+09 1.07417955e+09 1.07417959e+09
 1.07417963e+09 1.07417967e+09 1.07417971e+09 1.07417975e+09
 1.07417979e+09 1.07417984e+09 1.07417988e+09 1.07417992e+09
 1.07417996e+09 1.07418000e+09 1.07418004e+09 1.07418008e+09
 1.07418013e+09 1.07418017e+09 1.07418021e+09 1.07418025e+09
 1.07418029e+09 1.07418033e+09 1.07418037e+09 1.07418042e+09
 1.07418046e+09 1.07418050e+09 1.07418054e+09 1.07418058e+09
 1.07418062e+09 1.07418066e+09 1.07418071e+09 1.07418075e+09
 1.07418079e+09 1.07418083e+09 1.07418087e+09 1.07418091e+09
 1.07418095e+09 1.07418100e+09 1.07418104e+09 1.07418108e+09
 1.07418112e+09 1.07418116e+09 1.07418120e+09 1.07418124e+09
 1.07418128e+09 1.07418133e+09 1.07418137e+09 1.07418141e+09
 1.07418145e+09 1.07418149e+09 1.07418153e+09 1.07418157e+09
 1.07418162e+09 1.07418166e+09 1.07418170e+09 1.07418174e+09
 1.07418178e+09 1.07418182e+09 1.07418186e+09 1.07418191e+09
 1.07418195e+09 1.07418199e+09 1.07418203e+09 1.07418207e+09
 1.07418211e+09 1.07418215e+09 1.07418220e+09 1.07418224e+09
 1.07418228e+09 1.07418232e+09 1.07418236e+09 1.07418240e+09
 1.07418244e+09 1.07418249e+09 1.07418253e+09 1.07418257e+09
 1.07418261e+09 1.07418265e+09 1.07418269e+09 1.07418273e+09
 1.07418277e+09 1.07418282e+09 1.07418286e+09 1.07418290e+09
 1.07418294e+09 1.07418298e+09 1.07418302e+09 1.07418306e+09
 1.07418311e+09 1.07418315e+09 1.07418319e+09 1.07418323e+09
 1.07418327e+09 1.07418331e+09 1.07418335e+09 1.07418340e+09
 1.07418344e+09 1.07418348e+09 1.07418352e+09 1.07418356e+09
 1.07418360e+09 1.07418364e+09 1.07418369e+09 1.07418373e+09
 1.07418377e+09 1.07418381e+09 1.07418385e+09 1.07418389e+09
 1.07418393e+09 1.07418398e+09 1.07418402e+09 1.07418406e+09
 1.07418410e+09 1.07418414e+09 1.07418418e+09 1.07418422e+09
 1.07418427e+09 1.07418431e+09 1.07418435e+09 1.07418439e+09
 1.07418443e+09 1.07418447e+09 1.07418451e+09 1.07418455e+09
 1.07418460e+09 1.07418464e+09 1.07418468e+09 1.07418472e+09
 1.07418476e+09 1.07418480e+09 1.07418484e+09 1.07418489e+09
 1.07418493e+09 1.07418497e+09 1.07418501e+09 1.07418505e+09
 1.07418509e+09 1.07418513e+09 1.07418518e+09 1.07418522e+09
 1.07418526e+09 1.07418530e+09 1.07418534e+09 1.07418538e+09
 1.07418542e+09 1.07418547e+09 1.07418551e+09 1.07418555e+09
 1.07418559e+09 1.07418563e+09 1.07418567e+09 1.07418571e+09
 1.07418576e+09 1.07418580e+09 1.07418584e+09 1.07418588e+09
 1.07418592e+09 1.07418596e+09 1.07418600e+09 1.07418605e+09
 1.07418609e+09 1.07418613e+09 1.07418617e+09 1.07418621e+09
 1.07418625e+09 1.07418629e+09 1.07418633e+09 1.07418638e+09
 1.07418642e+09 1.07418646e+09 1.07418650e+09 1.07418654e+09
 1.07418658e+09 1.07418662e+09 1.07418667e+09 1.07418671e+09
 1.07418675e+09 1.07418679e+09 1.07418683e+09 1.07418687e+09
 1.07418691e+09 1.07418696e+09 1.07418700e+09 1.07418704e+09
 1.07418708e+09 1.07418712e+09 1.07418716e+09 1.07418720e+09
 1.07418725e+09 1.07418729e+09 1.07418733e+09 1.07418737e+09
 1.07418741e+09 1.07418745e+09 1.07418749e+09 1.07418754e+09
 1.07418758e+09 1.07418762e+09 1.07418766e+09 1.07418770e+09
 1.07418774e+09 1.07418778e+09 1.07418783e+09 1.07418787e+09
 1.07418791e+09 1.07418795e+09 1.07418799e+09 1.07418803e+09
 1.07418807e+09 1.07418811e+09 1.07418816e+09 1.07418820e+09
 1.07418824e+09 1.07418828e+09 1.07418832e+09 1.07418836e+09
 1.07418840e+09 1.07418845e+09 1.07418849e+09 1.07418853e+09
 1.07418857e+09 1.07418861e+09 1.07418865e+09 1.07418869e+09
 1.07418874e+09 1.07418878e+09 1.07418882e+09 1.07418886e+09
 1.07418890e+09 1.07418894e+09 1.07418898e+09]
