name =JUICE_ROI_GAN_4_3_01
flyby = ['2033 NOV 26 18:22:11', '2033 NOV 27 18:22:11']
Observation TW = <SpiceCell dtype = 1, length = 0, size = 2800, card = 8, is_set = 1, adjust = 0, init = 1, base = 94744004117568, data = 94744004117616>
Res(t) = [0.26366958 0.26301347 0.26257549 0.26232646 0.26224299 0.26230597
 0.26249959 0.26281055 0.26322755 0.26374089 0.25441159 0.25527819
 0.25620311 0.25718221 0.25821178 0.25928845 0.2604092  0.26157126
 0.26277212 0.26400948 0.26528123 0.26658544 0.26792032 0.26928422
 0.2706756  0.27209306 0.27353528 0.27500104 0.27648919 0.27799866
 0.27952847 0.28107767 0.28264539 0.28423081 0.28583317 0.28745173
 0.28908581 0.29073477 0.292398   0.29407493 0.29985749 0.30152894
 0.30321897 0.30492198 0.30663746 0.30836494 0.31010395 0.31185408
 0.3136149  0.31688207 0.31866169 0.3204514  0.32225084 0.32405969
 0.32587762 0.32770432 0.3295395  0.33138289 0.3332342  0.33509321
 0.33695965 0.33883331 0.34071396 0.34444329 0.34628878 0.34814013
 0.34999715 0.35185964 0.35372743 0.35560033 0.35747818 0.35936082
 0.3612481  0.36313985 0.36503595 0.36693625 0.36884062 0.37074894
 0.37266107 0.37457689 0.37649631 0.37841919 0.38034545 0.38227496
 0.38420765 0.3861434  0.38808212 0.39002373 0.39196815 0.39391527
 0.39586504 0.39781736 0.39977216 0.40172937 0.40368891 0.40565073
 0.40761475 0.4095809  0.41154914 0.41351939 0.41549159 0.4174657
 0.41944166 0.4214194  0.42339889 0.42538006 0.42736288 0.4293473
 0.43133326 0.43332073 0.43530966 0.43730002 0.43929175 0.44128482
 0.4432792  0.44527484 0.44727171 0.44926977 0.451269   0.45326935
 0.45527079 0.4572733  0.45927684 0.46128138 0.46328689 0.46529335
 0.46730073 0.469309   0.47131814 0.47332811 0.4753389  0.47735048
 0.47936283 0.48137593 0.48338975 0.48540427 0.48741947 0.48943534
 0.49145184 0.49346897 0.49548669 0.49750501 0.49952388 0.50154331
 0.50356327 0.50558374 0.50760471 0.50962616 0.51164808 0.51367045
 0.51569326 0.51771649 0.51974013 0.52176417 0.52378859 0.52581337
 0.52783852 0.52986401 0.53188983 0.53391596 0.53594241 0.53796916
 0.53999619 0.5420235  0.54405107 0.5460789  0.54810697 0.55013528
 0.55216381 0.55419256 0.55622152 0.55825067 0.56028002 0.56230955
 0.56433925 0.56636911 0.56839914 0.57042931 0.57245963 0.57449008
 0.57652066 0.57855135 0.58058217 0.58261309 0.58464411 0.58667522
 0.58870643 0.59073771 0.59276907 0.59480051 0.596832   0.59886356
 0.60089517 0.60292683 0.60495853 0.60699027 0.60902204 0.61105384
 0.61308567 0.61511752 0.61714938 0.61918125 0.62121313 0.62324501
 0.62527688 0.62730875 0.62934062 0.63137247 0.6334043  0.63543611
 0.63746789 0.63949965 0.64153138 0.64356307 0.64559473 0.64762635
 0.64965792 0.65168944 0.65372092 0.65575234 0.65778371 0.65981502
 0.66184627 0.66387746 0.66590858 0.66793964 0.66997062 0.67200153
 0.67403237 0.67606313 0.67809381 0.68012442 0.68215493 0.68418537
 0.68621571 0.68824597 0.69027614 0.69230622 0.6943362  0.69636608
 0.69839587 0.70042556 0.70245516 0.70448464 0.70651403 0.70854331
 0.71057249 0.71260156 0.71463052 0.71665937 0.71868811 0.72071674
 0.72274526 0.72477366 0.72680195 0.72883012 0.73085818 0.73288611
 0.73491393 0.73694163 0.73896921 0.74099667 0.74302401 0.74505122
 0.74707831 0.74910528 0.75113212 0.75315884 0.75518543 0.7572119
 0.75923824 0.76126445 0.76329053 0.76531649 0.76734231 0.76936801
 0.77139358 0.77341902 0.77544433 0.77746951 0.77949456 0.78151948
 0.78354427 0.78556892 0.78759345 0.78961784 0.7916421  0.79366623
 0.79569023 0.7977141  0.79973783 0.80176143 0.80378491 0.80580824
 0.80783145 0.80985452 0.81187747 0.81390028 0.81592296 0.8179455
 0.81996792 0.8219902  0.82401236 0.82603438 0.82805627 0.83007803
 0.83209966 0.83412116 0.83614253 0.83816377 0.84018488 0.84220586
 0.84422671 0.84624744 0.84826803 0.8502885  0.85230884 0.85432905
 0.85634914 0.8583691  0.86038893 0.86240864 0.86442822 0.86644768
 0.86846702 0.87048623 0.87250531 0.87452428 0.87654312 0.87856184
 0.88058044 0.88259892 0.88461727 0.88663551 0.88865363 0.89067163
 0.89268951 0.89470728 0.89672493 0.89874246 0.90075987 0.90277717
 0.90479436 0.90681143 0.90882839 0.91084524 0.91286198 0.9148786
 0.91689512 0.91891152 0.92092782 0.922944   0.92496008 0.92697606
 0.92899192 0.93100768 0.93302334 0.93503889 0.93705434 0.93906969
 0.94108493 0.94310008 0.94511512 0.94713007 0.94914491 0.95115966
 0.95317432 0.95518887 0.95720333 0.9592177  0.96123197 0.96324615
 0.96526024 0.96727423 0.96928814 0.97130196 0.97331569 0.97532933
 0.97734288 0.97935635 0.98136973 0.98338303 0.98539625 0.98740938
 0.98942243 0.9914354  0.9934483  0.99546111 0.99747385 0.9994865
 1.00149909 1.0035116  1.00552403 1.00753639 1.00954868 1.0115609
 1.01357305 1.01558512 1.01759713 1.01960908 1.02162095 1.02363277
 1.02564451 1.0276562  1.02966782 1.03167938 1.03369088 1.03570232
 1.0377137  1.03972503 1.04173629 1.04374751 1.04575867 1.04776977
 1.04978082 1.05179183 1.05380278 1.05581368 1.05782454 1.05983534
 1.0618461  1.06385682 1.06586749 1.06787812 1.06988871 1.07189926
 1.07390977 1.07592024 1.07793067 1.07994106 1.08195142 1.08396175
 1.08597204 1.0879823  1.08999253 1.09200273 1.0940129  1.09602304
 1.09803315 1.10004324 1.10205331 1.10406335 1.10607337 1.10808337
 1.11009335 1.1121033  1.11411325 1.11612317 1.11813308 1.12014297
 1.12215285 1.12416272 1.12617258 1.12818243 1.13019227 1.1322021
 1.13421192 1.13622174 1.13823155 1.14024136 1.14225117 1.14426098
 1.14627079 1.1482806  1.15029041 1.15230022 1.15431005 1.15631987
 1.1583297  1.16033955 1.1623494  1.16435926 1.16636913 1.16837902
 1.17038892 1.17239883 1.17440876 1.17641871 1.17842868 1.18043867
 1.18244868 1.18445871 1.18646876 1.18847884 1.19048895 1.19249908
 1.19450924 1.19651943 1.19852965 1.2005399  1.20255018 1.2045605
 1.20657085 1.20858124 1.21059167 1.21260214 1.21461264 1.21662319
 1.21863378 1.22064442 1.22265509 1.22466582 1.22667659 1.22868741
 1.23069828 1.2327092  1.23472017 1.2367312  1.23874228 1.24075341
 1.24276461 1.24477586 1.24678717 1.24879854 1.25080997 1.25282146
 1.25483302 1.25684465 1.25885634 1.26086809 1.26287992 1.26489182
 1.26690379 1.26891583 1.27092794 1.27294013 1.2749524  1.27696475
 1.27897717 1.28098967 1.28300226 1.28501492 1.28702767 1.28904051
 1.29105343 1.29306644 1.29507953 1.29709272 1.299106   1.30111937
 1.30313283 1.30514639 1.30716004 1.30917379 1.31118764 1.31320159
 1.31521564 1.31722979 1.31924405 1.32125841 1.32327288 1.32528745
 1.32730213 1.32931692 1.33133182 1.33334684 1.33536196 1.3373772
 1.33939256 1.34140804 1.34342363 1.34543934 1.34745517 1.34947113
 1.35148721 1.35350341 1.35551974 1.35753619 1.35955277 1.36156949
 1.36358633 1.36560331 1.36762041 1.36963766 1.37165504 1.37367255
 1.37569021 1.377708   1.37972593 1.38174401 1.38376223 1.38578059
 1.3877991  1.38981776 1.39183656 1.39385552 1.39587462 1.39789388
 1.39991329 1.40193285 1.40395257 1.40597245 1.40799249 1.41001268
 1.41203304 1.41405356 1.41607424 1.41809509 1.4201161  1.42213728
 1.42415862 1.42618014 1.42820183 1.43022369 1.43224572 1.43426793
 1.43629031 1.43831287 1.44033561 1.44235853 1.44438163 1.44640491
 1.44842838 1.45045203 1.45247587 1.45449989 1.4565241  1.4585485
 1.4605731  1.46259788 1.46462286 1.46664803 1.4686734  1.47069897
 1.47272474 1.4747507  1.47677687 1.47880324 1.48082981 1.48285659
 1.48488357 1.48691076 1.48893816 1.49096577 1.49299359 1.49502163
 1.49704987 1.49907834 1.50110702 1.50313591 1.50516503 1.50719436
 1.50922392 1.5112537  1.5132837  1.51531393 1.51734439 1.51937507
 1.52140598 1.52343712 1.5254685  1.5275001  1.52953194 1.53156402
 1.53359633 1.53562888 1.53766167 1.5396947  1.54172797 1.54376148
 1.54579524 1.54782924 1.54986349 1.55189799 1.55393274 1.55596774
 1.55800299 1.56003849 1.56207425 1.56411026 1.56614653 1.56818306
 1.57021984 1.57225689 1.5742942  1.57633177 1.57836961 1.58040771
 1.58244608 1.58448472 1.58652363 1.58856281 1.59060226 1.59264198
 1.59468198 1.59672225 1.59876281 1.60080364 1.60284474 1.60488613
 1.60692781 1.60896976 1.611012   1.61305453 1.61509734 1.61714045
 1.61918384 1.62122752 1.6232715  1.62531577 1.62736033 1.62940519
 1.63145035 1.6334958  1.63554156 1.63758762 1.63963398 1.64168064
 1.64372761 1.64577488 1.64782246 1.64987035 1.65191855 1.65396707
 1.65601589 1.65806503 1.66011448 1.66216425 1.66421434 1.66626475
 1.66831547 1.67036652 1.67241789 1.67446958 1.6765216  1.67857395
 1.68062662 1.68267963 1.68473296 1.68678663 1.68884062 1.69089495
 1.69294962 1.69500462 1.69705997 1.69911565 1.70117167 1.70322803
 1.70528473 1.70734178 1.70939918 1.71145692 1.71351501 1.71557345
 1.71763224 1.71969138 1.72175087 1.72381072 1.72587092 1.72793148
 1.7299924  1.73205368 1.73411532 1.73617732 1.73823968 1.74030241
 1.7423655  1.74442896 1.74649279 1.74855699 1.75062155 1.75268649
 1.75475181 1.75681749 1.75888356 1.76095    1.76301681 1.76508401
 1.76715159 1.76921955 1.77128789 1.77335662 1.77542573 1.77749524
 1.77956512 1.7816354  1.78370607 1.78577713 1.78784859 1.78992043
 1.79199268 1.79406532 1.79613836 1.7982118  1.80028564 1.80235988
 1.80443453 1.80650958 1.80858503 1.8106609  1.81273717 1.81481385
 1.81689094 1.81896844 1.82104636 1.82312469 1.82520344 1.8272826
 1.82936219 1.83144219 1.83352261 1.83560346 1.83768473 1.83976642
 1.84184854 1.84393108 1.84601406 1.84809746 1.8501813  1.85226556
 1.85435026 1.8564354  1.85852097 1.86060698 1.86269342 1.86478031
 1.86686764 1.86895541 1.87104362 1.87313227 1.87522138 1.87731093
 1.87940092 1.88149137 1.88358227 1.88567362 1.88776542 1.88985768
 1.8919504  1.89404357 1.8961372  1.89823128 1.90032583 1.90242085
 1.90451632 1.90661226 1.90870867 1.91080554 1.91290288 1.91500069
 1.91709897 1.91919772 1.92129695 1.92339665 1.92549682 1.92759748
 1.92969861 1.93180022 1.93390231 1.93600488 1.93810794 1.94021148
 1.9423155  1.94442002 1.94652502 1.94863051 1.95073649 1.95284296
 1.95494993 1.95705739 1.95916534 1.9612738  1.96338275 1.9654922
 1.96760215 1.9697126  1.97182355 1.97393501 1.97604698 1.97815945
 1.98027243 1.98238591 1.98449991 1.98661442 1.98872945 1.99084498
 1.99296103 1.9950776  1.99719469 1.9993123  2.00143042 2.00354907
 2.00566824 2.00778793 2.00990815 2.0120289  2.01415017 2.01627197
 2.0183943  2.02051717 2.02264056 2.02476449 2.02688895 2.02901396
 2.03113949 2.03326557 2.03539219 2.03751934 2.03964704 2.04177529
 2.04390408 2.04603341 2.04816329 2.05029372 2.0524247  2.05455623
 2.05668832 2.05882095 2.06095415 2.06308789 2.0652222  2.06735706
 2.06949248 2.07162846 2.07376501 2.07590212 2.07803979 2.08017803
 2.08231683 2.0844562  2.08659614 2.08873666 2.09087774 2.0930194
 2.09516163 2.09730444 2.09944782 2.10159178 2.10373632 2.10588144
 2.10802714 2.11017343 2.1123203  2.11446775 2.11661579 2.11876442
 2.12091364 2.12306344 2.12521384 2.12736483 2.12951641 2.13166859
 2.13382137 2.13597474 2.13812871 2.14028328 2.14243845 2.14459423
 2.1467506  2.14890758 2.15106517 2.15322337 2.15538217 2.15754158
 2.1597016  2.16186224 2.16402348 2.16618535 2.16834782 2.17051092
 2.17267463 2.17483896 2.17700391 2.17916948 2.18133568 2.1835025
 2.18566994 2.18783801 2.19000671 2.19217604 2.194346   2.19651658
 2.19868781 2.20085966 2.20303215 2.20520527 2.20737904 2.20955344
 2.21172848 2.21390416 2.21608048 2.21825745 2.22043506 2.22261332
 2.22479222 2.22697177 2.22915197 2.23133282 2.23351433 2.23569648
 2.23787929 2.24006276 2.24224688 2.24443166 2.24661709 2.24880319
 2.25098995 2.25317737 2.25536546 2.25755421]
t = [1.06996019e+09 1.06996023e+09 1.06996027e+09 1.06996032e+09
 1.06996036e+09 1.06996040e+09 1.06996044e+09 1.06996048e+09
 1.06996052e+09 1.06996056e+09 1.06996060e+09 1.06996064e+09
 1.06996068e+09 1.06996072e+09 1.06996076e+09 1.06996080e+09
 1.06996084e+09 1.06996088e+09 1.06996092e+09 1.06996096e+09
 1.06996100e+09 1.06996104e+09 1.06996108e+09 1.06996112e+09
 1.06996116e+09 1.06996121e+09 1.06996125e+09 1.06996129e+09
 1.06996133e+09 1.06996137e+09 1.06996141e+09 1.06996145e+09
 1.06996149e+09 1.06996153e+09 1.06996157e+09 1.06996161e+09
 1.06996165e+09 1.06996169e+09 1.06996173e+09 1.06996177e+09
 1.06996181e+09 1.06996185e+09 1.06996189e+09 1.06996193e+09
 1.06996197e+09 1.06996201e+09 1.06996205e+09 1.06996209e+09
 1.06996214e+09 1.06996218e+09 1.06996222e+09 1.06996226e+09
 1.06996230e+09 1.06996234e+09 1.06996238e+09 1.06996242e+09
 1.06996246e+09 1.06996250e+09 1.06996254e+09 1.06996258e+09
 1.06996262e+09 1.06996266e+09 1.06996270e+09 1.06996274e+09
 1.06996278e+09 1.06996282e+09 1.06996286e+09 1.06996290e+09
 1.06996294e+09 1.06996298e+09 1.06996303e+09 1.06996307e+09
 1.06996311e+09 1.06996315e+09 1.06996319e+09 1.06996323e+09
 1.06996327e+09 1.06996331e+09 1.06996335e+09 1.06996339e+09
 1.06996343e+09 1.06996347e+09 1.06996351e+09 1.06996355e+09
 1.06996359e+09 1.06996363e+09 1.06996367e+09 1.06996371e+09
 1.06996375e+09 1.06996379e+09 1.06996383e+09 1.06996387e+09
 1.06996392e+09 1.06996396e+09 1.06996400e+09 1.06996404e+09
 1.06996408e+09 1.06996412e+09 1.06996416e+09 1.06996420e+09
 1.06996424e+09 1.06996428e+09 1.06996432e+09 1.06996436e+09
 1.06996440e+09 1.06996444e+09 1.06996448e+09 1.06996452e+09
 1.06996456e+09 1.06996460e+09 1.06996464e+09 1.06996468e+09
 1.06996472e+09 1.06996476e+09 1.06996480e+09 1.06996485e+09
 1.06996489e+09 1.06996493e+09 1.06996497e+09 1.06996501e+09
 1.06996505e+09 1.06996509e+09 1.06996513e+09 1.06996517e+09
 1.06996521e+09 1.06996525e+09 1.06996529e+09 1.06996533e+09
 1.06996537e+09 1.06996541e+09 1.06996545e+09 1.06996549e+09
 1.06996553e+09 1.06996557e+09 1.06996561e+09 1.06996565e+09
 1.06996569e+09 1.06996574e+09 1.06996578e+09 1.06996582e+09
 1.06996586e+09 1.06996590e+09 1.06996594e+09 1.06996598e+09
 1.06996602e+09 1.06996606e+09 1.06996610e+09 1.06996614e+09
 1.06996618e+09 1.06996622e+09 1.06996626e+09 1.06996630e+09
 1.06996634e+09 1.06996638e+09 1.06996642e+09 1.06996646e+09
 1.06996650e+09 1.06996654e+09 1.06996658e+09 1.06996662e+09
 1.06996667e+09 1.06996671e+09 1.06996675e+09 1.06996679e+09
 1.06996683e+09 1.06996687e+09 1.06996691e+09 1.06996695e+09
 1.06996699e+09 1.06996703e+09 1.06996707e+09 1.06996711e+09
 1.06996715e+09 1.06996719e+09 1.06996723e+09 1.06996727e+09
 1.06996731e+09 1.06996735e+09 1.06996739e+09 1.06996743e+09
 1.06996747e+09 1.06996751e+09 1.06996756e+09 1.06996760e+09
 1.06996764e+09 1.06996768e+09 1.06996772e+09 1.06996776e+09
 1.06996780e+09 1.06996784e+09 1.06996788e+09 1.06996792e+09
 1.06996796e+09 1.06996800e+09 1.06996804e+09 1.06996808e+09
 1.06996812e+09 1.06996816e+09 1.06996820e+09 1.06996824e+09
 1.06996828e+09 1.06996832e+09 1.06996836e+09 1.06996840e+09
 1.06996845e+09 1.06996849e+09 1.06996853e+09 1.06996857e+09
 1.06996861e+09 1.06996865e+09 1.06996869e+09 1.06996873e+09
 1.06996877e+09 1.06996881e+09 1.06996885e+09 1.06996889e+09
 1.06996893e+09 1.06996897e+09 1.06996901e+09 1.06996905e+09
 1.06996909e+09 1.06996913e+09 1.06996917e+09 1.06996921e+09
 1.06996925e+09 1.06996929e+09 1.06996933e+09 1.06996938e+09
 1.06996942e+09 1.06996946e+09 1.06996950e+09 1.06996954e+09
 1.06996958e+09 1.06996962e+09 1.06996966e+09 1.06996970e+09
 1.06996974e+09 1.06996978e+09 1.06996982e+09 1.06996986e+09
 1.06996990e+09 1.06996994e+09 1.06996998e+09 1.06997002e+09
 1.06997006e+09 1.06997010e+09 1.06997014e+09 1.06997018e+09
 1.06997022e+09 1.06997027e+09 1.06997031e+09 1.06997035e+09
 1.06997039e+09 1.06997043e+09 1.06997047e+09 1.06997051e+09
 1.06997055e+09 1.06997059e+09 1.06997063e+09 1.06997067e+09
 1.06997071e+09 1.06997075e+09 1.06997079e+09 1.06997083e+09
 1.06997087e+09 1.06997091e+09 1.06997095e+09 1.06997099e+09
 1.06997103e+09 1.06997107e+09 1.06997111e+09 1.06997115e+09
 1.06997120e+09 1.06997124e+09 1.06997128e+09 1.06997132e+09
 1.06997136e+09 1.06997140e+09 1.06997144e+09 1.06997148e+09
 1.06997152e+09 1.06997156e+09 1.06997160e+09 1.06997164e+09
 1.06997168e+09 1.06997172e+09 1.06997176e+09 1.06997180e+09
 1.06997184e+09 1.06997188e+09 1.06997192e+09 1.06997196e+09
 1.06997200e+09 1.06997204e+09 1.06997209e+09 1.06997213e+09
 1.06997217e+09 1.06997221e+09 1.06997225e+09 1.06997229e+09
 1.06997233e+09 1.06997237e+09 1.06997241e+09 1.06997245e+09
 1.06997249e+09 1.06997253e+09 1.06997257e+09 1.06997261e+09
 1.06997265e+09 1.06997269e+09 1.06997273e+09 1.06997277e+09
 1.06997281e+09 1.06997285e+09 1.06997289e+09 1.06997293e+09
 1.06997298e+09 1.06997302e+09 1.06997306e+09 1.06997310e+09
 1.06997314e+09 1.06997318e+09 1.06997322e+09 1.06997326e+09
 1.06997330e+09 1.06997334e+09 1.06997338e+09 1.06997342e+09
 1.06997346e+09 1.06997350e+09 1.06997354e+09 1.06997358e+09
 1.06997362e+09 1.06997366e+09 1.06997370e+09 1.06997374e+09
 1.06997378e+09 1.06997382e+09 1.06997386e+09 1.06997391e+09
 1.06997395e+09 1.06997399e+09 1.06997403e+09 1.06997407e+09
 1.06997411e+09 1.06997415e+09 1.06997419e+09 1.06997423e+09
 1.06997427e+09 1.06997431e+09 1.06997435e+09 1.06997439e+09
 1.06997443e+09 1.06997447e+09 1.06997451e+09 1.06997455e+09
 1.06997459e+09 1.06997463e+09 1.06997467e+09 1.06997471e+09
 1.06997475e+09 1.06997480e+09 1.06997484e+09 1.06997488e+09
 1.06997492e+09 1.06997496e+09 1.06997500e+09 1.06997504e+09
 1.06997508e+09 1.06997512e+09 1.06997516e+09 1.06997520e+09
 1.06997524e+09 1.06997528e+09 1.06997532e+09 1.06997536e+09
 1.06997540e+09 1.06997544e+09 1.06997548e+09 1.06997552e+09
 1.06997556e+09 1.06997560e+09 1.06997564e+09 1.06997569e+09
 1.06997573e+09 1.06997577e+09 1.06997581e+09 1.06997585e+09
 1.06997589e+09 1.06997593e+09 1.06997597e+09 1.06997601e+09
 1.06997605e+09 1.06997609e+09 1.06997613e+09 1.06997617e+09
 1.06997621e+09 1.06997625e+09 1.06997629e+09 1.06997633e+09
 1.06997637e+09 1.06997641e+09 1.06997645e+09 1.06997649e+09
 1.06997653e+09 1.06997657e+09 1.06997662e+09 1.06997666e+09
 1.06997670e+09 1.06997674e+09 1.06997678e+09 1.06997682e+09
 1.06997686e+09 1.06997690e+09 1.06997694e+09 1.06997698e+09
 1.06997702e+09 1.06997706e+09 1.06997710e+09 1.06997714e+09
 1.06997718e+09 1.06997722e+09 1.06997726e+09 1.06997730e+09
 1.06997734e+09 1.06997738e+09 1.06997742e+09 1.06997746e+09
 1.06997751e+09 1.06997755e+09 1.06997759e+09 1.06997763e+09
 1.06997767e+09 1.06997771e+09 1.06997775e+09 1.06997779e+09
 1.06997783e+09 1.06997787e+09 1.06997791e+09 1.06997795e+09
 1.06997799e+09 1.06997803e+09 1.06997807e+09 1.06997811e+09
 1.06997815e+09 1.06997819e+09 1.06997823e+09 1.06997827e+09
 1.06997831e+09 1.06997835e+09 1.06997839e+09 1.06997844e+09
 1.06997848e+09 1.06997852e+09 1.06997856e+09 1.06997860e+09
 1.06997864e+09 1.06997868e+09 1.06997872e+09 1.06997876e+09
 1.06997880e+09 1.06997884e+09 1.06997888e+09 1.06997892e+09
 1.06997896e+09 1.06997900e+09 1.06997904e+09 1.06997908e+09
 1.06997912e+09 1.06997916e+09 1.06997920e+09 1.06997924e+09
 1.06997928e+09 1.06997933e+09 1.06997937e+09 1.06997941e+09
 1.06997945e+09 1.06997949e+09 1.06997953e+09 1.06997957e+09
 1.06997961e+09 1.06997965e+09 1.06997969e+09 1.06997973e+09
 1.06997977e+09 1.06997981e+09 1.06997985e+09 1.06997989e+09
 1.06997993e+09 1.06997997e+09 1.06998001e+09 1.06998005e+09
 1.06998009e+09 1.06998013e+09 1.06998017e+09 1.06998022e+09
 1.06998026e+09 1.06998030e+09 1.06998034e+09 1.06998038e+09
 1.06998042e+09 1.06998046e+09 1.06998050e+09 1.06998054e+09
 1.06998058e+09 1.06998062e+09 1.06998066e+09 1.06998070e+09
 1.06998074e+09 1.06998078e+09 1.06998082e+09 1.06998086e+09
 1.06998090e+09 1.06998094e+09 1.06998098e+09 1.06998102e+09
 1.06998106e+09 1.06998110e+09 1.06998115e+09 1.06998119e+09
 1.06998123e+09 1.06998127e+09 1.06998131e+09 1.06998135e+09
 1.06998139e+09 1.06998143e+09 1.06998147e+09 1.06998151e+09
 1.06998155e+09 1.06998159e+09 1.06998163e+09 1.06998167e+09
 1.06998171e+09 1.06998175e+09 1.06998179e+09 1.06998183e+09
 1.06998187e+09 1.06998191e+09 1.06998195e+09 1.06998199e+09
 1.06998204e+09 1.06998208e+09 1.06998212e+09 1.06998216e+09
 1.06998220e+09 1.06998224e+09 1.06998228e+09 1.06998232e+09
 1.06998236e+09 1.06998240e+09 1.06998244e+09 1.06998248e+09
 1.06998252e+09 1.06998256e+09 1.06998260e+09 1.06998264e+09
 1.06998268e+09 1.06998272e+09 1.06998276e+09 1.06998280e+09
 1.06998284e+09 1.06998288e+09 1.06998292e+09 1.06998297e+09
 1.06998301e+09 1.06998305e+09 1.06998309e+09 1.06998313e+09
 1.06998317e+09 1.06998321e+09 1.06998325e+09 1.06998329e+09
 1.06998333e+09 1.06998337e+09 1.06998341e+09 1.06998345e+09
 1.06998349e+09 1.06998353e+09 1.06998357e+09 1.06998361e+09
 1.06998365e+09 1.06998369e+09 1.06998373e+09 1.06998377e+09
 1.06998381e+09 1.06998386e+09 1.06998390e+09 1.06998394e+09
 1.06998398e+09 1.06998402e+09 1.06998406e+09 1.06998410e+09
 1.06998414e+09 1.06998418e+09 1.06998422e+09 1.06998426e+09
 1.06998430e+09 1.06998434e+09 1.06998438e+09 1.06998442e+09
 1.06998446e+09 1.06998450e+09 1.06998454e+09 1.06998458e+09
 1.06998462e+09 1.06998466e+09 1.06998470e+09 1.06998475e+09
 1.06998479e+09 1.06998483e+09 1.06998487e+09 1.06998491e+09
 1.06998495e+09 1.06998499e+09 1.06998503e+09 1.06998507e+09
 1.06998511e+09 1.06998515e+09 1.06998519e+09 1.06998523e+09
 1.06998527e+09 1.06998531e+09 1.06998535e+09 1.06998539e+09
 1.06998543e+09 1.06998547e+09 1.06998551e+09 1.06998555e+09
 1.06998559e+09 1.06998563e+09 1.06998568e+09 1.06998572e+09
 1.06998576e+09 1.06998580e+09 1.06998584e+09 1.06998588e+09
 1.06998592e+09 1.06998596e+09 1.06998600e+09 1.06998604e+09
 1.06998608e+09 1.06998612e+09 1.06998616e+09 1.06998620e+09
 1.06998624e+09 1.06998628e+09 1.06998632e+09 1.06998636e+09
 1.06998640e+09 1.06998644e+09 1.06998648e+09 1.06998652e+09
 1.06998657e+09 1.06998661e+09 1.06998665e+09 1.06998669e+09
 1.06998673e+09 1.06998677e+09 1.06998681e+09 1.06998685e+09
 1.06998689e+09 1.06998693e+09 1.06998697e+09 1.06998701e+09
 1.06998705e+09 1.06998709e+09 1.06998713e+09 1.06998717e+09
 1.06998721e+09 1.06998725e+09 1.06998729e+09 1.06998733e+09
 1.06998737e+09 1.06998741e+09 1.06998746e+09 1.06998750e+09
 1.06998754e+09 1.06998758e+09 1.06998762e+09 1.06998766e+09
 1.06998770e+09 1.06998774e+09 1.06998778e+09 1.06998782e+09
 1.06998786e+09 1.06998790e+09 1.06998794e+09 1.06998798e+09
 1.06998802e+09 1.06998806e+09 1.06998810e+09 1.06998814e+09
 1.06998818e+09 1.06998822e+09 1.06998826e+09 1.06998830e+09
 1.06998834e+09 1.06998839e+09 1.06998843e+09 1.06998847e+09
 1.06998851e+09 1.06998855e+09 1.06998859e+09 1.06998863e+09
 1.06998867e+09 1.06998871e+09 1.06998875e+09 1.06998879e+09
 1.06998883e+09 1.06998887e+09 1.06998891e+09 1.06998895e+09
 1.06998899e+09 1.06998903e+09 1.06998907e+09 1.06998911e+09
 1.06998915e+09 1.06998919e+09 1.06998923e+09 1.06998928e+09
 1.06998932e+09 1.06998936e+09 1.06998940e+09 1.06998944e+09
 1.06998948e+09 1.06998952e+09 1.06998956e+09 1.06998960e+09
 1.06998964e+09 1.06998968e+09 1.06998972e+09 1.06998976e+09
 1.06998980e+09 1.06998984e+09 1.06998988e+09 1.06998992e+09
 1.06998996e+09 1.06999000e+09 1.06999004e+09 1.06999008e+09
 1.06999012e+09 1.06999016e+09 1.06999021e+09 1.06999025e+09
 1.06999029e+09 1.06999033e+09 1.06999037e+09 1.06999041e+09
 1.06999045e+09 1.06999049e+09 1.06999053e+09 1.06999057e+09
 1.06999061e+09 1.06999065e+09 1.06999069e+09 1.06999073e+09
 1.06999077e+09 1.06999081e+09 1.06999085e+09 1.06999089e+09
 1.06999093e+09 1.06999097e+09 1.06999101e+09 1.06999105e+09
 1.06999110e+09 1.06999114e+09 1.06999118e+09 1.06999122e+09
 1.06999126e+09 1.06999130e+09 1.06999134e+09 1.06999138e+09
 1.06999142e+09 1.06999146e+09 1.06999150e+09 1.06999154e+09
 1.06999158e+09 1.06999162e+09 1.06999166e+09 1.06999170e+09
 1.06999174e+09 1.06999178e+09 1.06999182e+09 1.06999186e+09
 1.06999190e+09 1.06999194e+09 1.06999199e+09 1.06999203e+09
 1.06999207e+09 1.06999211e+09 1.06999215e+09 1.06999219e+09
 1.06999223e+09 1.06999227e+09 1.06999231e+09 1.06999235e+09
 1.06999239e+09 1.06999243e+09 1.06999247e+09 1.06999251e+09
 1.06999255e+09 1.06999259e+09 1.06999263e+09 1.06999267e+09
 1.06999271e+09 1.06999275e+09 1.06999279e+09 1.06999283e+09
 1.06999287e+09 1.06999292e+09 1.06999296e+09 1.06999300e+09
 1.06999304e+09 1.06999308e+09 1.06999312e+09 1.06999316e+09
 1.06999320e+09 1.06999324e+09 1.06999328e+09 1.06999332e+09
 1.06999336e+09 1.06999340e+09 1.06999344e+09 1.06999348e+09
 1.06999352e+09 1.06999356e+09 1.06999360e+09 1.06999364e+09
 1.06999368e+09 1.06999372e+09 1.06999376e+09 1.06999381e+09
 1.06999385e+09 1.06999389e+09 1.06999393e+09 1.06999397e+09
 1.06999401e+09 1.06999405e+09 1.06999409e+09 1.06999413e+09
 1.06999417e+09 1.06999421e+09 1.06999425e+09 1.06999429e+09
 1.06999433e+09 1.06999437e+09 1.06999441e+09 1.06999445e+09
 1.06999449e+09 1.06999453e+09 1.06999457e+09 1.06999461e+09
 1.06999465e+09 1.06999469e+09 1.06999474e+09 1.06999478e+09
 1.06999482e+09 1.06999486e+09 1.06999490e+09 1.06999494e+09
 1.06999498e+09 1.06999502e+09 1.06999506e+09 1.06999510e+09
 1.06999514e+09 1.06999518e+09 1.06999522e+09 1.06999526e+09
 1.06999530e+09 1.06999534e+09 1.06999538e+09 1.06999542e+09
 1.06999546e+09 1.06999550e+09 1.06999554e+09 1.06999558e+09
 1.06999563e+09 1.06999567e+09 1.06999571e+09 1.06999575e+09
 1.06999579e+09 1.06999583e+09 1.06999587e+09 1.06999591e+09
 1.06999595e+09 1.06999599e+09 1.06999603e+09 1.06999607e+09
 1.06999611e+09 1.06999615e+09 1.06999619e+09 1.06999623e+09
 1.06999627e+09 1.06999631e+09 1.06999635e+09 1.06999639e+09
 1.06999643e+09 1.06999647e+09 1.06999652e+09 1.06999656e+09
 1.06999660e+09 1.06999664e+09 1.06999668e+09 1.06999672e+09
 1.06999676e+09 1.06999680e+09 1.06999684e+09 1.06999688e+09
 1.06999692e+09 1.06999696e+09 1.06999700e+09 1.06999704e+09
 1.06999708e+09 1.06999712e+09 1.06999716e+09 1.06999720e+09
 1.06999724e+09 1.06999728e+09 1.06999732e+09 1.06999736e+09
 1.06999740e+09 1.06999745e+09 1.06999749e+09 1.06999753e+09
 1.06999757e+09 1.06999761e+09 1.06999765e+09 1.06999769e+09
 1.06999773e+09 1.06999777e+09 1.06999781e+09 1.06999785e+09
 1.06999789e+09 1.06999793e+09 1.06999797e+09 1.06999801e+09
 1.06999805e+09 1.06999809e+09 1.06999813e+09 1.06999817e+09
 1.06999821e+09 1.06999825e+09 1.06999829e+09 1.06999834e+09
 1.06999838e+09 1.06999842e+09 1.06999846e+09 1.06999850e+09
 1.06999854e+09 1.06999858e+09 1.06999862e+09 1.06999866e+09
 1.06999870e+09 1.06999874e+09 1.06999878e+09 1.06999882e+09
 1.06999886e+09 1.06999890e+09 1.06999894e+09 1.06999898e+09
 1.06999902e+09 1.06999906e+09 1.06999910e+09 1.06999914e+09
 1.06999918e+09 1.06999922e+09 1.06999927e+09 1.06999931e+09
 1.06999935e+09 1.06999939e+09 1.06999943e+09 1.06999947e+09
 1.06999951e+09 1.06999955e+09 1.06999959e+09 1.06999963e+09
 1.06999967e+09 1.06999971e+09 1.06999975e+09 1.06999979e+09
 1.06999983e+09 1.06999987e+09 1.06999991e+09 1.06999995e+09
 1.06999999e+09 1.07000003e+09 1.07000007e+09 1.07000011e+09
 1.07000016e+09 1.07000020e+09 1.07000024e+09 1.07000028e+09
 1.07000032e+09 1.07000036e+09 1.07000040e+09 1.07000044e+09
 1.07000048e+09 1.07000052e+09 1.07000056e+09 1.07000060e+09]
minRes = 0.2544115873650702
minResTime = [1.0699606e+09]
Cov(t) = [100 100 100 100 100 100 100 100 100 100 100 100 100 100 100 100 100 100
 100 100 100 100 100 100 100 100 100 100 100 100 100 100 100 100 100 100
 100 100 100 100 100 100 100 100 100 100 100 100 100 100 100 100 100 100
 100 100 100 100 100 100 100 100 100 100 100 100 100 100 100 100 100 100
 100 100 100 100 100 100 100 100 100 100 100 100 100 100 100 100 100 100
 100 100 100 100 100 100 100 100 100 100 100 100 100 100 100 100 100 100
 100 100 100 100 100 100 100 100 100 100 100 100 100 100 100 100 100 100
 100 100 100 100 100 100 100 100 100 100 100 100 100 100 100 100 100 100
 100 100 100 100 100 100 100 100 100 100 100 100 100 100 100 100 100 100
 100 100 100 100 100 100 100 100 100 100 100 100 100 100 100 100 100 100
 100 100 100 100 100 100 100 100 100 100 100 100 100 100 100 100 100 100
 100 100 100 100 100 100 100 100 100 100 100 100 100 100 100 100 100 100
 100 100 100 100 100 100 100 100 100 100 100 100 100 100 100 100 100 100
 100 100 100 100 100 100 100 100 100 100 100 100 100 100 100 100 100 100
 100 100 100 100 100 100 100 100 100 100 100 100 100 100 100 100 100 100
 100 100 100 100 100 100 100 100 100 100 100 100 100 100 100 100 100 100
 100 100 100 100 100 100 100 100 100 100 100 100 100 100 100 100 100 100
 100 100 100 100 100 100 100 100 100 100 100 100 100 100 100 100 100 100
 100 100 100 100 100 100 100 100 100 100 100 100 100 100 100 100 100 100
 100 100 100 100 100 100 100 100 100 100 100 100 100 100 100 100 100 100
 100 100 100 100 100 100 100 100 100 100 100 100 100 100 100 100 100 100
 100 100 100 100 100 100 100 100 100 100 100 100 100 100 100 100 100 100
 100 100 100 100 100 100 100 100 100 100 100 100 100 100 100 100 100 100
 100 100 100 100 100 100 100 100 100 100 100 100 100 100 100 100 100 100
 100 100 100 100 100 100 100 100 100 100 100 100 100 100 100 100 100 100
 100 100 100 100 100 100 100 100 100 100 100 100 100 100 100 100 100 100
 100 100 100 100 100 100 100 100 100 100 100 100 100 100 100 100 100 100
 100 100 100 100 100 100 100 100 100 100 100 100 100 100 100 100 100 100
 100 100 100 100 100 100 100 100 100 100 100 100 100 100 100 100 100 100
 100 100 100 100 100 100 100 100 100 100 100 100 100 100 100 100 100 100
 100 100 100 100 100 100 100 100 100 100 100 100 100 100 100 100 100 100
 100 100 100 100 100 100 100 100 100 100 100 100 100 100 100 100 100 100
 100 100 100 100 100 100 100 100 100 100 100 100 100 100 100 100 100 100
 100 100 100 100 100 100 100 100 100 100 100 100 100 100 100 100 100 100
 100 100 100 100 100 100 100 100 100 100 100 100 100 100 100 100 100 100
 100 100 100 100 100 100 100 100 100 100 100 100 100 100 100 100 100 100
 100 100 100 100 100 100 100 100 100 100 100 100 100 100 100 100 100 100
 100 100 100 100 100 100 100 100 100 100 100 100 100 100 100 100 100 100
 100 100 100 100 100 100 100 100 100 100 100 100 100 100 100 100 100 100
 100 100 100 100 100 100 100 100 100 100 100 100 100 100 100 100 100 100
 100 100 100 100 100 100 100 100 100 100 100 100 100 100 100 100 100 100
 100 100 100 100 100 100 100 100 100 100 100 100 100 100 100 100 100 100
 100 100 100 100 100 100 100 100 100 100 100 100 100 100 100 100 100 100
 100 100 100 100 100 100 100 100 100 100 100 100 100 100 100 100 100 100
 100 100 100 100 100 100 100 100 100 100 100 100 100 100 100 100 100 100
 100 100 100 100 100 100 100 100 100 100 100 100 100 100 100 100 100 100
 100 100 100 100 100 100 100 100 100 100 100 100 100 100 100 100 100 100
 100 100 100 100 100 100 100 100 100 100 100 100 100 100 100 100 100 100
 100 100 100 100 100 100 100 100 100 100 100 100 100 100 100 100 100 100
 100 100 100 100 100 100 100 100 100 100 100 100 100 100 100 100 100 100
 100 100 100 100 100 100 100 100 100 100 100 100 100 100 100 100 100 100
 100 100 100 100 100 100 100 100 100 100 100 100 100 100 100 100 100 100
 100 100 100 100 100 100 100 100 100 100 100 100 100 100 100 100 100 100
 100 100 100 100 100 100 100 100 100 100 100 100 100 100 100 100   0   0
   0   0   0   0   0   0   0   0   0   0   0   0   0   0   0   0   0   0
   0   0   0   0   0   0   0   0   0   0]
maxCov = 100
maxCovTime = [1.06996019e+09 1.06996023e+09 1.06996027e+09 1.06996032e+09
 1.06996036e+09 1.06996040e+09 1.06996044e+09 1.06996048e+09
 1.06996052e+09 1.06996056e+09 1.06996060e+09 1.06996064e+09
 1.06996068e+09 1.06996072e+09 1.06996076e+09 1.06996080e+09
 1.06996084e+09 1.06996088e+09 1.06996092e+09 1.06996096e+09
 1.06996100e+09 1.06996104e+09 1.06996108e+09 1.06996112e+09
 1.06996116e+09 1.06996121e+09 1.06996125e+09 1.06996129e+09
 1.06996133e+09 1.06996137e+09 1.06996141e+09 1.06996145e+09
 1.06996149e+09 1.06996153e+09 1.06996157e+09 1.06996161e+09
 1.06996165e+09 1.06996169e+09 1.06996173e+09 1.06996177e+09
 1.06996181e+09 1.06996185e+09 1.06996189e+09 1.06996193e+09
 1.06996197e+09 1.06996201e+09 1.06996205e+09 1.06996209e+09
 1.06996214e+09 1.06996218e+09 1.06996222e+09 1.06996226e+09
 1.06996230e+09 1.06996234e+09 1.06996238e+09 1.06996242e+09
 1.06996246e+09 1.06996250e+09 1.06996254e+09 1.06996258e+09
 1.06996262e+09 1.06996266e+09 1.06996270e+09 1.06996274e+09
 1.06996278e+09 1.06996282e+09 1.06996286e+09 1.06996290e+09
 1.06996294e+09 1.06996298e+09 1.06996303e+09 1.06996307e+09
 1.06996311e+09 1.06996315e+09 1.06996319e+09 1.06996323e+09
 1.06996327e+09 1.06996331e+09 1.06996335e+09 1.06996339e+09
 1.06996343e+09 1.06996347e+09 1.06996351e+09 1.06996355e+09
 1.06996359e+09 1.06996363e+09 1.06996367e+09 1.06996371e+09
 1.06996375e+09 1.06996379e+09 1.06996383e+09 1.06996387e+09
 1.06996392e+09 1.06996396e+09 1.06996400e+09 1.06996404e+09
 1.06996408e+09 1.06996412e+09 1.06996416e+09 1.06996420e+09
 1.06996424e+09 1.06996428e+09 1.06996432e+09 1.06996436e+09
 1.06996440e+09 1.06996444e+09 1.06996448e+09 1.06996452e+09
 1.06996456e+09 1.06996460e+09 1.06996464e+09 1.06996468e+09
 1.06996472e+09 1.06996476e+09 1.06996480e+09 1.06996485e+09
 1.06996489e+09 1.06996493e+09 1.06996497e+09 1.06996501e+09
 1.06996505e+09 1.06996509e+09 1.06996513e+09 1.06996517e+09
 1.06996521e+09 1.06996525e+09 1.06996529e+09 1.06996533e+09
 1.06996537e+09 1.06996541e+09 1.06996545e+09 1.06996549e+09
 1.06996553e+09 1.06996557e+09 1.06996561e+09 1.06996565e+09
 1.06996569e+09 1.06996574e+09 1.06996578e+09 1.06996582e+09
 1.06996586e+09 1.06996590e+09 1.06996594e+09 1.06996598e+09
 1.06996602e+09 1.06996606e+09 1.06996610e+09 1.06996614e+09
 1.06996618e+09 1.06996622e+09 1.06996626e+09 1.06996630e+09
 1.06996634e+09 1.06996638e+09 1.06996642e+09 1.06996646e+09
 1.06996650e+09 1.06996654e+09 1.06996658e+09 1.06996662e+09
 1.06996667e+09 1.06996671e+09 1.06996675e+09 1.06996679e+09
 1.06996683e+09 1.06996687e+09 1.06996691e+09 1.06996695e+09
 1.06996699e+09 1.06996703e+09 1.06996707e+09 1.06996711e+09
 1.06996715e+09 1.06996719e+09 1.06996723e+09 1.06996727e+09
 1.06996731e+09 1.06996735e+09 1.06996739e+09 1.06996743e+09
 1.06996747e+09 1.06996751e+09 1.06996756e+09 1.06996760e+09
 1.06996764e+09 1.06996768e+09 1.06996772e+09 1.06996776e+09
 1.06996780e+09 1.06996784e+09 1.06996788e+09 1.06996792e+09
 1.06996796e+09 1.06996800e+09 1.06996804e+09 1.06996808e+09
 1.06996812e+09 1.06996816e+09 1.06996820e+09 1.06996824e+09
 1.06996828e+09 1.06996832e+09 1.06996836e+09 1.06996840e+09
 1.06996845e+09 1.06996849e+09 1.06996853e+09 1.06996857e+09
 1.06996861e+09 1.06996865e+09 1.06996869e+09 1.06996873e+09
 1.06996877e+09 1.06996881e+09 1.06996885e+09 1.06996889e+09
 1.06996893e+09 1.06996897e+09 1.06996901e+09 1.06996905e+09
 1.06996909e+09 1.06996913e+09 1.06996917e+09 1.06996921e+09
 1.06996925e+09 1.06996929e+09 1.06996933e+09 1.06996938e+09
 1.06996942e+09 1.06996946e+09 1.06996950e+09 1.06996954e+09
 1.06996958e+09 1.06996962e+09 1.06996966e+09 1.06996970e+09
 1.06996974e+09 1.06996978e+09 1.06996982e+09 1.06996986e+09
 1.06996990e+09 1.06996994e+09 1.06996998e+09 1.06997002e+09
 1.06997006e+09 1.06997010e+09 1.06997014e+09 1.06997018e+09
 1.06997022e+09 1.06997027e+09 1.06997031e+09 1.06997035e+09
 1.06997039e+09 1.06997043e+09 1.06997047e+09 1.06997051e+09
 1.06997055e+09 1.06997059e+09 1.06997063e+09 1.06997067e+09
 1.06997071e+09 1.06997075e+09 1.06997079e+09 1.06997083e+09
 1.06997087e+09 1.06997091e+09 1.06997095e+09 1.06997099e+09
 1.06997103e+09 1.06997107e+09 1.06997111e+09 1.06997115e+09
 1.06997120e+09 1.06997124e+09 1.06997128e+09 1.06997132e+09
 1.06997136e+09 1.06997140e+09 1.06997144e+09 1.06997148e+09
 1.06997152e+09 1.06997156e+09 1.06997160e+09 1.06997164e+09
 1.06997168e+09 1.06997172e+09 1.06997176e+09 1.06997180e+09
 1.06997184e+09 1.06997188e+09 1.06997192e+09 1.06997196e+09
 1.06997200e+09 1.06997204e+09 1.06997209e+09 1.06997213e+09
 1.06997217e+09 1.06997221e+09 1.06997225e+09 1.06997229e+09
 1.06997233e+09 1.06997237e+09 1.06997241e+09 1.06997245e+09
 1.06997249e+09 1.06997253e+09 1.06997257e+09 1.06997261e+09
 1.06997265e+09 1.06997269e+09 1.06997273e+09 1.06997277e+09
 1.06997281e+09 1.06997285e+09 1.06997289e+09 1.06997293e+09
 1.06997298e+09 1.06997302e+09 1.06997306e+09 1.06997310e+09
 1.06997314e+09 1.06997318e+09 1.06997322e+09 1.06997326e+09
 1.06997330e+09 1.06997334e+09 1.06997338e+09 1.06997342e+09
 1.06997346e+09 1.06997350e+09 1.06997354e+09 1.06997358e+09
 1.06997362e+09 1.06997366e+09 1.06997370e+09 1.06997374e+09
 1.06997378e+09 1.06997382e+09 1.06997386e+09 1.06997391e+09
 1.06997395e+09 1.06997399e+09 1.06997403e+09 1.06997407e+09
 1.06997411e+09 1.06997415e+09 1.06997419e+09 1.06997423e+09
 1.06997427e+09 1.06997431e+09 1.06997435e+09 1.06997439e+09
 1.06997443e+09 1.06997447e+09 1.06997451e+09 1.06997455e+09
 1.06997459e+09 1.06997463e+09 1.06997467e+09 1.06997471e+09
 1.06997475e+09 1.06997480e+09 1.06997484e+09 1.06997488e+09
 1.06997492e+09 1.06997496e+09 1.06997500e+09 1.06997504e+09
 1.06997508e+09 1.06997512e+09 1.06997516e+09 1.06997520e+09
 1.06997524e+09 1.06997528e+09 1.06997532e+09 1.06997536e+09
 1.06997540e+09 1.06997544e+09 1.06997548e+09 1.06997552e+09
 1.06997556e+09 1.06997560e+09 1.06997564e+09 1.06997569e+09
 1.06997573e+09 1.06997577e+09 1.06997581e+09 1.06997585e+09
 1.06997589e+09 1.06997593e+09 1.06997597e+09 1.06997601e+09
 1.06997605e+09 1.06997609e+09 1.06997613e+09 1.06997617e+09
 1.06997621e+09 1.06997625e+09 1.06997629e+09 1.06997633e+09
 1.06997637e+09 1.06997641e+09 1.06997645e+09 1.06997649e+09
 1.06997653e+09 1.06997657e+09 1.06997662e+09 1.06997666e+09
 1.06997670e+09 1.06997674e+09 1.06997678e+09 1.06997682e+09
 1.06997686e+09 1.06997690e+09 1.06997694e+09 1.06997698e+09
 1.06997702e+09 1.06997706e+09 1.06997710e+09 1.06997714e+09
 1.06997718e+09 1.06997722e+09 1.06997726e+09 1.06997730e+09
 1.06997734e+09 1.06997738e+09 1.06997742e+09 1.06997746e+09
 1.06997751e+09 1.06997755e+09 1.06997759e+09 1.06997763e+09
 1.06997767e+09 1.06997771e+09 1.06997775e+09 1.06997779e+09
 1.06997783e+09 1.06997787e+09 1.06997791e+09 1.06997795e+09
 1.06997799e+09 1.06997803e+09 1.06997807e+09 1.06997811e+09
 1.06997815e+09 1.06997819e+09 1.06997823e+09 1.06997827e+09
 1.06997831e+09 1.06997835e+09 1.06997839e+09 1.06997844e+09
 1.06997848e+09 1.06997852e+09 1.06997856e+09 1.06997860e+09
 1.06997864e+09 1.06997868e+09 1.06997872e+09 1.06997876e+09
 1.06997880e+09 1.06997884e+09 1.06997888e+09 1.06997892e+09
 1.06997896e+09 1.06997900e+09 1.06997904e+09 1.06997908e+09
 1.06997912e+09 1.06997916e+09 1.06997920e+09 1.06997924e+09
 1.06997928e+09 1.06997933e+09 1.06997937e+09 1.06997941e+09
 1.06997945e+09 1.06997949e+09 1.06997953e+09 1.06997957e+09
 1.06997961e+09 1.06997965e+09 1.06997969e+09 1.06997973e+09
 1.06997977e+09 1.06997981e+09 1.06997985e+09 1.06997989e+09
 1.06997993e+09 1.06997997e+09 1.06998001e+09 1.06998005e+09
 1.06998009e+09 1.06998013e+09 1.06998017e+09 1.06998022e+09
 1.06998026e+09 1.06998030e+09 1.06998034e+09 1.06998038e+09
 1.06998042e+09 1.06998046e+09 1.06998050e+09 1.06998054e+09
 1.06998058e+09 1.06998062e+09 1.06998066e+09 1.06998070e+09
 1.06998074e+09 1.06998078e+09 1.06998082e+09 1.06998086e+09
 1.06998090e+09 1.06998094e+09 1.06998098e+09 1.06998102e+09
 1.06998106e+09 1.06998110e+09 1.06998115e+09 1.06998119e+09
 1.06998123e+09 1.06998127e+09 1.06998131e+09 1.06998135e+09
 1.06998139e+09 1.06998143e+09 1.06998147e+09 1.06998151e+09
 1.06998155e+09 1.06998159e+09 1.06998163e+09 1.06998167e+09
 1.06998171e+09 1.06998175e+09 1.06998179e+09 1.06998183e+09
 1.06998187e+09 1.06998191e+09 1.06998195e+09 1.06998199e+09
 1.06998204e+09 1.06998208e+09 1.06998212e+09 1.06998216e+09
 1.06998220e+09 1.06998224e+09 1.06998228e+09 1.06998232e+09
 1.06998236e+09 1.06998240e+09 1.06998244e+09 1.06998248e+09
 1.06998252e+09 1.06998256e+09 1.06998260e+09 1.06998264e+09
 1.06998268e+09 1.06998272e+09 1.06998276e+09 1.06998280e+09
 1.06998284e+09 1.06998288e+09 1.06998292e+09 1.06998297e+09
 1.06998301e+09 1.06998305e+09 1.06998309e+09 1.06998313e+09
 1.06998317e+09 1.06998321e+09 1.06998325e+09 1.06998329e+09
 1.06998333e+09 1.06998337e+09 1.06998341e+09 1.06998345e+09
 1.06998349e+09 1.06998353e+09 1.06998357e+09 1.06998361e+09
 1.06998365e+09 1.06998369e+09 1.06998373e+09 1.06998377e+09
 1.06998381e+09 1.06998386e+09 1.06998390e+09 1.06998394e+09
 1.06998398e+09 1.06998402e+09 1.06998406e+09 1.06998410e+09
 1.06998414e+09 1.06998418e+09 1.06998422e+09 1.06998426e+09
 1.06998430e+09 1.06998434e+09 1.06998438e+09 1.06998442e+09
 1.06998446e+09 1.06998450e+09 1.06998454e+09 1.06998458e+09
 1.06998462e+09 1.06998466e+09 1.06998470e+09 1.06998475e+09
 1.06998479e+09 1.06998483e+09 1.06998487e+09 1.06998491e+09
 1.06998495e+09 1.06998499e+09 1.06998503e+09 1.06998507e+09
 1.06998511e+09 1.06998515e+09 1.06998519e+09 1.06998523e+09
 1.06998527e+09 1.06998531e+09 1.06998535e+09 1.06998539e+09
 1.06998543e+09 1.06998547e+09 1.06998551e+09 1.06998555e+09
 1.06998559e+09 1.06998563e+09 1.06998568e+09 1.06998572e+09
 1.06998576e+09 1.06998580e+09 1.06998584e+09 1.06998588e+09
 1.06998592e+09 1.06998596e+09 1.06998600e+09 1.06998604e+09
 1.06998608e+09 1.06998612e+09 1.06998616e+09 1.06998620e+09
 1.06998624e+09 1.06998628e+09 1.06998632e+09 1.06998636e+09
 1.06998640e+09 1.06998644e+09 1.06998648e+09 1.06998652e+09
 1.06998657e+09 1.06998661e+09 1.06998665e+09 1.06998669e+09
 1.06998673e+09 1.06998677e+09 1.06998681e+09 1.06998685e+09
 1.06998689e+09 1.06998693e+09 1.06998697e+09 1.06998701e+09
 1.06998705e+09 1.06998709e+09 1.06998713e+09 1.06998717e+09
 1.06998721e+09 1.06998725e+09 1.06998729e+09 1.06998733e+09
 1.06998737e+09 1.06998741e+09 1.06998746e+09 1.06998750e+09
 1.06998754e+09 1.06998758e+09 1.06998762e+09 1.06998766e+09
 1.06998770e+09 1.06998774e+09 1.06998778e+09 1.06998782e+09
 1.06998786e+09 1.06998790e+09 1.06998794e+09 1.06998798e+09
 1.06998802e+09 1.06998806e+09 1.06998810e+09 1.06998814e+09
 1.06998818e+09 1.06998822e+09 1.06998826e+09 1.06998830e+09
 1.06998834e+09 1.06998839e+09 1.06998843e+09 1.06998847e+09
 1.06998851e+09 1.06998855e+09 1.06998859e+09 1.06998863e+09
 1.06998867e+09 1.06998871e+09 1.06998875e+09 1.06998879e+09
 1.06998883e+09 1.06998887e+09 1.06998891e+09 1.06998895e+09
 1.06998899e+09 1.06998903e+09 1.06998907e+09 1.06998911e+09
 1.06998915e+09 1.06998919e+09 1.06998923e+09 1.06998928e+09
 1.06998932e+09 1.06998936e+09 1.06998940e+09 1.06998944e+09
 1.06998948e+09 1.06998952e+09 1.06998956e+09 1.06998960e+09
 1.06998964e+09 1.06998968e+09 1.06998972e+09 1.06998976e+09
 1.06998980e+09 1.06998984e+09 1.06998988e+09 1.06998992e+09
 1.06998996e+09 1.06999000e+09 1.06999004e+09 1.06999008e+09
 1.06999012e+09 1.06999016e+09 1.06999021e+09 1.06999025e+09
 1.06999029e+09 1.06999033e+09 1.06999037e+09 1.06999041e+09
 1.06999045e+09 1.06999049e+09 1.06999053e+09 1.06999057e+09
 1.06999061e+09 1.06999065e+09 1.06999069e+09 1.06999073e+09
 1.06999077e+09 1.06999081e+09 1.06999085e+09 1.06999089e+09
 1.06999093e+09 1.06999097e+09 1.06999101e+09 1.06999105e+09
 1.06999110e+09 1.06999114e+09 1.06999118e+09 1.06999122e+09
 1.06999126e+09 1.06999130e+09 1.06999134e+09 1.06999138e+09
 1.06999142e+09 1.06999146e+09 1.06999150e+09 1.06999154e+09
 1.06999158e+09 1.06999162e+09 1.06999166e+09 1.06999170e+09
 1.06999174e+09 1.06999178e+09 1.06999182e+09 1.06999186e+09
 1.06999190e+09 1.06999194e+09 1.06999199e+09 1.06999203e+09
 1.06999207e+09 1.06999211e+09 1.06999215e+09 1.06999219e+09
 1.06999223e+09 1.06999227e+09 1.06999231e+09 1.06999235e+09
 1.06999239e+09 1.06999243e+09 1.06999247e+09 1.06999251e+09
 1.06999255e+09 1.06999259e+09 1.06999263e+09 1.06999267e+09
 1.06999271e+09 1.06999275e+09 1.06999279e+09 1.06999283e+09
 1.06999287e+09 1.06999292e+09 1.06999296e+09 1.06999300e+09
 1.06999304e+09 1.06999308e+09 1.06999312e+09 1.06999316e+09
 1.06999320e+09 1.06999324e+09 1.06999328e+09 1.06999332e+09
 1.06999336e+09 1.06999340e+09 1.06999344e+09 1.06999348e+09
 1.06999352e+09 1.06999356e+09 1.06999360e+09 1.06999364e+09
 1.06999368e+09 1.06999372e+09 1.06999376e+09 1.06999381e+09
 1.06999385e+09 1.06999389e+09 1.06999393e+09 1.06999397e+09
 1.06999401e+09 1.06999405e+09 1.06999409e+09 1.06999413e+09
 1.06999417e+09 1.06999421e+09 1.06999425e+09 1.06999429e+09
 1.06999433e+09 1.06999437e+09 1.06999441e+09 1.06999445e+09
 1.06999449e+09 1.06999453e+09 1.06999457e+09 1.06999461e+09
 1.06999465e+09 1.06999469e+09 1.06999474e+09 1.06999478e+09
 1.06999482e+09 1.06999486e+09 1.06999490e+09 1.06999494e+09
 1.06999498e+09 1.06999502e+09 1.06999506e+09 1.06999510e+09
 1.06999514e+09 1.06999518e+09 1.06999522e+09 1.06999526e+09
 1.06999530e+09 1.06999534e+09 1.06999538e+09 1.06999542e+09
 1.06999546e+09 1.06999550e+09 1.06999554e+09 1.06999558e+09
 1.06999563e+09 1.06999567e+09 1.06999571e+09 1.06999575e+09
 1.06999579e+09 1.06999583e+09 1.06999587e+09 1.06999591e+09
 1.06999595e+09 1.06999599e+09 1.06999603e+09 1.06999607e+09
 1.06999611e+09 1.06999615e+09 1.06999619e+09 1.06999623e+09
 1.06999627e+09 1.06999631e+09 1.06999635e+09 1.06999639e+09
 1.06999643e+09 1.06999647e+09 1.06999652e+09 1.06999656e+09
 1.06999660e+09 1.06999664e+09 1.06999668e+09 1.06999672e+09
 1.06999676e+09 1.06999680e+09 1.06999684e+09 1.06999688e+09
 1.06999692e+09 1.06999696e+09 1.06999700e+09 1.06999704e+09
 1.06999708e+09 1.06999712e+09 1.06999716e+09 1.06999720e+09
 1.06999724e+09 1.06999728e+09 1.06999732e+09 1.06999736e+09
 1.06999740e+09 1.06999745e+09 1.06999749e+09 1.06999753e+09
 1.06999757e+09 1.06999761e+09 1.06999765e+09 1.06999769e+09
 1.06999773e+09 1.06999777e+09 1.06999781e+09 1.06999785e+09
 1.06999789e+09 1.06999793e+09 1.06999797e+09 1.06999801e+09
 1.06999805e+09 1.06999809e+09 1.06999813e+09 1.06999817e+09
 1.06999821e+09 1.06999825e+09 1.06999829e+09 1.06999834e+09
 1.06999838e+09 1.06999842e+09 1.06999846e+09 1.06999850e+09
 1.06999854e+09 1.06999858e+09 1.06999862e+09 1.06999866e+09
 1.06999870e+09 1.06999874e+09 1.06999878e+09 1.06999882e+09
 1.06999886e+09 1.06999890e+09 1.06999894e+09 1.06999898e+09
 1.06999902e+09 1.06999906e+09 1.06999910e+09 1.06999914e+09
 1.06999918e+09 1.06999922e+09 1.06999927e+09 1.06999931e+09
 1.06999935e+09 1.06999939e+09]
