name =JUICE_ROI_GAN_4_5_06
flyby = ['2033 NOV 26 18:22:11', '2033 NOV 27 18:22:11']
Observation TW = <SpiceCell dtype = 1, length = 0, size = 3400, card = 14, is_set = 1, adjust = 0, init = 1, base = 94191841846400, data = 94191841846448>
Res(t) = [0.0900866  0.0899328  0.0899813  0.08982745 0.08967628 0.08952779
 0.08938199 0.08885103 0.08871381 0.08857852 0.08844602 0.0883158
 0.08818839 0.08806303 0.08794008 0.0878197  0.08770171 0.08758601
 0.08747273 0.08736187 0.08725343 0.08714737 0.0870437  0.08694254
 0.08540473 0.08533557 0.08526813 0.0852024  0.08513839 0.08507611
 0.08501565 0.08495684 0.08489975 0.08484437 0.08479073 0.08473882
 0.08468862 0.08464013 0.08459336 0.08454828 0.0845049  0.08446322
 0.08442322 0.08438493 0.08434827 0.08431327 0.08427991 0.0842482
 0.08421812 0.08418967 0.08416282 0.08413761 0.08411396 0.08409189
 0.0840714  0.08405246 0.08403508 0.08401926 0.08400494 0.08399214
 0.08398085 0.08397105 0.08405819 0.08320614 0.08320932 0.0832138
 0.08321961 0.0832267  0.08323508 0.08324475 0.08325568 0.08326788
 0.08328133 0.08329602 0.08331195 0.0833291  0.08334748 0.08336706
 0.08338785 0.08340982 0.08343298 0.08345731 0.08348281 0.08350946
 0.08353726 0.0835662  0.08359627 0.08362746 0.08365977 0.08369317
 0.08372767 0.08376326 0.08379992 0.08383766 0.08387646 0.08391631
 0.0839572  0.08399913 0.08404208 0.08408605 0.08413104 0.08417703
 0.08427145 0.08431766 0.08436486 0.0838738  0.08392933 0.08398574
 0.08404304 0.0841012  0.08416023 0.08422011 0.08428084 0.08434242
 0.08440485 0.08446811 0.0845322  0.08459711 0.08466284 0.08472937
 0.08479671 0.08486485 0.08493377 0.08500349 0.08456451 0.0846347
 0.08470566 0.08477739 0.08484988 0.08492312 0.08499711 0.08507185
 0.08514732 0.08522354 0.08530047 0.08537813 0.0854565  0.08553558
 0.08561536 0.08569585 0.08577702 0.08585889 0.08594145 0.08602468
 0.08610858 0.08619316 0.0862784  0.08636429 0.08645085 0.08653805
 0.08662589 0.08671437 0.08680349 0.08689324 0.08698358 0.08707457
 0.08716618 0.0872584  0.08735123 0.08744465 0.08753868 0.0876333
 0.08772851 0.0878243  0.08791511 0.08801207 0.08810961 0.08820771
 0.08830638 0.08840561 0.0885054  0.08860574 0.08870663 0.08880806
 0.08891004 0.08901255 0.0891156  0.08921918 0.08932328 0.08852553
 0.08863024 0.08873547 0.0888412  0.08894744 0.08905417 0.0891614
 0.08926911 0.08937732 0.08948601 0.08959518 0.08970482 0.08981494
 0.08992553 0.09003658 0.0901481  0.09026007 0.09037251 0.09048539
 0.09059873 0.09065671 0.09076948 0.09088284 0.09070044 0.09081458
 0.09092916 0.09104419 0.09115967 0.09127558 0.09137171 0.09148843
 0.09160558 0.09172316 0.09184117 0.09195959 0.09207844 0.09219771
 0.09231738 0.09243747 0.09255796 0.09267886 0.09253371 0.09265358
 0.09277386 0.09289453 0.09301559 0.09313705 0.0932589  0.09338114
 0.09350375 0.09362675 0.09375013 0.09387389 0.09399801 0.09412251
 0.09424738 0.09437261 0.09450882 0.09463478 0.0947611  0.09488777
 0.0950148  0.09514217 0.0952699  0.09539797 0.09483683 0.09496567
 0.09509484 0.09522435 0.0953542  0.09548438 0.09561488 0.09574572
 0.09587688 0.09600836 0.09614016 0.09627228 0.09640471 0.09653746
 0.09667052 0.09680389 0.09693757 0.09720376 0.09733825 0.09747305
 0.09729344 0.09742862 0.09756409 0.09769986 0.09783593 0.09797229
 0.09810894 0.09824588 0.09838309 0.0985206  0.09865838 0.09879645
 0.09893479 0.09907341 0.09921231 0.09935148 0.09949092 0.09963063
 0.0997706  0.09991085 0.10005135 0.10019212 0.10033318 0.10047447
 0.10061601 0.10075782 0.10013256 0.10028833 0.10042965 0.10057122
 0.10071304 0.1007526  0.10089476 0.10103717 0.10117982 0.10132271
 0.10146584 0.10160921 0.10175281 0.10189665 0.10204073 0.10218504
 0.10232958 0.10247439 0.10261938 0.10276461 0.10291006 0.10305573
 0.10320162 0.10334774 0.10349407 0.10364063 0.1037874  0.10393438
 0.10408159 0.104229   0.10437662 0.10452446 0.1046725  0.10482076
 0.10442848 0.10457751 0.10472674 0.10487617 0.10502581 0.10517565
 0.10532569 0.10547592 0.10562635 0.10577698 0.10592781 0.10607882
 0.10623003 0.10638143 0.10653303 0.10668481 0.10683677 0.10698893
 0.10714127 0.1072938  0.10744651 0.1075994  0.10775247 0.10790573
 0.10805916 0.10821277 0.10836656 0.10852052 0.10867466 0.10882898
 0.10898346 0.10913812 0.10929296 0.10944796 0.10960313 0.10975847
 0.10991397 0.11006965 0.11022549 0.11038149 0.11053766 0.11094567
 0.11110176 0.11125801 0.11141443 0.11157101 0.11172775 0.11188465
 0.11204171 0.11219894 0.11235632 0.11251386 0.11267155 0.1128294
 0.11298741 0.11314557 0.11330389 0.11346235 0.11362097 0.11377974
 0.11393866 0.11409773 0.11425694 0.11441631 0.11457582 0.11473548
 0.11489528 0.11505522 0.11521531 0.11537555 0.11553592 0.11569644
 0.1158571  0.11601789 0.11617883 0.1163399  0.11650111 0.11666246
 0.11682395 0.11698557 0.11714732 0.11730921 0.11747123 0.11763338
 0.11779567 0.11795809 0.11812064 0.11828331 0.11844612 0.11860905
 0.11877212 0.11893531 0.11909863 0.11926207 0.11942564 0.11958933
 0.11975314 0.11989902 0.12006241 0.12022592 0.12038955 0.12055331
 0.12071719 0.12088118 0.12104531 0.12120955 0.12094799 0.12111087
 0.12127387 0.12143699 0.12160022 0.12176357 0.12192704 0.12209063
 0.12225433 0.12241814 0.12258207 0.12274612 0.12291027 0.12307454
 0.12323892 0.12340342 0.12356802 0.12373273 0.12389756 0.12406249
 0.12422753 0.12439268 0.12455793 0.12472329 0.12488876 0.12505434
 0.12522002 0.1253858  0.12555169 0.12571769 0.12588378 0.12604998
 0.12621628 0.12638268 0.12654919 0.12671579 0.12688249 0.1270493
 0.1272162  0.1273832  0.1275503  0.1277175  0.1278848  0.12805219
 0.12821967 0.12838726 0.12855494 0.12872271 0.12889058 0.12905854
 0.1292266  0.12939474 0.12956299 0.12973132 0.12989974 0.13006826
 0.13023687 0.13040556 0.13057435 0.13074323 0.1309122  0.13108125
 0.13125039 0.13141962 0.13158894 0.13175835 0.13192784 0.13209742
 0.13226708 0.13243683 0.13260667 0.13277659 0.13294659 0.13311668
 0.13328685 0.1334571  0.13362744 0.13379786 0.13396836 0.13413894
 0.1343096  0.13448035 0.13465117 0.13482208 0.13499306 0.13516413
 0.13533527 0.13550649 0.13567779 0.13584917 0.13602062 0.13619216
 0.13636376 0.13653545 0.13670721 0.13687905 0.13705096 0.13722295
 0.13739502 0.13756716 0.13773937 0.13791165 0.13808401 0.13825645
 0.13842895 0.13860153 0.13877418 0.1389469  0.1391197  0.13929256
 0.1394655  0.13963851 0.13981159 0.13998473 0.14015795 0.14033124
 0.1405046  0.14067802 0.14085152 0.14102508 0.14119871 0.14137241
 0.14154617 0.14172001 0.14189391 0.14206787 0.1422419  0.142416
 0.14259017 0.1427644  0.14293869 0.14311305 0.14328748 0.14346197
 0.14363652 0.14381114 0.14398582 0.14416056 0.14433537 0.14451024
 0.14468517 0.14486017 0.14503523 0.14521035 0.14538553 0.14556077
 0.14573607 0.14591144 0.14608686 0.14626235 0.14643789 0.1466135
 0.14678916 0.14696488 0.14714067 0.14731651 0.14749241 0.14766837
 0.14784439 0.14802046 0.14819659 0.14837278 0.14854903 0.14872534
 0.1489017  0.14907812 0.14925459 0.14943112 0.14960771 0.14978435
 0.14996105 0.1501378  0.15031461 0.15049148 0.15066839 0.15084537
 0.15102239 0.15119947 0.15137661 0.1515538  0.15173104 0.15190833
 0.15208568 0.15226308 0.15244054 0.15261804 0.1527956  0.15297321
 0.15315088 0.15332859 0.15350635 0.15368417 0.15386204 0.15403996
 0.15421793 0.15439595 0.15457402 0.15475214 0.15493031 0.15510853
 0.1552868  0.15546512 0.15564349 0.1558219  0.15600036 0.15617887
 0.15635744 0.15653605 0.15671471 0.15689342 0.15707217 0.15725098
 0.15742983 0.15760873 0.15778767 0.15796667 0.1581457  0.15832479
 0.15850392 0.1586831  0.15886232 0.15904159 0.15922089 0.15940025
 0.15957966 0.15975912 0.15993862 0.16011816 0.16029775 0.16047738
 0.16065706 0.16083678 0.16101655 0.16119636 0.16137622 0.16155612
 0.16173606 0.16191605 0.16209608 0.16227615 0.16245627 0.16263643
 0.16281663 0.16299687 0.16317716 0.16335749 0.16353786 0.16371828
 0.16389873 0.16407923 0.16425977 0.16444035 0.16462097 0.16480164
 0.16498234 0.16516309 0.16534388 0.1655247  0.16570557 0.16588648
 0.16606743 0.16624842 0.16642945 0.16661052 0.16679163 0.16697278
 0.16715396 0.16733519 0.16751646 0.16769777 0.16787911 0.1680605
 0.16824192 0.16842338 0.16860488 0.16878642 0.168968   0.16776141
 0.16794218 0.16812298 0.16830382 0.1684847  0.16866561 0.16884656
 0.16902755 0.16920857 0.16938963 0.16957073 0.16975186 0.16993303
 0.17011423 0.17029548 0.17047675 0.17065807 0.17083941 0.1710208
 0.17120222 0.17138367 0.17156516 0.17174669 0.17192825 0.17210984
 0.17229147 0.17247313 0.17265483 0.17283657 0.17301833 0.17320013
 0.17338197 0.17356384 0.17374574 0.17392768 0.17410965 0.17429166
 0.1744737  0.17465577 0.17483788 0.17502001 0.17520219 0.17538439
 0.17556663 0.1757489  0.1759312  0.17611354 0.17629591 0.17647831
 0.17666075 0.17684321 0.17702571 0.17720824 0.1773908  0.1775734
 0.17775603 0.17793868 0.17812138 0.1783041  0.17848685 0.17866964
 0.17885245 0.1790353  0.17921818 0.17940109 0.17958403 0.179767
 0.17995    0.18013304 0.1803161  0.18049919 0.18068232 0.18086547
 0.18104866 0.18123188 0.18141512 0.1815984  0.18178171 0.18196504
 0.18214841 0.1823318  0.18251523 0.18269869 0.18288217 0.18306569
 0.18324923 0.1834328  0.1836164  0.18380004 0.1839837  0.18416739
 0.18435111 0.18453485 0.18471863 0.18490243 0.18508627 0.18527013
 0.18545402 0.18563794 0.18582189 0.18600586 0.18618987 0.1863739
 0.18655796 0.18674205 0.18692617 0.18580836 0.18599038 0.18617242
 0.1863545  0.18653659 0.18671872 0.18690086 0.18708304 0.18726523
 0.18744745 0.1876297  0.18781197 0.18799427 0.18817659 0.18835893
 0.1885413  0.1887237  0.18890611 0.18908855 0.18927102 0.18980127
 0.18998462 0.19016799 0.19035139 0.19053481 0.19071826 0.19090174
 0.19108523 0.19126875 0.1914523  0.19163587 0.19181947 0.19200308
 0.19218673 0.1923704  0.19255409 0.1927378  0.19292154 0.1931053
 0.19328909 0.1934729  0.19365674 0.19384059 0.19402447 0.19420838
 0.19439231 0.19457626 0.19476023 0.19494423 0.19512825 0.1953123
 0.19549637 0.19568046 0.19586457 0.19604871 0.19623286 0.19641705
 0.19660125 0.19678548 0.19696973 0.197154   0.1973383  0.19752261
 0.19770695 0.19789132 0.1980757  0.19826011 0.19844454 0.19862899
 0.19881346 0.19899796 0.19918247 0.19936701 0.19955158 0.19973616
 0.19992076 0.20010539 0.20029004 0.20047471 0.2006594  0.20084411
 0.20102885 0.2012136  0.20139838 0.20158318 0.201768   0.20195284
 0.2021377  0.20232258 0.20250749 0.20269241 0.20287736 0.20306233
 0.20324732 0.20343233 0.20361736 0.20380241 0.20398748 0.20417257
 0.20435768 0.20454282 0.20472797 0.20491314 0.20509834 0.20528355
 0.20546879 0.20565405 0.20583932 0.20602462 0.20620993 0.20639527
 0.20658063 0.206766   0.2069514  0.20713682 0.20732225 0.20750771
 0.20769319 0.20787868 0.2080642  0.20824973 0.20843529 0.20862086
 0.20880646 0.20899207 0.20917771 0.20936336 0.20954903 0.20973472
 0.20992043 0.21010616 0.21029191 0.21047768 0.21066347 0.21084928
 0.21103511 0.21122095 0.21140682 0.2115927  0.2117786  0.21196452
 0.21215046 0.21233642 0.2125224  0.2127084  0.21289441 0.21308045
 0.2132665  0.21345257 0.21363866 0.21382477 0.2140109  0.21419704
 0.2143832  0.21456939 0.21475559 0.21494181 0.21512804 0.2153143
 0.21550057 0.21568687 0.21587318 0.2160595  0.21624585 0.21643222
 0.2166186  0.216805   0.21699142 0.21717785 0.21736431 0.21755078
 0.21773727 0.21792378 0.2181103  0.21829685 0.21848341 0.21866999
 0.21885658 0.2190432  0.21922983 0.21941648 0.21960314 0.21978983
 0.21997653 0.22016325 0.22034998 0.22053674]
t = [1.06995838e+09 1.06995838e+09 1.06995839e+09 1.06995839e+09
 1.06995839e+09 1.06995840e+09 1.06995840e+09 1.06995841e+09
 1.06995841e+09 1.06995841e+09 1.06995842e+09 1.06995842e+09
 1.06995842e+09 1.06995843e+09 1.06995843e+09 1.06995843e+09
 1.06995844e+09 1.06995844e+09 1.06995845e+09 1.06995845e+09
 1.06995845e+09 1.06995846e+09 1.06995846e+09 1.06995846e+09
 1.06995847e+09 1.06995847e+09 1.06995848e+09 1.06995848e+09
 1.06995848e+09 1.06995849e+09 1.06995849e+09 1.06995849e+09
 1.06995850e+09 1.06995850e+09 1.06995850e+09 1.06995851e+09
 1.06995851e+09 1.06995852e+09 1.06995852e+09 1.06995852e+09
 1.06995853e+09 1.06995853e+09 1.06995853e+09 1.06995854e+09
 1.06995854e+09 1.06995855e+09 1.06995855e+09 1.06995855e+09
 1.06995856e+09 1.06995856e+09 1.06995856e+09 1.06995857e+09
 1.06995857e+09 1.06995857e+09 1.06995858e+09 1.06995858e+09
 1.06995859e+09 1.06995859e+09 1.06995859e+09 1.06995860e+09
 1.06995860e+09 1.06995860e+09 1.06995861e+09 1.06995861e+09
 1.06995862e+09 1.06995862e+09 1.06995862e+09 1.06995863e+09
 1.06995863e+09 1.06995863e+09 1.06995864e+09 1.06995864e+09
 1.06995864e+09 1.06995865e+09 1.06995865e+09 1.06995866e+09
 1.06995866e+09 1.06995866e+09 1.06995867e+09 1.06995867e+09
 1.06995867e+09 1.06995868e+09 1.06995868e+09 1.06995868e+09
 1.06995869e+09 1.06995869e+09 1.06995870e+09 1.06995870e+09
 1.06995870e+09 1.06995871e+09 1.06995871e+09 1.06995871e+09
 1.06995872e+09 1.06995872e+09 1.06995873e+09 1.06995873e+09
 1.06995873e+09 1.06995874e+09 1.06995874e+09 1.06995874e+09
 1.06995875e+09 1.06995875e+09 1.06995875e+09 1.06995876e+09
 1.06995876e+09 1.06995877e+09 1.06995877e+09 1.06995877e+09
 1.06995878e+09 1.06995878e+09 1.06995878e+09 1.06995879e+09
 1.06995879e+09 1.06995880e+09 1.06995880e+09 1.06995880e+09
 1.06995881e+09 1.06995881e+09 1.06995881e+09 1.06995882e+09
 1.06995882e+09 1.06995882e+09 1.06995883e+09 1.06995883e+09
 1.06995884e+09 1.06995884e+09 1.06995884e+09 1.06995885e+09
 1.06995885e+09 1.06995885e+09 1.06995886e+09 1.06995886e+09
 1.06995886e+09 1.06995887e+09 1.06995887e+09 1.06995888e+09
 1.06995888e+09 1.06995888e+09 1.06995889e+09 1.06995889e+09
 1.06995889e+09 1.06995890e+09 1.06995890e+09 1.06995891e+09
 1.06995891e+09 1.06995891e+09 1.06995892e+09 1.06995892e+09
 1.06995892e+09 1.06995893e+09 1.06995893e+09 1.06995893e+09
 1.06995894e+09 1.06995894e+09 1.06995895e+09 1.06995895e+09
 1.06995895e+09 1.06995896e+09 1.06995896e+09 1.06995896e+09
 1.06995897e+09 1.06995897e+09 1.06995898e+09 1.06995898e+09
 1.06995898e+09 1.06995899e+09 1.06995899e+09 1.06995899e+09
 1.06995900e+09 1.06995900e+09 1.06995900e+09 1.06995901e+09
 1.06995901e+09 1.06995902e+09 1.06995902e+09 1.06995902e+09
 1.06995903e+09 1.06995903e+09 1.06995903e+09 1.06995904e+09
 1.06995904e+09 1.06995904e+09 1.06995905e+09 1.06995905e+09
 1.06995906e+09 1.06995906e+09 1.06995906e+09 1.06995907e+09
 1.06995907e+09 1.06995907e+09 1.06995908e+09 1.06995908e+09
 1.06995909e+09 1.06995909e+09 1.06995909e+09 1.06995910e+09
 1.06995910e+09 1.06995910e+09 1.06995911e+09 1.06995911e+09
 1.06995911e+09 1.06995912e+09 1.06995912e+09 1.06995913e+09
 1.06995913e+09 1.06995913e+09 1.06995914e+09 1.06995914e+09
 1.06995914e+09 1.06995915e+09 1.06995915e+09 1.06995916e+09
 1.06995916e+09 1.06995916e+09 1.06995917e+09 1.06995917e+09
 1.06995917e+09 1.06995918e+09 1.06995918e+09 1.06995918e+09
 1.06995919e+09 1.06995919e+09 1.06995920e+09 1.06995920e+09
 1.06995920e+09 1.06995921e+09 1.06995921e+09 1.06995921e+09
 1.06995922e+09 1.06995922e+09 1.06995922e+09 1.06995923e+09
 1.06995923e+09 1.06995924e+09 1.06995924e+09 1.06995924e+09
 1.06995925e+09 1.06995925e+09 1.06995925e+09 1.06995926e+09
 1.06995926e+09 1.06995927e+09 1.06995927e+09 1.06995927e+09
 1.06995928e+09 1.06995928e+09 1.06995928e+09 1.06995929e+09
 1.06995929e+09 1.06995929e+09 1.06995930e+09 1.06995930e+09
 1.06995931e+09 1.06995931e+09 1.06995931e+09 1.06995932e+09
 1.06995932e+09 1.06995932e+09 1.06995933e+09 1.06995933e+09
 1.06995934e+09 1.06995934e+09 1.06995934e+09 1.06995935e+09
 1.06995935e+09 1.06995935e+09 1.06995936e+09 1.06995936e+09
 1.06995936e+09 1.06995937e+09 1.06995937e+09 1.06995938e+09
 1.06995938e+09 1.06995938e+09 1.06995939e+09 1.06995939e+09
 1.06995939e+09 1.06995940e+09 1.06995940e+09 1.06995940e+09
 1.06995941e+09 1.06995941e+09 1.06995942e+09 1.06995942e+09
 1.06995942e+09 1.06995943e+09 1.06995943e+09 1.06995943e+09
 1.06995944e+09 1.06995944e+09 1.06995945e+09 1.06995945e+09
 1.06995945e+09 1.06995946e+09 1.06995946e+09 1.06995946e+09
 1.06995947e+09 1.06995947e+09 1.06995947e+09 1.06995948e+09
 1.06995948e+09 1.06995949e+09 1.06995949e+09 1.06995949e+09
 1.06995950e+09 1.06995950e+09 1.06995950e+09 1.06995951e+09
 1.06995951e+09 1.06995952e+09 1.06995952e+09 1.06995952e+09
 1.06995953e+09 1.06995953e+09 1.06995953e+09 1.06995954e+09
 1.06995954e+09 1.06995954e+09 1.06995955e+09 1.06995955e+09
 1.06995956e+09 1.06995956e+09 1.06995956e+09 1.06995957e+09
 1.06995957e+09 1.06995957e+09 1.06995958e+09 1.06995958e+09
 1.06995958e+09 1.06995959e+09 1.06995959e+09 1.06995960e+09
 1.06995960e+09 1.06995960e+09 1.06995961e+09 1.06995961e+09
 1.06995961e+09 1.06995962e+09 1.06995962e+09 1.06995963e+09
 1.06995963e+09 1.06995963e+09 1.06995964e+09 1.06995964e+09
 1.06995964e+09 1.06995965e+09 1.06995965e+09 1.06995965e+09
 1.06995966e+09 1.06995966e+09 1.06995967e+09 1.06995967e+09
 1.06995967e+09 1.06995968e+09 1.06995968e+09 1.06995968e+09
 1.06995969e+09 1.06995969e+09 1.06995970e+09 1.06995970e+09
 1.06995970e+09 1.06995971e+09 1.06995971e+09 1.06995971e+09
 1.06995972e+09 1.06995972e+09 1.06995972e+09 1.06995973e+09
 1.06995973e+09 1.06995974e+09 1.06995974e+09 1.06995974e+09
 1.06995975e+09 1.06995975e+09 1.06995975e+09 1.06995976e+09
 1.06995976e+09 1.06995976e+09 1.06995977e+09 1.06995977e+09
 1.06995978e+09 1.06995978e+09 1.06995978e+09 1.06995979e+09
 1.06995979e+09 1.06995979e+09 1.06995980e+09 1.06995980e+09
 1.06995981e+09 1.06995981e+09 1.06995981e+09 1.06995982e+09
 1.06995982e+09 1.06995982e+09 1.06995983e+09 1.06995983e+09
 1.06995983e+09 1.06995984e+09 1.06995984e+09 1.06995985e+09
 1.06995985e+09 1.06995985e+09 1.06995986e+09 1.06995986e+09
 1.06995986e+09 1.06995987e+09 1.06995987e+09 1.06995988e+09
 1.06995988e+09 1.06995988e+09 1.06995989e+09 1.06995989e+09
 1.06995989e+09 1.06995990e+09 1.06995990e+09 1.06995990e+09
 1.06995991e+09 1.06995991e+09 1.06995992e+09 1.06995992e+09
 1.06995992e+09 1.06995993e+09 1.06995993e+09 1.06995993e+09
 1.06995994e+09 1.06995994e+09 1.06995994e+09 1.06995995e+09
 1.06995995e+09 1.06995996e+09 1.06995996e+09 1.06995996e+09
 1.06995997e+09 1.06995997e+09 1.06995997e+09 1.06995998e+09
 1.06995998e+09 1.06995999e+09 1.06995999e+09 1.06995999e+09
 1.06996000e+09 1.06996000e+09 1.06996000e+09 1.06996001e+09
 1.06996001e+09 1.06996001e+09 1.06996002e+09 1.06996002e+09
 1.06996003e+09 1.06996003e+09 1.06996003e+09 1.06996004e+09
 1.06996004e+09 1.06996004e+09 1.06996005e+09 1.06996005e+09
 1.06996006e+09 1.06996006e+09 1.06996006e+09 1.06996007e+09
 1.06996007e+09 1.06996007e+09 1.06996008e+09 1.06996008e+09
 1.06996008e+09 1.06996009e+09 1.06996009e+09 1.06996010e+09
 1.06996010e+09 1.06996010e+09 1.06996011e+09 1.06996011e+09
 1.06996011e+09 1.06996012e+09 1.06996012e+09 1.06996013e+09
 1.06996013e+09 1.06996013e+09 1.06996014e+09 1.06996014e+09
 1.06996014e+09 1.06996015e+09 1.06996015e+09 1.06996015e+09
 1.06996016e+09 1.06996016e+09 1.06996017e+09 1.06996017e+09
 1.06996017e+09 1.06996018e+09 1.06996018e+09 1.06996018e+09
 1.06996019e+09 1.06996019e+09 1.06996019e+09 1.06996020e+09
 1.06996020e+09 1.06996021e+09 1.06996021e+09 1.06996021e+09
 1.06996022e+09 1.06996022e+09 1.06996022e+09 1.06996023e+09
 1.06996023e+09 1.06996024e+09 1.06996024e+09 1.06996024e+09
 1.06996025e+09 1.06996025e+09 1.06996025e+09 1.06996026e+09
 1.06996026e+09 1.06996026e+09 1.06996027e+09 1.06996027e+09
 1.06996028e+09 1.06996028e+09 1.06996028e+09 1.06996029e+09
 1.06996029e+09 1.06996029e+09 1.06996030e+09 1.06996030e+09
 1.06996031e+09 1.06996031e+09 1.06996031e+09 1.06996032e+09
 1.06996032e+09 1.06996032e+09 1.06996033e+09 1.06996033e+09
 1.06996033e+09 1.06996034e+09 1.06996034e+09 1.06996035e+09
 1.06996035e+09 1.06996035e+09 1.06996036e+09 1.06996036e+09
 1.06996036e+09 1.06996037e+09 1.06996037e+09 1.06996037e+09
 1.06996038e+09 1.06996038e+09 1.06996039e+09 1.06996039e+09
 1.06996039e+09 1.06996040e+09 1.06996040e+09 1.06996040e+09
 1.06996041e+09 1.06996041e+09 1.06996042e+09 1.06996042e+09
 1.06996042e+09 1.06996043e+09 1.06996043e+09 1.06996043e+09
 1.06996044e+09 1.06996044e+09 1.06996044e+09 1.06996045e+09
 1.06996045e+09 1.06996046e+09 1.06996046e+09 1.06996046e+09
 1.06996047e+09 1.06996047e+09 1.06996047e+09 1.06996048e+09
 1.06996048e+09 1.06996049e+09 1.06996049e+09 1.06996049e+09
 1.06996050e+09 1.06996050e+09 1.06996050e+09 1.06996051e+09
 1.06996051e+09 1.06996051e+09 1.06996052e+09 1.06996052e+09
 1.06996053e+09 1.06996053e+09 1.06996053e+09 1.06996054e+09
 1.06996054e+09 1.06996054e+09 1.06996055e+09 1.06996055e+09
 1.06996055e+09 1.06996056e+09 1.06996056e+09 1.06996057e+09
 1.06996057e+09 1.06996057e+09 1.06996058e+09 1.06996058e+09
 1.06996058e+09 1.06996059e+09 1.06996059e+09 1.06996060e+09
 1.06996060e+09 1.06996060e+09 1.06996061e+09 1.06996061e+09
 1.06996061e+09 1.06996062e+09 1.06996062e+09 1.06996062e+09
 1.06996063e+09 1.06996063e+09 1.06996064e+09 1.06996064e+09
 1.06996064e+09 1.06996065e+09 1.06996065e+09 1.06996065e+09
 1.06996066e+09 1.06996066e+09 1.06996067e+09 1.06996067e+09
 1.06996067e+09 1.06996068e+09 1.06996068e+09 1.06996068e+09
 1.06996069e+09 1.06996069e+09 1.06996069e+09 1.06996070e+09
 1.06996070e+09 1.06996071e+09 1.06996071e+09 1.06996071e+09
 1.06996072e+09 1.06996072e+09 1.06996072e+09 1.06996073e+09
 1.06996073e+09 1.06996073e+09 1.06996074e+09 1.06996074e+09
 1.06996075e+09 1.06996075e+09 1.06996075e+09 1.06996076e+09
 1.06996076e+09 1.06996076e+09 1.06996077e+09 1.06996077e+09
 1.06996078e+09 1.06996078e+09 1.06996078e+09 1.06996079e+09
 1.06996079e+09 1.06996079e+09 1.06996080e+09 1.06996080e+09
 1.06996080e+09 1.06996081e+09 1.06996081e+09 1.06996082e+09
 1.06996082e+09 1.06996082e+09 1.06996083e+09 1.06996083e+09
 1.06996083e+09 1.06996084e+09 1.06996084e+09 1.06996085e+09
 1.06996085e+09 1.06996085e+09 1.06996086e+09 1.06996086e+09
 1.06996086e+09 1.06996087e+09 1.06996087e+09 1.06996087e+09
 1.06996088e+09 1.06996088e+09 1.06996089e+09 1.06996089e+09
 1.06996089e+09 1.06996090e+09 1.06996090e+09 1.06996090e+09
 1.06996091e+09 1.06996091e+09 1.06996091e+09 1.06996092e+09
 1.06996092e+09 1.06996093e+09 1.06996093e+09 1.06996093e+09
 1.06996094e+09 1.06996094e+09 1.06996094e+09 1.06996095e+09
 1.06996095e+09 1.06996096e+09 1.06996096e+09 1.06996096e+09
 1.06996097e+09 1.06996097e+09 1.06996097e+09 1.06996098e+09
 1.06996098e+09 1.06996098e+09 1.06996099e+09 1.06996099e+09
 1.06996100e+09 1.06996100e+09 1.06996100e+09 1.06996101e+09
 1.06996101e+09 1.06996101e+09 1.06996102e+09 1.06996102e+09
 1.06996103e+09 1.06996103e+09 1.06996103e+09 1.06996104e+09
 1.06996104e+09 1.06996104e+09 1.06996105e+09 1.06996105e+09
 1.06996105e+09 1.06996106e+09 1.06996106e+09 1.06996107e+09
 1.06996107e+09 1.06996107e+09 1.06996108e+09 1.06996108e+09
 1.06996108e+09 1.06996109e+09 1.06996109e+09 1.06996109e+09
 1.06996110e+09 1.06996110e+09 1.06996111e+09 1.06996111e+09
 1.06996111e+09 1.06996112e+09 1.06996112e+09 1.06996112e+09
 1.06996113e+09 1.06996113e+09 1.06996114e+09 1.06996114e+09
 1.06996114e+09 1.06996115e+09 1.06996115e+09 1.06996115e+09
 1.06996116e+09 1.06996116e+09 1.06996116e+09 1.06996117e+09
 1.06996117e+09 1.06996118e+09 1.06996118e+09 1.06996118e+09
 1.06996119e+09 1.06996119e+09 1.06996119e+09 1.06996120e+09
 1.06996120e+09 1.06996121e+09 1.06996121e+09 1.06996121e+09
 1.06996122e+09 1.06996122e+09 1.06996122e+09 1.06996123e+09
 1.06996123e+09 1.06996123e+09 1.06996124e+09 1.06996124e+09
 1.06996125e+09 1.06996125e+09 1.06996125e+09 1.06996126e+09
 1.06996126e+09 1.06996126e+09 1.06996127e+09 1.06996127e+09
 1.06996127e+09 1.06996128e+09 1.06996128e+09 1.06996129e+09
 1.06996129e+09 1.06996129e+09 1.06996130e+09 1.06996130e+09
 1.06996130e+09 1.06996131e+09 1.06996131e+09 1.06996132e+09
 1.06996132e+09 1.06996132e+09 1.06996133e+09 1.06996133e+09
 1.06996133e+09 1.06996134e+09 1.06996134e+09 1.06996134e+09
 1.06996135e+09 1.06996135e+09 1.06996136e+09 1.06996136e+09
 1.06996136e+09 1.06996137e+09 1.06996137e+09 1.06996137e+09
 1.06996138e+09 1.06996138e+09 1.06996139e+09 1.06996139e+09
 1.06996139e+09 1.06996140e+09 1.06996140e+09 1.06996140e+09
 1.06996141e+09 1.06996141e+09 1.06996141e+09 1.06996142e+09
 1.06996142e+09 1.06996143e+09 1.06996143e+09 1.06996143e+09
 1.06996144e+09 1.06996144e+09 1.06996144e+09 1.06996145e+09
 1.06996145e+09 1.06996145e+09 1.06996146e+09 1.06996146e+09
 1.06996147e+09 1.06996147e+09 1.06996147e+09 1.06996148e+09
 1.06996148e+09 1.06996148e+09 1.06996149e+09 1.06996149e+09
 1.06996150e+09 1.06996150e+09 1.06996150e+09 1.06996151e+09
 1.06996151e+09 1.06996151e+09 1.06996152e+09 1.06996152e+09
 1.06996152e+09 1.06996153e+09 1.06996153e+09 1.06996154e+09
 1.06996154e+09 1.06996154e+09 1.06996155e+09 1.06996155e+09
 1.06996155e+09 1.06996156e+09 1.06996156e+09 1.06996157e+09
 1.06996157e+09 1.06996157e+09 1.06996158e+09 1.06996158e+09
 1.06996158e+09 1.06996159e+09 1.06996159e+09 1.06996159e+09
 1.06996160e+09 1.06996160e+09 1.06996161e+09 1.06996161e+09
 1.06996161e+09 1.06996162e+09 1.06996162e+09 1.06996162e+09
 1.06996163e+09 1.06996163e+09 1.06996164e+09 1.06996164e+09
 1.06996164e+09 1.06996165e+09 1.06996165e+09 1.06996165e+09
 1.06996166e+09 1.06996166e+09 1.06996166e+09 1.06996167e+09
 1.06996167e+09 1.06996168e+09 1.06996168e+09 1.06996168e+09
 1.06996169e+09 1.06996169e+09 1.06996169e+09 1.06996170e+09
 1.06996170e+09 1.06996170e+09 1.06996171e+09 1.06996171e+09
 1.06996172e+09 1.06996172e+09 1.06996172e+09 1.06996173e+09
 1.06996173e+09 1.06996173e+09 1.06996174e+09 1.06996174e+09
 1.06996175e+09 1.06996175e+09 1.06996175e+09 1.06996176e+09
 1.06996176e+09 1.06996176e+09 1.06996177e+09 1.06996177e+09
 1.06996177e+09 1.06996178e+09 1.06996178e+09 1.06996179e+09
 1.06996179e+09 1.06996179e+09 1.06996180e+09 1.06996180e+09
 1.06996180e+09 1.06996181e+09 1.06996181e+09 1.06996182e+09
 1.06996182e+09 1.06996182e+09 1.06996183e+09 1.06996183e+09
 1.06996183e+09 1.06996184e+09 1.06996184e+09 1.06996184e+09
 1.06996185e+09 1.06996185e+09 1.06996186e+09 1.06996186e+09
 1.06996186e+09 1.06996187e+09 1.06996187e+09 1.06996187e+09
 1.06996188e+09 1.06996188e+09 1.06996188e+09 1.06996189e+09
 1.06996189e+09 1.06996190e+09 1.06996190e+09 1.06996190e+09
 1.06996191e+09 1.06996191e+09 1.06996191e+09 1.06996192e+09
 1.06996192e+09 1.06996193e+09 1.06996193e+09 1.06996193e+09
 1.06996194e+09 1.06996194e+09 1.06996194e+09 1.06996195e+09
 1.06996195e+09 1.06996195e+09 1.06996196e+09 1.06996196e+09
 1.06996197e+09 1.06996197e+09 1.06996197e+09 1.06996198e+09
 1.06996198e+09 1.06996198e+09 1.06996199e+09 1.06996199e+09
 1.06996200e+09 1.06996200e+09 1.06996200e+09 1.06996201e+09
 1.06996201e+09 1.06996201e+09 1.06996202e+09 1.06996202e+09
 1.06996202e+09 1.06996203e+09 1.06996203e+09 1.06996204e+09
 1.06996204e+09 1.06996204e+09 1.06996205e+09 1.06996205e+09]
minRes = 0.08320613668000128
minResTime = [1.06995861e+09]
Cov(t) = [100 100 100 100 100 100 100 100 100 100 100 100 100 100 100 100 100 100
 100 100 100 100 100 100 100 100 100 100 100 100 100 100 100 100 100 100
 100 100 100 100 100 100 100 100 100 100 100 100 100 100 100 100 100 100
 100 100 100 100 100 100 100 100 100 100 100 100 100 100 100 100 100 100
 100 100 100 100 100 100 100 100 100 100 100 100 100 100 100 100 100 100
 100 100 100 100 100 100 100 100 100 100 100 100 100 100 100 100 100 100
 100 100 100 100 100 100 100 100 100 100 100 100 100 100 100 100 100 100
 100 100 100 100 100 100 100 100 100 100 100 100 100 100 100 100 100 100
 100 100 100 100 100 100 100 100 100 100 100 100 100 100 100 100 100 100
 100 100 100 100 100 100 100 100 100 100 100 100 100 100 100 100 100 100
 100 100 100 100 100 100 100 100 100 100 100 100 100 100 100 100 100 100
 100 100 100 100 100 100 100 100 100 100 100 100 100 100 100 100 100 100
 100 100 100 100 100 100 100 100 100 100 100 100 100 100 100 100 100 100
 100 100 100 100 100 100 100 100 100 100 100 100 100 100 100 100 100 100
 100 100 100 100 100 100 100 100 100 100 100 100 100 100 100 100 100 100
 100 100 100 100 100 100 100 100 100 100 100 100 100 100 100 100 100 100
 100 100 100 100 100 100 100 100 100 100 100 100 100 100 100 100 100 100
 100 100 100 100 100 100 100 100 100 100 100 100 100 100 100 100 100 100
 100 100 100 100 100 100 100 100 100 100 100 100 100 100 100 100 100 100
 100 100 100 100 100 100 100 100 100 100 100 100 100 100 100 100 100 100
 100 100 100 100 100 100 100 100 100 100 100 100 100 100 100 100 100 100
 100 100 100 100 100 100 100 100 100 100 100 100 100 100 100 100 100 100
 100 100 100 100 100 100 100 100 100 100 100 100 100 100 100 100 100 100
 100 100 100 100 100 100 100 100 100 100 100 100 100 100 100 100 100 100
 100 100 100 100 100 100 100 100 100 100 100 100 100 100 100 100 100 100
 100 100 100 100 100 100 100 100 100 100 100 100 100 100 100 100 100 100
 100 100 100 100 100 100 100 100 100 100 100 100 100 100 100 100 100 100
 100 100 100 100 100 100 100 100 100 100 100 100 100 100 100 100 100 100
 100 100 100 100 100 100 100 100 100 100 100 100 100 100 100 100 100 100
 100 100 100 100 100 100 100 100 100 100 100 100 100 100 100 100 100 100
 100 100 100 100 100 100 100 100 100 100 100 100 100 100 100 100 100 100
 100 100 100 100 100 100 100 100 100 100 100 100 100 100 100 100 100 100
 100 100 100 100 100 100 100 100 100 100 100 100 100 100 100 100 100 100
 100 100 100 100 100 100 100 100 100 100 100 100 100 100 100 100 100 100
 100 100 100 100 100 100 100 100 100 100 100 100 100 100 100 100 100 100
 100 100 100 100 100 100 100 100 100 100 100 100 100 100 100 100 100 100
 100 100 100 100 100 100 100 100 100 100 100 100 100 100 100 100 100 100
 100 100 100 100 100 100 100 100 100 100 100 100 100 100 100 100 100 100
 100 100 100 100 100 100 100 100 100 100 100 100 100 100 100 100 100 100
 100 100 100 100 100 100 100 100 100 100 100 100 100 100 100 100 100 100
 100 100 100 100 100 100 100 100 100 100 100 100 100 100 100 100 100 100
 100 100 100 100 100 100 100 100 100 100 100 100 100 100 100 100 100 100
 100 100 100 100 100 100 100 100 100 100 100 100 100 100 100 100 100 100
 100 100 100 100 100 100 100 100 100 100 100 100 100 100 100 100 100 100
 100 100 100 100 100 100 100 100 100 100 100 100 100 100 100 100 100 100
 100 100 100 100 100 100 100 100 100 100 100 100 100 100 100 100 100 100
 100 100 100 100 100 100 100 100 100 100 100 100 100 100 100 100 100 100
 100 100 100 100 100 100 100 100 100 100 100 100 100 100 100 100 100 100
 100 100 100 100 100 100 100 100 100 100 100 100 100 100 100 100 100 100
 100 100 100 100 100 100 100 100 100 100 100 100 100 100 100 100 100 100
 100 100 100 100 100 100 100 100 100 100 100 100 100 100 100 100 100 100
 100 100 100 100 100 100 100 100 100 100 100 100 100 100 100 100 100 100
 100 100 100 100 100 100 100 100 100 100 100 100 100 100 100 100 100 100
 100 100 100 100 100 100 100 100 100 100 100 100 100 100 100 100 100 100
 100 100 100 100 100 100 100 100 100 100 100 100 100 100 100 100 100 100
 100 100 100 100 100 100 100 100 100 100]
maxCov = 100
maxCovTime = [1.06995838e+09 1.06995838e+09 1.06995839e+09 1.06995839e+09
 1.06995839e+09 1.06995840e+09 1.06995840e+09 1.06995841e+09
 1.06995841e+09 1.06995841e+09 1.06995842e+09 1.06995842e+09
 1.06995842e+09 1.06995843e+09 1.06995843e+09 1.06995843e+09
 1.06995844e+09 1.06995844e+09 1.06995845e+09 1.06995845e+09
 1.06995845e+09 1.06995846e+09 1.06995846e+09 1.06995846e+09
 1.06995847e+09 1.06995847e+09 1.06995848e+09 1.06995848e+09
 1.06995848e+09 1.06995849e+09 1.06995849e+09 1.06995849e+09
 1.06995850e+09 1.06995850e+09 1.06995850e+09 1.06995851e+09
 1.06995851e+09 1.06995852e+09 1.06995852e+09 1.06995852e+09
 1.06995853e+09 1.06995853e+09 1.06995853e+09 1.06995854e+09
 1.06995854e+09 1.06995855e+09 1.06995855e+09 1.06995855e+09
 1.06995856e+09 1.06995856e+09 1.06995856e+09 1.06995857e+09
 1.06995857e+09 1.06995857e+09 1.06995858e+09 1.06995858e+09
 1.06995859e+09 1.06995859e+09 1.06995859e+09 1.06995860e+09
 1.06995860e+09 1.06995860e+09 1.06995861e+09 1.06995861e+09
 1.06995862e+09 1.06995862e+09 1.06995862e+09 1.06995863e+09
 1.06995863e+09 1.06995863e+09 1.06995864e+09 1.06995864e+09
 1.06995864e+09 1.06995865e+09 1.06995865e+09 1.06995866e+09
 1.06995866e+09 1.06995866e+09 1.06995867e+09 1.06995867e+09
 1.06995867e+09 1.06995868e+09 1.06995868e+09 1.06995868e+09
 1.06995869e+09 1.06995869e+09 1.06995870e+09 1.06995870e+09
 1.06995870e+09 1.06995871e+09 1.06995871e+09 1.06995871e+09
 1.06995872e+09 1.06995872e+09 1.06995873e+09 1.06995873e+09
 1.06995873e+09 1.06995874e+09 1.06995874e+09 1.06995874e+09
 1.06995875e+09 1.06995875e+09 1.06995875e+09 1.06995876e+09
 1.06995876e+09 1.06995877e+09 1.06995877e+09 1.06995877e+09
 1.06995878e+09 1.06995878e+09 1.06995878e+09 1.06995879e+09
 1.06995879e+09 1.06995880e+09 1.06995880e+09 1.06995880e+09
 1.06995881e+09 1.06995881e+09 1.06995881e+09 1.06995882e+09
 1.06995882e+09 1.06995882e+09 1.06995883e+09 1.06995883e+09
 1.06995884e+09 1.06995884e+09 1.06995884e+09 1.06995885e+09
 1.06995885e+09 1.06995885e+09 1.06995886e+09 1.06995886e+09
 1.06995886e+09 1.06995887e+09 1.06995887e+09 1.06995888e+09
 1.06995888e+09 1.06995888e+09 1.06995889e+09 1.06995889e+09
 1.06995889e+09 1.06995890e+09 1.06995890e+09 1.06995891e+09
 1.06995891e+09 1.06995891e+09 1.06995892e+09 1.06995892e+09
 1.06995892e+09 1.06995893e+09 1.06995893e+09 1.06995893e+09
 1.06995894e+09 1.06995894e+09 1.06995895e+09 1.06995895e+09
 1.06995895e+09 1.06995896e+09 1.06995896e+09 1.06995896e+09
 1.06995897e+09 1.06995897e+09 1.06995898e+09 1.06995898e+09
 1.06995898e+09 1.06995899e+09 1.06995899e+09 1.06995899e+09
 1.06995900e+09 1.06995900e+09 1.06995900e+09 1.06995901e+09
 1.06995901e+09 1.06995902e+09 1.06995902e+09 1.06995902e+09
 1.06995903e+09 1.06995903e+09 1.06995903e+09 1.06995904e+09
 1.06995904e+09 1.06995904e+09 1.06995905e+09 1.06995905e+09
 1.06995906e+09 1.06995906e+09 1.06995906e+09 1.06995907e+09
 1.06995907e+09 1.06995907e+09 1.06995908e+09 1.06995908e+09
 1.06995909e+09 1.06995909e+09 1.06995909e+09 1.06995910e+09
 1.06995910e+09 1.06995910e+09 1.06995911e+09 1.06995911e+09
 1.06995911e+09 1.06995912e+09 1.06995912e+09 1.06995913e+09
 1.06995913e+09 1.06995913e+09 1.06995914e+09 1.06995914e+09
 1.06995914e+09 1.06995915e+09 1.06995915e+09 1.06995916e+09
 1.06995916e+09 1.06995916e+09 1.06995917e+09 1.06995917e+09
 1.06995917e+09 1.06995918e+09 1.06995918e+09 1.06995918e+09
 1.06995919e+09 1.06995919e+09 1.06995920e+09 1.06995920e+09
 1.06995920e+09 1.06995921e+09 1.06995921e+09 1.06995921e+09
 1.06995922e+09 1.06995922e+09 1.06995922e+09 1.06995923e+09
 1.06995923e+09 1.06995924e+09 1.06995924e+09 1.06995924e+09
 1.06995925e+09 1.06995925e+09 1.06995925e+09 1.06995926e+09
 1.06995926e+09 1.06995927e+09 1.06995927e+09 1.06995927e+09
 1.06995928e+09 1.06995928e+09 1.06995928e+09 1.06995929e+09
 1.06995929e+09 1.06995929e+09 1.06995930e+09 1.06995930e+09
 1.06995931e+09 1.06995931e+09 1.06995931e+09 1.06995932e+09
 1.06995932e+09 1.06995932e+09 1.06995933e+09 1.06995933e+09
 1.06995934e+09 1.06995934e+09 1.06995934e+09 1.06995935e+09
 1.06995935e+09 1.06995935e+09 1.06995936e+09 1.06995936e+09
 1.06995936e+09 1.06995937e+09 1.06995937e+09 1.06995938e+09
 1.06995938e+09 1.06995938e+09 1.06995939e+09 1.06995939e+09
 1.06995939e+09 1.06995940e+09 1.06995940e+09 1.06995940e+09
 1.06995941e+09 1.06995941e+09 1.06995942e+09 1.06995942e+09
 1.06995942e+09 1.06995943e+09 1.06995943e+09 1.06995943e+09
 1.06995944e+09 1.06995944e+09 1.06995945e+09 1.06995945e+09
 1.06995945e+09 1.06995946e+09 1.06995946e+09 1.06995946e+09
 1.06995947e+09 1.06995947e+09 1.06995947e+09 1.06995948e+09
 1.06995948e+09 1.06995949e+09 1.06995949e+09 1.06995949e+09
 1.06995950e+09 1.06995950e+09 1.06995950e+09 1.06995951e+09
 1.06995951e+09 1.06995952e+09 1.06995952e+09 1.06995952e+09
 1.06995953e+09 1.06995953e+09 1.06995953e+09 1.06995954e+09
 1.06995954e+09 1.06995954e+09 1.06995955e+09 1.06995955e+09
 1.06995956e+09 1.06995956e+09 1.06995956e+09 1.06995957e+09
 1.06995957e+09 1.06995957e+09 1.06995958e+09 1.06995958e+09
 1.06995958e+09 1.06995959e+09 1.06995959e+09 1.06995960e+09
 1.06995960e+09 1.06995960e+09 1.06995961e+09 1.06995961e+09
 1.06995961e+09 1.06995962e+09 1.06995962e+09 1.06995963e+09
 1.06995963e+09 1.06995963e+09 1.06995964e+09 1.06995964e+09
 1.06995964e+09 1.06995965e+09 1.06995965e+09 1.06995965e+09
 1.06995966e+09 1.06995966e+09 1.06995967e+09 1.06995967e+09
 1.06995967e+09 1.06995968e+09 1.06995968e+09 1.06995968e+09
 1.06995969e+09 1.06995969e+09 1.06995970e+09 1.06995970e+09
 1.06995970e+09 1.06995971e+09 1.06995971e+09 1.06995971e+09
 1.06995972e+09 1.06995972e+09 1.06995972e+09 1.06995973e+09
 1.06995973e+09 1.06995974e+09 1.06995974e+09 1.06995974e+09
 1.06995975e+09 1.06995975e+09 1.06995975e+09 1.06995976e+09
 1.06995976e+09 1.06995976e+09 1.06995977e+09 1.06995977e+09
 1.06995978e+09 1.06995978e+09 1.06995978e+09 1.06995979e+09
 1.06995979e+09 1.06995979e+09 1.06995980e+09 1.06995980e+09
 1.06995981e+09 1.06995981e+09 1.06995981e+09 1.06995982e+09
 1.06995982e+09 1.06995982e+09 1.06995983e+09 1.06995983e+09
 1.06995983e+09 1.06995984e+09 1.06995984e+09 1.06995985e+09
 1.06995985e+09 1.06995985e+09 1.06995986e+09 1.06995986e+09
 1.06995986e+09 1.06995987e+09 1.06995987e+09 1.06995988e+09
 1.06995988e+09 1.06995988e+09 1.06995989e+09 1.06995989e+09
 1.06995989e+09 1.06995990e+09 1.06995990e+09 1.06995990e+09
 1.06995991e+09 1.06995991e+09 1.06995992e+09 1.06995992e+09
 1.06995992e+09 1.06995993e+09 1.06995993e+09 1.06995993e+09
 1.06995994e+09 1.06995994e+09 1.06995994e+09 1.06995995e+09
 1.06995995e+09 1.06995996e+09 1.06995996e+09 1.06995996e+09
 1.06995997e+09 1.06995997e+09 1.06995997e+09 1.06995998e+09
 1.06995998e+09 1.06995999e+09 1.06995999e+09 1.06995999e+09
 1.06996000e+09 1.06996000e+09 1.06996000e+09 1.06996001e+09
 1.06996001e+09 1.06996001e+09 1.06996002e+09 1.06996002e+09
 1.06996003e+09 1.06996003e+09 1.06996003e+09 1.06996004e+09
 1.06996004e+09 1.06996004e+09 1.06996005e+09 1.06996005e+09
 1.06996006e+09 1.06996006e+09 1.06996006e+09 1.06996007e+09
 1.06996007e+09 1.06996007e+09 1.06996008e+09 1.06996008e+09
 1.06996008e+09 1.06996009e+09 1.06996009e+09 1.06996010e+09
 1.06996010e+09 1.06996010e+09 1.06996011e+09 1.06996011e+09
 1.06996011e+09 1.06996012e+09 1.06996012e+09 1.06996013e+09
 1.06996013e+09 1.06996013e+09 1.06996014e+09 1.06996014e+09
 1.06996014e+09 1.06996015e+09 1.06996015e+09 1.06996015e+09
 1.06996016e+09 1.06996016e+09 1.06996017e+09 1.06996017e+09
 1.06996017e+09 1.06996018e+09 1.06996018e+09 1.06996018e+09
 1.06996019e+09 1.06996019e+09 1.06996019e+09 1.06996020e+09
 1.06996020e+09 1.06996021e+09 1.06996021e+09 1.06996021e+09
 1.06996022e+09 1.06996022e+09 1.06996022e+09 1.06996023e+09
 1.06996023e+09 1.06996024e+09 1.06996024e+09 1.06996024e+09
 1.06996025e+09 1.06996025e+09 1.06996025e+09 1.06996026e+09
 1.06996026e+09 1.06996026e+09 1.06996027e+09 1.06996027e+09
 1.06996028e+09 1.06996028e+09 1.06996028e+09 1.06996029e+09
 1.06996029e+09 1.06996029e+09 1.06996030e+09 1.06996030e+09
 1.06996031e+09 1.06996031e+09 1.06996031e+09 1.06996032e+09
 1.06996032e+09 1.06996032e+09 1.06996033e+09 1.06996033e+09
 1.06996033e+09 1.06996034e+09 1.06996034e+09 1.06996035e+09
 1.06996035e+09 1.06996035e+09 1.06996036e+09 1.06996036e+09
 1.06996036e+09 1.06996037e+09 1.06996037e+09 1.06996037e+09
 1.06996038e+09 1.06996038e+09 1.06996039e+09 1.06996039e+09
 1.06996039e+09 1.06996040e+09 1.06996040e+09 1.06996040e+09
 1.06996041e+09 1.06996041e+09 1.06996042e+09 1.06996042e+09
 1.06996042e+09 1.06996043e+09 1.06996043e+09 1.06996043e+09
 1.06996044e+09 1.06996044e+09 1.06996044e+09 1.06996045e+09
 1.06996045e+09 1.06996046e+09 1.06996046e+09 1.06996046e+09
 1.06996047e+09 1.06996047e+09 1.06996047e+09 1.06996048e+09
 1.06996048e+09 1.06996049e+09 1.06996049e+09 1.06996049e+09
 1.06996050e+09 1.06996050e+09 1.06996050e+09 1.06996051e+09
 1.06996051e+09 1.06996051e+09 1.06996052e+09 1.06996052e+09
 1.06996053e+09 1.06996053e+09 1.06996053e+09 1.06996054e+09
 1.06996054e+09 1.06996054e+09 1.06996055e+09 1.06996055e+09
 1.06996055e+09 1.06996056e+09 1.06996056e+09 1.06996057e+09
 1.06996057e+09 1.06996057e+09 1.06996058e+09 1.06996058e+09
 1.06996058e+09 1.06996059e+09 1.06996059e+09 1.06996060e+09
 1.06996060e+09 1.06996060e+09 1.06996061e+09 1.06996061e+09
 1.06996061e+09 1.06996062e+09 1.06996062e+09 1.06996062e+09
 1.06996063e+09 1.06996063e+09 1.06996064e+09 1.06996064e+09
 1.06996064e+09 1.06996065e+09 1.06996065e+09 1.06996065e+09
 1.06996066e+09 1.06996066e+09 1.06996067e+09 1.06996067e+09
 1.06996067e+09 1.06996068e+09 1.06996068e+09 1.06996068e+09
 1.06996069e+09 1.06996069e+09 1.06996069e+09 1.06996070e+09
 1.06996070e+09 1.06996071e+09 1.06996071e+09 1.06996071e+09
 1.06996072e+09 1.06996072e+09 1.06996072e+09 1.06996073e+09
 1.06996073e+09 1.06996073e+09 1.06996074e+09 1.06996074e+09
 1.06996075e+09 1.06996075e+09 1.06996075e+09 1.06996076e+09
 1.06996076e+09 1.06996076e+09 1.06996077e+09 1.06996077e+09
 1.06996078e+09 1.06996078e+09 1.06996078e+09 1.06996079e+09
 1.06996079e+09 1.06996079e+09 1.06996080e+09 1.06996080e+09
 1.06996080e+09 1.06996081e+09 1.06996081e+09 1.06996082e+09
 1.06996082e+09 1.06996082e+09 1.06996083e+09 1.06996083e+09
 1.06996083e+09 1.06996084e+09 1.06996084e+09 1.06996085e+09
 1.06996085e+09 1.06996085e+09 1.06996086e+09 1.06996086e+09
 1.06996086e+09 1.06996087e+09 1.06996087e+09 1.06996087e+09
 1.06996088e+09 1.06996088e+09 1.06996089e+09 1.06996089e+09
 1.06996089e+09 1.06996090e+09 1.06996090e+09 1.06996090e+09
 1.06996091e+09 1.06996091e+09 1.06996091e+09 1.06996092e+09
 1.06996092e+09 1.06996093e+09 1.06996093e+09 1.06996093e+09
 1.06996094e+09 1.06996094e+09 1.06996094e+09 1.06996095e+09
 1.06996095e+09 1.06996096e+09 1.06996096e+09 1.06996096e+09
 1.06996097e+09 1.06996097e+09 1.06996097e+09 1.06996098e+09
 1.06996098e+09 1.06996098e+09 1.06996099e+09 1.06996099e+09
 1.06996100e+09 1.06996100e+09 1.06996100e+09 1.06996101e+09
 1.06996101e+09 1.06996101e+09 1.06996102e+09 1.06996102e+09
 1.06996103e+09 1.06996103e+09 1.06996103e+09 1.06996104e+09
 1.06996104e+09 1.06996104e+09 1.06996105e+09 1.06996105e+09
 1.06996105e+09 1.06996106e+09 1.06996106e+09 1.06996107e+09
 1.06996107e+09 1.06996107e+09 1.06996108e+09 1.06996108e+09
 1.06996108e+09 1.06996109e+09 1.06996109e+09 1.06996109e+09
 1.06996110e+09 1.06996110e+09 1.06996111e+09 1.06996111e+09
 1.06996111e+09 1.06996112e+09 1.06996112e+09 1.06996112e+09
 1.06996113e+09 1.06996113e+09 1.06996114e+09 1.06996114e+09
 1.06996114e+09 1.06996115e+09 1.06996115e+09 1.06996115e+09
 1.06996116e+09 1.06996116e+09 1.06996116e+09 1.06996117e+09
 1.06996117e+09 1.06996118e+09 1.06996118e+09 1.06996118e+09
 1.06996119e+09 1.06996119e+09 1.06996119e+09 1.06996120e+09
 1.06996120e+09 1.06996121e+09 1.06996121e+09 1.06996121e+09
 1.06996122e+09 1.06996122e+09 1.06996122e+09 1.06996123e+09
 1.06996123e+09 1.06996123e+09 1.06996124e+09 1.06996124e+09
 1.06996125e+09 1.06996125e+09 1.06996125e+09 1.06996126e+09
 1.06996126e+09 1.06996126e+09 1.06996127e+09 1.06996127e+09
 1.06996127e+09 1.06996128e+09 1.06996128e+09 1.06996129e+09
 1.06996129e+09 1.06996129e+09 1.06996130e+09 1.06996130e+09
 1.06996130e+09 1.06996131e+09 1.06996131e+09 1.06996132e+09
 1.06996132e+09 1.06996132e+09 1.06996133e+09 1.06996133e+09
 1.06996133e+09 1.06996134e+09 1.06996134e+09 1.06996134e+09
 1.06996135e+09 1.06996135e+09 1.06996136e+09 1.06996136e+09
 1.06996136e+09 1.06996137e+09 1.06996137e+09 1.06996137e+09
 1.06996138e+09 1.06996138e+09 1.06996139e+09 1.06996139e+09
 1.06996139e+09 1.06996140e+09 1.06996140e+09 1.06996140e+09
 1.06996141e+09 1.06996141e+09 1.06996141e+09 1.06996142e+09
 1.06996142e+09 1.06996143e+09 1.06996143e+09 1.06996143e+09
 1.06996144e+09 1.06996144e+09 1.06996144e+09 1.06996145e+09
 1.06996145e+09 1.06996145e+09 1.06996146e+09 1.06996146e+09
 1.06996147e+09 1.06996147e+09 1.06996147e+09 1.06996148e+09
 1.06996148e+09 1.06996148e+09 1.06996149e+09 1.06996149e+09
 1.06996150e+09 1.06996150e+09 1.06996150e+09 1.06996151e+09
 1.06996151e+09 1.06996151e+09 1.06996152e+09 1.06996152e+09
 1.06996152e+09 1.06996153e+09 1.06996153e+09 1.06996154e+09
 1.06996154e+09 1.06996154e+09 1.06996155e+09 1.06996155e+09
 1.06996155e+09 1.06996156e+09 1.06996156e+09 1.06996157e+09
 1.06996157e+09 1.06996157e+09 1.06996158e+09 1.06996158e+09
 1.06996158e+09 1.06996159e+09 1.06996159e+09 1.06996159e+09
 1.06996160e+09 1.06996160e+09 1.06996161e+09 1.06996161e+09
 1.06996161e+09 1.06996162e+09 1.06996162e+09 1.06996162e+09
 1.06996163e+09 1.06996163e+09 1.06996164e+09 1.06996164e+09
 1.06996164e+09 1.06996165e+09 1.06996165e+09 1.06996165e+09
 1.06996166e+09 1.06996166e+09 1.06996166e+09 1.06996167e+09
 1.06996167e+09 1.06996168e+09 1.06996168e+09 1.06996168e+09
 1.06996169e+09 1.06996169e+09 1.06996169e+09 1.06996170e+09
 1.06996170e+09 1.06996170e+09 1.06996171e+09 1.06996171e+09
 1.06996172e+09 1.06996172e+09 1.06996172e+09 1.06996173e+09
 1.06996173e+09 1.06996173e+09 1.06996174e+09 1.06996174e+09
 1.06996175e+09 1.06996175e+09 1.06996175e+09 1.06996176e+09
 1.06996176e+09 1.06996176e+09 1.06996177e+09 1.06996177e+09
 1.06996177e+09 1.06996178e+09 1.06996178e+09 1.06996179e+09
 1.06996179e+09 1.06996179e+09 1.06996180e+09 1.06996180e+09
 1.06996180e+09 1.06996181e+09 1.06996181e+09 1.06996182e+09
 1.06996182e+09 1.06996182e+09 1.06996183e+09 1.06996183e+09
 1.06996183e+09 1.06996184e+09 1.06996184e+09 1.06996184e+09
 1.06996185e+09 1.06996185e+09 1.06996186e+09 1.06996186e+09
 1.06996186e+09 1.06996187e+09 1.06996187e+09 1.06996187e+09
 1.06996188e+09 1.06996188e+09 1.06996188e+09 1.06996189e+09
 1.06996189e+09 1.06996190e+09 1.06996190e+09 1.06996190e+09
 1.06996191e+09 1.06996191e+09 1.06996191e+09 1.06996192e+09
 1.06996192e+09 1.06996193e+09 1.06996193e+09 1.06996193e+09
 1.06996194e+09 1.06996194e+09 1.06996194e+09 1.06996195e+09
 1.06996195e+09 1.06996195e+09 1.06996196e+09 1.06996196e+09
 1.06996197e+09 1.06996197e+09 1.06996197e+09 1.06996198e+09
 1.06996198e+09 1.06996198e+09 1.06996199e+09 1.06996199e+09
 1.06996200e+09 1.06996200e+09 1.06996200e+09 1.06996201e+09
 1.06996201e+09 1.06996201e+09 1.06996202e+09 1.06996202e+09
 1.06996202e+09 1.06996203e+09 1.06996203e+09 1.06996204e+09
 1.06996204e+09 1.06996204e+09 1.06996205e+09 1.06996205e+09]
