name =JUICE_ROI_GAN_6_3_08
flyby = ['2034 JUN 05 18:53:51', '2034 JUN 06 18:53:51']
Observation TW = <SpiceCell dtype = 1, length = 0, size = 3000, card = 10, is_set = 1, adjust = 0, init = 1, base = 94470333286592, data = 94470333286640>
Res(t) = [0.21164459 0.20437119 0.19922789 0.19522362 0.19194066 0.18916342
 0.18676553 0.1846662  0.18281028 0.18493944 0.18298719 0.18128024
 0.17977675 0.17844577 0.17726367 0.17621189 0.17527553 0.17444244
 0.1737025  0.1730472  0.17246926 0.17196242 0.17152125 0.17114096
 0.17081734 0.17054661 0.17032542 0.17015075 0.17001986 0.16993025
 0.16987966 0.16986602 0.16988741 0.16994208 0.1700284  0.17014486
 0.17029008 0.17046273 0.17066161 0.17088558 0.17113358 0.1714046
 0.17169771 0.17201201 0.17234669 0.17270094 0.17307403 0.17346526
 0.17387395 0.17429947 0.17474122 0.17519864 0.17567117 0.17615831
 0.17665955 0.17717443 0.1777025  0.17824334 0.17879653 0.17936168
 0.17993842 0.18052638 0.18112523 0.18173464 0.18235429 0.18298387
 0.18362309 0.18427168 0.18492937 0.18559589 0.186271   0.18695446
 0.18764604 0.18834551 0.18905266 0.18976728 0.19048919 0.19121817
 0.19195405 0.19269665 0.19344579 0.19420131 0.19496305 0.19573085
 0.19650456 0.19728403 0.19806913 0.19885971 0.19965564 0.2004568
 0.20126306 0.2020743  0.2028904  0.20371126 0.20453675 0.20536678
 0.20620124 0.20704004 0.20788306 0.20873023 0.20958145 0.21043663
 0.21129568 0.21215852 0.2134075  0.21482186 0.21569125 0.21656426
 0.2174408  0.21832081 0.21920421 0.22009092 0.22098089 0.22187404
 0.22277031 0.22366964 0.22452171 0.22542682 0.22633482 0.22724563
 0.22815922 0.22907552 0.22999448 0.23091606 0.23334419 0.23427107
 0.23520048 0.23613236 0.23706668 0.23800338 0.23894243 0.23988377
 0.24082738 0.24177321 0.24272121 0.24199709 0.24292312 0.24387197
 0.24482276 0.24583856 0.24680556 0.24776214 0.24872053 0.24968069
 0.2506426  0.25160622 0.25257152 0.25353848 0.25450706 0.25547725
 0.25644901 0.25742232 0.25839714 0.25937346 0.26035126 0.2613305
 0.26231117 0.26329323 0.26427668 0.26526148 0.26624762 0.26723508
 0.26822382 0.26921384 0.27020512 0.27119763 0.26871831 0.26970639
 0.27069557 0.27168582 0.27267712 0.27366947 0.27466285 0.27565723
 0.27665261 0.27764897 0.2786463  0.27964457 0.28064379 0.28164392
 0.28264497 0.28364691 0.28464974 0.28565343 0.28665799 0.28766339
 0.28866962 0.28967668 0.29068455 0.29169321 0.29270267 0.2937129
 0.2947239  0.29573565 0.29674815 0.29776139 0.29877535 0.29979003
 0.30080541 0.30182149 0.30283826 0.30385571 0.30517272 0.30042975
 0.30142565 0.30242204 0.30833803 0.30934253 0.31034754 0.31135306
 0.31235908 0.3133656  0.31437261 0.31538009 0.31638805 0.31739647
 0.31840534 0.31941466 0.32042443 0.32143463 0.32244525 0.32345629
 0.32446775 0.32547961 0.32649188 0.32750454 0.32851758 0.32953101
 0.33054481 0.33155898 0.33257351 0.3335884  0.33460364 0.33561923
 0.33663515 0.33765142 0.33866801 0.33968492 0.34070216 0.34171971
 0.34273756 0.34375573 0.34477419 0.34579294 0.34681198 0.34783131
 0.34885092 0.34987081 0.35089096 0.35191139 0.35293207 0.35395302
 0.35497422 0.35599567 0.35701737 0.35803931 0.35906148 0.3600839
 0.36110654 0.36212941 0.36315251 0.36417582 0.36519936 0.3662231
 0.36724706 0.36827122 0.36929558 0.37032015 0.37134491 0.37236986
 0.373395   0.37442033 0.37544585 0.37647154 0.37749742 0.37852347
 0.37954969 0.38057608 0.38160264 0.38262936 0.38365624 0.38468328
 0.38571048 0.38673783 0.38776533 0.38879298 0.38982077 0.39084871
 0.39187679 0.39290501 0.39393337 0.39496186 0.39599048 0.39701923
 0.39804811 0.39907711 0.40010624 0.40113548 0.40216485 0.40319434
 0.40422393 0.40525365 0.40628347 0.4073134  0.40834344 0.40937358
 0.41040383 0.41143418 0.41246463 0.41349517 0.41452582 0.41555656
 0.41658739 0.41761831 0.41864932 0.41968042 0.42071161 0.42174288
 0.42277423 0.42380567 0.42483718 0.42586878 0.42690045 0.4279322
 0.42896402 0.42999591 0.43102788 0.43205992 0.43309202 0.4341242
 0.43515643 0.43618874 0.43722111 0.43825354 0.43928603 0.44031858
 0.44135119 0.44238386 0.44341658 0.44444936 0.44548219 0.44651508
 0.44754801 0.448581   0.44961404 0.45064713 0.45168026 0.45271344
 0.45374667 0.45477993 0.45581325 0.4568466  0.45788    0.45891344
 0.45994691 0.46098043 0.46201398 0.46304757 0.4640812  0.46511486
 0.46614855 0.46718228 0.46821604 0.46924983 0.47028366 0.47131751
 0.47235139 0.4733853  0.47441924 0.4754532  0.4764872  0.47752121
 0.47855525 0.47958932 0.4806234  0.48165751 0.48269164 0.4837258
 0.48475997 0.48579416 0.48682837 0.4878626  0.48889685 0.48993111
 0.49096539 0.49199969 0.493034   0.49406832 0.49510266 0.49613702
 0.49717138 0.49820576 0.49924015 0.50027455 0.50130896 0.50234339
 0.50337782 0.50441226 0.5054467  0.50648116 0.50751562 0.50855009
 0.50958457 0.51061905 0.51165354 0.51268804 0.51372253 0.51475704
 0.51579154 0.51682605 0.51786056 0.51889507 0.51992959 0.52096411
 0.52199862 0.52303314 0.52406766 0.52510218 0.5261367  0.52717121
 0.52820573 0.52924024 0.53027475 0.53130926 0.53234377 0.53337827
 0.53441277 0.53544726 0.53648175 0.53751624 0.53855072 0.5395852
 0.54061967 0.54165413 0.54268859 0.54372304 0.54475748 0.54579192
 0.54682635 0.54786077 0.54889518 0.54992959 0.55096399 0.55199837
 0.55303275 0.55406712 0.55510148 0.55613583 0.55717017 0.5582045
 0.55923882 0.56027312 0.56130742 0.5623417  0.56337597 0.56441023
 0.56544448 0.56647872 0.56751294 0.56854715 0.56958134 0.57061553
 0.5716497  0.57268385 0.57371799 0.57475212 0.57578624 0.57682033
 0.57785442 0.57888849 0.57992254 0.58095658 0.5819906  0.58302461
 0.5840586  0.58509258 0.58612654 0.58716048 0.58819441 0.58922832
 0.59026221 0.59129608 0.59232994 0.59336378 0.59439761 0.59543141
 0.5964652  0.59749897 0.59853272 0.59956646 0.60060017 0.60163387
 0.60266755 0.60370121 0.60473485 0.60576847 0.60680208 0.60783566
 0.60886922 0.60990277 0.61093629 0.6119698  0.61300328 0.61403675
 0.6150702  0.61610362 0.61713703 0.61817041 0.61920377 0.62023712
 0.62127044 0.62230374 0.62333703 0.62437029 0.62540353 0.62643674
 0.62746994 0.62850312 0.62953627 0.6305694  0.63160252 0.63263561
 0.63366867 0.63470172 0.63573475 0.63676775 0.63780073 0.63883369
 0.63986662 0.64089954 0.64193243 0.6429653  0.64399815 0.64503097
 0.64606378 0.64709656 0.64812931 0.64916205 0.65019476 0.65122745
 0.65226012 0.65329276 0.65432538 0.65535798 0.65639055 0.6574231
 0.65845563 0.65948814 0.66052062 0.66155308 0.66258552 0.66361793
 0.66465032 0.66568268 0.66671502 0.66774734 0.66877964 0.66981191
 0.67084416 0.67187638 0.67290859 0.67394076 0.67497292 0.67600505
 0.67703715 0.67806924 0.67910129 0.68013333 0.68116534 0.68219733
 0.68322929 0.68426123 0.68529315 0.68632504 0.68735691 0.68838875
 0.68942058 0.69045237 0.69148414 0.69251589 0.69354762 0.69457932
 0.695611   0.69664265 0.69767428 0.69870588 0.69973746 0.70076902
 0.70180055 0.70283206 0.70386355 0.70489501 0.70592644 0.70695786
 0.70798925 0.70902061 0.71005195 0.71108327 0.71211456 0.71314583
 0.71417707 0.7152083  0.71623949 0.71727067 0.71830181 0.71933294
 0.72036404 0.72139512 0.72242617 0.7234572  0.72448821 0.72551919
 0.72655014 0.72758108 0.72861199 0.72964287 0.73067374 0.73170458
 0.73273539 0.73376618 0.73479695 0.73582769 0.73685841 0.73788911
 0.73891978 0.73995043 0.74098106 0.74201166 0.74304224 0.74407279
 0.74510332 0.74613383 0.74716431 0.74819477 0.74922521 0.75025563
 0.75128602 0.75231638 0.75334673 0.75437705 0.75540734 0.75643762
 0.75746787 0.7584981  0.7595283  0.76055848 0.76158864 0.76261878
 0.76364889 0.76467898 0.76570905 0.76673909 0.76776911 0.76879911
 0.76982908 0.77085904 0.77188896 0.77291887 0.77394876 0.77497862
 0.77600846 0.77703827 0.77806807 0.77909784 0.78012759 0.78115731
 0.78218702 0.7832167  0.78424636 0.785276   0.78630561 0.78733521
 0.78836478 0.78939433 0.79042385 0.79145336 0.79248284 0.7935123
 0.79454174 0.79557116 0.79660055 0.79762993 0.79865928 0.79968861
 0.80071792 0.80174721 0.80277648 0.80380572 0.80483494 0.80586415
 0.80689333 0.80792249 0.80895163 0.80998074 0.81100984 0.81203891
 0.81306797 0.814097   0.81512601 0.81615501 0.81718398 0.81821293
 0.81924186 0.82027077 0.82129965 0.82232852 0.82335737 0.8243862
 0.825415   0.82644379 0.82747256 0.8285013  0.82953003 0.83055873
 0.83158742 0.83261609 0.83364473 0.83467336 0.83570196 0.83673055
 0.83775912 0.83878767 0.83981619 0.8408447  0.84187319 0.84290166
 0.84393011 0.84495854 0.84598696 0.84701535 0.84804372 0.84907208
 0.85010041 0.85112873 0.85215703 0.85318531 0.85421357 0.85524181
 0.85627003 0.85729824 0.85832643 0.85935459 0.86038274 0.86141088
 0.86243899 0.86346709 0.86449516 0.86552322 0.86655126 0.86757929
 0.86860729 0.86963528 0.87066325 0.87169121 0.87271914 0.87374706
 0.87477496 0.87580284 0.87683071 0.87785856 0.87888639 0.87991421
 0.880942   0.88196979 0.88299755 0.8840253  0.88505303 0.88608074
 0.88710844 0.88813612 0.88916379 0.89019144 0.89121907 0.89224668
 0.89327428 0.89430187 0.89532944 0.89635699 0.89738453 0.89841205
 0.89943955 0.90046704 0.90149452 0.90252197 0.90354942 0.90457685
 0.90560426 0.90663166 0.90765904 0.90868641 0.90971376 0.9107411
 0.91176842 0.91279573 0.91382302 0.9148503  0.91587757 0.91690482
 0.91793206 0.91895928 0.91998649 0.92101368 0.92204086 0.92306803
 0.92409518 0.92512232 0.92614945 0.92717656 0.92820366 0.92923074
 0.93025781 0.93128487 0.93231192 0.93333895 0.93436597 0.93539298
 0.93641997 0.93744695 0.93847392 0.93950087 0.94052782 0.94155475
 0.94258167 0.94360857 0.94463547 0.94566235 0.94668922 0.94771608
 0.94874293 0.94976976 0.95079659 0.9518234  0.9528502  0.95387699
 0.95490377 0.95593054 0.95695729 0.95798404 0.95901077 0.96003749
 0.96106421 0.96209091 0.9631176  0.96414428 0.96517095 0.96619761
 0.96722426 0.96825091 0.96927754 0.97030416 0.97133077 0.97235737
 0.97338396 0.97441054 0.97543712 0.97646368 0.97749023 0.97851678
 0.97954331 0.98056984 0.98159636 0.98262287 0.98364937 0.98467586
 0.98570235 0.98672882 0.98775529 0.98878175 0.9898082  0.99083464
 0.99186108 0.99288751 0.99391393 0.99494034 0.99596674 0.99699314
 0.99801953 0.99904592 1.00007229 1.00109866 1.00212502 1.00315138
 1.00417773 1.00520407 1.00623041 1.00725674 1.00828306 1.00930938
 1.01033569 1.01136199 1.01238829 1.01341459 1.01444087 1.01546716
 1.01649343 1.01751971 1.01854597 1.01957223 1.02059849 1.02162474
 1.02265099 1.02367723 1.02470347 1.0257297  1.02675593 1.02778216
 1.02880838 1.0298346  1.03086081 1.03188702 1.03291322 1.03393943
 1.03496563 1.03599182 1.03701801 1.0380442  1.03907039 1.04009657
 1.04112275 1.04214893 1.0431751  1.04420128 1.04522745 1.04625362
 1.04727978 1.04830595 1.04933211 1.05035827 1.05138443 1.05241059
 1.05343674 1.0544629  1.05548905 1.0565152  1.05754136 1.05856751
 1.05959366 1.06061981 1.06164596 1.06267211 1.06369825 1.0647244
 1.06575055 1.0667767  1.06780285 1.068829   1.06985515 1.0708813
 1.07190745 1.07293361 1.07395976 1.07498592 1.07601207 1.07703823
 1.07806439 1.07909055 1.08011671 1.08114288 1.08216905 1.08319521
 1.08422139 1.08524756 1.08627374 1.08729991 1.0883261  1.08935228
 1.09037847 1.09140466 1.09243085 1.09345705 1.09448325 1.09550946
 1.09653567 1.09756188 1.0985881  1.09961432 1.10064055 1.10166678
 1.10269301 1.10371925 1.1047455  1.10577175 1.106798   1.10782426
 1.10885053 1.1098768  1.11090308 1.11192936 1.11295565 1.11398195
 1.11500825 1.11603456 1.11706088 1.1180872  1.11911353 1.12013986
 1.1211662  1.12219256 1.12321891 1.12424528]
t = [1.08646441e+09 1.08646445e+09 1.08646449e+09 1.08646453e+09
 1.08646457e+09 1.08646461e+09 1.08646465e+09 1.08646469e+09
 1.08646473e+09 1.08646477e+09 1.08646481e+09 1.08646486e+09
 1.08646490e+09 1.08646494e+09 1.08646498e+09 1.08646502e+09
 1.08646506e+09 1.08646510e+09 1.08646514e+09 1.08646518e+09
 1.08646522e+09 1.08646526e+09 1.08646530e+09 1.08646534e+09
 1.08646538e+09 1.08646542e+09 1.08646546e+09 1.08646550e+09
 1.08646554e+09 1.08646558e+09 1.08646563e+09 1.08646567e+09
 1.08646571e+09 1.08646575e+09 1.08646579e+09 1.08646583e+09
 1.08646587e+09 1.08646591e+09 1.08646595e+09 1.08646599e+09
 1.08646603e+09 1.08646607e+09 1.08646611e+09 1.08646615e+09
 1.08646619e+09 1.08646623e+09 1.08646627e+09 1.08646631e+09
 1.08646636e+09 1.08646640e+09 1.08646644e+09 1.08646648e+09
 1.08646652e+09 1.08646656e+09 1.08646660e+09 1.08646664e+09
 1.08646668e+09 1.08646672e+09 1.08646676e+09 1.08646680e+09
 1.08646684e+09 1.08646688e+09 1.08646692e+09 1.08646696e+09
 1.08646700e+09 1.08646704e+09 1.08646708e+09 1.08646713e+09
 1.08646717e+09 1.08646721e+09 1.08646725e+09 1.08646729e+09
 1.08646733e+09 1.08646737e+09 1.08646741e+09 1.08646745e+09
 1.08646749e+09 1.08646753e+09 1.08646757e+09 1.08646761e+09
 1.08646765e+09 1.08646769e+09 1.08646773e+09 1.08646777e+09
 1.08646781e+09 1.08646785e+09 1.08646790e+09 1.08646794e+09
 1.08646798e+09 1.08646802e+09 1.08646806e+09 1.08646810e+09
 1.08646814e+09 1.08646818e+09 1.08646822e+09 1.08646826e+09
 1.08646830e+09 1.08646834e+09 1.08646838e+09 1.08646842e+09
 1.08646846e+09 1.08646850e+09 1.08646854e+09 1.08646858e+09
 1.08646862e+09 1.08646867e+09 1.08646871e+09 1.08646875e+09
 1.08646879e+09 1.08646883e+09 1.08646887e+09 1.08646891e+09
 1.08646895e+09 1.08646899e+09 1.08646903e+09 1.08646907e+09
 1.08646911e+09 1.08646915e+09 1.08646919e+09 1.08646923e+09
 1.08646927e+09 1.08646931e+09 1.08646935e+09 1.08646939e+09
 1.08646944e+09 1.08646948e+09 1.08646952e+09 1.08646956e+09
 1.08646960e+09 1.08646964e+09 1.08646968e+09 1.08646972e+09
 1.08646976e+09 1.08646980e+09 1.08646984e+09 1.08646988e+09
 1.08646992e+09 1.08646996e+09 1.08647000e+09 1.08647004e+09
 1.08647008e+09 1.08647012e+09 1.08647016e+09 1.08647021e+09
 1.08647025e+09 1.08647029e+09 1.08647033e+09 1.08647037e+09
 1.08647041e+09 1.08647045e+09 1.08647049e+09 1.08647053e+09
 1.08647057e+09 1.08647061e+09 1.08647065e+09 1.08647069e+09
 1.08647073e+09 1.08647077e+09 1.08647081e+09 1.08647085e+09
 1.08647089e+09 1.08647094e+09 1.08647098e+09 1.08647102e+09
 1.08647106e+09 1.08647110e+09 1.08647114e+09 1.08647118e+09
 1.08647122e+09 1.08647126e+09 1.08647130e+09 1.08647134e+09
 1.08647138e+09 1.08647142e+09 1.08647146e+09 1.08647150e+09
 1.08647154e+09 1.08647158e+09 1.08647162e+09 1.08647166e+09
 1.08647171e+09 1.08647175e+09 1.08647179e+09 1.08647183e+09
 1.08647187e+09 1.08647191e+09 1.08647195e+09 1.08647199e+09
 1.08647203e+09 1.08647207e+09 1.08647211e+09 1.08647215e+09
 1.08647219e+09 1.08647223e+09 1.08647227e+09 1.08647231e+09
 1.08647235e+09 1.08647239e+09 1.08647243e+09 1.08647248e+09
 1.08647252e+09 1.08647256e+09 1.08647260e+09 1.08647264e+09
 1.08647268e+09 1.08647272e+09 1.08647276e+09 1.08647280e+09
 1.08647284e+09 1.08647288e+09 1.08647292e+09 1.08647296e+09
 1.08647300e+09 1.08647304e+09 1.08647308e+09 1.08647312e+09
 1.08647316e+09 1.08647320e+09 1.08647325e+09 1.08647329e+09
 1.08647333e+09 1.08647337e+09 1.08647341e+09 1.08647345e+09
 1.08647349e+09 1.08647353e+09 1.08647357e+09 1.08647361e+09
 1.08647365e+09 1.08647369e+09 1.08647373e+09 1.08647377e+09
 1.08647381e+09 1.08647385e+09 1.08647389e+09 1.08647393e+09
 1.08647397e+09 1.08647402e+09 1.08647406e+09 1.08647410e+09
 1.08647414e+09 1.08647418e+09 1.08647422e+09 1.08647426e+09
 1.08647430e+09 1.08647434e+09 1.08647438e+09 1.08647442e+09
 1.08647446e+09 1.08647450e+09 1.08647454e+09 1.08647458e+09
 1.08647462e+09 1.08647466e+09 1.08647470e+09 1.08647475e+09
 1.08647479e+09 1.08647483e+09 1.08647487e+09 1.08647491e+09
 1.08647495e+09 1.08647499e+09 1.08647503e+09 1.08647507e+09
 1.08647511e+09 1.08647515e+09 1.08647519e+09 1.08647523e+09
 1.08647527e+09 1.08647531e+09 1.08647535e+09 1.08647539e+09
 1.08647543e+09 1.08647547e+09 1.08647552e+09 1.08647556e+09
 1.08647560e+09 1.08647564e+09 1.08647568e+09 1.08647572e+09
 1.08647576e+09 1.08647580e+09 1.08647584e+09 1.08647588e+09
 1.08647592e+09 1.08647596e+09 1.08647600e+09 1.08647604e+09
 1.08647608e+09 1.08647612e+09 1.08647616e+09 1.08647620e+09
 1.08647624e+09 1.08647629e+09 1.08647633e+09 1.08647637e+09
 1.08647641e+09 1.08647645e+09 1.08647649e+09 1.08647653e+09
 1.08647657e+09 1.08647661e+09 1.08647665e+09 1.08647669e+09
 1.08647673e+09 1.08647677e+09 1.08647681e+09 1.08647685e+09
 1.08647689e+09 1.08647693e+09 1.08647697e+09 1.08647701e+09
 1.08647706e+09 1.08647710e+09 1.08647714e+09 1.08647718e+09
 1.08647722e+09 1.08647726e+09 1.08647730e+09 1.08647734e+09
 1.08647738e+09 1.08647742e+09 1.08647746e+09 1.08647750e+09
 1.08647754e+09 1.08647758e+09 1.08647762e+09 1.08647766e+09
 1.08647770e+09 1.08647774e+09 1.08647778e+09 1.08647783e+09
 1.08647787e+09 1.08647791e+09 1.08647795e+09 1.08647799e+09
 1.08647803e+09 1.08647807e+09 1.08647811e+09 1.08647815e+09
 1.08647819e+09 1.08647823e+09 1.08647827e+09 1.08647831e+09
 1.08647835e+09 1.08647839e+09 1.08647843e+09 1.08647847e+09
 1.08647851e+09 1.08647855e+09 1.08647860e+09 1.08647864e+09
 1.08647868e+09 1.08647872e+09 1.08647876e+09 1.08647880e+09
 1.08647884e+09 1.08647888e+09 1.08647892e+09 1.08647896e+09
 1.08647900e+09 1.08647904e+09 1.08647908e+09 1.08647912e+09
 1.08647916e+09 1.08647920e+09 1.08647924e+09 1.08647928e+09
 1.08647933e+09 1.08647937e+09 1.08647941e+09 1.08647945e+09
 1.08647949e+09 1.08647953e+09 1.08647957e+09 1.08647961e+09
 1.08647965e+09 1.08647969e+09 1.08647973e+09 1.08647977e+09
 1.08647981e+09 1.08647985e+09 1.08647989e+09 1.08647993e+09
 1.08647997e+09 1.08648001e+09 1.08648005e+09 1.08648010e+09
 1.08648014e+09 1.08648018e+09 1.08648022e+09 1.08648026e+09
 1.08648030e+09 1.08648034e+09 1.08648038e+09 1.08648042e+09
 1.08648046e+09 1.08648050e+09 1.08648054e+09 1.08648058e+09
 1.08648062e+09 1.08648066e+09 1.08648070e+09 1.08648074e+09
 1.08648078e+09 1.08648082e+09 1.08648087e+09 1.08648091e+09
 1.08648095e+09 1.08648099e+09 1.08648103e+09 1.08648107e+09
 1.08648111e+09 1.08648115e+09 1.08648119e+09 1.08648123e+09
 1.08648127e+09 1.08648131e+09 1.08648135e+09 1.08648139e+09
 1.08648143e+09 1.08648147e+09 1.08648151e+09 1.08648155e+09
 1.08648159e+09 1.08648164e+09 1.08648168e+09 1.08648172e+09
 1.08648176e+09 1.08648180e+09 1.08648184e+09 1.08648188e+09
 1.08648192e+09 1.08648196e+09 1.08648200e+09 1.08648204e+09
 1.08648208e+09 1.08648212e+09 1.08648216e+09 1.08648220e+09
 1.08648224e+09 1.08648228e+09 1.08648232e+09 1.08648236e+09
 1.08648241e+09 1.08648245e+09 1.08648249e+09 1.08648253e+09
 1.08648257e+09 1.08648261e+09 1.08648265e+09 1.08648269e+09
 1.08648273e+09 1.08648277e+09 1.08648281e+09 1.08648285e+09
 1.08648289e+09 1.08648293e+09 1.08648297e+09 1.08648301e+09
 1.08648305e+09 1.08648309e+09 1.08648313e+09 1.08648318e+09
 1.08648322e+09 1.08648326e+09 1.08648330e+09 1.08648334e+09
 1.08648338e+09 1.08648342e+09 1.08648346e+09 1.08648350e+09
 1.08648354e+09 1.08648358e+09 1.08648362e+09 1.08648366e+09
 1.08648370e+09 1.08648374e+09 1.08648378e+09 1.08648382e+09
 1.08648386e+09 1.08648391e+09 1.08648395e+09 1.08648399e+09
 1.08648403e+09 1.08648407e+09 1.08648411e+09 1.08648415e+09
 1.08648419e+09 1.08648423e+09 1.08648427e+09 1.08648431e+09
 1.08648435e+09 1.08648439e+09 1.08648443e+09 1.08648447e+09
 1.08648451e+09 1.08648455e+09 1.08648459e+09 1.08648463e+09
 1.08648468e+09 1.08648472e+09 1.08648476e+09 1.08648480e+09
 1.08648484e+09 1.08648488e+09 1.08648492e+09 1.08648496e+09
 1.08648500e+09 1.08648504e+09 1.08648508e+09 1.08648512e+09
 1.08648516e+09 1.08648520e+09 1.08648524e+09 1.08648528e+09
 1.08648532e+09 1.08648536e+09 1.08648540e+09 1.08648545e+09
 1.08648549e+09 1.08648553e+09 1.08648557e+09 1.08648561e+09
 1.08648565e+09 1.08648569e+09 1.08648573e+09 1.08648577e+09
 1.08648581e+09 1.08648585e+09 1.08648589e+09 1.08648593e+09
 1.08648597e+09 1.08648601e+09 1.08648605e+09 1.08648609e+09
 1.08648613e+09 1.08648617e+09 1.08648622e+09 1.08648626e+09
 1.08648630e+09 1.08648634e+09 1.08648638e+09 1.08648642e+09
 1.08648646e+09 1.08648650e+09 1.08648654e+09 1.08648658e+09
 1.08648662e+09 1.08648666e+09 1.08648670e+09 1.08648674e+09
 1.08648678e+09 1.08648682e+09 1.08648686e+09 1.08648690e+09
 1.08648694e+09 1.08648699e+09 1.08648703e+09 1.08648707e+09
 1.08648711e+09 1.08648715e+09 1.08648719e+09 1.08648723e+09
 1.08648727e+09 1.08648731e+09 1.08648735e+09 1.08648739e+09
 1.08648743e+09 1.08648747e+09 1.08648751e+09 1.08648755e+09
 1.08648759e+09 1.08648763e+09 1.08648767e+09 1.08648771e+09
 1.08648776e+09 1.08648780e+09 1.08648784e+09 1.08648788e+09
 1.08648792e+09 1.08648796e+09 1.08648800e+09 1.08648804e+09
 1.08648808e+09 1.08648812e+09 1.08648816e+09 1.08648820e+09
 1.08648824e+09 1.08648828e+09 1.08648832e+09 1.08648836e+09
 1.08648840e+09 1.08648844e+09 1.08648849e+09 1.08648853e+09
 1.08648857e+09 1.08648861e+09 1.08648865e+09 1.08648869e+09
 1.08648873e+09 1.08648877e+09 1.08648881e+09 1.08648885e+09
 1.08648889e+09 1.08648893e+09 1.08648897e+09 1.08648901e+09
 1.08648905e+09 1.08648909e+09 1.08648913e+09 1.08648917e+09
 1.08648921e+09 1.08648926e+09 1.08648930e+09 1.08648934e+09
 1.08648938e+09 1.08648942e+09 1.08648946e+09 1.08648950e+09
 1.08648954e+09 1.08648958e+09 1.08648962e+09 1.08648966e+09
 1.08648970e+09 1.08648974e+09 1.08648978e+09 1.08648982e+09
 1.08648986e+09 1.08648990e+09 1.08648994e+09 1.08648998e+09
 1.08649003e+09 1.08649007e+09 1.08649011e+09 1.08649015e+09
 1.08649019e+09 1.08649023e+09 1.08649027e+09 1.08649031e+09
 1.08649035e+09 1.08649039e+09 1.08649043e+09 1.08649047e+09
 1.08649051e+09 1.08649055e+09 1.08649059e+09 1.08649063e+09
 1.08649067e+09 1.08649071e+09 1.08649075e+09 1.08649080e+09
 1.08649084e+09 1.08649088e+09 1.08649092e+09 1.08649096e+09
 1.08649100e+09 1.08649104e+09 1.08649108e+09 1.08649112e+09
 1.08649116e+09 1.08649120e+09 1.08649124e+09 1.08649128e+09
 1.08649132e+09 1.08649136e+09 1.08649140e+09 1.08649144e+09
 1.08649148e+09 1.08649152e+09 1.08649157e+09 1.08649161e+09
 1.08649165e+09 1.08649169e+09 1.08649173e+09 1.08649177e+09
 1.08649181e+09 1.08649185e+09 1.08649189e+09 1.08649193e+09
 1.08649197e+09 1.08649201e+09 1.08649205e+09 1.08649209e+09
 1.08649213e+09 1.08649217e+09 1.08649221e+09 1.08649225e+09
 1.08649229e+09 1.08649234e+09 1.08649238e+09 1.08649242e+09
 1.08649246e+09 1.08649250e+09 1.08649254e+09 1.08649258e+09
 1.08649262e+09 1.08649266e+09 1.08649270e+09 1.08649274e+09
 1.08649278e+09 1.08649282e+09 1.08649286e+09 1.08649290e+09
 1.08649294e+09 1.08649298e+09 1.08649302e+09 1.08649307e+09
 1.08649311e+09 1.08649315e+09 1.08649319e+09 1.08649323e+09
 1.08649327e+09 1.08649331e+09 1.08649335e+09 1.08649339e+09
 1.08649343e+09 1.08649347e+09 1.08649351e+09 1.08649355e+09
 1.08649359e+09 1.08649363e+09 1.08649367e+09 1.08649371e+09
 1.08649375e+09 1.08649379e+09 1.08649384e+09 1.08649388e+09
 1.08649392e+09 1.08649396e+09 1.08649400e+09 1.08649404e+09
 1.08649408e+09 1.08649412e+09 1.08649416e+09 1.08649420e+09
 1.08649424e+09 1.08649428e+09 1.08649432e+09 1.08649436e+09
 1.08649440e+09 1.08649444e+09 1.08649448e+09 1.08649452e+09
 1.08649456e+09 1.08649461e+09 1.08649465e+09 1.08649469e+09
 1.08649473e+09 1.08649477e+09 1.08649481e+09 1.08649485e+09
 1.08649489e+09 1.08649493e+09 1.08649497e+09 1.08649501e+09
 1.08649505e+09 1.08649509e+09 1.08649513e+09 1.08649517e+09
 1.08649521e+09 1.08649525e+09 1.08649529e+09 1.08649533e+09
 1.08649538e+09 1.08649542e+09 1.08649546e+09 1.08649550e+09
 1.08649554e+09 1.08649558e+09 1.08649562e+09 1.08649566e+09
 1.08649570e+09 1.08649574e+09 1.08649578e+09 1.08649582e+09
 1.08649586e+09 1.08649590e+09 1.08649594e+09 1.08649598e+09
 1.08649602e+09 1.08649606e+09 1.08649610e+09 1.08649615e+09
 1.08649619e+09 1.08649623e+09 1.08649627e+09 1.08649631e+09
 1.08649635e+09 1.08649639e+09 1.08649643e+09 1.08649647e+09
 1.08649651e+09 1.08649655e+09 1.08649659e+09 1.08649663e+09
 1.08649667e+09 1.08649671e+09 1.08649675e+09 1.08649679e+09
 1.08649683e+09 1.08649688e+09 1.08649692e+09 1.08649696e+09
 1.08649700e+09 1.08649704e+09 1.08649708e+09 1.08649712e+09
 1.08649716e+09 1.08649720e+09 1.08649724e+09 1.08649728e+09
 1.08649732e+09 1.08649736e+09 1.08649740e+09 1.08649744e+09
 1.08649748e+09 1.08649752e+09 1.08649756e+09 1.08649760e+09
 1.08649765e+09 1.08649769e+09 1.08649773e+09 1.08649777e+09
 1.08649781e+09 1.08649785e+09 1.08649789e+09 1.08649793e+09
 1.08649797e+09 1.08649801e+09 1.08649805e+09 1.08649809e+09
 1.08649813e+09 1.08649817e+09 1.08649821e+09 1.08649825e+09
 1.08649829e+09 1.08649833e+09 1.08649837e+09 1.08649842e+09
 1.08649846e+09 1.08649850e+09 1.08649854e+09 1.08649858e+09
 1.08649862e+09 1.08649866e+09 1.08649870e+09 1.08649874e+09
 1.08649878e+09 1.08649882e+09 1.08649886e+09 1.08649890e+09
 1.08649894e+09 1.08649898e+09 1.08649902e+09 1.08649906e+09
 1.08649910e+09 1.08649914e+09 1.08649919e+09 1.08649923e+09
 1.08649927e+09 1.08649931e+09 1.08649935e+09 1.08649939e+09
 1.08649943e+09 1.08649947e+09 1.08649951e+09 1.08649955e+09
 1.08649959e+09 1.08649963e+09 1.08649967e+09 1.08649971e+09
 1.08649975e+09 1.08649979e+09 1.08649983e+09 1.08649987e+09
 1.08649991e+09 1.08649996e+09 1.08650000e+09 1.08650004e+09
 1.08650008e+09 1.08650012e+09 1.08650016e+09 1.08650020e+09
 1.08650024e+09 1.08650028e+09 1.08650032e+09 1.08650036e+09
 1.08650040e+09 1.08650044e+09 1.08650048e+09 1.08650052e+09
 1.08650056e+09 1.08650060e+09 1.08650064e+09 1.08650068e+09
 1.08650073e+09 1.08650077e+09 1.08650081e+09 1.08650085e+09
 1.08650089e+09 1.08650093e+09 1.08650097e+09 1.08650101e+09
 1.08650105e+09 1.08650109e+09 1.08650113e+09 1.08650117e+09
 1.08650121e+09 1.08650125e+09 1.08650129e+09 1.08650133e+09
 1.08650137e+09 1.08650141e+09 1.08650146e+09 1.08650150e+09
 1.08650154e+09 1.08650158e+09 1.08650162e+09 1.08650166e+09
 1.08650170e+09 1.08650174e+09 1.08650178e+09 1.08650182e+09
 1.08650186e+09 1.08650190e+09 1.08650194e+09 1.08650198e+09
 1.08650202e+09 1.08650206e+09 1.08650210e+09 1.08650214e+09
 1.08650218e+09 1.08650223e+09 1.08650227e+09 1.08650231e+09
 1.08650235e+09 1.08650239e+09 1.08650243e+09 1.08650247e+09
 1.08650251e+09 1.08650255e+09 1.08650259e+09 1.08650263e+09
 1.08650267e+09 1.08650271e+09 1.08650275e+09 1.08650279e+09
 1.08650283e+09 1.08650287e+09 1.08650291e+09 1.08650295e+09
 1.08650300e+09 1.08650304e+09 1.08650308e+09 1.08650312e+09
 1.08650316e+09 1.08650320e+09 1.08650324e+09 1.08650328e+09
 1.08650332e+09 1.08650336e+09 1.08650340e+09 1.08650344e+09
 1.08650348e+09 1.08650352e+09 1.08650356e+09 1.08650360e+09
 1.08650364e+09 1.08650368e+09 1.08650372e+09 1.08650377e+09
 1.08650381e+09 1.08650385e+09 1.08650389e+09 1.08650393e+09
 1.08650397e+09 1.08650401e+09 1.08650405e+09 1.08650409e+09
 1.08650413e+09 1.08650417e+09 1.08650421e+09 1.08650425e+09
 1.08650429e+09 1.08650433e+09 1.08650437e+09 1.08650441e+09
 1.08650445e+09 1.08650449e+09 1.08650454e+09 1.08650458e+09
 1.08650462e+09 1.08650466e+09 1.08650470e+09 1.08650474e+09
 1.08650478e+09 1.08650482e+09 1.08650486e+09 1.08650490e+09]
minRes = 0.16986601666214596
minResTime = [1.08646567e+09]
Cov(t) = [100 100 100 100 100 100 100 100 100 100 100 100 100 100 100 100 100 100
 100 100 100 100 100 100 100 100 100 100 100 100 100 100 100 100 100 100
 100 100 100 100 100 100 100 100 100 100 100 100 100 100 100 100 100 100
 100 100 100 100 100 100 100 100 100 100 100 100 100 100 100 100 100 100
 100 100 100 100 100 100 100 100 100 100 100 100 100 100 100 100 100 100
 100 100 100 100 100 100 100 100 100 100 100 100 100 100 100 100 100 100
 100 100 100 100 100 100 100 100 100 100 100 100 100 100 100 100 100 100
 100 100 100 100 100 100 100 100 100 100 100 100 100 100 100 100 100 100
 100 100 100 100 100 100 100 100 100 100 100 100 100 100 100 100 100 100
 100 100 100 100 100 100 100 100 100 100 100 100 100 100 100 100 100 100
 100 100 100 100 100 100 100 100 100 100 100 100 100 100 100 100 100 100
 100 100 100 100 100 100 100 100 100 100 100 100 100 100 100 100 100 100
 100 100 100 100 100 100 100 100 100 100 100 100 100 100 100 100 100 100
 100 100 100 100 100 100 100 100 100 100 100 100 100 100 100 100 100 100
 100 100 100 100 100 100 100 100 100 100 100 100 100 100 100 100 100 100
 100 100 100 100 100 100 100 100 100 100 100 100 100 100 100 100 100 100
 100 100 100 100 100 100 100 100 100 100 100 100 100 100 100 100 100 100
 100 100 100 100 100 100 100 100 100 100 100 100 100 100 100 100 100 100
 100 100 100 100 100 100 100 100 100 100 100 100 100 100 100 100 100 100
 100 100 100 100 100 100 100 100 100 100 100 100 100 100 100 100 100 100
 100 100 100 100 100 100 100 100 100 100 100 100 100 100 100 100 100 100
 100 100 100 100 100 100 100 100 100 100 100 100 100 100 100 100 100 100
 100 100 100 100 100 100 100 100 100 100 100 100 100 100 100 100 100 100
 100 100 100 100 100 100 100 100 100 100 100 100 100 100 100 100 100 100
 100 100 100 100 100 100 100 100 100 100 100 100 100 100 100 100 100 100
 100 100 100 100 100 100 100 100 100 100 100 100 100 100 100 100 100 100
 100 100 100 100 100 100 100 100 100 100 100 100 100 100 100 100 100 100
 100 100 100 100 100 100 100 100 100 100 100 100 100 100 100 100 100 100
 100 100 100 100 100 100 100 100 100 100 100 100 100 100 100 100 100 100
 100 100 100 100 100 100 100 100 100 100 100 100 100 100 100 100 100 100
 100 100 100 100 100 100 100 100 100 100 100 100 100 100 100 100 100 100
 100 100 100 100 100 100 100 100 100 100 100 100 100 100 100 100 100 100
 100 100 100 100 100 100 100 100 100 100 100 100 100 100 100 100 100 100
 100 100 100 100 100 100 100 100 100 100 100 100 100 100 100 100 100 100
 100 100 100 100 100 100 100 100 100 100 100 100 100 100 100 100 100 100
 100 100 100 100 100 100 100 100 100 100 100 100 100 100 100 100 100 100
 100 100 100 100 100 100 100 100 100 100 100 100 100 100 100 100 100 100
 100 100 100 100 100 100 100 100 100 100 100 100 100 100 100 100 100 100
 100 100 100 100 100 100 100 100 100 100 100 100 100 100 100 100 100 100
 100 100 100 100 100 100 100 100 100 100 100 100 100 100 100 100 100 100
 100 100 100 100 100 100 100 100 100 100 100 100 100 100 100 100 100 100
 100 100 100 100 100 100 100 100 100 100 100 100 100 100 100 100 100 100
 100 100 100 100 100 100 100 100 100 100 100 100 100 100 100 100 100 100
 100 100 100 100 100 100 100 100 100 100 100 100 100 100 100 100 100 100
 100 100 100 100 100 100 100 100 100 100 100 100 100 100 100 100 100 100
 100 100 100 100 100 100 100 100 100 100 100 100 100 100 100 100 100 100
 100 100 100 100 100 100 100 100 100 100 100 100 100 100 100 100 100 100
 100 100 100 100 100 100 100 100 100 100 100 100 100 100 100 100 100 100
 100 100 100 100 100 100 100 100 100 100 100 100 100 100 100 100 100 100
 100 100 100 100 100 100 100 100 100 100 100 100 100 100 100 100 100 100
 100 100 100 100 100 100 100 100 100 100 100 100 100 100 100 100 100 100
 100 100 100 100 100 100 100 100 100 100 100 100 100 100 100 100 100 100
 100 100 100 100 100 100 100 100 100 100 100 100 100 100 100 100 100 100
 100 100 100 100 100 100 100 100 100 100 100 100 100 100 100 100 100 100
 100 100 100 100 100 100 100 100 100 100 100 100 100 100 100 100 100 100
 100 100 100 100 100 100 100 100 100 100]
maxCov = 100
maxCovTime = [1.08646441e+09 1.08646445e+09 1.08646449e+09 1.08646453e+09
 1.08646457e+09 1.08646461e+09 1.08646465e+09 1.08646469e+09
 1.08646473e+09 1.08646477e+09 1.08646481e+09 1.08646486e+09
 1.08646490e+09 1.08646494e+09 1.08646498e+09 1.08646502e+09
 1.08646506e+09 1.08646510e+09 1.08646514e+09 1.08646518e+09
 1.08646522e+09 1.08646526e+09 1.08646530e+09 1.08646534e+09
 1.08646538e+09 1.08646542e+09 1.08646546e+09 1.08646550e+09
 1.08646554e+09 1.08646558e+09 1.08646563e+09 1.08646567e+09
 1.08646571e+09 1.08646575e+09 1.08646579e+09 1.08646583e+09
 1.08646587e+09 1.08646591e+09 1.08646595e+09 1.08646599e+09
 1.08646603e+09 1.08646607e+09 1.08646611e+09 1.08646615e+09
 1.08646619e+09 1.08646623e+09 1.08646627e+09 1.08646631e+09
 1.08646636e+09 1.08646640e+09 1.08646644e+09 1.08646648e+09
 1.08646652e+09 1.08646656e+09 1.08646660e+09 1.08646664e+09
 1.08646668e+09 1.08646672e+09 1.08646676e+09 1.08646680e+09
 1.08646684e+09 1.08646688e+09 1.08646692e+09 1.08646696e+09
 1.08646700e+09 1.08646704e+09 1.08646708e+09 1.08646713e+09
 1.08646717e+09 1.08646721e+09 1.08646725e+09 1.08646729e+09
 1.08646733e+09 1.08646737e+09 1.08646741e+09 1.08646745e+09
 1.08646749e+09 1.08646753e+09 1.08646757e+09 1.08646761e+09
 1.08646765e+09 1.08646769e+09 1.08646773e+09 1.08646777e+09
 1.08646781e+09 1.08646785e+09 1.08646790e+09 1.08646794e+09
 1.08646798e+09 1.08646802e+09 1.08646806e+09 1.08646810e+09
 1.08646814e+09 1.08646818e+09 1.08646822e+09 1.08646826e+09
 1.08646830e+09 1.08646834e+09 1.08646838e+09 1.08646842e+09
 1.08646846e+09 1.08646850e+09 1.08646854e+09 1.08646858e+09
 1.08646862e+09 1.08646867e+09 1.08646871e+09 1.08646875e+09
 1.08646879e+09 1.08646883e+09 1.08646887e+09 1.08646891e+09
 1.08646895e+09 1.08646899e+09 1.08646903e+09 1.08646907e+09
 1.08646911e+09 1.08646915e+09 1.08646919e+09 1.08646923e+09
 1.08646927e+09 1.08646931e+09 1.08646935e+09 1.08646939e+09
 1.08646944e+09 1.08646948e+09 1.08646952e+09 1.08646956e+09
 1.08646960e+09 1.08646964e+09 1.08646968e+09 1.08646972e+09
 1.08646976e+09 1.08646980e+09 1.08646984e+09 1.08646988e+09
 1.08646992e+09 1.08646996e+09 1.08647000e+09 1.08647004e+09
 1.08647008e+09 1.08647012e+09 1.08647016e+09 1.08647021e+09
 1.08647025e+09 1.08647029e+09 1.08647033e+09 1.08647037e+09
 1.08647041e+09 1.08647045e+09 1.08647049e+09 1.08647053e+09
 1.08647057e+09 1.08647061e+09 1.08647065e+09 1.08647069e+09
 1.08647073e+09 1.08647077e+09 1.08647081e+09 1.08647085e+09
 1.08647089e+09 1.08647094e+09 1.08647098e+09 1.08647102e+09
 1.08647106e+09 1.08647110e+09 1.08647114e+09 1.08647118e+09
 1.08647122e+09 1.08647126e+09 1.08647130e+09 1.08647134e+09
 1.08647138e+09 1.08647142e+09 1.08647146e+09 1.08647150e+09
 1.08647154e+09 1.08647158e+09 1.08647162e+09 1.08647166e+09
 1.08647171e+09 1.08647175e+09 1.08647179e+09 1.08647183e+09
 1.08647187e+09 1.08647191e+09 1.08647195e+09 1.08647199e+09
 1.08647203e+09 1.08647207e+09 1.08647211e+09 1.08647215e+09
 1.08647219e+09 1.08647223e+09 1.08647227e+09 1.08647231e+09
 1.08647235e+09 1.08647239e+09 1.08647243e+09 1.08647248e+09
 1.08647252e+09 1.08647256e+09 1.08647260e+09 1.08647264e+09
 1.08647268e+09 1.08647272e+09 1.08647276e+09 1.08647280e+09
 1.08647284e+09 1.08647288e+09 1.08647292e+09 1.08647296e+09
 1.08647300e+09 1.08647304e+09 1.08647308e+09 1.08647312e+09
 1.08647316e+09 1.08647320e+09 1.08647325e+09 1.08647329e+09
 1.08647333e+09 1.08647337e+09 1.08647341e+09 1.08647345e+09
 1.08647349e+09 1.08647353e+09 1.08647357e+09 1.08647361e+09
 1.08647365e+09 1.08647369e+09 1.08647373e+09 1.08647377e+09
 1.08647381e+09 1.08647385e+09 1.08647389e+09 1.08647393e+09
 1.08647397e+09 1.08647402e+09 1.08647406e+09 1.08647410e+09
 1.08647414e+09 1.08647418e+09 1.08647422e+09 1.08647426e+09
 1.08647430e+09 1.08647434e+09 1.08647438e+09 1.08647442e+09
 1.08647446e+09 1.08647450e+09 1.08647454e+09 1.08647458e+09
 1.08647462e+09 1.08647466e+09 1.08647470e+09 1.08647475e+09
 1.08647479e+09 1.08647483e+09 1.08647487e+09 1.08647491e+09
 1.08647495e+09 1.08647499e+09 1.08647503e+09 1.08647507e+09
 1.08647511e+09 1.08647515e+09 1.08647519e+09 1.08647523e+09
 1.08647527e+09 1.08647531e+09 1.08647535e+09 1.08647539e+09
 1.08647543e+09 1.08647547e+09 1.08647552e+09 1.08647556e+09
 1.08647560e+09 1.08647564e+09 1.08647568e+09 1.08647572e+09
 1.08647576e+09 1.08647580e+09 1.08647584e+09 1.08647588e+09
 1.08647592e+09 1.08647596e+09 1.08647600e+09 1.08647604e+09
 1.08647608e+09 1.08647612e+09 1.08647616e+09 1.08647620e+09
 1.08647624e+09 1.08647629e+09 1.08647633e+09 1.08647637e+09
 1.08647641e+09 1.08647645e+09 1.08647649e+09 1.08647653e+09
 1.08647657e+09 1.08647661e+09 1.08647665e+09 1.08647669e+09
 1.08647673e+09 1.08647677e+09 1.08647681e+09 1.08647685e+09
 1.08647689e+09 1.08647693e+09 1.08647697e+09 1.08647701e+09
 1.08647706e+09 1.08647710e+09 1.08647714e+09 1.08647718e+09
 1.08647722e+09 1.08647726e+09 1.08647730e+09 1.08647734e+09
 1.08647738e+09 1.08647742e+09 1.08647746e+09 1.08647750e+09
 1.08647754e+09 1.08647758e+09 1.08647762e+09 1.08647766e+09
 1.08647770e+09 1.08647774e+09 1.08647778e+09 1.08647783e+09
 1.08647787e+09 1.08647791e+09 1.08647795e+09 1.08647799e+09
 1.08647803e+09 1.08647807e+09 1.08647811e+09 1.08647815e+09
 1.08647819e+09 1.08647823e+09 1.08647827e+09 1.08647831e+09
 1.08647835e+09 1.08647839e+09 1.08647843e+09 1.08647847e+09
 1.08647851e+09 1.08647855e+09 1.08647860e+09 1.08647864e+09
 1.08647868e+09 1.08647872e+09 1.08647876e+09 1.08647880e+09
 1.08647884e+09 1.08647888e+09 1.08647892e+09 1.08647896e+09
 1.08647900e+09 1.08647904e+09 1.08647908e+09 1.08647912e+09
 1.08647916e+09 1.08647920e+09 1.08647924e+09 1.08647928e+09
 1.08647933e+09 1.08647937e+09 1.08647941e+09 1.08647945e+09
 1.08647949e+09 1.08647953e+09 1.08647957e+09 1.08647961e+09
 1.08647965e+09 1.08647969e+09 1.08647973e+09 1.08647977e+09
 1.08647981e+09 1.08647985e+09 1.08647989e+09 1.08647993e+09
 1.08647997e+09 1.08648001e+09 1.08648005e+09 1.08648010e+09
 1.08648014e+09 1.08648018e+09 1.08648022e+09 1.08648026e+09
 1.08648030e+09 1.08648034e+09 1.08648038e+09 1.08648042e+09
 1.08648046e+09 1.08648050e+09 1.08648054e+09 1.08648058e+09
 1.08648062e+09 1.08648066e+09 1.08648070e+09 1.08648074e+09
 1.08648078e+09 1.08648082e+09 1.08648087e+09 1.08648091e+09
 1.08648095e+09 1.08648099e+09 1.08648103e+09 1.08648107e+09
 1.08648111e+09 1.08648115e+09 1.08648119e+09 1.08648123e+09
 1.08648127e+09 1.08648131e+09 1.08648135e+09 1.08648139e+09
 1.08648143e+09 1.08648147e+09 1.08648151e+09 1.08648155e+09
 1.08648159e+09 1.08648164e+09 1.08648168e+09 1.08648172e+09
 1.08648176e+09 1.08648180e+09 1.08648184e+09 1.08648188e+09
 1.08648192e+09 1.08648196e+09 1.08648200e+09 1.08648204e+09
 1.08648208e+09 1.08648212e+09 1.08648216e+09 1.08648220e+09
 1.08648224e+09 1.08648228e+09 1.08648232e+09 1.08648236e+09
 1.08648241e+09 1.08648245e+09 1.08648249e+09 1.08648253e+09
 1.08648257e+09 1.08648261e+09 1.08648265e+09 1.08648269e+09
 1.08648273e+09 1.08648277e+09 1.08648281e+09 1.08648285e+09
 1.08648289e+09 1.08648293e+09 1.08648297e+09 1.08648301e+09
 1.08648305e+09 1.08648309e+09 1.08648313e+09 1.08648318e+09
 1.08648322e+09 1.08648326e+09 1.08648330e+09 1.08648334e+09
 1.08648338e+09 1.08648342e+09 1.08648346e+09 1.08648350e+09
 1.08648354e+09 1.08648358e+09 1.08648362e+09 1.08648366e+09
 1.08648370e+09 1.08648374e+09 1.08648378e+09 1.08648382e+09
 1.08648386e+09 1.08648391e+09 1.08648395e+09 1.08648399e+09
 1.08648403e+09 1.08648407e+09 1.08648411e+09 1.08648415e+09
 1.08648419e+09 1.08648423e+09 1.08648427e+09 1.08648431e+09
 1.08648435e+09 1.08648439e+09 1.08648443e+09 1.08648447e+09
 1.08648451e+09 1.08648455e+09 1.08648459e+09 1.08648463e+09
 1.08648468e+09 1.08648472e+09 1.08648476e+09 1.08648480e+09
 1.08648484e+09 1.08648488e+09 1.08648492e+09 1.08648496e+09
 1.08648500e+09 1.08648504e+09 1.08648508e+09 1.08648512e+09
 1.08648516e+09 1.08648520e+09 1.08648524e+09 1.08648528e+09
 1.08648532e+09 1.08648536e+09 1.08648540e+09 1.08648545e+09
 1.08648549e+09 1.08648553e+09 1.08648557e+09 1.08648561e+09
 1.08648565e+09 1.08648569e+09 1.08648573e+09 1.08648577e+09
 1.08648581e+09 1.08648585e+09 1.08648589e+09 1.08648593e+09
 1.08648597e+09 1.08648601e+09 1.08648605e+09 1.08648609e+09
 1.08648613e+09 1.08648617e+09 1.08648622e+09 1.08648626e+09
 1.08648630e+09 1.08648634e+09 1.08648638e+09 1.08648642e+09
 1.08648646e+09 1.08648650e+09 1.08648654e+09 1.08648658e+09
 1.08648662e+09 1.08648666e+09 1.08648670e+09 1.08648674e+09
 1.08648678e+09 1.08648682e+09 1.08648686e+09 1.08648690e+09
 1.08648694e+09 1.08648699e+09 1.08648703e+09 1.08648707e+09
 1.08648711e+09 1.08648715e+09 1.08648719e+09 1.08648723e+09
 1.08648727e+09 1.08648731e+09 1.08648735e+09 1.08648739e+09
 1.08648743e+09 1.08648747e+09 1.08648751e+09 1.08648755e+09
 1.08648759e+09 1.08648763e+09 1.08648767e+09 1.08648771e+09
 1.08648776e+09 1.08648780e+09 1.08648784e+09 1.08648788e+09
 1.08648792e+09 1.08648796e+09 1.08648800e+09 1.08648804e+09
 1.08648808e+09 1.08648812e+09 1.08648816e+09 1.08648820e+09
 1.08648824e+09 1.08648828e+09 1.08648832e+09 1.08648836e+09
 1.08648840e+09 1.08648844e+09 1.08648849e+09 1.08648853e+09
 1.08648857e+09 1.08648861e+09 1.08648865e+09 1.08648869e+09
 1.08648873e+09 1.08648877e+09 1.08648881e+09 1.08648885e+09
 1.08648889e+09 1.08648893e+09 1.08648897e+09 1.08648901e+09
 1.08648905e+09 1.08648909e+09 1.08648913e+09 1.08648917e+09
 1.08648921e+09 1.08648926e+09 1.08648930e+09 1.08648934e+09
 1.08648938e+09 1.08648942e+09 1.08648946e+09 1.08648950e+09
 1.08648954e+09 1.08648958e+09 1.08648962e+09 1.08648966e+09
 1.08648970e+09 1.08648974e+09 1.08648978e+09 1.08648982e+09
 1.08648986e+09 1.08648990e+09 1.08648994e+09 1.08648998e+09
 1.08649003e+09 1.08649007e+09 1.08649011e+09 1.08649015e+09
 1.08649019e+09 1.08649023e+09 1.08649027e+09 1.08649031e+09
 1.08649035e+09 1.08649039e+09 1.08649043e+09 1.08649047e+09
 1.08649051e+09 1.08649055e+09 1.08649059e+09 1.08649063e+09
 1.08649067e+09 1.08649071e+09 1.08649075e+09 1.08649080e+09
 1.08649084e+09 1.08649088e+09 1.08649092e+09 1.08649096e+09
 1.08649100e+09 1.08649104e+09 1.08649108e+09 1.08649112e+09
 1.08649116e+09 1.08649120e+09 1.08649124e+09 1.08649128e+09
 1.08649132e+09 1.08649136e+09 1.08649140e+09 1.08649144e+09
 1.08649148e+09 1.08649152e+09 1.08649157e+09 1.08649161e+09
 1.08649165e+09 1.08649169e+09 1.08649173e+09 1.08649177e+09
 1.08649181e+09 1.08649185e+09 1.08649189e+09 1.08649193e+09
 1.08649197e+09 1.08649201e+09 1.08649205e+09 1.08649209e+09
 1.08649213e+09 1.08649217e+09 1.08649221e+09 1.08649225e+09
 1.08649229e+09 1.08649234e+09 1.08649238e+09 1.08649242e+09
 1.08649246e+09 1.08649250e+09 1.08649254e+09 1.08649258e+09
 1.08649262e+09 1.08649266e+09 1.08649270e+09 1.08649274e+09
 1.08649278e+09 1.08649282e+09 1.08649286e+09 1.08649290e+09
 1.08649294e+09 1.08649298e+09 1.08649302e+09 1.08649307e+09
 1.08649311e+09 1.08649315e+09 1.08649319e+09 1.08649323e+09
 1.08649327e+09 1.08649331e+09 1.08649335e+09 1.08649339e+09
 1.08649343e+09 1.08649347e+09 1.08649351e+09 1.08649355e+09
 1.08649359e+09 1.08649363e+09 1.08649367e+09 1.08649371e+09
 1.08649375e+09 1.08649379e+09 1.08649384e+09 1.08649388e+09
 1.08649392e+09 1.08649396e+09 1.08649400e+09 1.08649404e+09
 1.08649408e+09 1.08649412e+09 1.08649416e+09 1.08649420e+09
 1.08649424e+09 1.08649428e+09 1.08649432e+09 1.08649436e+09
 1.08649440e+09 1.08649444e+09 1.08649448e+09 1.08649452e+09
 1.08649456e+09 1.08649461e+09 1.08649465e+09 1.08649469e+09
 1.08649473e+09 1.08649477e+09 1.08649481e+09 1.08649485e+09
 1.08649489e+09 1.08649493e+09 1.08649497e+09 1.08649501e+09
 1.08649505e+09 1.08649509e+09 1.08649513e+09 1.08649517e+09
 1.08649521e+09 1.08649525e+09 1.08649529e+09 1.08649533e+09
 1.08649538e+09 1.08649542e+09 1.08649546e+09 1.08649550e+09
 1.08649554e+09 1.08649558e+09 1.08649562e+09 1.08649566e+09
 1.08649570e+09 1.08649574e+09 1.08649578e+09 1.08649582e+09
 1.08649586e+09 1.08649590e+09 1.08649594e+09 1.08649598e+09
 1.08649602e+09 1.08649606e+09 1.08649610e+09 1.08649615e+09
 1.08649619e+09 1.08649623e+09 1.08649627e+09 1.08649631e+09
 1.08649635e+09 1.08649639e+09 1.08649643e+09 1.08649647e+09
 1.08649651e+09 1.08649655e+09 1.08649659e+09 1.08649663e+09
 1.08649667e+09 1.08649671e+09 1.08649675e+09 1.08649679e+09
 1.08649683e+09 1.08649688e+09 1.08649692e+09 1.08649696e+09
 1.08649700e+09 1.08649704e+09 1.08649708e+09 1.08649712e+09
 1.08649716e+09 1.08649720e+09 1.08649724e+09 1.08649728e+09
 1.08649732e+09 1.08649736e+09 1.08649740e+09 1.08649744e+09
 1.08649748e+09 1.08649752e+09 1.08649756e+09 1.08649760e+09
 1.08649765e+09 1.08649769e+09 1.08649773e+09 1.08649777e+09
 1.08649781e+09 1.08649785e+09 1.08649789e+09 1.08649793e+09
 1.08649797e+09 1.08649801e+09 1.08649805e+09 1.08649809e+09
 1.08649813e+09 1.08649817e+09 1.08649821e+09 1.08649825e+09
 1.08649829e+09 1.08649833e+09 1.08649837e+09 1.08649842e+09
 1.08649846e+09 1.08649850e+09 1.08649854e+09 1.08649858e+09
 1.08649862e+09 1.08649866e+09 1.08649870e+09 1.08649874e+09
 1.08649878e+09 1.08649882e+09 1.08649886e+09 1.08649890e+09
 1.08649894e+09 1.08649898e+09 1.08649902e+09 1.08649906e+09
 1.08649910e+09 1.08649914e+09 1.08649919e+09 1.08649923e+09
 1.08649927e+09 1.08649931e+09 1.08649935e+09 1.08649939e+09
 1.08649943e+09 1.08649947e+09 1.08649951e+09 1.08649955e+09
 1.08649959e+09 1.08649963e+09 1.08649967e+09 1.08649971e+09
 1.08649975e+09 1.08649979e+09 1.08649983e+09 1.08649987e+09
 1.08649991e+09 1.08649996e+09 1.08650000e+09 1.08650004e+09
 1.08650008e+09 1.08650012e+09 1.08650016e+09 1.08650020e+09
 1.08650024e+09 1.08650028e+09 1.08650032e+09 1.08650036e+09
 1.08650040e+09 1.08650044e+09 1.08650048e+09 1.08650052e+09
 1.08650056e+09 1.08650060e+09 1.08650064e+09 1.08650068e+09
 1.08650073e+09 1.08650077e+09 1.08650081e+09 1.08650085e+09
 1.08650089e+09 1.08650093e+09 1.08650097e+09 1.08650101e+09
 1.08650105e+09 1.08650109e+09 1.08650113e+09 1.08650117e+09
 1.08650121e+09 1.08650125e+09 1.08650129e+09 1.08650133e+09
 1.08650137e+09 1.08650141e+09 1.08650146e+09 1.08650150e+09
 1.08650154e+09 1.08650158e+09 1.08650162e+09 1.08650166e+09
 1.08650170e+09 1.08650174e+09 1.08650178e+09 1.08650182e+09
 1.08650186e+09 1.08650190e+09 1.08650194e+09 1.08650198e+09
 1.08650202e+09 1.08650206e+09 1.08650210e+09 1.08650214e+09
 1.08650218e+09 1.08650223e+09 1.08650227e+09 1.08650231e+09
 1.08650235e+09 1.08650239e+09 1.08650243e+09 1.08650247e+09
 1.08650251e+09 1.08650255e+09 1.08650259e+09 1.08650263e+09
 1.08650267e+09 1.08650271e+09 1.08650275e+09 1.08650279e+09
 1.08650283e+09 1.08650287e+09 1.08650291e+09 1.08650295e+09
 1.08650300e+09 1.08650304e+09 1.08650308e+09 1.08650312e+09
 1.08650316e+09 1.08650320e+09 1.08650324e+09 1.08650328e+09
 1.08650332e+09 1.08650336e+09 1.08650340e+09 1.08650344e+09
 1.08650348e+09 1.08650352e+09 1.08650356e+09 1.08650360e+09
 1.08650364e+09 1.08650368e+09 1.08650372e+09 1.08650377e+09
 1.08650381e+09 1.08650385e+09 1.08650389e+09 1.08650393e+09
 1.08650397e+09 1.08650401e+09 1.08650405e+09 1.08650409e+09
 1.08650413e+09 1.08650417e+09 1.08650421e+09 1.08650425e+09
 1.08650429e+09 1.08650433e+09 1.08650437e+09 1.08650441e+09
 1.08650445e+09 1.08650449e+09 1.08650454e+09 1.08650458e+09
 1.08650462e+09 1.08650466e+09 1.08650470e+09 1.08650474e+09
 1.08650478e+09 1.08650482e+09 1.08650486e+09 1.08650490e+09]
