name =JUICE_ROI_GAN_4_7_02
flyby = ['2034 JAN 14 06:38:51', '2034 JAN 15 06:38:51']
Observation TW = <SpiceCell dtype = 1, length = 0, size = 3200, card = 12, is_set = 1, adjust = 0, init = 1, base = 94275998147472, data = 94275998147520>
Res(t) = [0.11659126 0.11044221 0.1039041  0.09009884 0.08397882 0.08167951
 0.07581141 0.07193743 0.06985021 0.06731987 0.06389981 0.06276351
 0.06188568 0.06125683 0.06092632 0.06075501 0.06078188 0.06082831
 0.06125934 0.06202997 0.06210605 0.0629751  0.06331306 0.06387401
 0.06476051 0.06589599 0.06712596 0.06844763 0.06932995 0.07061997
 0.07218476 0.07291267 0.07428596 0.07518787 0.07636953 0.07732089
 0.07879194 0.08074711 0.08262047 0.08468874 0.08653852 0.08873295
 0.09098505 0.09307355 0.09457228 0.09604084 0.09781525 0.09943921
 0.10104624 0.10303402 0.10465899 0.10715549 0.1096873  0.11248135
 0.11508166 0.11793985 0.12074173 0.12346939 0.12622739 0.1291044
 0.13195414 0.13483365 0.13586358 0.13886114 0.14174494 0.14465299
 0.14758487 0.15072843 0.15228337 0.15338473 0.15628559 0.15920319
 0.16213711 0.16508697 0.16805242 0.17103313 0.17402883 0.17703926
 0.18006417 0.18310335 0.1861566  0.18922378 0.19230473 0.19539933
 0.19850748 0.20162911 0.20476416 0.20791258 0.21107436 0.2142495
 0.21743802 0.22063995 0.22385536 0.22708432 0.23032693 0.23358331
 0.23314038 0.23634953 0.23957231 0.2344159  0.2373831  0.24035569
 0.24825883 0.25141308 0.25457555 0.25774626 0.26092526 0.26411257
 0.26730824 0.26801519 0.2733405  0.27652016 0.27989461 0.28312771
 0.28636959 0.28962033 0.29288007 0.29614893 0.29942704 0.3129787
 0.31653717 0.32010953 0.32369601 0.32729687 0.33091239 0.33454285
 0.33818854 0.34184979 0.34552692 0.34922029 0.35293027 0.35665723
 0.36040159 0.36416377 0.34199003 0.34504537 0.34810071 0.351156
 0.35421119 0.35726624 0.36032111 0.36337576 0.36643015 0.36948424
 0.37253799 0.37559137 0.37864435 0.38169689 0.38474895 0.38780052
 0.39085155 0.39390202 0.39695189 0.40000115 0.40304976 0.4060977
 0.40914495 0.41219147 0.41523725 0.41828226 0.42132647 0.42436988
 0.42741245 0.43045417 0.43349501 0.43653497 0.43957401 0.44261212
 0.44564929 0.44868549 0.45172071 0.45475494 0.45778816 0.46082035
 0.4638515  0.4668816  0.46991062 0.47293857 0.47596543 0.47899117
 0.48201581 0.48503931 0.48806167 0.49108287 0.49410292 0.49712179
 0.50013949 0.50315599 0.50617128 0.50918537 0.51219824 0.51520989
 0.5182203  0.52122946 0.52423738 0.52724404 0.53024943 0.53325356
 0.5362564  0.53925797 0.54225824 0.54525721 0.54825489 0.55125125
 0.55424631 0.55724005 0.56023246 0.56322355 0.56621331 0.56920173
 0.57218882 0.57517456 0.57815895 0.58114199 0.58412368 0.58710401
 0.59008298 0.59306058 0.59603682 0.59901169 0.60198519 0.60495731
 0.60792806 0.61089743 0.61386542 0.61683202 0.61979724 0.62276108
 0.62572352 0.62868458 0.63164424 0.63460252 0.6375594  0.64051488
 0.64346898 0.64642167 0.64937297 0.65232287 0.65527137 0.65821848
 0.66116418 0.66410848 0.66705139 0.6699929  0.672933   0.67587171
 0.67880901 0.68174492 0.68467942 0.68761253 0.69054423 0.69347454
 0.69640345 0.69933096 0.70225708 0.70518179 0.70810511 0.71102704
 0.71394757 0.71686671 0.71978446 0.72270081 0.72561577 0.72852935
 0.73144153 0.73435233 0.73726174 0.74016976 0.7430764  0.74598166
 0.74888554 0.75178804 0.75468916 0.75758891 0.76048728 0.76338427
 0.76627989 0.76917415 0.77206703 0.77495855 0.7778487  0.78073749
 0.78362492 0.78651099 0.7893957  0.79227905 0.79516105 0.7980417
 0.800921   0.80379895 0.80667555 0.80955081 0.81242473 0.81529731
 0.81816855 0.82103846 0.82390703 0.82677427 0.82964018 0.83250477
 0.83536803 0.83822997 0.84109059 0.8439499  0.84680788 0.84966456
 0.85251992 0.85537398 0.85822673 0.86107818 0.86392833 0.86677718
 0.86962474 0.872471   0.87531597 0.87815966 0.88100206 0.88384317
 0.88668301 0.88952157 0.89235885 0.89519486 0.8980296  0.90086307
 0.90369528 0.90652623 0.90935592 0.91218435 0.91501152 0.91783745
 0.92066213 0.92348556 0.92630775 0.9291287  0.93194841 0.93476688
 0.93758413 0.94040014 0.94321493 0.94602849 0.94884084 0.95165196
 0.95446187 0.95727057 0.96007806 0.96288434 0.96568942 0.96849329
 0.97129597 0.97409745 0.97689774 0.97969684 0.98249475 0.98529148
 0.98808702 0.99088139 0.99367458 0.9964666  0.99925745 1.00204713
 1.00483565 1.00762301 1.01040921 1.01319425 1.01597814 1.01876088
 1.02154248 1.02432293 1.02710224 1.02988041 1.03265745 1.03543335
 1.03820812 1.04098177 1.0437543  1.0465257  1.04929599 1.05206516
 1.05483322 1.05760017 1.06036602 1.06313076 1.0658944  1.06865694
 1.07141839 1.07417875 1.07693802 1.07969621 1.08245331 1.08520933
 1.08796428 1.09071815 1.09347095 1.09622268 1.09897334 1.10172295
 1.10447149 1.10721898 1.10996542 1.1127108  1.11545514 1.11819843
 1.12094068 1.12368189 1.12642206 1.1291612  1.13189931 1.1346364
 1.13737245 1.14010749 1.14284151 1.14557451 1.1483065  1.15103748
 1.15376745 1.15649642 1.15922438 1.16195135 1.16467732 1.1674023
 1.17012628 1.17284928 1.1755713  1.17829234 1.18101239 1.18373147
 1.18644958 1.18916672 1.19188289 1.19459809 1.19731234 1.20002562
 1.20273795 1.20544933 1.20815975 1.21086923 1.21357776 1.21628536
 1.21899201 1.22169773 1.22440251 1.22710636 1.22980929 1.23251129
 1.23521237 1.23791253 1.24061177 1.2433101  1.24600751 1.24870402
 1.25139962 1.25409432 1.25678813 1.25948103 1.26217304 1.26486415
 1.26755438 1.27024372 1.27293218 1.27561976 1.27830646 1.28099228
 1.28367723 1.28636132 1.28904453 1.29172688 1.29440837 1.297089
 1.29976877 1.30244769 1.30512576 1.30780298 1.31047935 1.31315489
 1.31582958 1.31850343 1.32117645 1.32384864 1.32651999 1.32919052
 1.33186023 1.33452911 1.33719718 1.33986443 1.34253086 1.34519649
 1.3478613  1.35052531 1.35318852 1.35585092 1.35851253 1.36117334
 1.36383336 1.36649259 1.36915103 1.37180869 1.37446556 1.37712166
 1.37977698 1.38243152 1.38508529 1.38773829 1.39039052 1.39304199
 1.39569269 1.39834264 1.40099183 1.40364026 1.40628795 1.40893488
 1.41158107 1.41422651 1.41687121 1.41951517 1.42215839 1.42480088
 1.42744264 1.43008367 1.43272397 1.43536355 1.4380024  1.44064053
 1.44327795 1.44591466 1.44855065 1.45118593 1.4538205  1.45645437
 1.45908754 1.46172    1.46435177 1.46698284 1.46961322 1.47224291
 1.47487192 1.47750023 1.48012787 1.48275482 1.48538109 1.48800669
 1.49063161 1.49325587 1.49587945 1.49850237 1.50112462 1.50374621
 1.50636714 1.50898741 1.51160703 1.514226   1.51684432 1.51946198
 1.52207901 1.52469539 1.52731112 1.52992622 1.53254069 1.53515451
 1.53776771 1.54038028 1.54299222 1.54560353 1.54821423 1.5508243
 1.55343375 1.55604259 1.55865081 1.56125842 1.56386543 1.56647182
 1.56907762 1.5716828  1.57428739 1.57689138 1.57949478 1.58209758
 1.58469979 1.58730141 1.58990244 1.59250289 1.59510275 1.59770203
 1.60030074 1.60289887 1.60549643 1.60809341 1.61068982 1.61328567
 1.61588095 1.61847567 1.62106982 1.62366342 1.62625646 1.62884894
 1.63144087 1.63403226 1.63662309 1.63921338 1.64180312 1.64439232
 1.64698098 1.6495691  1.65215669 1.65474374 1.65733026 1.65991625
 1.66250171 1.66508665 1.66767106 1.67025495 1.67283832 1.67542118
 1.67800352 1.68058534 1.68316666 1.68574746 1.68832776 1.69090755
 1.69348684 1.69606563 1.69864392 1.70122171 1.703799   1.7063758
 1.70895211 1.71152793 1.71410327 1.71667812 1.71925248 1.72182636
 1.72439977 1.72697269 1.72954514 1.73211711 1.73468862 1.73725965
 1.73983022 1.74240032 1.74496995 1.74753912 1.75010783 1.75267609
 1.75524388 1.75781123 1.76037812 1.76294455 1.76551054 1.76807608
 1.77064118 1.77320583 1.77577004 1.77833381 1.78089715 1.78346004
 1.78602251 1.78858454 1.79114614 1.79370731 1.79626805 1.79882837
 1.80138826 1.80394774 1.80650679 1.80906543 1.81162365 1.81418145
 1.81673885 1.81929583 1.8218524  1.82440857 1.82696433 1.82951969
 1.83207464 1.8346292  1.83718335 1.83973711 1.84229047 1.84484345
 1.84739603 1.84994822 1.85250002 1.85505143 1.85760247 1.86015311
 1.86270338 1.86525327 1.86780278 1.87035191 1.87290067 1.87544906
 1.87799708 1.88054472 1.883092   1.88563892 1.88818547 1.89073165
 1.89327748 1.89582294 1.89836805 1.9009128  1.9034572  1.90600125
 1.90854494 1.91108829 1.91363128 1.91617393 1.91871624 1.9212582
 1.92379982 1.92634111 1.92888205 1.93142266 1.93396293 1.93650287
 1.93904247 1.94158175 1.9441207  1.94665932 1.94919761 1.95173558
 1.95427323 1.95681056 1.95934757 1.96188426 1.96442063 1.96695669
 1.96949244 1.97202787 1.974563   1.97709781 1.97963232 1.98216652
 1.98470042 1.98723402 1.98976731 1.99230031 1.99483301 1.99736541
 1.99989751 2.00242933 2.00496085 2.00749208 2.01002302 2.01255367
 2.01508403 2.01761412 2.02014391 2.02267343 2.02520267 2.02773162
 2.0302603  2.0327887  2.03531683 2.03784469 2.04037227 2.04289958
 2.04542662 2.0479534  2.05047991 2.05300615 2.05553213 2.05805785
 2.06058331 2.06310851 2.06563345 2.06815814 2.07068256 2.07320674
 2.07573066 2.07825433 2.08077776 2.08330093 2.08582386 2.08834654
 2.09086898 2.09339117 2.09591312 2.09843484 2.10095631 2.10347754
 2.10599854 2.10851931 2.11103984 2.11356014 2.1160802  2.11860004
 2.12111965 2.12363903 2.12615819 2.12867712 2.13119583 2.13371431
 2.13623257 2.13875062 2.14126845 2.14378606 2.14630345 2.14882063
 2.1513376  2.15385435 2.1563709  2.15888723 2.16140336 2.16391928
 2.16643499 2.1689505  2.17146581 2.17398091 2.17649581 2.17901052
 2.18152502 2.18403933 2.18655344 2.18906736 2.19158108 2.19409461
 2.19660795 2.1991211  2.20163406 2.20414683 2.20665941 2.20917181
 2.21168403 2.21419606 2.21670791 2.21921958 2.22173107 2.22424239
 2.22675352 2.22926448 2.23177526 2.23428587 2.23679631 2.23930657
 2.24181667 2.24432659 2.24683635 2.24934594 2.25185537 2.25436462
 2.25687372 2.25938265 2.26189142 2.26440003 2.26690848 2.26941677
 2.27192491 2.27443288 2.27694071 2.27944838 2.28195589 2.28446326
 2.28697047 2.28947753 2.29198444 2.29449121 2.29699783 2.2995043
 2.30201063 2.30451682 2.30702286 2.30952876 2.31203452 2.31454015
 2.31704563 2.31955097 2.32205618 2.32456126 2.3270662  2.329571
 2.33207568 2.33458022 2.33708463 2.33958891 2.34209306 2.34459709
 2.34710099 2.34960476 2.35210841 2.35461194 2.35711534 2.35961862
 2.36212178 2.36462482 2.36712774 2.36963055 2.37213323 2.37463581
 2.37713826 2.3796406  2.38214283 2.38464495 2.38714695 2.38964885
 2.39215063 2.39465231 2.39715388 2.39965534 2.4021567  2.40465795
 2.4071591  2.40966014 2.41216108 2.41466192 2.41716266 2.4196633
 2.42216385 2.42466429 2.42716464 2.42966489 2.43216504 2.43466511
 2.43716507 2.43966495 2.44216473 2.44466442 2.44716403 2.44966354
 2.45216296 2.4546623  2.45716155 2.45966072 2.4621598  2.46465879
 2.4671577  2.46965653 2.47215528 2.47465395 2.47715253 2.47965104
 2.48214947 2.48464782 2.48714609 2.48964429 2.49214241 2.49464046
 2.49713843 2.49963633 2.50213416 2.50463192 2.50712961 2.50962722
 2.51212477 2.51462225 2.51711966 2.519617   2.52211428 2.5246115
 2.52710864 2.52960573 2.53210275 2.53459971 2.53709661 2.53959344
 2.54209022 2.54458694 2.54708359 2.54958019 2.55207674 2.55457322
 2.55706966 2.55956603 2.56206235 2.56455862 2.56705483 2.56955099
 2.5720471  2.57454316 2.57703917 2.57953513 2.58203104 2.58452691
 2.58702272 2.58951849 2.59201421 2.59450989 2.59700552 2.59950111
 2.60199665 2.60449215 2.60698761 2.60948303 2.6119784  2.61447374
 2.61696903 2.61946429 2.62195951 2.62445469 2.62694983 2.62944494
 2.63194001 2.63443505 2.63693005 2.63942502 2.64191995 2.64441486
 2.64690973 2.64940456 2.65189937 2.65439415]
t = [1.07414835e+09 1.07414839e+09 1.07414843e+09 1.07414848e+09
 1.07414852e+09 1.07414856e+09 1.07414861e+09 1.07414865e+09
 1.07414870e+09 1.07414874e+09 1.07414878e+09 1.07414883e+09
 1.07414887e+09 1.07414891e+09 1.07414896e+09 1.07414900e+09
 1.07414904e+09 1.07414909e+09 1.07414913e+09 1.07414918e+09
 1.07414922e+09 1.07414926e+09 1.07414931e+09 1.07414935e+09
 1.07414939e+09 1.07414944e+09 1.07414948e+09 1.07414953e+09
 1.07414957e+09 1.07414961e+09 1.07414966e+09 1.07414970e+09
 1.07414974e+09 1.07414979e+09 1.07414983e+09 1.07414987e+09
 1.07414992e+09 1.07414996e+09 1.07415001e+09 1.07415005e+09
 1.07415009e+09 1.07415014e+09 1.07415018e+09 1.07415022e+09
 1.07415027e+09 1.07415031e+09 1.07415036e+09 1.07415040e+09
 1.07415044e+09 1.07415049e+09 1.07415053e+09 1.07415057e+09
 1.07415062e+09 1.07415066e+09 1.07415071e+09 1.07415075e+09
 1.07415079e+09 1.07415084e+09 1.07415088e+09 1.07415092e+09
 1.07415097e+09 1.07415101e+09 1.07415105e+09 1.07415110e+09
 1.07415114e+09 1.07415119e+09 1.07415123e+09 1.07415127e+09
 1.07415132e+09 1.07415136e+09 1.07415140e+09 1.07415145e+09
 1.07415149e+09 1.07415154e+09 1.07415158e+09 1.07415162e+09
 1.07415167e+09 1.07415171e+09 1.07415175e+09 1.07415180e+09
 1.07415184e+09 1.07415189e+09 1.07415193e+09 1.07415197e+09
 1.07415202e+09 1.07415206e+09 1.07415210e+09 1.07415215e+09
 1.07415219e+09 1.07415223e+09 1.07415228e+09 1.07415232e+09
 1.07415237e+09 1.07415241e+09 1.07415245e+09 1.07415250e+09
 1.07415254e+09 1.07415258e+09 1.07415263e+09 1.07415267e+09
 1.07415272e+09 1.07415276e+09 1.07415280e+09 1.07415285e+09
 1.07415289e+09 1.07415293e+09 1.07415298e+09 1.07415302e+09
 1.07415306e+09 1.07415311e+09 1.07415315e+09 1.07415320e+09
 1.07415324e+09 1.07415328e+09 1.07415333e+09 1.07415337e+09
 1.07415341e+09 1.07415346e+09 1.07415350e+09 1.07415355e+09
 1.07415359e+09 1.07415363e+09 1.07415368e+09 1.07415372e+09
 1.07415376e+09 1.07415381e+09 1.07415385e+09 1.07415390e+09
 1.07415394e+09 1.07415398e+09 1.07415403e+09 1.07415407e+09
 1.07415411e+09 1.07415416e+09 1.07415420e+09 1.07415424e+09
 1.07415429e+09 1.07415433e+09 1.07415438e+09 1.07415442e+09
 1.07415446e+09 1.07415451e+09 1.07415455e+09 1.07415459e+09
 1.07415464e+09 1.07415468e+09 1.07415473e+09 1.07415477e+09
 1.07415481e+09 1.07415486e+09 1.07415490e+09 1.07415494e+09
 1.07415499e+09 1.07415503e+09 1.07415508e+09 1.07415512e+09
 1.07415516e+09 1.07415521e+09 1.07415525e+09 1.07415529e+09
 1.07415534e+09 1.07415538e+09 1.07415542e+09 1.07415547e+09
 1.07415551e+09 1.07415556e+09 1.07415560e+09 1.07415564e+09
 1.07415569e+09 1.07415573e+09 1.07415577e+09 1.07415582e+09
 1.07415586e+09 1.07415591e+09 1.07415595e+09 1.07415599e+09
 1.07415604e+09 1.07415608e+09 1.07415612e+09 1.07415617e+09
 1.07415621e+09 1.07415625e+09 1.07415630e+09 1.07415634e+09
 1.07415639e+09 1.07415643e+09 1.07415647e+09 1.07415652e+09
 1.07415656e+09 1.07415660e+09 1.07415665e+09 1.07415669e+09
 1.07415674e+09 1.07415678e+09 1.07415682e+09 1.07415687e+09
 1.07415691e+09 1.07415695e+09 1.07415700e+09 1.07415704e+09
 1.07415709e+09 1.07415713e+09 1.07415717e+09 1.07415722e+09
 1.07415726e+09 1.07415730e+09 1.07415735e+09 1.07415739e+09
 1.07415743e+09 1.07415748e+09 1.07415752e+09 1.07415757e+09
 1.07415761e+09 1.07415765e+09 1.07415770e+09 1.07415774e+09
 1.07415778e+09 1.07415783e+09 1.07415787e+09 1.07415792e+09
 1.07415796e+09 1.07415800e+09 1.07415805e+09 1.07415809e+09
 1.07415813e+09 1.07415818e+09 1.07415822e+09 1.07415827e+09
 1.07415831e+09 1.07415835e+09 1.07415840e+09 1.07415844e+09
 1.07415848e+09 1.07415853e+09 1.07415857e+09 1.07415861e+09
 1.07415866e+09 1.07415870e+09 1.07415875e+09 1.07415879e+09
 1.07415883e+09 1.07415888e+09 1.07415892e+09 1.07415896e+09
 1.07415901e+09 1.07415905e+09 1.07415910e+09 1.07415914e+09
 1.07415918e+09 1.07415923e+09 1.07415927e+09 1.07415931e+09
 1.07415936e+09 1.07415940e+09 1.07415944e+09 1.07415949e+09
 1.07415953e+09 1.07415958e+09 1.07415962e+09 1.07415966e+09
 1.07415971e+09 1.07415975e+09 1.07415979e+09 1.07415984e+09
 1.07415988e+09 1.07415993e+09 1.07415997e+09 1.07416001e+09
 1.07416006e+09 1.07416010e+09 1.07416014e+09 1.07416019e+09
 1.07416023e+09 1.07416028e+09 1.07416032e+09 1.07416036e+09
 1.07416041e+09 1.07416045e+09 1.07416049e+09 1.07416054e+09
 1.07416058e+09 1.07416062e+09 1.07416067e+09 1.07416071e+09
 1.07416076e+09 1.07416080e+09 1.07416084e+09 1.07416089e+09
 1.07416093e+09 1.07416097e+09 1.07416102e+09 1.07416106e+09
 1.07416111e+09 1.07416115e+09 1.07416119e+09 1.07416124e+09
 1.07416128e+09 1.07416132e+09 1.07416137e+09 1.07416141e+09
 1.07416146e+09 1.07416150e+09 1.07416154e+09 1.07416159e+09
 1.07416163e+09 1.07416167e+09 1.07416172e+09 1.07416176e+09
 1.07416180e+09 1.07416185e+09 1.07416189e+09 1.07416194e+09
 1.07416198e+09 1.07416202e+09 1.07416207e+09 1.07416211e+09
 1.07416215e+09 1.07416220e+09 1.07416224e+09 1.07416229e+09
 1.07416233e+09 1.07416237e+09 1.07416242e+09 1.07416246e+09
 1.07416250e+09 1.07416255e+09 1.07416259e+09 1.07416263e+09
 1.07416268e+09 1.07416272e+09 1.07416277e+09 1.07416281e+09
 1.07416285e+09 1.07416290e+09 1.07416294e+09 1.07416298e+09
 1.07416303e+09 1.07416307e+09 1.07416312e+09 1.07416316e+09
 1.07416320e+09 1.07416325e+09 1.07416329e+09 1.07416333e+09
 1.07416338e+09 1.07416342e+09 1.07416347e+09 1.07416351e+09
 1.07416355e+09 1.07416360e+09 1.07416364e+09 1.07416368e+09
 1.07416373e+09 1.07416377e+09 1.07416381e+09 1.07416386e+09
 1.07416390e+09 1.07416395e+09 1.07416399e+09 1.07416403e+09
 1.07416408e+09 1.07416412e+09 1.07416416e+09 1.07416421e+09
 1.07416425e+09 1.07416430e+09 1.07416434e+09 1.07416438e+09
 1.07416443e+09 1.07416447e+09 1.07416451e+09 1.07416456e+09
 1.07416460e+09 1.07416464e+09 1.07416469e+09 1.07416473e+09
 1.07416478e+09 1.07416482e+09 1.07416486e+09 1.07416491e+09
 1.07416495e+09 1.07416499e+09 1.07416504e+09 1.07416508e+09
 1.07416513e+09 1.07416517e+09 1.07416521e+09 1.07416526e+09
 1.07416530e+09 1.07416534e+09 1.07416539e+09 1.07416543e+09
 1.07416548e+09 1.07416552e+09 1.07416556e+09 1.07416561e+09
 1.07416565e+09 1.07416569e+09 1.07416574e+09 1.07416578e+09
 1.07416582e+09 1.07416587e+09 1.07416591e+09 1.07416596e+09
 1.07416600e+09 1.07416604e+09 1.07416609e+09 1.07416613e+09
 1.07416617e+09 1.07416622e+09 1.07416626e+09 1.07416631e+09
 1.07416635e+09 1.07416639e+09 1.07416644e+09 1.07416648e+09
 1.07416652e+09 1.07416657e+09 1.07416661e+09 1.07416666e+09
 1.07416670e+09 1.07416674e+09 1.07416679e+09 1.07416683e+09
 1.07416687e+09 1.07416692e+09 1.07416696e+09 1.07416700e+09
 1.07416705e+09 1.07416709e+09 1.07416714e+09 1.07416718e+09
 1.07416722e+09 1.07416727e+09 1.07416731e+09 1.07416735e+09
 1.07416740e+09 1.07416744e+09 1.07416749e+09 1.07416753e+09
 1.07416757e+09 1.07416762e+09 1.07416766e+09 1.07416770e+09
 1.07416775e+09 1.07416779e+09 1.07416783e+09 1.07416788e+09
 1.07416792e+09 1.07416797e+09 1.07416801e+09 1.07416805e+09
 1.07416810e+09 1.07416814e+09 1.07416818e+09 1.07416823e+09
 1.07416827e+09 1.07416832e+09 1.07416836e+09 1.07416840e+09
 1.07416845e+09 1.07416849e+09 1.07416853e+09 1.07416858e+09
 1.07416862e+09 1.07416867e+09 1.07416871e+09 1.07416875e+09
 1.07416880e+09 1.07416884e+09 1.07416888e+09 1.07416893e+09
 1.07416897e+09 1.07416901e+09 1.07416906e+09 1.07416910e+09
 1.07416915e+09 1.07416919e+09 1.07416923e+09 1.07416928e+09
 1.07416932e+09 1.07416936e+09 1.07416941e+09 1.07416945e+09
 1.07416950e+09 1.07416954e+09 1.07416958e+09 1.07416963e+09
 1.07416967e+09 1.07416971e+09 1.07416976e+09 1.07416980e+09
 1.07416985e+09 1.07416989e+09 1.07416993e+09 1.07416998e+09
 1.07417002e+09 1.07417006e+09 1.07417011e+09 1.07417015e+09
 1.07417019e+09 1.07417024e+09 1.07417028e+09 1.07417033e+09
 1.07417037e+09 1.07417041e+09 1.07417046e+09 1.07417050e+09
 1.07417054e+09 1.07417059e+09 1.07417063e+09 1.07417068e+09
 1.07417072e+09 1.07417076e+09 1.07417081e+09 1.07417085e+09
 1.07417089e+09 1.07417094e+09 1.07417098e+09 1.07417102e+09
 1.07417107e+09 1.07417111e+09 1.07417116e+09 1.07417120e+09
 1.07417124e+09 1.07417129e+09 1.07417133e+09 1.07417137e+09
 1.07417142e+09 1.07417146e+09 1.07417151e+09 1.07417155e+09
 1.07417159e+09 1.07417164e+09 1.07417168e+09 1.07417172e+09
 1.07417177e+09 1.07417181e+09 1.07417186e+09 1.07417190e+09
 1.07417194e+09 1.07417199e+09 1.07417203e+09 1.07417207e+09
 1.07417212e+09 1.07417216e+09 1.07417220e+09 1.07417225e+09
 1.07417229e+09 1.07417234e+09 1.07417238e+09 1.07417242e+09
 1.07417247e+09 1.07417251e+09 1.07417255e+09 1.07417260e+09
 1.07417264e+09 1.07417269e+09 1.07417273e+09 1.07417277e+09
 1.07417282e+09 1.07417286e+09 1.07417290e+09 1.07417295e+09
 1.07417299e+09 1.07417304e+09 1.07417308e+09 1.07417312e+09
 1.07417317e+09 1.07417321e+09 1.07417325e+09 1.07417330e+09
 1.07417334e+09 1.07417338e+09 1.07417343e+09 1.07417347e+09
 1.07417352e+09 1.07417356e+09 1.07417360e+09 1.07417365e+09
 1.07417369e+09 1.07417373e+09 1.07417378e+09 1.07417382e+09
 1.07417387e+09 1.07417391e+09 1.07417395e+09 1.07417400e+09
 1.07417404e+09 1.07417408e+09 1.07417413e+09 1.07417417e+09
 1.07417421e+09 1.07417426e+09 1.07417430e+09 1.07417435e+09
 1.07417439e+09 1.07417443e+09 1.07417448e+09 1.07417452e+09
 1.07417456e+09 1.07417461e+09 1.07417465e+09 1.07417470e+09
 1.07417474e+09 1.07417478e+09 1.07417483e+09 1.07417487e+09
 1.07417491e+09 1.07417496e+09 1.07417500e+09 1.07417505e+09
 1.07417509e+09 1.07417513e+09 1.07417518e+09 1.07417522e+09
 1.07417526e+09 1.07417531e+09 1.07417535e+09 1.07417539e+09
 1.07417544e+09 1.07417548e+09 1.07417553e+09 1.07417557e+09
 1.07417561e+09 1.07417566e+09 1.07417570e+09 1.07417574e+09
 1.07417579e+09 1.07417583e+09 1.07417588e+09 1.07417592e+09
 1.07417596e+09 1.07417601e+09 1.07417605e+09 1.07417609e+09
 1.07417614e+09 1.07417618e+09 1.07417623e+09 1.07417627e+09
 1.07417631e+09 1.07417636e+09 1.07417640e+09 1.07417644e+09
 1.07417649e+09 1.07417653e+09 1.07417657e+09 1.07417662e+09
 1.07417666e+09 1.07417671e+09 1.07417675e+09 1.07417679e+09
 1.07417684e+09 1.07417688e+09 1.07417692e+09 1.07417697e+09
 1.07417701e+09 1.07417706e+09 1.07417710e+09 1.07417714e+09
 1.07417719e+09 1.07417723e+09 1.07417727e+09 1.07417732e+09
 1.07417736e+09 1.07417740e+09 1.07417745e+09 1.07417749e+09
 1.07417754e+09 1.07417758e+09 1.07417762e+09 1.07417767e+09
 1.07417771e+09 1.07417775e+09 1.07417780e+09 1.07417784e+09
 1.07417789e+09 1.07417793e+09 1.07417797e+09 1.07417802e+09
 1.07417806e+09 1.07417810e+09 1.07417815e+09 1.07417819e+09
 1.07417824e+09 1.07417828e+09 1.07417832e+09 1.07417837e+09
 1.07417841e+09 1.07417845e+09 1.07417850e+09 1.07417854e+09
 1.07417858e+09 1.07417863e+09 1.07417867e+09 1.07417872e+09
 1.07417876e+09 1.07417880e+09 1.07417885e+09 1.07417889e+09
 1.07417893e+09 1.07417898e+09 1.07417902e+09 1.07417907e+09
 1.07417911e+09 1.07417915e+09 1.07417920e+09 1.07417924e+09
 1.07417928e+09 1.07417933e+09 1.07417937e+09 1.07417942e+09
 1.07417946e+09 1.07417950e+09 1.07417955e+09 1.07417959e+09
 1.07417963e+09 1.07417968e+09 1.07417972e+09 1.07417976e+09
 1.07417981e+09 1.07417985e+09 1.07417990e+09 1.07417994e+09
 1.07417998e+09 1.07418003e+09 1.07418007e+09 1.07418011e+09
 1.07418016e+09 1.07418020e+09 1.07418025e+09 1.07418029e+09
 1.07418033e+09 1.07418038e+09 1.07418042e+09 1.07418046e+09
 1.07418051e+09 1.07418055e+09 1.07418059e+09 1.07418064e+09
 1.07418068e+09 1.07418073e+09 1.07418077e+09 1.07418081e+09
 1.07418086e+09 1.07418090e+09 1.07418094e+09 1.07418099e+09
 1.07418103e+09 1.07418108e+09 1.07418112e+09 1.07418116e+09
 1.07418121e+09 1.07418125e+09 1.07418129e+09 1.07418134e+09
 1.07418138e+09 1.07418143e+09 1.07418147e+09 1.07418151e+09
 1.07418156e+09 1.07418160e+09 1.07418164e+09 1.07418169e+09
 1.07418173e+09 1.07418177e+09 1.07418182e+09 1.07418186e+09
 1.07418191e+09 1.07418195e+09 1.07418199e+09 1.07418204e+09
 1.07418208e+09 1.07418212e+09 1.07418217e+09 1.07418221e+09
 1.07418226e+09 1.07418230e+09 1.07418234e+09 1.07418239e+09
 1.07418243e+09 1.07418247e+09 1.07418252e+09 1.07418256e+09
 1.07418261e+09 1.07418265e+09 1.07418269e+09 1.07418274e+09
 1.07418278e+09 1.07418282e+09 1.07418287e+09 1.07418291e+09
 1.07418295e+09 1.07418300e+09 1.07418304e+09 1.07418309e+09
 1.07418313e+09 1.07418317e+09 1.07418322e+09 1.07418326e+09
 1.07418330e+09 1.07418335e+09 1.07418339e+09 1.07418344e+09
 1.07418348e+09 1.07418352e+09 1.07418357e+09 1.07418361e+09
 1.07418365e+09 1.07418370e+09 1.07418374e+09 1.07418378e+09
 1.07418383e+09 1.07418387e+09 1.07418392e+09 1.07418396e+09
 1.07418400e+09 1.07418405e+09 1.07418409e+09 1.07418413e+09
 1.07418418e+09 1.07418422e+09 1.07418427e+09 1.07418431e+09
 1.07418435e+09 1.07418440e+09 1.07418444e+09 1.07418448e+09
 1.07418453e+09 1.07418457e+09 1.07418462e+09 1.07418466e+09
 1.07418470e+09 1.07418475e+09 1.07418479e+09 1.07418483e+09
 1.07418488e+09 1.07418492e+09 1.07418496e+09 1.07418501e+09
 1.07418505e+09 1.07418510e+09 1.07418514e+09 1.07418518e+09
 1.07418523e+09 1.07418527e+09 1.07418531e+09 1.07418536e+09
 1.07418540e+09 1.07418545e+09 1.07418549e+09 1.07418553e+09
 1.07418558e+09 1.07418562e+09 1.07418566e+09 1.07418571e+09
 1.07418575e+09 1.07418580e+09 1.07418584e+09 1.07418588e+09
 1.07418593e+09 1.07418597e+09 1.07418601e+09 1.07418606e+09
 1.07418610e+09 1.07418614e+09 1.07418619e+09 1.07418623e+09
 1.07418628e+09 1.07418632e+09 1.07418636e+09 1.07418641e+09
 1.07418645e+09 1.07418649e+09 1.07418654e+09 1.07418658e+09
 1.07418663e+09 1.07418667e+09 1.07418671e+09 1.07418676e+09
 1.07418680e+09 1.07418684e+09 1.07418689e+09 1.07418693e+09
 1.07418697e+09 1.07418702e+09 1.07418706e+09 1.07418711e+09
 1.07418715e+09 1.07418719e+09 1.07418724e+09 1.07418728e+09
 1.07418732e+09 1.07418737e+09 1.07418741e+09 1.07418746e+09
 1.07418750e+09 1.07418754e+09 1.07418759e+09 1.07418763e+09
 1.07418767e+09 1.07418772e+09 1.07418776e+09 1.07418781e+09
 1.07418785e+09 1.07418789e+09 1.07418794e+09 1.07418798e+09
 1.07418802e+09 1.07418807e+09 1.07418811e+09 1.07418815e+09
 1.07418820e+09 1.07418824e+09 1.07418829e+09 1.07418833e+09
 1.07418837e+09 1.07418842e+09 1.07418846e+09 1.07418850e+09
 1.07418855e+09 1.07418859e+09 1.07418864e+09 1.07418868e+09
 1.07418872e+09 1.07418877e+09 1.07418881e+09 1.07418885e+09
 1.07418890e+09 1.07418894e+09 1.07418898e+09 1.07418903e+09
 1.07418907e+09 1.07418912e+09 1.07418916e+09 1.07418920e+09
 1.07418925e+09 1.07418929e+09 1.07418933e+09 1.07418938e+09
 1.07418942e+09 1.07418947e+09 1.07418951e+09 1.07418955e+09
 1.07418960e+09 1.07418964e+09 1.07418968e+09 1.07418973e+09
 1.07418977e+09 1.07418982e+09 1.07418986e+09 1.07418990e+09
 1.07418995e+09 1.07418999e+09 1.07419003e+09 1.07419008e+09
 1.07419012e+09 1.07419016e+09 1.07419021e+09 1.07419025e+09
 1.07419030e+09 1.07419034e+09 1.07419038e+09 1.07419043e+09
 1.07419047e+09 1.07419051e+09 1.07419056e+09 1.07419060e+09
 1.07419065e+09 1.07419069e+09 1.07419073e+09 1.07419078e+09
 1.07419082e+09 1.07419086e+09 1.07419091e+09 1.07419095e+09
 1.07419100e+09 1.07419104e+09 1.07419108e+09 1.07419113e+09
 1.07419117e+09 1.07419121e+09 1.07419126e+09 1.07419130e+09
 1.07419134e+09 1.07419139e+09 1.07419143e+09 1.07419148e+09
 1.07419152e+09 1.07419156e+09 1.07419161e+09 1.07419165e+09
 1.07419169e+09 1.07419174e+09 1.07419178e+09 1.07419183e+09
 1.07419187e+09 1.07419191e+09 1.07419196e+09 1.07419200e+09]
minRes = 0.060755009398763125
minResTime = [1.074149e+09]
Cov(t) = [100 100 100 100 100 100 100 100 100 100 100 100 100 100 100 100 100 100
 100 100 100 100 100 100 100 100 100 100 100 100 100 100 100 100 100 100
 100 100 100 100 100 100 100 100 100 100 100 100 100 100 100 100 100 100
 100 100 100 100 100 100 100 100 100 100 100 100 100 100 100 100 100 100
 100 100 100 100 100 100 100 100 100 100 100 100 100 100 100 100 100 100
 100 100 100 100 100 100 100 100 100 100 100 100 100 100 100 100 100 100
 100 100 100 100 100 100 100 100 100 100 100 100 100 100 100 100 100 100
 100 100 100 100 100 100 100 100 100 100 100 100 100 100 100 100 100 100
 100 100 100 100 100 100 100 100 100 100 100 100 100 100 100 100 100 100
 100 100 100 100 100 100 100 100 100 100 100 100 100 100 100 100 100 100
 100 100 100 100 100 100 100 100 100 100 100 100 100 100 100 100 100 100
 100 100 100 100 100 100 100 100 100 100 100 100 100 100 100 100 100 100
 100 100 100 100 100 100 100 100 100 100 100 100 100 100 100 100 100 100
 100 100 100 100 100 100 100 100 100 100 100 100 100 100 100 100 100 100
 100 100 100 100 100 100 100 100 100 100 100 100 100 100 100 100 100 100
 100 100 100 100 100 100 100 100 100 100 100 100 100 100 100 100 100 100
 100 100 100 100 100 100 100 100 100 100 100 100 100 100 100 100 100 100
 100 100 100 100 100 100 100 100 100 100 100 100 100 100 100 100 100 100
 100 100 100 100 100 100 100 100 100 100 100 100 100 100 100 100 100 100
 100 100 100 100 100 100 100 100 100 100 100 100 100 100 100 100 100 100
 100 100 100 100 100 100 100 100 100 100 100 100 100 100 100 100 100 100
 100 100 100 100 100 100 100 100 100 100 100 100 100 100 100 100 100 100
 100 100 100 100 100 100 100 100 100 100 100 100 100 100 100 100 100 100
 100 100 100 100 100 100 100 100 100 100 100 100 100 100 100 100 100 100
 100 100 100 100 100 100 100 100 100 100 100 100 100 100 100 100 100 100
 100 100 100 100 100 100 100 100 100 100 100 100 100 100 100 100 100 100
 100 100 100 100 100 100 100 100 100 100 100 100 100 100 100 100 100 100
 100 100 100 100 100 100 100 100 100 100 100 100 100 100 100 100 100 100
 100 100 100 100 100 100 100 100 100 100 100 100 100 100 100 100 100 100
 100 100 100 100 100 100 100 100 100 100 100 100 100 100 100 100 100 100
 100 100 100 100 100 100 100 100 100 100 100 100 100 100 100 100 100 100
 100 100 100 100 100 100 100 100 100 100 100 100 100 100 100 100 100 100
 100 100 100 100 100 100 100 100 100 100 100 100 100 100 100 100 100 100
 100 100 100 100 100 100 100 100 100 100 100 100 100 100 100 100 100 100
 100 100 100 100 100 100 100 100 100 100 100 100 100 100 100 100 100 100
 100 100 100 100 100 100 100 100 100 100 100 100 100 100 100 100 100 100
 100 100 100 100 100 100 100 100 100 100 100 100 100 100 100 100 100 100
 100 100 100 100 100 100 100 100 100 100 100 100 100 100 100 100 100 100
 100 100 100 100 100 100 100 100 100 100 100 100 100 100 100 100 100 100
 100 100 100 100 100 100 100 100 100 100 100 100 100 100 100 100 100 100
 100 100 100 100 100 100 100 100 100 100 100 100 100 100 100 100 100 100
 100 100 100 100 100 100 100 100 100 100 100 100 100 100 100 100 100 100
 100 100 100 100 100 100 100 100 100 100 100 100 100 100 100 100 100 100
 100 100 100 100 100 100 100 100 100 100 100 100 100 100 100 100 100 100
 100 100 100 100 100 100 100 100 100 100 100 100 100 100 100 100 100 100
 100 100 100 100 100 100 100 100 100 100 100 100 100 100 100 100 100 100
 100 100 100 100 100 100 100 100 100 100 100 100 100 100 100 100 100 100
 100 100 100 100 100 100 100 100 100 100 100 100 100 100 100 100 100 100
 100 100 100 100 100 100 100 100 100 100 100 100 100 100 100 100 100 100
 100 100 100 100 100 100 100 100 100 100 100 100 100 100 100 100 100 100
 100 100 100 100 100 100 100 100 100 100 100 100 100 100 100 100 100 100
 100 100 100 100 100 100 100 100 100 100 100 100 100 100 100 100 100 100
 100 100 100 100 100 100 100 100 100 100 100 100 100 100 100 100 100 100
 100 100 100 100 100 100 100 100 100 100 100 100 100 100 100 100 100 100
 100 100 100 100 100 100 100 100 100 100 100 100 100 100 100 100 100 100
 100 100 100 100 100 100 100 100 100 100]
maxCov = 100
maxCovTime = [1.07414835e+09 1.07414839e+09 1.07414843e+09 1.07414848e+09
 1.07414852e+09 1.07414856e+09 1.07414861e+09 1.07414865e+09
 1.07414870e+09 1.07414874e+09 1.07414878e+09 1.07414883e+09
 1.07414887e+09 1.07414891e+09 1.07414896e+09 1.07414900e+09
 1.07414904e+09 1.07414909e+09 1.07414913e+09 1.07414918e+09
 1.07414922e+09 1.07414926e+09 1.07414931e+09 1.07414935e+09
 1.07414939e+09 1.07414944e+09 1.07414948e+09 1.07414953e+09
 1.07414957e+09 1.07414961e+09 1.07414966e+09 1.07414970e+09
 1.07414974e+09 1.07414979e+09 1.07414983e+09 1.07414987e+09
 1.07414992e+09 1.07414996e+09 1.07415001e+09 1.07415005e+09
 1.07415009e+09 1.07415014e+09 1.07415018e+09 1.07415022e+09
 1.07415027e+09 1.07415031e+09 1.07415036e+09 1.07415040e+09
 1.07415044e+09 1.07415049e+09 1.07415053e+09 1.07415057e+09
 1.07415062e+09 1.07415066e+09 1.07415071e+09 1.07415075e+09
 1.07415079e+09 1.07415084e+09 1.07415088e+09 1.07415092e+09
 1.07415097e+09 1.07415101e+09 1.07415105e+09 1.07415110e+09
 1.07415114e+09 1.07415119e+09 1.07415123e+09 1.07415127e+09
 1.07415132e+09 1.07415136e+09 1.07415140e+09 1.07415145e+09
 1.07415149e+09 1.07415154e+09 1.07415158e+09 1.07415162e+09
 1.07415167e+09 1.07415171e+09 1.07415175e+09 1.07415180e+09
 1.07415184e+09 1.07415189e+09 1.07415193e+09 1.07415197e+09
 1.07415202e+09 1.07415206e+09 1.07415210e+09 1.07415215e+09
 1.07415219e+09 1.07415223e+09 1.07415228e+09 1.07415232e+09
 1.07415237e+09 1.07415241e+09 1.07415245e+09 1.07415250e+09
 1.07415254e+09 1.07415258e+09 1.07415263e+09 1.07415267e+09
 1.07415272e+09 1.07415276e+09 1.07415280e+09 1.07415285e+09
 1.07415289e+09 1.07415293e+09 1.07415298e+09 1.07415302e+09
 1.07415306e+09 1.07415311e+09 1.07415315e+09 1.07415320e+09
 1.07415324e+09 1.07415328e+09 1.07415333e+09 1.07415337e+09
 1.07415341e+09 1.07415346e+09 1.07415350e+09 1.07415355e+09
 1.07415359e+09 1.07415363e+09 1.07415368e+09 1.07415372e+09
 1.07415376e+09 1.07415381e+09 1.07415385e+09 1.07415390e+09
 1.07415394e+09 1.07415398e+09 1.07415403e+09 1.07415407e+09
 1.07415411e+09 1.07415416e+09 1.07415420e+09 1.07415424e+09
 1.07415429e+09 1.07415433e+09 1.07415438e+09 1.07415442e+09
 1.07415446e+09 1.07415451e+09 1.07415455e+09 1.07415459e+09
 1.07415464e+09 1.07415468e+09 1.07415473e+09 1.07415477e+09
 1.07415481e+09 1.07415486e+09 1.07415490e+09 1.07415494e+09
 1.07415499e+09 1.07415503e+09 1.07415508e+09 1.07415512e+09
 1.07415516e+09 1.07415521e+09 1.07415525e+09 1.07415529e+09
 1.07415534e+09 1.07415538e+09 1.07415542e+09 1.07415547e+09
 1.07415551e+09 1.07415556e+09 1.07415560e+09 1.07415564e+09
 1.07415569e+09 1.07415573e+09 1.07415577e+09 1.07415582e+09
 1.07415586e+09 1.07415591e+09 1.07415595e+09 1.07415599e+09
 1.07415604e+09 1.07415608e+09 1.07415612e+09 1.07415617e+09
 1.07415621e+09 1.07415625e+09 1.07415630e+09 1.07415634e+09
 1.07415639e+09 1.07415643e+09 1.07415647e+09 1.07415652e+09
 1.07415656e+09 1.07415660e+09 1.07415665e+09 1.07415669e+09
 1.07415674e+09 1.07415678e+09 1.07415682e+09 1.07415687e+09
 1.07415691e+09 1.07415695e+09 1.07415700e+09 1.07415704e+09
 1.07415709e+09 1.07415713e+09 1.07415717e+09 1.07415722e+09
 1.07415726e+09 1.07415730e+09 1.07415735e+09 1.07415739e+09
 1.07415743e+09 1.07415748e+09 1.07415752e+09 1.07415757e+09
 1.07415761e+09 1.07415765e+09 1.07415770e+09 1.07415774e+09
 1.07415778e+09 1.07415783e+09 1.07415787e+09 1.07415792e+09
 1.07415796e+09 1.07415800e+09 1.07415805e+09 1.07415809e+09
 1.07415813e+09 1.07415818e+09 1.07415822e+09 1.07415827e+09
 1.07415831e+09 1.07415835e+09 1.07415840e+09 1.07415844e+09
 1.07415848e+09 1.07415853e+09 1.07415857e+09 1.07415861e+09
 1.07415866e+09 1.07415870e+09 1.07415875e+09 1.07415879e+09
 1.07415883e+09 1.07415888e+09 1.07415892e+09 1.07415896e+09
 1.07415901e+09 1.07415905e+09 1.07415910e+09 1.07415914e+09
 1.07415918e+09 1.07415923e+09 1.07415927e+09 1.07415931e+09
 1.07415936e+09 1.07415940e+09 1.07415944e+09 1.07415949e+09
 1.07415953e+09 1.07415958e+09 1.07415962e+09 1.07415966e+09
 1.07415971e+09 1.07415975e+09 1.07415979e+09 1.07415984e+09
 1.07415988e+09 1.07415993e+09 1.07415997e+09 1.07416001e+09
 1.07416006e+09 1.07416010e+09 1.07416014e+09 1.07416019e+09
 1.07416023e+09 1.07416028e+09 1.07416032e+09 1.07416036e+09
 1.07416041e+09 1.07416045e+09 1.07416049e+09 1.07416054e+09
 1.07416058e+09 1.07416062e+09 1.07416067e+09 1.07416071e+09
 1.07416076e+09 1.07416080e+09 1.07416084e+09 1.07416089e+09
 1.07416093e+09 1.07416097e+09 1.07416102e+09 1.07416106e+09
 1.07416111e+09 1.07416115e+09 1.07416119e+09 1.07416124e+09
 1.07416128e+09 1.07416132e+09 1.07416137e+09 1.07416141e+09
 1.07416146e+09 1.07416150e+09 1.07416154e+09 1.07416159e+09
 1.07416163e+09 1.07416167e+09 1.07416172e+09 1.07416176e+09
 1.07416180e+09 1.07416185e+09 1.07416189e+09 1.07416194e+09
 1.07416198e+09 1.07416202e+09 1.07416207e+09 1.07416211e+09
 1.07416215e+09 1.07416220e+09 1.07416224e+09 1.07416229e+09
 1.07416233e+09 1.07416237e+09 1.07416242e+09 1.07416246e+09
 1.07416250e+09 1.07416255e+09 1.07416259e+09 1.07416263e+09
 1.07416268e+09 1.07416272e+09 1.07416277e+09 1.07416281e+09
 1.07416285e+09 1.07416290e+09 1.07416294e+09 1.07416298e+09
 1.07416303e+09 1.07416307e+09 1.07416312e+09 1.07416316e+09
 1.07416320e+09 1.07416325e+09 1.07416329e+09 1.07416333e+09
 1.07416338e+09 1.07416342e+09 1.07416347e+09 1.07416351e+09
 1.07416355e+09 1.07416360e+09 1.07416364e+09 1.07416368e+09
 1.07416373e+09 1.07416377e+09 1.07416381e+09 1.07416386e+09
 1.07416390e+09 1.07416395e+09 1.07416399e+09 1.07416403e+09
 1.07416408e+09 1.07416412e+09 1.07416416e+09 1.07416421e+09
 1.07416425e+09 1.07416430e+09 1.07416434e+09 1.07416438e+09
 1.07416443e+09 1.07416447e+09 1.07416451e+09 1.07416456e+09
 1.07416460e+09 1.07416464e+09 1.07416469e+09 1.07416473e+09
 1.07416478e+09 1.07416482e+09 1.07416486e+09 1.07416491e+09
 1.07416495e+09 1.07416499e+09 1.07416504e+09 1.07416508e+09
 1.07416513e+09 1.07416517e+09 1.07416521e+09 1.07416526e+09
 1.07416530e+09 1.07416534e+09 1.07416539e+09 1.07416543e+09
 1.07416548e+09 1.07416552e+09 1.07416556e+09 1.07416561e+09
 1.07416565e+09 1.07416569e+09 1.07416574e+09 1.07416578e+09
 1.07416582e+09 1.07416587e+09 1.07416591e+09 1.07416596e+09
 1.07416600e+09 1.07416604e+09 1.07416609e+09 1.07416613e+09
 1.07416617e+09 1.07416622e+09 1.07416626e+09 1.07416631e+09
 1.07416635e+09 1.07416639e+09 1.07416644e+09 1.07416648e+09
 1.07416652e+09 1.07416657e+09 1.07416661e+09 1.07416666e+09
 1.07416670e+09 1.07416674e+09 1.07416679e+09 1.07416683e+09
 1.07416687e+09 1.07416692e+09 1.07416696e+09 1.07416700e+09
 1.07416705e+09 1.07416709e+09 1.07416714e+09 1.07416718e+09
 1.07416722e+09 1.07416727e+09 1.07416731e+09 1.07416735e+09
 1.07416740e+09 1.07416744e+09 1.07416749e+09 1.07416753e+09
 1.07416757e+09 1.07416762e+09 1.07416766e+09 1.07416770e+09
 1.07416775e+09 1.07416779e+09 1.07416783e+09 1.07416788e+09
 1.07416792e+09 1.07416797e+09 1.07416801e+09 1.07416805e+09
 1.07416810e+09 1.07416814e+09 1.07416818e+09 1.07416823e+09
 1.07416827e+09 1.07416832e+09 1.07416836e+09 1.07416840e+09
 1.07416845e+09 1.07416849e+09 1.07416853e+09 1.07416858e+09
 1.07416862e+09 1.07416867e+09 1.07416871e+09 1.07416875e+09
 1.07416880e+09 1.07416884e+09 1.07416888e+09 1.07416893e+09
 1.07416897e+09 1.07416901e+09 1.07416906e+09 1.07416910e+09
 1.07416915e+09 1.07416919e+09 1.07416923e+09 1.07416928e+09
 1.07416932e+09 1.07416936e+09 1.07416941e+09 1.07416945e+09
 1.07416950e+09 1.07416954e+09 1.07416958e+09 1.07416963e+09
 1.07416967e+09 1.07416971e+09 1.07416976e+09 1.07416980e+09
 1.07416985e+09 1.07416989e+09 1.07416993e+09 1.07416998e+09
 1.07417002e+09 1.07417006e+09 1.07417011e+09 1.07417015e+09
 1.07417019e+09 1.07417024e+09 1.07417028e+09 1.07417033e+09
 1.07417037e+09 1.07417041e+09 1.07417046e+09 1.07417050e+09
 1.07417054e+09 1.07417059e+09 1.07417063e+09 1.07417068e+09
 1.07417072e+09 1.07417076e+09 1.07417081e+09 1.07417085e+09
 1.07417089e+09 1.07417094e+09 1.07417098e+09 1.07417102e+09
 1.07417107e+09 1.07417111e+09 1.07417116e+09 1.07417120e+09
 1.07417124e+09 1.07417129e+09 1.07417133e+09 1.07417137e+09
 1.07417142e+09 1.07417146e+09 1.07417151e+09 1.07417155e+09
 1.07417159e+09 1.07417164e+09 1.07417168e+09 1.07417172e+09
 1.07417177e+09 1.07417181e+09 1.07417186e+09 1.07417190e+09
 1.07417194e+09 1.07417199e+09 1.07417203e+09 1.07417207e+09
 1.07417212e+09 1.07417216e+09 1.07417220e+09 1.07417225e+09
 1.07417229e+09 1.07417234e+09 1.07417238e+09 1.07417242e+09
 1.07417247e+09 1.07417251e+09 1.07417255e+09 1.07417260e+09
 1.07417264e+09 1.07417269e+09 1.07417273e+09 1.07417277e+09
 1.07417282e+09 1.07417286e+09 1.07417290e+09 1.07417295e+09
 1.07417299e+09 1.07417304e+09 1.07417308e+09 1.07417312e+09
 1.07417317e+09 1.07417321e+09 1.07417325e+09 1.07417330e+09
 1.07417334e+09 1.07417338e+09 1.07417343e+09 1.07417347e+09
 1.07417352e+09 1.07417356e+09 1.07417360e+09 1.07417365e+09
 1.07417369e+09 1.07417373e+09 1.07417378e+09 1.07417382e+09
 1.07417387e+09 1.07417391e+09 1.07417395e+09 1.07417400e+09
 1.07417404e+09 1.07417408e+09 1.07417413e+09 1.07417417e+09
 1.07417421e+09 1.07417426e+09 1.07417430e+09 1.07417435e+09
 1.07417439e+09 1.07417443e+09 1.07417448e+09 1.07417452e+09
 1.07417456e+09 1.07417461e+09 1.07417465e+09 1.07417470e+09
 1.07417474e+09 1.07417478e+09 1.07417483e+09 1.07417487e+09
 1.07417491e+09 1.07417496e+09 1.07417500e+09 1.07417505e+09
 1.07417509e+09 1.07417513e+09 1.07417518e+09 1.07417522e+09
 1.07417526e+09 1.07417531e+09 1.07417535e+09 1.07417539e+09
 1.07417544e+09 1.07417548e+09 1.07417553e+09 1.07417557e+09
 1.07417561e+09 1.07417566e+09 1.07417570e+09 1.07417574e+09
 1.07417579e+09 1.07417583e+09 1.07417588e+09 1.07417592e+09
 1.07417596e+09 1.07417601e+09 1.07417605e+09 1.07417609e+09
 1.07417614e+09 1.07417618e+09 1.07417623e+09 1.07417627e+09
 1.07417631e+09 1.07417636e+09 1.07417640e+09 1.07417644e+09
 1.07417649e+09 1.07417653e+09 1.07417657e+09 1.07417662e+09
 1.07417666e+09 1.07417671e+09 1.07417675e+09 1.07417679e+09
 1.07417684e+09 1.07417688e+09 1.07417692e+09 1.07417697e+09
 1.07417701e+09 1.07417706e+09 1.07417710e+09 1.07417714e+09
 1.07417719e+09 1.07417723e+09 1.07417727e+09 1.07417732e+09
 1.07417736e+09 1.07417740e+09 1.07417745e+09 1.07417749e+09
 1.07417754e+09 1.07417758e+09 1.07417762e+09 1.07417767e+09
 1.07417771e+09 1.07417775e+09 1.07417780e+09 1.07417784e+09
 1.07417789e+09 1.07417793e+09 1.07417797e+09 1.07417802e+09
 1.07417806e+09 1.07417810e+09 1.07417815e+09 1.07417819e+09
 1.07417824e+09 1.07417828e+09 1.07417832e+09 1.07417837e+09
 1.07417841e+09 1.07417845e+09 1.07417850e+09 1.07417854e+09
 1.07417858e+09 1.07417863e+09 1.07417867e+09 1.07417872e+09
 1.07417876e+09 1.07417880e+09 1.07417885e+09 1.07417889e+09
 1.07417893e+09 1.07417898e+09 1.07417902e+09 1.07417907e+09
 1.07417911e+09 1.07417915e+09 1.07417920e+09 1.07417924e+09
 1.07417928e+09 1.07417933e+09 1.07417937e+09 1.07417942e+09
 1.07417946e+09 1.07417950e+09 1.07417955e+09 1.07417959e+09
 1.07417963e+09 1.07417968e+09 1.07417972e+09 1.07417976e+09
 1.07417981e+09 1.07417985e+09 1.07417990e+09 1.07417994e+09
 1.07417998e+09 1.07418003e+09 1.07418007e+09 1.07418011e+09
 1.07418016e+09 1.07418020e+09 1.07418025e+09 1.07418029e+09
 1.07418033e+09 1.07418038e+09 1.07418042e+09 1.07418046e+09
 1.07418051e+09 1.07418055e+09 1.07418059e+09 1.07418064e+09
 1.07418068e+09 1.07418073e+09 1.07418077e+09 1.07418081e+09
 1.07418086e+09 1.07418090e+09 1.07418094e+09 1.07418099e+09
 1.07418103e+09 1.07418108e+09 1.07418112e+09 1.07418116e+09
 1.07418121e+09 1.07418125e+09 1.07418129e+09 1.07418134e+09
 1.07418138e+09 1.07418143e+09 1.07418147e+09 1.07418151e+09
 1.07418156e+09 1.07418160e+09 1.07418164e+09 1.07418169e+09
 1.07418173e+09 1.07418177e+09 1.07418182e+09 1.07418186e+09
 1.07418191e+09 1.07418195e+09 1.07418199e+09 1.07418204e+09
 1.07418208e+09 1.07418212e+09 1.07418217e+09 1.07418221e+09
 1.07418226e+09 1.07418230e+09 1.07418234e+09 1.07418239e+09
 1.07418243e+09 1.07418247e+09 1.07418252e+09 1.07418256e+09
 1.07418261e+09 1.07418265e+09 1.07418269e+09 1.07418274e+09
 1.07418278e+09 1.07418282e+09 1.07418287e+09 1.07418291e+09
 1.07418295e+09 1.07418300e+09 1.07418304e+09 1.07418309e+09
 1.07418313e+09 1.07418317e+09 1.07418322e+09 1.07418326e+09
 1.07418330e+09 1.07418335e+09 1.07418339e+09 1.07418344e+09
 1.07418348e+09 1.07418352e+09 1.07418357e+09 1.07418361e+09
 1.07418365e+09 1.07418370e+09 1.07418374e+09 1.07418378e+09
 1.07418383e+09 1.07418387e+09 1.07418392e+09 1.07418396e+09
 1.07418400e+09 1.07418405e+09 1.07418409e+09 1.07418413e+09
 1.07418418e+09 1.07418422e+09 1.07418427e+09 1.07418431e+09
 1.07418435e+09 1.07418440e+09 1.07418444e+09 1.07418448e+09
 1.07418453e+09 1.07418457e+09 1.07418462e+09 1.07418466e+09
 1.07418470e+09 1.07418475e+09 1.07418479e+09 1.07418483e+09
 1.07418488e+09 1.07418492e+09 1.07418496e+09 1.07418501e+09
 1.07418505e+09 1.07418510e+09 1.07418514e+09 1.07418518e+09
 1.07418523e+09 1.07418527e+09 1.07418531e+09 1.07418536e+09
 1.07418540e+09 1.07418545e+09 1.07418549e+09 1.07418553e+09
 1.07418558e+09 1.07418562e+09 1.07418566e+09 1.07418571e+09
 1.07418575e+09 1.07418580e+09 1.07418584e+09 1.07418588e+09
 1.07418593e+09 1.07418597e+09 1.07418601e+09 1.07418606e+09
 1.07418610e+09 1.07418614e+09 1.07418619e+09 1.07418623e+09
 1.07418628e+09 1.07418632e+09 1.07418636e+09 1.07418641e+09
 1.07418645e+09 1.07418649e+09 1.07418654e+09 1.07418658e+09
 1.07418663e+09 1.07418667e+09 1.07418671e+09 1.07418676e+09
 1.07418680e+09 1.07418684e+09 1.07418689e+09 1.07418693e+09
 1.07418697e+09 1.07418702e+09 1.07418706e+09 1.07418711e+09
 1.07418715e+09 1.07418719e+09 1.07418724e+09 1.07418728e+09
 1.07418732e+09 1.07418737e+09 1.07418741e+09 1.07418746e+09
 1.07418750e+09 1.07418754e+09 1.07418759e+09 1.07418763e+09
 1.07418767e+09 1.07418772e+09 1.07418776e+09 1.07418781e+09
 1.07418785e+09 1.07418789e+09 1.07418794e+09 1.07418798e+09
 1.07418802e+09 1.07418807e+09 1.07418811e+09 1.07418815e+09
 1.07418820e+09 1.07418824e+09 1.07418829e+09 1.07418833e+09
 1.07418837e+09 1.07418842e+09 1.07418846e+09 1.07418850e+09
 1.07418855e+09 1.07418859e+09 1.07418864e+09 1.07418868e+09
 1.07418872e+09 1.07418877e+09 1.07418881e+09 1.07418885e+09
 1.07418890e+09 1.07418894e+09 1.07418898e+09 1.07418903e+09
 1.07418907e+09 1.07418912e+09 1.07418916e+09 1.07418920e+09
 1.07418925e+09 1.07418929e+09 1.07418933e+09 1.07418938e+09
 1.07418942e+09 1.07418947e+09 1.07418951e+09 1.07418955e+09
 1.07418960e+09 1.07418964e+09 1.07418968e+09 1.07418973e+09
 1.07418977e+09 1.07418982e+09 1.07418986e+09 1.07418990e+09
 1.07418995e+09 1.07418999e+09 1.07419003e+09 1.07419008e+09
 1.07419012e+09 1.07419016e+09 1.07419021e+09 1.07419025e+09
 1.07419030e+09 1.07419034e+09 1.07419038e+09 1.07419043e+09
 1.07419047e+09 1.07419051e+09 1.07419056e+09 1.07419060e+09
 1.07419065e+09 1.07419069e+09 1.07419073e+09 1.07419078e+09
 1.07419082e+09 1.07419086e+09 1.07419091e+09 1.07419095e+09
 1.07419100e+09 1.07419104e+09 1.07419108e+09 1.07419113e+09
 1.07419117e+09 1.07419121e+09 1.07419126e+09 1.07419130e+09
 1.07419134e+09 1.07419139e+09 1.07419143e+09 1.07419148e+09
 1.07419152e+09 1.07419156e+09 1.07419161e+09 1.07419165e+09
 1.07419169e+09 1.07419174e+09 1.07419178e+09 1.07419183e+09
 1.07419187e+09 1.07419191e+09 1.07419196e+09 1.07419200e+09]
