name =JUICE_ROI_GAN_2_0_07
flyby = ['2034 NOV 18 09:58:51', '2034 NOV 19 09:58:51']
Observation TW = <SpiceCell dtype = 1, length = 0, size = 3200, card = 12, is_set = 1, adjust = 0, init = 1, base = 94906439568896, data = 94906439568944>
Res(t) = [0.49386419 0.49369212 0.49352095 0.4933507  0.49318137 0.49301294
 0.49284544 0.49267885 0.49251318 0.49234843 0.49218459 0.49202167
 0.49185968 0.4916986  0.49153844 0.49137921 0.49122089 0.4910635
 0.49090703 0.49075149 0.49059687 0.49044317 0.4902904  0.49013856
 0.48998764 0.48983765 0.48968859 0.48954045 0.48939324 0.48924697
 0.48910162 0.4889572  0.48881371 0.48867116 0.48852953 0.48838884
 0.48824908 0.48811025 0.48797236 0.4878354  0.48769938 0.48756429
 0.48743014 0.48729692 0.48716464 0.4870333  0.4869029  0.48677343
 0.4866449  0.48651731 0.48639066 0.48626495 0.48614018 0.48601635
 0.48589346 0.48577151 0.48565051 0.48553044 0.48541132 0.48529314
 0.48517591 0.48505962 0.48494427 0.48482987 0.48471642 0.48460391
 0.48449234 0.48438172 0.48427205 0.48416333 0.48405555 0.48394872
 0.48384283 0.4837379  0.48363391 0.48353088 0.48342879 0.48332765
 0.48322746 0.48312822 0.48302994 0.4829326  0.48283621 0.48274078
 0.48264629 0.48255276 0.48246018 0.48236856 0.48227788 0.48218816
 0.48209939 0.48201158 0.48192472 0.48183881 0.48175386 0.48166986
 0.48158682 0.48150473 0.48142359 0.48134342 0.48126419 0.48118593
 0.48110861 0.48103226 0.48095686 0.48088242 0.48080893 0.4807364
 0.48066483 0.48059421 0.48052455 0.48045585 0.48038811 0.48032132
 0.48025549 0.48019062 0.48012671 0.48006375 0.48000176 0.47994072
 0.47988064 0.47982152 0.47976336 0.47970615 0.47964991 0.47959462
 0.47954029 0.47948692 0.47943451 0.47938306 0.47933257 0.47928304
 0.47923447 0.47918685 0.4791402  0.4790945  0.47904977 0.47900599
 0.47896317 0.47892132 0.47888042 0.47884048 0.4788015  0.47876348
 0.47872642 0.47869031 0.47865517 0.47862099 0.47858776 0.47855549
 0.47852419 0.47849384 0.47846445 0.47843602 0.47840855 0.47838203
 0.47835648 0.47833188 0.47830824 0.47828556 0.47826384 0.47824308
 0.47822327 0.47820442 0.47818653 0.4781696  0.47815362 0.4781386
 0.47812454 0.47811143 0.47809929 0.47808809 0.47807786 0.47806858
 0.47806026 0.47805289 0.47804648 0.47804102 0.47803652 0.47803297
 0.47803038 0.47802874 0.47802806 0.47802833 0.47802955 0.47803173
 0.47803486 0.47803895 0.47804399 0.47804998 0.47805692 0.47806481
 0.47807366 0.47808346 0.47809421 0.47810591 0.47811856 0.47813216
 0.47814671 0.47816221 0.47817866 0.47819605 0.4782144  0.4782337
 0.47825394 0.47827513 0.47829727 0.47832035 0.47834438 0.47836936
 0.47839528 0.47842215 0.47844996 0.47847872 0.47850842 0.47853907
 0.47857066 0.47860319 0.47863667 0.47867108 0.47870644 0.47874274
 0.47877998 0.47881816 0.47885728 0.47889734 0.47893834 0.47898028
 0.47902316 0.47906697 0.47911172 0.47915741 0.47920403 0.47925159
 0.47930008 0.47934951 0.47939988 0.47945117 0.4795034  0.47955656
 0.47961066 0.47966568 0.47972164 0.47977853 0.47983634 0.47989509
 0.47995477 0.48001537 0.4800769  0.48013936 0.48020274 0.48026705
 0.48033229 0.48039845 0.48046553 0.48053354 0.48060247 0.48067232
 0.4807431  0.48081479 0.48088741 0.48096094 0.4810354  0.48111077
 0.48118706 0.48126427 0.48134239 0.48142143 0.48150139 0.48158226
 0.48166404 0.48174674 0.48183035 0.48191487 0.4820003  0.48208664
 0.4821739  0.48226206 0.48235113 0.4824411  0.48253198 0.48262377
 0.48271647 0.48281007 0.48290457 0.48299998 0.48309628 0.48319349
 0.4832916  0.48339062 0.48349053 0.48359133 0.48369304 0.48379564
 0.48389914 0.48400354 0.48410882 0.48421501 0.48432208 0.48443005
 0.48453891 0.48464866 0.4847593  0.48487082 0.48498324 0.48509654
 0.48521073 0.48532581 0.48544176 0.48555861 0.48567633 0.48579494
 0.48591443 0.4860348  0.48615605 0.48627817 0.48640118 0.48652506
 0.48664982 0.48677545 0.48690196 0.48702934 0.48715759 0.48728671
 0.4874167  0.48754757 0.4876793  0.4878119  0.48794536 0.4880797
 0.48821489 0.48835095 0.48848788 0.48862566 0.48876431 0.48890381
 0.48904418 0.4891854  0.48932748 0.48947042 0.48961421 0.48975886
 0.48990436 0.49005071 0.49019791 0.49034597 0.49049487 0.49064462
 0.49079522 0.49094666 0.49109895 0.49125208 0.49140606 0.49156088
 0.49171654 0.49187303 0.49203037 0.49218855 0.49234756 0.49250741
 0.4926681  0.49282961 0.49299196 0.49315514 0.49331916 0.493484
 0.49364967 0.49381617 0.49398349 0.49415164 0.49432061 0.49449041
 0.49466103 0.49483247 0.49500472 0.4951778  0.49535169 0.49552641
 0.49570193 0.49587827 0.49605543 0.49623339 0.49641217 0.49659175
 0.49677215 0.49695335 0.49713536 0.49731817 0.49750179 0.4976862
 0.49787143 0.49805745 0.49824427 0.49843189 0.49862031 0.49880952
 0.49899953 0.49919033 0.49938192 0.4995743  0.49976748 0.49996144
 0.50015619 0.50035173 0.50054805 0.50074516 0.50094305 0.50114172
 0.50134117 0.5015414  0.50174241 0.5019442  0.50214676 0.5023501
 0.50255421 0.50275909 0.50296474 0.50317116 0.50337835 0.50358631
 0.50379503 0.50400452 0.50421477 0.50442579 0.50463756 0.5048501
 0.50506339 0.50527744 0.50549225 0.50570781 0.50592412 0.50614119
 0.50635901 0.50657758 0.50679689 0.50701696 0.50723777 0.50745932
 0.50768162 0.50790466 0.50812844 0.50835296 0.50857822 0.50880422
 0.50903095 0.50925841 0.50948661 0.50971554 0.50994521 0.5101756
 0.51040672 0.51063856 0.51087113 0.51110443 0.51133845 0.51157319
 0.51180865 0.51204483 0.51228173 0.51251934 0.51275767 0.51299671
 0.51323647 0.51347693 0.51371811 0.51395999 0.51420259 0.51444588
 0.51468989 0.51493459 0.51518    0.51542611 0.51567291 0.51592042
 0.51616862 0.51641752 0.51666711 0.51691739 0.51716837 0.51742003
 0.51767239 0.51792543 0.51817915 0.51843356 0.51868866 0.51894444
 0.51920089 0.51945803 0.51971584 0.51997433 0.5202335  0.52049334
 0.52075385 0.52101503 0.52127689 0.52153941 0.5218026  0.52206645
 0.52233097 0.52259615 0.522862   0.5231285  0.52339566 0.52366348
 0.52393196 0.52420109 0.52447088 0.52474131 0.5250124  0.52528414
 0.52555653 0.52582956 0.52610324 0.52637756 0.52665252 0.52692813
 0.52720437 0.52748126 0.52775878 0.52803693 0.52831573 0.52859515
 0.52887521 0.52915589 0.52943721 0.52971915 0.53000172 0.53028491
 0.53056873 0.53085317 0.53113823 0.53142391 0.53171021 0.53199712
 0.53228465 0.53257279 0.53286155 0.53315092 0.53344089 0.53373148
 0.53402267 0.53431447 0.53460687 0.53489987 0.53519348 0.53548768
 0.53578249 0.53607789 0.53637389 0.53667048 0.53696767 0.53726544
 0.53756381 0.53786277 0.53816231 0.53846244 0.53876316 0.53906446
 0.53936634 0.5396688  0.53997185 0.54027547 0.54057966 0.54088444
 0.54118978 0.5414957  0.54180219 0.54210925 0.54241688 0.54272508
 0.54303384 0.54334316 0.54365305 0.5439635  0.54427451 0.54458608
 0.54489821 0.54521089 0.54552413 0.54583792 0.54615227 0.54646716
 0.5467826  0.5470986  0.54741513 0.54773222 0.54804984 0.54836801
 0.54868672 0.54900597 0.54932576 0.54964609 0.54996695 0.55028835
 0.55061028 0.55093274 0.55125573 0.55157925 0.55190329 0.55222787
 0.55255297 0.55287859 0.55320473 0.5535314  0.55385858 0.55418629
 0.5545145  0.55484324 0.55517249 0.55550225 0.55583252 0.55616331
 0.5564946  0.5568264  0.5571587  0.55749151 0.55782483 0.55815864
 0.55849296 0.55882777 0.55916309 0.5594989  0.5598352  0.560172
 0.5605093  0.56084708 0.56118535 0.56152412 0.56186337 0.5622031
 0.56254332 0.56288403 0.56322521 0.56356688 0.56390903 0.56425165
 0.56459476 0.56493833 0.56528239 0.56562691 0.56597191 0.56631737
 0.56666331 0.56700971 0.56735658 0.56770392 0.56805172 0.56839998
 0.5687487  0.56909789 0.56944753 0.56979763 0.57014818 0.57049919
 0.57085066 0.57120257 0.57155494 0.57190776 0.57226102 0.57261473
 0.57296889 0.5733235  0.57367854 0.57403403 0.57438996 0.57474633
 0.57510313 0.57546038 0.57581806 0.57617617 0.57653472 0.57689369
 0.5772531  0.57761294 0.57797321 0.5783339  0.57869502 0.57905657
 0.57941854 0.57978093 0.58014374 0.58050696 0.58087061 0.58123468
 0.58159916 0.58196405 0.58232936 0.58269508 0.58306121 0.58342775
 0.5837947  0.58416206 0.58452982 0.58489799 0.58526656 0.58563554
 0.58600491 0.58637468 0.58674486 0.58711543 0.5874864  0.58785776
 0.58822951 0.58860166 0.5889742  0.58934713 0.58972045 0.59009416
 0.59046826 0.59084274 0.5912176  0.59159285 0.59196848 0.59234449
 0.59272088 0.59309765 0.5934748  0.59385232 0.59423022 0.59460849
 0.59498714 0.59536615 0.59574554 0.5961253  0.59650542 0.59688591
 0.59726677 0.59764799 0.59802958 0.59841153 0.59879384 0.59917651
 0.59955954 0.59994293 0.60032667 0.60071077 0.60109522 0.60148003
 0.60186519 0.6022507  0.60263657 0.60302278 0.60340934 0.60379624
 0.60418349 0.60457109 0.60495903 0.60534731 0.60573593 0.6061249
 0.6065142  0.60690384 0.60729382 0.60768413 0.60807478 0.60846577
 0.60885708 0.60924873 0.60964071 0.61003302 0.61042565 0.61081862
 0.61121191 0.61160552 0.61199946 0.61239373 0.61278831 0.61318322
 0.61357844 0.61397399 0.61436985 0.61476603 0.61516253 0.61555934
 0.61595647 0.61635391 0.61675166 0.61714972 0.61754809 0.61794678
 0.61834576 0.61874506 0.61914466 0.61954457 0.61994478 0.62034529
 0.62074611 0.62114722 0.62154864 0.62195036 0.62235237 0.62275468
 0.62315729 0.62356019 0.62396338 0.62436687 0.62477066 0.62517473
 0.62557909 0.62598374 0.62638868 0.62679391 0.62719943 0.62760523
 0.62801131 0.62841768 0.62882433 0.62923127 0.62963848 0.63004597
 0.63045375 0.6308618  0.63127013 0.63167873 0.63208761 0.63249677
 0.6329062  0.6333159  0.63372587 0.63413612 0.63454663 0.63495742
 0.63536847 0.63577979 0.63619137 0.63660322 0.63701534 0.63742772
 0.63784036 0.63825327 0.63866643 0.63907986 0.63949355 0.63990749
 0.6403217  0.64073616 0.64115087 0.64156585 0.64198107 0.64239655
 0.64281228 0.64322827 0.64364451 0.64406099 0.64447773 0.64489471
 0.64531195 0.64572943 0.64614715 0.64656512 0.64698334 0.6474018
 0.6478205  0.64823945 0.64865864 0.64907806 0.64949773 0.64991764
 0.65033779 0.65075817 0.65117879 0.65159964 0.65202074 0.65244206
 0.65286362 0.65328541 0.65370744 0.6541297  0.65455218 0.6549749
 0.65539785 0.65582102 0.65624443 0.65666806 0.65709192 0.657516
 0.65794031 0.65836484 0.65878959 0.65921457 0.65963977 0.66006519
 0.66049084 0.6609167  0.66134278 0.66176908 0.6621956  0.66262233
 0.66304928 0.66347645 0.66390384 0.66433143 0.66475924 0.66518727
 0.66561551 0.66604395 0.66647261 0.66690148 0.66733056 0.66775985
 0.66818935 0.66861906 0.66904897 0.66947909 0.66990942 0.67033995
 0.67077069 0.67120163 0.67163277 0.67206412 0.67249567 0.67292742
 0.67335937 0.67379152 0.67422387 0.67465642 0.67508917 0.67552212
 0.67595527 0.67638861 0.67682215 0.67725588 0.67768981 0.67812394
 0.67855826 0.67899277 0.67942747 0.67986237 0.68029746 0.68073274
 0.68116821 0.68160387 0.68203972 0.68247576 0.68291198 0.6833484
 0.683785   0.68422179 0.68465877 0.68509593 0.68553328 0.68597081
 0.68640853 0.68684643 0.68728451 0.68772278 0.68816123 0.68859986
 0.68903867 0.68947766 0.68991683 0.69035618 0.69079572 0.69123543
 0.69167532 0.69211538 0.69255563 0.69299605 0.69343664 0.69387742
 0.69431837 0.69475949 0.69520079 0.69564226 0.69608391 0.69652573
 0.69696772 0.69740989 0.69785223 0.69829474 0.69873742 0.69918027
 0.69962329 0.70006648 0.70050984 0.70095337 0.70139707 0.70184094
 0.70228497 0.70272917 0.70317354 0.70361808 0.70406278 0.70450765
 0.70495268 0.70539788 0.70584324 0.70628877 0.70673446 0.70718032
 0.70762634 0.70807252 0.70851887 0.70896537 0.70941204 0.70985887
 0.71030586 0.71075302 0.71120033 0.7116478 ]
t = [1.10076075e+09 1.10076080e+09 1.10076086e+09 1.10076091e+09
 1.10076097e+09 1.10076102e+09 1.10076108e+09 1.10076113e+09
 1.10076119e+09 1.10076124e+09 1.10076130e+09 1.10076135e+09
 1.10076140e+09 1.10076146e+09 1.10076151e+09 1.10076157e+09
 1.10076162e+09 1.10076168e+09 1.10076173e+09 1.10076179e+09
 1.10076184e+09 1.10076189e+09 1.10076195e+09 1.10076200e+09
 1.10076206e+09 1.10076211e+09 1.10076217e+09 1.10076222e+09
 1.10076228e+09 1.10076233e+09 1.10076239e+09 1.10076244e+09
 1.10076249e+09 1.10076255e+09 1.10076260e+09 1.10076266e+09
 1.10076271e+09 1.10076277e+09 1.10076282e+09 1.10076288e+09
 1.10076293e+09 1.10076298e+09 1.10076304e+09 1.10076309e+09
 1.10076315e+09 1.10076320e+09 1.10076326e+09 1.10076331e+09
 1.10076337e+09 1.10076342e+09 1.10076348e+09 1.10076353e+09
 1.10076358e+09 1.10076364e+09 1.10076369e+09 1.10076375e+09
 1.10076380e+09 1.10076386e+09 1.10076391e+09 1.10076397e+09
 1.10076402e+09 1.10076407e+09 1.10076413e+09 1.10076418e+09
 1.10076424e+09 1.10076429e+09 1.10076435e+09 1.10076440e+09
 1.10076446e+09 1.10076451e+09 1.10076457e+09 1.10076462e+09
 1.10076467e+09 1.10076473e+09 1.10076478e+09 1.10076484e+09
 1.10076489e+09 1.10076495e+09 1.10076500e+09 1.10076506e+09
 1.10076511e+09 1.10076517e+09 1.10076522e+09 1.10076527e+09
 1.10076533e+09 1.10076538e+09 1.10076544e+09 1.10076549e+09
 1.10076555e+09 1.10076560e+09 1.10076566e+09 1.10076571e+09
 1.10076576e+09 1.10076582e+09 1.10076587e+09 1.10076593e+09
 1.10076598e+09 1.10076604e+09 1.10076609e+09 1.10076615e+09
 1.10076620e+09 1.10076626e+09 1.10076631e+09 1.10076636e+09
 1.10076642e+09 1.10076647e+09 1.10076653e+09 1.10076658e+09
 1.10076664e+09 1.10076669e+09 1.10076675e+09 1.10076680e+09
 1.10076685e+09 1.10076691e+09 1.10076696e+09 1.10076702e+09
 1.10076707e+09 1.10076713e+09 1.10076718e+09 1.10076724e+09
 1.10076729e+09 1.10076735e+09 1.10076740e+09 1.10076745e+09
 1.10076751e+09 1.10076756e+09 1.10076762e+09 1.10076767e+09
 1.10076773e+09 1.10076778e+09 1.10076784e+09 1.10076789e+09
 1.10076794e+09 1.10076800e+09 1.10076805e+09 1.10076811e+09
 1.10076816e+09 1.10076822e+09 1.10076827e+09 1.10076833e+09
 1.10076838e+09 1.10076844e+09 1.10076849e+09 1.10076854e+09
 1.10076860e+09 1.10076865e+09 1.10076871e+09 1.10076876e+09
 1.10076882e+09 1.10076887e+09 1.10076893e+09 1.10076898e+09
 1.10076903e+09 1.10076909e+09 1.10076914e+09 1.10076920e+09
 1.10076925e+09 1.10076931e+09 1.10076936e+09 1.10076942e+09
 1.10076947e+09 1.10076953e+09 1.10076958e+09 1.10076963e+09
 1.10076969e+09 1.10076974e+09 1.10076980e+09 1.10076985e+09
 1.10076991e+09 1.10076996e+09 1.10077002e+09 1.10077007e+09
 1.10077012e+09 1.10077018e+09 1.10077023e+09 1.10077029e+09
 1.10077034e+09 1.10077040e+09 1.10077045e+09 1.10077051e+09
 1.10077056e+09 1.10077062e+09 1.10077067e+09 1.10077072e+09
 1.10077078e+09 1.10077083e+09 1.10077089e+09 1.10077094e+09
 1.10077100e+09 1.10077105e+09 1.10077111e+09 1.10077116e+09
 1.10077122e+09 1.10077127e+09 1.10077132e+09 1.10077138e+09
 1.10077143e+09 1.10077149e+09 1.10077154e+09 1.10077160e+09
 1.10077165e+09 1.10077171e+09 1.10077176e+09 1.10077181e+09
 1.10077187e+09 1.10077192e+09 1.10077198e+09 1.10077203e+09
 1.10077209e+09 1.10077214e+09 1.10077220e+09 1.10077225e+09
 1.10077231e+09 1.10077236e+09 1.10077241e+09 1.10077247e+09
 1.10077252e+09 1.10077258e+09 1.10077263e+09 1.10077269e+09
 1.10077274e+09 1.10077280e+09 1.10077285e+09 1.10077290e+09
 1.10077296e+09 1.10077301e+09 1.10077307e+09 1.10077312e+09
 1.10077318e+09 1.10077323e+09 1.10077329e+09 1.10077334e+09
 1.10077340e+09 1.10077345e+09 1.10077350e+09 1.10077356e+09
 1.10077361e+09 1.10077367e+09 1.10077372e+09 1.10077378e+09
 1.10077383e+09 1.10077389e+09 1.10077394e+09 1.10077399e+09
 1.10077405e+09 1.10077410e+09 1.10077416e+09 1.10077421e+09
 1.10077427e+09 1.10077432e+09 1.10077438e+09 1.10077443e+09
 1.10077449e+09 1.10077454e+09 1.10077459e+09 1.10077465e+09
 1.10077470e+09 1.10077476e+09 1.10077481e+09 1.10077487e+09
 1.10077492e+09 1.10077498e+09 1.10077503e+09 1.10077508e+09
 1.10077514e+09 1.10077519e+09 1.10077525e+09 1.10077530e+09
 1.10077536e+09 1.10077541e+09 1.10077547e+09 1.10077552e+09
 1.10077558e+09 1.10077563e+09 1.10077568e+09 1.10077574e+09
 1.10077579e+09 1.10077585e+09 1.10077590e+09 1.10077596e+09
 1.10077601e+09 1.10077607e+09 1.10077612e+09 1.10077617e+09
 1.10077623e+09 1.10077628e+09 1.10077634e+09 1.10077639e+09
 1.10077645e+09 1.10077650e+09 1.10077656e+09 1.10077661e+09
 1.10077667e+09 1.10077672e+09 1.10077677e+09 1.10077683e+09
 1.10077688e+09 1.10077694e+09 1.10077699e+09 1.10077705e+09
 1.10077710e+09 1.10077716e+09 1.10077721e+09 1.10077727e+09
 1.10077732e+09 1.10077737e+09 1.10077743e+09 1.10077748e+09
 1.10077754e+09 1.10077759e+09 1.10077765e+09 1.10077770e+09
 1.10077776e+09 1.10077781e+09 1.10077786e+09 1.10077792e+09
 1.10077797e+09 1.10077803e+09 1.10077808e+09 1.10077814e+09
 1.10077819e+09 1.10077825e+09 1.10077830e+09 1.10077836e+09
 1.10077841e+09 1.10077846e+09 1.10077852e+09 1.10077857e+09
 1.10077863e+09 1.10077868e+09 1.10077874e+09 1.10077879e+09
 1.10077885e+09 1.10077890e+09 1.10077895e+09 1.10077901e+09
 1.10077906e+09 1.10077912e+09 1.10077917e+09 1.10077923e+09
 1.10077928e+09 1.10077934e+09 1.10077939e+09 1.10077945e+09
 1.10077950e+09 1.10077955e+09 1.10077961e+09 1.10077966e+09
 1.10077972e+09 1.10077977e+09 1.10077983e+09 1.10077988e+09
 1.10077994e+09 1.10077999e+09 1.10078004e+09 1.10078010e+09
 1.10078015e+09 1.10078021e+09 1.10078026e+09 1.10078032e+09
 1.10078037e+09 1.10078043e+09 1.10078048e+09 1.10078054e+09
 1.10078059e+09 1.10078064e+09 1.10078070e+09 1.10078075e+09
 1.10078081e+09 1.10078086e+09 1.10078092e+09 1.10078097e+09
 1.10078103e+09 1.10078108e+09 1.10078113e+09 1.10078119e+09
 1.10078124e+09 1.10078130e+09 1.10078135e+09 1.10078141e+09
 1.10078146e+09 1.10078152e+09 1.10078157e+09 1.10078163e+09
 1.10078168e+09 1.10078173e+09 1.10078179e+09 1.10078184e+09
 1.10078190e+09 1.10078195e+09 1.10078201e+09 1.10078206e+09
 1.10078212e+09 1.10078217e+09 1.10078222e+09 1.10078228e+09
 1.10078233e+09 1.10078239e+09 1.10078244e+09 1.10078250e+09
 1.10078255e+09 1.10078261e+09 1.10078266e+09 1.10078272e+09
 1.10078277e+09 1.10078282e+09 1.10078288e+09 1.10078293e+09
 1.10078299e+09 1.10078304e+09 1.10078310e+09 1.10078315e+09
 1.10078321e+09 1.10078326e+09 1.10078332e+09 1.10078337e+09
 1.10078342e+09 1.10078348e+09 1.10078353e+09 1.10078359e+09
 1.10078364e+09 1.10078370e+09 1.10078375e+09 1.10078381e+09
 1.10078386e+09 1.10078391e+09 1.10078397e+09 1.10078402e+09
 1.10078408e+09 1.10078413e+09 1.10078419e+09 1.10078424e+09
 1.10078430e+09 1.10078435e+09 1.10078441e+09 1.10078446e+09
 1.10078451e+09 1.10078457e+09 1.10078462e+09 1.10078468e+09
 1.10078473e+09 1.10078479e+09 1.10078484e+09 1.10078490e+09
 1.10078495e+09 1.10078500e+09 1.10078506e+09 1.10078511e+09
 1.10078517e+09 1.10078522e+09 1.10078528e+09 1.10078533e+09
 1.10078539e+09 1.10078544e+09 1.10078550e+09 1.10078555e+09
 1.10078560e+09 1.10078566e+09 1.10078571e+09 1.10078577e+09
 1.10078582e+09 1.10078588e+09 1.10078593e+09 1.10078599e+09
 1.10078604e+09 1.10078609e+09 1.10078615e+09 1.10078620e+09
 1.10078626e+09 1.10078631e+09 1.10078637e+09 1.10078642e+09
 1.10078648e+09 1.10078653e+09 1.10078659e+09 1.10078664e+09
 1.10078669e+09 1.10078675e+09 1.10078680e+09 1.10078686e+09
 1.10078691e+09 1.10078697e+09 1.10078702e+09 1.10078708e+09
 1.10078713e+09 1.10078718e+09 1.10078724e+09 1.10078729e+09
 1.10078735e+09 1.10078740e+09 1.10078746e+09 1.10078751e+09
 1.10078757e+09 1.10078762e+09 1.10078768e+09 1.10078773e+09
 1.10078778e+09 1.10078784e+09 1.10078789e+09 1.10078795e+09
 1.10078800e+09 1.10078806e+09 1.10078811e+09 1.10078817e+09
 1.10078822e+09 1.10078827e+09 1.10078833e+09 1.10078838e+09
 1.10078844e+09 1.10078849e+09 1.10078855e+09 1.10078860e+09
 1.10078866e+09 1.10078871e+09 1.10078877e+09 1.10078882e+09
 1.10078887e+09 1.10078893e+09 1.10078898e+09 1.10078904e+09
 1.10078909e+09 1.10078915e+09 1.10078920e+09 1.10078926e+09
 1.10078931e+09 1.10078937e+09 1.10078942e+09 1.10078947e+09
 1.10078953e+09 1.10078958e+09 1.10078964e+09 1.10078969e+09
 1.10078975e+09 1.10078980e+09 1.10078986e+09 1.10078991e+09
 1.10078996e+09 1.10079002e+09 1.10079007e+09 1.10079013e+09
 1.10079018e+09 1.10079024e+09 1.10079029e+09 1.10079035e+09
 1.10079040e+09 1.10079046e+09 1.10079051e+09 1.10079056e+09
 1.10079062e+09 1.10079067e+09 1.10079073e+09 1.10079078e+09
 1.10079084e+09 1.10079089e+09 1.10079095e+09 1.10079100e+09
 1.10079105e+09 1.10079111e+09 1.10079116e+09 1.10079122e+09
 1.10079127e+09 1.10079133e+09 1.10079138e+09 1.10079144e+09
 1.10079149e+09 1.10079155e+09 1.10079160e+09 1.10079165e+09
 1.10079171e+09 1.10079176e+09 1.10079182e+09 1.10079187e+09
 1.10079193e+09 1.10079198e+09 1.10079204e+09 1.10079209e+09
 1.10079214e+09 1.10079220e+09 1.10079225e+09 1.10079231e+09
 1.10079236e+09 1.10079242e+09 1.10079247e+09 1.10079253e+09
 1.10079258e+09 1.10079264e+09 1.10079269e+09 1.10079274e+09
 1.10079280e+09 1.10079285e+09 1.10079291e+09 1.10079296e+09
 1.10079302e+09 1.10079307e+09 1.10079313e+09 1.10079318e+09
 1.10079323e+09 1.10079329e+09 1.10079334e+09 1.10079340e+09
 1.10079345e+09 1.10079351e+09 1.10079356e+09 1.10079362e+09
 1.10079367e+09 1.10079373e+09 1.10079378e+09 1.10079383e+09
 1.10079389e+09 1.10079394e+09 1.10079400e+09 1.10079405e+09
 1.10079411e+09 1.10079416e+09 1.10079422e+09 1.10079427e+09
 1.10079432e+09 1.10079438e+09 1.10079443e+09 1.10079449e+09
 1.10079454e+09 1.10079460e+09 1.10079465e+09 1.10079471e+09
 1.10079476e+09 1.10079482e+09 1.10079487e+09 1.10079492e+09
 1.10079498e+09 1.10079503e+09 1.10079509e+09 1.10079514e+09
 1.10079520e+09 1.10079525e+09 1.10079531e+09 1.10079536e+09
 1.10079542e+09 1.10079547e+09 1.10079552e+09 1.10079558e+09
 1.10079563e+09 1.10079569e+09 1.10079574e+09 1.10079580e+09
 1.10079585e+09 1.10079591e+09 1.10079596e+09 1.10079601e+09
 1.10079607e+09 1.10079612e+09 1.10079618e+09 1.10079623e+09
 1.10079629e+09 1.10079634e+09 1.10079640e+09 1.10079645e+09
 1.10079651e+09 1.10079656e+09 1.10079661e+09 1.10079667e+09
 1.10079672e+09 1.10079678e+09 1.10079683e+09 1.10079689e+09
 1.10079694e+09 1.10079700e+09 1.10079705e+09 1.10079710e+09
 1.10079716e+09 1.10079721e+09 1.10079727e+09 1.10079732e+09
 1.10079738e+09 1.10079743e+09 1.10079749e+09 1.10079754e+09
 1.10079760e+09 1.10079765e+09 1.10079770e+09 1.10079776e+09
 1.10079781e+09 1.10079787e+09 1.10079792e+09 1.10079798e+09
 1.10079803e+09 1.10079809e+09 1.10079814e+09 1.10079819e+09
 1.10079825e+09 1.10079830e+09 1.10079836e+09 1.10079841e+09
 1.10079847e+09 1.10079852e+09 1.10079858e+09 1.10079863e+09
 1.10079869e+09 1.10079874e+09 1.10079879e+09 1.10079885e+09
 1.10079890e+09 1.10079896e+09 1.10079901e+09 1.10079907e+09
 1.10079912e+09 1.10079918e+09 1.10079923e+09 1.10079928e+09
 1.10079934e+09 1.10079939e+09 1.10079945e+09 1.10079950e+09
 1.10079956e+09 1.10079961e+09 1.10079967e+09 1.10079972e+09
 1.10079978e+09 1.10079983e+09 1.10079988e+09 1.10079994e+09
 1.10079999e+09 1.10080005e+09 1.10080010e+09 1.10080016e+09
 1.10080021e+09 1.10080027e+09 1.10080032e+09 1.10080037e+09
 1.10080043e+09 1.10080048e+09 1.10080054e+09 1.10080059e+09
 1.10080065e+09 1.10080070e+09 1.10080076e+09 1.10080081e+09
 1.10080087e+09 1.10080092e+09 1.10080097e+09 1.10080103e+09
 1.10080108e+09 1.10080114e+09 1.10080119e+09 1.10080125e+09
 1.10080130e+09 1.10080136e+09 1.10080141e+09 1.10080147e+09
 1.10080152e+09 1.10080157e+09 1.10080163e+09 1.10080168e+09
 1.10080174e+09 1.10080179e+09 1.10080185e+09 1.10080190e+09
 1.10080196e+09 1.10080201e+09 1.10080206e+09 1.10080212e+09
 1.10080217e+09 1.10080223e+09 1.10080228e+09 1.10080234e+09
 1.10080239e+09 1.10080245e+09 1.10080250e+09 1.10080256e+09
 1.10080261e+09 1.10080266e+09 1.10080272e+09 1.10080277e+09
 1.10080283e+09 1.10080288e+09 1.10080294e+09 1.10080299e+09
 1.10080305e+09 1.10080310e+09 1.10080315e+09 1.10080321e+09
 1.10080326e+09 1.10080332e+09 1.10080337e+09 1.10080343e+09
 1.10080348e+09 1.10080354e+09 1.10080359e+09 1.10080365e+09
 1.10080370e+09 1.10080375e+09 1.10080381e+09 1.10080386e+09
 1.10080392e+09 1.10080397e+09 1.10080403e+09 1.10080408e+09
 1.10080414e+09 1.10080419e+09 1.10080424e+09 1.10080430e+09
 1.10080435e+09 1.10080441e+09 1.10080446e+09 1.10080452e+09
 1.10080457e+09 1.10080463e+09 1.10080468e+09 1.10080474e+09
 1.10080479e+09 1.10080484e+09 1.10080490e+09 1.10080495e+09
 1.10080501e+09 1.10080506e+09 1.10080512e+09 1.10080517e+09
 1.10080523e+09 1.10080528e+09 1.10080533e+09 1.10080539e+09
 1.10080544e+09 1.10080550e+09 1.10080555e+09 1.10080561e+09
 1.10080566e+09 1.10080572e+09 1.10080577e+09 1.10080583e+09
 1.10080588e+09 1.10080593e+09 1.10080599e+09 1.10080604e+09
 1.10080610e+09 1.10080615e+09 1.10080621e+09 1.10080626e+09
 1.10080632e+09 1.10080637e+09 1.10080642e+09 1.10080648e+09
 1.10080653e+09 1.10080659e+09 1.10080664e+09 1.10080670e+09
 1.10080675e+09 1.10080681e+09 1.10080686e+09 1.10080692e+09
 1.10080697e+09 1.10080702e+09 1.10080708e+09 1.10080713e+09
 1.10080719e+09 1.10080724e+09 1.10080730e+09 1.10080735e+09
 1.10080741e+09 1.10080746e+09 1.10080752e+09 1.10080757e+09
 1.10080762e+09 1.10080768e+09 1.10080773e+09 1.10080779e+09
 1.10080784e+09 1.10080790e+09 1.10080795e+09 1.10080801e+09
 1.10080806e+09 1.10080811e+09 1.10080817e+09 1.10080822e+09
 1.10080828e+09 1.10080833e+09 1.10080839e+09 1.10080844e+09
 1.10080850e+09 1.10080855e+09 1.10080861e+09 1.10080866e+09
 1.10080871e+09 1.10080877e+09 1.10080882e+09 1.10080888e+09
 1.10080893e+09 1.10080899e+09 1.10080904e+09 1.10080910e+09
 1.10080915e+09 1.10080920e+09 1.10080926e+09 1.10080931e+09
 1.10080937e+09 1.10080942e+09 1.10080948e+09 1.10080953e+09
 1.10080959e+09 1.10080964e+09 1.10080970e+09 1.10080975e+09
 1.10080980e+09 1.10080986e+09 1.10080991e+09 1.10080997e+09
 1.10081002e+09 1.10081008e+09 1.10081013e+09 1.10081019e+09
 1.10081024e+09 1.10081029e+09 1.10081035e+09 1.10081040e+09
 1.10081046e+09 1.10081051e+09 1.10081057e+09 1.10081062e+09
 1.10081068e+09 1.10081073e+09 1.10081079e+09 1.10081084e+09
 1.10081089e+09 1.10081095e+09 1.10081100e+09 1.10081106e+09
 1.10081111e+09 1.10081117e+09 1.10081122e+09 1.10081128e+09
 1.10081133e+09 1.10081138e+09 1.10081144e+09 1.10081149e+09
 1.10081155e+09 1.10081160e+09 1.10081166e+09 1.10081171e+09
 1.10081177e+09 1.10081182e+09 1.10081188e+09 1.10081193e+09
 1.10081198e+09 1.10081204e+09 1.10081209e+09 1.10081215e+09
 1.10081220e+09 1.10081226e+09 1.10081231e+09 1.10081237e+09
 1.10081242e+09 1.10081247e+09 1.10081253e+09 1.10081258e+09
 1.10081264e+09 1.10081269e+09 1.10081275e+09 1.10081280e+09
 1.10081286e+09 1.10081291e+09 1.10081297e+09 1.10081302e+09
 1.10081307e+09 1.10081313e+09 1.10081318e+09 1.10081324e+09
 1.10081329e+09 1.10081335e+09 1.10081340e+09 1.10081346e+09
 1.10081351e+09 1.10081357e+09 1.10081362e+09 1.10081367e+09
 1.10081373e+09 1.10081378e+09 1.10081384e+09 1.10081389e+09
 1.10081395e+09 1.10081400e+09 1.10081406e+09 1.10081411e+09
 1.10081416e+09 1.10081422e+09 1.10081427e+09 1.10081433e+09
 1.10081438e+09 1.10081444e+09 1.10081449e+09 1.10081455e+09
 1.10081460e+09 1.10081466e+09 1.10081471e+09 1.10081476e+09
 1.10081482e+09 1.10081487e+09 1.10081493e+09 1.10081498e+09
 1.10081504e+09 1.10081509e+09 1.10081515e+09 1.10081520e+09]
minRes = 0.47802805822816213
minResTime = [1.10077067e+09]
Cov(t) = [100 100 100 100 100 100 100 100 100 100 100 100 100 100 100 100 100 100
 100 100 100 100 100 100 100 100 100 100 100 100 100 100 100 100 100 100
 100 100 100 100 100 100 100 100 100 100 100 100 100 100 100 100 100 100
 100 100 100 100 100 100 100 100 100 100 100 100 100 100 100 100 100 100
 100 100 100 100 100 100 100 100 100 100 100 100 100 100 100 100 100 100
 100 100 100 100 100 100 100 100 100 100 100 100 100 100 100 100 100 100
 100 100 100 100 100 100 100 100 100 100 100 100 100 100 100 100 100 100
 100 100 100 100 100 100 100 100 100 100 100 100 100 100 100 100 100 100
 100 100 100 100 100 100 100 100 100 100 100 100 100 100 100 100 100 100
 100 100 100 100 100 100 100 100 100 100 100 100 100 100 100 100 100 100
 100 100 100 100 100 100 100 100 100 100 100 100 100 100 100 100 100 100
 100 100 100 100 100 100 100 100 100 100 100 100 100 100 100 100 100 100
 100 100 100 100 100 100 100 100 100 100 100 100 100 100 100 100 100 100
 100 100 100 100 100 100 100 100 100 100 100 100 100 100 100 100 100 100
 100 100 100 100 100 100 100 100 100 100 100 100 100 100 100 100 100 100
 100 100 100 100 100 100 100 100 100 100 100 100 100 100 100 100 100 100
 100 100 100 100 100 100 100 100 100 100 100 100 100 100 100 100 100 100
 100 100 100 100 100 100 100 100 100 100 100 100 100 100 100 100 100 100
 100 100 100 100 100 100 100 100 100 100 100 100 100 100 100 100 100 100
 100 100 100 100 100 100 100 100 100 100 100 100 100 100 100 100 100 100
 100 100 100 100 100 100 100 100 100 100 100 100 100 100 100 100 100 100
 100 100 100 100 100 100 100 100 100 100 100 100 100 100 100 100 100 100
 100 100 100 100 100 100 100 100 100 100 100 100 100 100 100 100 100 100
 100 100 100 100 100 100 100 100 100 100 100 100 100 100 100 100 100 100
 100 100 100 100 100 100 100 100 100 100 100 100 100 100 100 100 100 100
 100 100 100 100 100 100 100 100 100 100 100 100 100 100 100 100 100 100
 100 100 100 100 100 100 100 100 100 100 100 100 100 100 100 100 100 100
 100 100 100 100 100 100 100 100 100 100 100 100 100 100 100 100 100 100
 100 100 100 100 100 100 100 100 100 100 100 100 100 100 100 100 100 100
 100 100 100 100 100 100 100 100 100 100 100 100 100 100 100 100 100 100
 100 100 100 100 100 100 100 100 100 100 100 100 100 100 100 100 100 100
 100 100 100 100 100 100 100 100 100 100 100 100 100 100 100 100 100 100
 100 100 100 100 100 100 100 100 100 100 100 100 100 100 100 100 100 100
 100 100 100 100 100 100 100 100 100 100 100 100 100 100 100 100 100 100
 100 100 100 100 100 100 100 100 100 100 100 100 100 100 100 100 100 100
 100 100 100 100 100 100 100 100 100 100 100 100 100 100 100 100 100 100
 100 100 100 100 100 100 100 100 100 100 100 100 100 100 100 100 100 100
 100 100 100 100 100 100 100 100 100 100 100 100 100 100 100 100 100 100
 100 100 100 100 100 100 100 100 100 100 100 100 100 100 100 100 100 100
 100 100 100 100 100 100 100 100 100 100 100 100 100 100 100 100 100 100
 100 100 100 100 100 100 100 100 100 100 100 100 100 100 100 100 100 100
 100 100 100 100 100 100 100 100 100 100 100 100 100 100 100 100 100 100
 100 100 100 100 100 100 100 100 100 100 100 100 100 100 100 100 100 100
 100 100 100 100 100 100 100 100 100 100 100 100 100 100 100 100 100 100
 100 100 100 100 100 100 100 100 100 100 100 100 100 100 100 100 100 100
 100 100 100 100 100 100 100 100 100 100 100 100 100 100 100 100 100 100
 100 100 100 100 100 100 100 100 100 100 100 100 100 100 100 100 100 100
 100 100 100 100 100 100 100 100 100 100 100 100 100 100 100 100 100 100
 100 100 100 100 100 100 100 100 100 100 100 100 100 100 100 100 100 100
 100 100 100 100 100 100 100 100 100 100 100 100 100 100 100 100 100 100
 100 100 100 100 100 100 100 100 100 100 100 100 100 100 100 100 100 100
 100 100 100 100 100 100 100 100 100 100 100 100 100 100 100 100 100 100
 100 100 100 100 100 100 100 100 100 100 100 100 100 100 100 100 100 100
 100 100 100 100 100 100 100 100 100 100 100 100 100 100 100 100 100 100
 100 100 100 100 100 100 100 100 100 100 100 100 100 100 100 100 100 100
 100 100 100 100 100 100 100 100 100 100]
maxCov = 100
maxCovTime = [1.10076075e+09 1.10076080e+09 1.10076086e+09 1.10076091e+09
 1.10076097e+09 1.10076102e+09 1.10076108e+09 1.10076113e+09
 1.10076119e+09 1.10076124e+09 1.10076130e+09 1.10076135e+09
 1.10076140e+09 1.10076146e+09 1.10076151e+09 1.10076157e+09
 1.10076162e+09 1.10076168e+09 1.10076173e+09 1.10076179e+09
 1.10076184e+09 1.10076189e+09 1.10076195e+09 1.10076200e+09
 1.10076206e+09 1.10076211e+09 1.10076217e+09 1.10076222e+09
 1.10076228e+09 1.10076233e+09 1.10076239e+09 1.10076244e+09
 1.10076249e+09 1.10076255e+09 1.10076260e+09 1.10076266e+09
 1.10076271e+09 1.10076277e+09 1.10076282e+09 1.10076288e+09
 1.10076293e+09 1.10076298e+09 1.10076304e+09 1.10076309e+09
 1.10076315e+09 1.10076320e+09 1.10076326e+09 1.10076331e+09
 1.10076337e+09 1.10076342e+09 1.10076348e+09 1.10076353e+09
 1.10076358e+09 1.10076364e+09 1.10076369e+09 1.10076375e+09
 1.10076380e+09 1.10076386e+09 1.10076391e+09 1.10076397e+09
 1.10076402e+09 1.10076407e+09 1.10076413e+09 1.10076418e+09
 1.10076424e+09 1.10076429e+09 1.10076435e+09 1.10076440e+09
 1.10076446e+09 1.10076451e+09 1.10076457e+09 1.10076462e+09
 1.10076467e+09 1.10076473e+09 1.10076478e+09 1.10076484e+09
 1.10076489e+09 1.10076495e+09 1.10076500e+09 1.10076506e+09
 1.10076511e+09 1.10076517e+09 1.10076522e+09 1.10076527e+09
 1.10076533e+09 1.10076538e+09 1.10076544e+09 1.10076549e+09
 1.10076555e+09 1.10076560e+09 1.10076566e+09 1.10076571e+09
 1.10076576e+09 1.10076582e+09 1.10076587e+09 1.10076593e+09
 1.10076598e+09 1.10076604e+09 1.10076609e+09 1.10076615e+09
 1.10076620e+09 1.10076626e+09 1.10076631e+09 1.10076636e+09
 1.10076642e+09 1.10076647e+09 1.10076653e+09 1.10076658e+09
 1.10076664e+09 1.10076669e+09 1.10076675e+09 1.10076680e+09
 1.10076685e+09 1.10076691e+09 1.10076696e+09 1.10076702e+09
 1.10076707e+09 1.10076713e+09 1.10076718e+09 1.10076724e+09
 1.10076729e+09 1.10076735e+09 1.10076740e+09 1.10076745e+09
 1.10076751e+09 1.10076756e+09 1.10076762e+09 1.10076767e+09
 1.10076773e+09 1.10076778e+09 1.10076784e+09 1.10076789e+09
 1.10076794e+09 1.10076800e+09 1.10076805e+09 1.10076811e+09
 1.10076816e+09 1.10076822e+09 1.10076827e+09 1.10076833e+09
 1.10076838e+09 1.10076844e+09 1.10076849e+09 1.10076854e+09
 1.10076860e+09 1.10076865e+09 1.10076871e+09 1.10076876e+09
 1.10076882e+09 1.10076887e+09 1.10076893e+09 1.10076898e+09
 1.10076903e+09 1.10076909e+09 1.10076914e+09 1.10076920e+09
 1.10076925e+09 1.10076931e+09 1.10076936e+09 1.10076942e+09
 1.10076947e+09 1.10076953e+09 1.10076958e+09 1.10076963e+09
 1.10076969e+09 1.10076974e+09 1.10076980e+09 1.10076985e+09
 1.10076991e+09 1.10076996e+09 1.10077002e+09 1.10077007e+09
 1.10077012e+09 1.10077018e+09 1.10077023e+09 1.10077029e+09
 1.10077034e+09 1.10077040e+09 1.10077045e+09 1.10077051e+09
 1.10077056e+09 1.10077062e+09 1.10077067e+09 1.10077072e+09
 1.10077078e+09 1.10077083e+09 1.10077089e+09 1.10077094e+09
 1.10077100e+09 1.10077105e+09 1.10077111e+09 1.10077116e+09
 1.10077122e+09 1.10077127e+09 1.10077132e+09 1.10077138e+09
 1.10077143e+09 1.10077149e+09 1.10077154e+09 1.10077160e+09
 1.10077165e+09 1.10077171e+09 1.10077176e+09 1.10077181e+09
 1.10077187e+09 1.10077192e+09 1.10077198e+09 1.10077203e+09
 1.10077209e+09 1.10077214e+09 1.10077220e+09 1.10077225e+09
 1.10077231e+09 1.10077236e+09 1.10077241e+09 1.10077247e+09
 1.10077252e+09 1.10077258e+09 1.10077263e+09 1.10077269e+09
 1.10077274e+09 1.10077280e+09 1.10077285e+09 1.10077290e+09
 1.10077296e+09 1.10077301e+09 1.10077307e+09 1.10077312e+09
 1.10077318e+09 1.10077323e+09 1.10077329e+09 1.10077334e+09
 1.10077340e+09 1.10077345e+09 1.10077350e+09 1.10077356e+09
 1.10077361e+09 1.10077367e+09 1.10077372e+09 1.10077378e+09
 1.10077383e+09 1.10077389e+09 1.10077394e+09 1.10077399e+09
 1.10077405e+09 1.10077410e+09 1.10077416e+09 1.10077421e+09
 1.10077427e+09 1.10077432e+09 1.10077438e+09 1.10077443e+09
 1.10077449e+09 1.10077454e+09 1.10077459e+09 1.10077465e+09
 1.10077470e+09 1.10077476e+09 1.10077481e+09 1.10077487e+09
 1.10077492e+09 1.10077498e+09 1.10077503e+09 1.10077508e+09
 1.10077514e+09 1.10077519e+09 1.10077525e+09 1.10077530e+09
 1.10077536e+09 1.10077541e+09 1.10077547e+09 1.10077552e+09
 1.10077558e+09 1.10077563e+09 1.10077568e+09 1.10077574e+09
 1.10077579e+09 1.10077585e+09 1.10077590e+09 1.10077596e+09
 1.10077601e+09 1.10077607e+09 1.10077612e+09 1.10077617e+09
 1.10077623e+09 1.10077628e+09 1.10077634e+09 1.10077639e+09
 1.10077645e+09 1.10077650e+09 1.10077656e+09 1.10077661e+09
 1.10077667e+09 1.10077672e+09 1.10077677e+09 1.10077683e+09
 1.10077688e+09 1.10077694e+09 1.10077699e+09 1.10077705e+09
 1.10077710e+09 1.10077716e+09 1.10077721e+09 1.10077727e+09
 1.10077732e+09 1.10077737e+09 1.10077743e+09 1.10077748e+09
 1.10077754e+09 1.10077759e+09 1.10077765e+09 1.10077770e+09
 1.10077776e+09 1.10077781e+09 1.10077786e+09 1.10077792e+09
 1.10077797e+09 1.10077803e+09 1.10077808e+09 1.10077814e+09
 1.10077819e+09 1.10077825e+09 1.10077830e+09 1.10077836e+09
 1.10077841e+09 1.10077846e+09 1.10077852e+09 1.10077857e+09
 1.10077863e+09 1.10077868e+09 1.10077874e+09 1.10077879e+09
 1.10077885e+09 1.10077890e+09 1.10077895e+09 1.10077901e+09
 1.10077906e+09 1.10077912e+09 1.10077917e+09 1.10077923e+09
 1.10077928e+09 1.10077934e+09 1.10077939e+09 1.10077945e+09
 1.10077950e+09 1.10077955e+09 1.10077961e+09 1.10077966e+09
 1.10077972e+09 1.10077977e+09 1.10077983e+09 1.10077988e+09
 1.10077994e+09 1.10077999e+09 1.10078004e+09 1.10078010e+09
 1.10078015e+09 1.10078021e+09 1.10078026e+09 1.10078032e+09
 1.10078037e+09 1.10078043e+09 1.10078048e+09 1.10078054e+09
 1.10078059e+09 1.10078064e+09 1.10078070e+09 1.10078075e+09
 1.10078081e+09 1.10078086e+09 1.10078092e+09 1.10078097e+09
 1.10078103e+09 1.10078108e+09 1.10078113e+09 1.10078119e+09
 1.10078124e+09 1.10078130e+09 1.10078135e+09 1.10078141e+09
 1.10078146e+09 1.10078152e+09 1.10078157e+09 1.10078163e+09
 1.10078168e+09 1.10078173e+09 1.10078179e+09 1.10078184e+09
 1.10078190e+09 1.10078195e+09 1.10078201e+09 1.10078206e+09
 1.10078212e+09 1.10078217e+09 1.10078222e+09 1.10078228e+09
 1.10078233e+09 1.10078239e+09 1.10078244e+09 1.10078250e+09
 1.10078255e+09 1.10078261e+09 1.10078266e+09 1.10078272e+09
 1.10078277e+09 1.10078282e+09 1.10078288e+09 1.10078293e+09
 1.10078299e+09 1.10078304e+09 1.10078310e+09 1.10078315e+09
 1.10078321e+09 1.10078326e+09 1.10078332e+09 1.10078337e+09
 1.10078342e+09 1.10078348e+09 1.10078353e+09 1.10078359e+09
 1.10078364e+09 1.10078370e+09 1.10078375e+09 1.10078381e+09
 1.10078386e+09 1.10078391e+09 1.10078397e+09 1.10078402e+09
 1.10078408e+09 1.10078413e+09 1.10078419e+09 1.10078424e+09
 1.10078430e+09 1.10078435e+09 1.10078441e+09 1.10078446e+09
 1.10078451e+09 1.10078457e+09 1.10078462e+09 1.10078468e+09
 1.10078473e+09 1.10078479e+09 1.10078484e+09 1.10078490e+09
 1.10078495e+09 1.10078500e+09 1.10078506e+09 1.10078511e+09
 1.10078517e+09 1.10078522e+09 1.10078528e+09 1.10078533e+09
 1.10078539e+09 1.10078544e+09 1.10078550e+09 1.10078555e+09
 1.10078560e+09 1.10078566e+09 1.10078571e+09 1.10078577e+09
 1.10078582e+09 1.10078588e+09 1.10078593e+09 1.10078599e+09
 1.10078604e+09 1.10078609e+09 1.10078615e+09 1.10078620e+09
 1.10078626e+09 1.10078631e+09 1.10078637e+09 1.10078642e+09
 1.10078648e+09 1.10078653e+09 1.10078659e+09 1.10078664e+09
 1.10078669e+09 1.10078675e+09 1.10078680e+09 1.10078686e+09
 1.10078691e+09 1.10078697e+09 1.10078702e+09 1.10078708e+09
 1.10078713e+09 1.10078718e+09 1.10078724e+09 1.10078729e+09
 1.10078735e+09 1.10078740e+09 1.10078746e+09 1.10078751e+09
 1.10078757e+09 1.10078762e+09 1.10078768e+09 1.10078773e+09
 1.10078778e+09 1.10078784e+09 1.10078789e+09 1.10078795e+09
 1.10078800e+09 1.10078806e+09 1.10078811e+09 1.10078817e+09
 1.10078822e+09 1.10078827e+09 1.10078833e+09 1.10078838e+09
 1.10078844e+09 1.10078849e+09 1.10078855e+09 1.10078860e+09
 1.10078866e+09 1.10078871e+09 1.10078877e+09 1.10078882e+09
 1.10078887e+09 1.10078893e+09 1.10078898e+09 1.10078904e+09
 1.10078909e+09 1.10078915e+09 1.10078920e+09 1.10078926e+09
 1.10078931e+09 1.10078937e+09 1.10078942e+09 1.10078947e+09
 1.10078953e+09 1.10078958e+09 1.10078964e+09 1.10078969e+09
 1.10078975e+09 1.10078980e+09 1.10078986e+09 1.10078991e+09
 1.10078996e+09 1.10079002e+09 1.10079007e+09 1.10079013e+09
 1.10079018e+09 1.10079024e+09 1.10079029e+09 1.10079035e+09
 1.10079040e+09 1.10079046e+09 1.10079051e+09 1.10079056e+09
 1.10079062e+09 1.10079067e+09 1.10079073e+09 1.10079078e+09
 1.10079084e+09 1.10079089e+09 1.10079095e+09 1.10079100e+09
 1.10079105e+09 1.10079111e+09 1.10079116e+09 1.10079122e+09
 1.10079127e+09 1.10079133e+09 1.10079138e+09 1.10079144e+09
 1.10079149e+09 1.10079155e+09 1.10079160e+09 1.10079165e+09
 1.10079171e+09 1.10079176e+09 1.10079182e+09 1.10079187e+09
 1.10079193e+09 1.10079198e+09 1.10079204e+09 1.10079209e+09
 1.10079214e+09 1.10079220e+09 1.10079225e+09 1.10079231e+09
 1.10079236e+09 1.10079242e+09 1.10079247e+09 1.10079253e+09
 1.10079258e+09 1.10079264e+09 1.10079269e+09 1.10079274e+09
 1.10079280e+09 1.10079285e+09 1.10079291e+09 1.10079296e+09
 1.10079302e+09 1.10079307e+09 1.10079313e+09 1.10079318e+09
 1.10079323e+09 1.10079329e+09 1.10079334e+09 1.10079340e+09
 1.10079345e+09 1.10079351e+09 1.10079356e+09 1.10079362e+09
 1.10079367e+09 1.10079373e+09 1.10079378e+09 1.10079383e+09
 1.10079389e+09 1.10079394e+09 1.10079400e+09 1.10079405e+09
 1.10079411e+09 1.10079416e+09 1.10079422e+09 1.10079427e+09
 1.10079432e+09 1.10079438e+09 1.10079443e+09 1.10079449e+09
 1.10079454e+09 1.10079460e+09 1.10079465e+09 1.10079471e+09
 1.10079476e+09 1.10079482e+09 1.10079487e+09 1.10079492e+09
 1.10079498e+09 1.10079503e+09 1.10079509e+09 1.10079514e+09
 1.10079520e+09 1.10079525e+09 1.10079531e+09 1.10079536e+09
 1.10079542e+09 1.10079547e+09 1.10079552e+09 1.10079558e+09
 1.10079563e+09 1.10079569e+09 1.10079574e+09 1.10079580e+09
 1.10079585e+09 1.10079591e+09 1.10079596e+09 1.10079601e+09
 1.10079607e+09 1.10079612e+09 1.10079618e+09 1.10079623e+09
 1.10079629e+09 1.10079634e+09 1.10079640e+09 1.10079645e+09
 1.10079651e+09 1.10079656e+09 1.10079661e+09 1.10079667e+09
 1.10079672e+09 1.10079678e+09 1.10079683e+09 1.10079689e+09
 1.10079694e+09 1.10079700e+09 1.10079705e+09 1.10079710e+09
 1.10079716e+09 1.10079721e+09 1.10079727e+09 1.10079732e+09
 1.10079738e+09 1.10079743e+09 1.10079749e+09 1.10079754e+09
 1.10079760e+09 1.10079765e+09 1.10079770e+09 1.10079776e+09
 1.10079781e+09 1.10079787e+09 1.10079792e+09 1.10079798e+09
 1.10079803e+09 1.10079809e+09 1.10079814e+09 1.10079819e+09
 1.10079825e+09 1.10079830e+09 1.10079836e+09 1.10079841e+09
 1.10079847e+09 1.10079852e+09 1.10079858e+09 1.10079863e+09
 1.10079869e+09 1.10079874e+09 1.10079879e+09 1.10079885e+09
 1.10079890e+09 1.10079896e+09 1.10079901e+09 1.10079907e+09
 1.10079912e+09 1.10079918e+09 1.10079923e+09 1.10079928e+09
 1.10079934e+09 1.10079939e+09 1.10079945e+09 1.10079950e+09
 1.10079956e+09 1.10079961e+09 1.10079967e+09 1.10079972e+09
 1.10079978e+09 1.10079983e+09 1.10079988e+09 1.10079994e+09
 1.10079999e+09 1.10080005e+09 1.10080010e+09 1.10080016e+09
 1.10080021e+09 1.10080027e+09 1.10080032e+09 1.10080037e+09
 1.10080043e+09 1.10080048e+09 1.10080054e+09 1.10080059e+09
 1.10080065e+09 1.10080070e+09 1.10080076e+09 1.10080081e+09
 1.10080087e+09 1.10080092e+09 1.10080097e+09 1.10080103e+09
 1.10080108e+09 1.10080114e+09 1.10080119e+09 1.10080125e+09
 1.10080130e+09 1.10080136e+09 1.10080141e+09 1.10080147e+09
 1.10080152e+09 1.10080157e+09 1.10080163e+09 1.10080168e+09
 1.10080174e+09 1.10080179e+09 1.10080185e+09 1.10080190e+09
 1.10080196e+09 1.10080201e+09 1.10080206e+09 1.10080212e+09
 1.10080217e+09 1.10080223e+09 1.10080228e+09 1.10080234e+09
 1.10080239e+09 1.10080245e+09 1.10080250e+09 1.10080256e+09
 1.10080261e+09 1.10080266e+09 1.10080272e+09 1.10080277e+09
 1.10080283e+09 1.10080288e+09 1.10080294e+09 1.10080299e+09
 1.10080305e+09 1.10080310e+09 1.10080315e+09 1.10080321e+09
 1.10080326e+09 1.10080332e+09 1.10080337e+09 1.10080343e+09
 1.10080348e+09 1.10080354e+09 1.10080359e+09 1.10080365e+09
 1.10080370e+09 1.10080375e+09 1.10080381e+09 1.10080386e+09
 1.10080392e+09 1.10080397e+09 1.10080403e+09 1.10080408e+09
 1.10080414e+09 1.10080419e+09 1.10080424e+09 1.10080430e+09
 1.10080435e+09 1.10080441e+09 1.10080446e+09 1.10080452e+09
 1.10080457e+09 1.10080463e+09 1.10080468e+09 1.10080474e+09
 1.10080479e+09 1.10080484e+09 1.10080490e+09 1.10080495e+09
 1.10080501e+09 1.10080506e+09 1.10080512e+09 1.10080517e+09
 1.10080523e+09 1.10080528e+09 1.10080533e+09 1.10080539e+09
 1.10080544e+09 1.10080550e+09 1.10080555e+09 1.10080561e+09
 1.10080566e+09 1.10080572e+09 1.10080577e+09 1.10080583e+09
 1.10080588e+09 1.10080593e+09 1.10080599e+09 1.10080604e+09
 1.10080610e+09 1.10080615e+09 1.10080621e+09 1.10080626e+09
 1.10080632e+09 1.10080637e+09 1.10080642e+09 1.10080648e+09
 1.10080653e+09 1.10080659e+09 1.10080664e+09 1.10080670e+09
 1.10080675e+09 1.10080681e+09 1.10080686e+09 1.10080692e+09
 1.10080697e+09 1.10080702e+09 1.10080708e+09 1.10080713e+09
 1.10080719e+09 1.10080724e+09 1.10080730e+09 1.10080735e+09
 1.10080741e+09 1.10080746e+09 1.10080752e+09 1.10080757e+09
 1.10080762e+09 1.10080768e+09 1.10080773e+09 1.10080779e+09
 1.10080784e+09 1.10080790e+09 1.10080795e+09 1.10080801e+09
 1.10080806e+09 1.10080811e+09 1.10080817e+09 1.10080822e+09
 1.10080828e+09 1.10080833e+09 1.10080839e+09 1.10080844e+09
 1.10080850e+09 1.10080855e+09 1.10080861e+09 1.10080866e+09
 1.10080871e+09 1.10080877e+09 1.10080882e+09 1.10080888e+09
 1.10080893e+09 1.10080899e+09 1.10080904e+09 1.10080910e+09
 1.10080915e+09 1.10080920e+09 1.10080926e+09 1.10080931e+09
 1.10080937e+09 1.10080942e+09 1.10080948e+09 1.10080953e+09
 1.10080959e+09 1.10080964e+09 1.10080970e+09 1.10080975e+09
 1.10080980e+09 1.10080986e+09 1.10080991e+09 1.10080997e+09
 1.10081002e+09 1.10081008e+09 1.10081013e+09 1.10081019e+09
 1.10081024e+09 1.10081029e+09 1.10081035e+09 1.10081040e+09
 1.10081046e+09 1.10081051e+09 1.10081057e+09 1.10081062e+09
 1.10081068e+09 1.10081073e+09 1.10081079e+09 1.10081084e+09
 1.10081089e+09 1.10081095e+09 1.10081100e+09 1.10081106e+09
 1.10081111e+09 1.10081117e+09 1.10081122e+09 1.10081128e+09
 1.10081133e+09 1.10081138e+09 1.10081144e+09 1.10081149e+09
 1.10081155e+09 1.10081160e+09 1.10081166e+09 1.10081171e+09
 1.10081177e+09 1.10081182e+09 1.10081188e+09 1.10081193e+09
 1.10081198e+09 1.10081204e+09 1.10081209e+09 1.10081215e+09
 1.10081220e+09 1.10081226e+09 1.10081231e+09 1.10081237e+09
 1.10081242e+09 1.10081247e+09 1.10081253e+09 1.10081258e+09
 1.10081264e+09 1.10081269e+09 1.10081275e+09 1.10081280e+09
 1.10081286e+09 1.10081291e+09 1.10081297e+09 1.10081302e+09
 1.10081307e+09 1.10081313e+09 1.10081318e+09 1.10081324e+09
 1.10081329e+09 1.10081335e+09 1.10081340e+09 1.10081346e+09
 1.10081351e+09 1.10081357e+09 1.10081362e+09 1.10081367e+09
 1.10081373e+09 1.10081378e+09 1.10081384e+09 1.10081389e+09
 1.10081395e+09 1.10081400e+09 1.10081406e+09 1.10081411e+09
 1.10081416e+09 1.10081422e+09 1.10081427e+09 1.10081433e+09
 1.10081438e+09 1.10081444e+09 1.10081449e+09 1.10081455e+09
 1.10081460e+09 1.10081466e+09 1.10081471e+09 1.10081476e+09
 1.10081482e+09 1.10081487e+09 1.10081493e+09 1.10081498e+09
 1.10081504e+09 1.10081509e+09 1.10081515e+09 1.10081520e+09]
