name =JUICE_ROI_GAN_3_0_07
flyby = ['2034 JAN 14 06:38:51', '2034 JAN 15 06:38:51']
Observation TW = <SpiceCell dtype = 1, length = 0, size = 3600, card = 16, is_set = 1, adjust = 0, init = 1, base = 94055565712080, data = 94055565712128>
Res(t) = [2.52341674 2.52095015 2.51848398 2.5160182  2.51355283 2.51108785
 2.50862328 2.5061591  2.50369532 2.50123194 2.49876894 2.49630634
 2.49384413 2.4913823  2.48892086 2.48645981 2.48399913 2.48153884
 2.47907893 2.47661939 2.47416023 2.47170145 2.46924303 2.46678499
 2.46432732 2.46187001 2.45941307 2.4569565  2.45450029 2.45204443
 2.44958894 2.4471338  2.44467902 2.4422246  2.43977053 2.4373168
 2.43486343 2.4324104  2.42995772 2.42750538 2.42505339 2.42260173
 2.42015042 2.41769944 2.41524879 2.41279848 2.41034851 2.40789886
 2.40544954 2.40300055 2.40055188 2.39810353 2.39565551 2.39320781
 2.39076042 2.38831336 2.3858666  2.38342016 2.38097403 2.37852821
 2.3760827  2.37363749 2.37119259 2.36874799 2.3663037  2.3638597
 2.36141599 2.35897259 2.35652947 2.35408665 2.35164412 2.34920188
 2.34675993 2.34431826 2.34187687 2.33943577 2.33699494 2.33455439
 2.33211412 2.32967413 2.3272344  2.32479495 2.32235577 2.31991685
 2.3174782  2.31503981 2.31260169 2.31016382 2.30772622 2.30528887
 2.30285178 2.30041493 2.29797834 2.295542   2.29310591 2.29067007
 2.28823446 2.2857991  2.28336398 2.2809291  2.27849446 2.27606005
 2.27362588 2.27119193 2.26875822 2.26632474 2.26389148 2.26145844
 2.25902563 2.25659304 2.25416066 2.25172851 2.24929657 2.24686484
 2.24443332 2.24200202 2.23957092 2.23714003 2.23470934 2.23227885
 2.22984857 2.22741848 2.22498859 2.2225589  2.2201294  2.21770009
 2.21527097 2.21284203 2.21041329 2.20798472 2.20555634 2.20312814
 2.20070012 2.19827227 2.1958446  2.1934171  2.19098978 2.18856262
 2.18613563 2.1837088  2.18128214 2.17885563 2.17642929 2.17400311
 2.17157708 2.16915121 2.16672549 2.16429991 2.16187449 2.15944921
 2.15702408 2.15459909 2.15217424 2.14974953 2.14732496 2.14490052
 2.14247622 2.14005204 2.137628   2.13520408 2.13278029 2.13035662
 2.12793308 2.12550965 2.12308634 2.12066315 2.11824007 2.1158171
 2.11339425 2.1109715  2.10854886 2.10612632 2.10370389 2.10128155
 2.09885932 2.09643718 2.09401513 2.09159318 2.08917132 2.08674955
 2.08432786 2.08190626 2.07948474 2.07706331 2.07464195 2.07222067
 2.06979947 2.06737833 2.06495727 2.06253628 2.06011536 2.0576945
 2.0552737  2.05285297 2.0504323  2.04801168 2.04559112 2.04317061
 2.04075015 2.03832974 2.03590939 2.03348907 2.0310688  2.02864857
 2.02622838 2.02380823 2.02138811 2.01896803 2.01654798 2.01412796
 2.01170796 2.00928799 2.00686805 2.00444812 2.00202822 1.99960833
 1.99718846 1.9947686  1.99234876 1.98992892 1.98750909 1.98508927
 1.98266944 1.98024962 1.9778298  1.97540998 1.97299015 1.97057032
 1.96815047 1.96573062 1.96331075 1.96089087 1.95847097 1.95605105
 1.95363111 1.95121114 1.94879115 1.94637114 1.94395109 1.94153101
 1.9391109  1.93669075 1.93427057 1.93185035 1.92943008 1.92700977
 1.92458941 1.92216901 1.91974855 1.91732805 1.91490749 1.91248687
 1.91006619 1.90764546 1.90522466 1.90280379 1.90038286 1.89796186
 1.89554079 1.89311965 1.89069843 1.88827713 1.88585575 1.8834343
 1.88101275 1.87859113 1.87616941 1.8737476  1.8713257  1.86890371
 1.86648162 1.86405944 1.86163715 1.85921476 1.85679226 1.85436965
 1.85194694 1.84952412 1.84710118 1.84467813 1.84225495 1.83983166
 1.83740825 1.83498471 1.83256105 1.83013725 1.82771333 1.82528927
 1.82286508 1.82044075 1.81801628 1.81559167 1.81316692 1.81074202
 1.80831697 1.80589177 1.80346642 1.80104091 1.79861525 1.79618943
 1.79376344 1.7913373  1.78891098 1.7864845  1.78405785 1.78163103
 1.77920403 1.77677686 1.77434951 1.77192197 1.76949426 1.76706635
 1.76463826 1.76220998 1.75978151 1.75735285 1.75492398 1.75249492
 1.75006566 1.74763619 1.74520652 1.74277664 1.74034655 1.73791625
 1.73548573 1.733055   1.73062405 1.72819288 1.72576148 1.72332986
 1.72089801 1.71846593 1.71603361 1.71360107 1.71116828 1.70873526
 1.70630199 1.70386849 1.70143473 1.69900073 1.69656647 1.69413197
 1.69169721 1.68926219 1.68682691 1.68439137 1.68195556 1.67951949
 1.67708315 1.67464654 1.67220965 1.66977249 1.66733506 1.66489734
 1.66245933 1.66002105 1.65758247 1.65514361 1.65270445 1.650265
 1.64782526 1.64538521 1.64294487 1.64050422 1.63806326 1.635622
 1.63318042 1.63073854 1.62829634 1.62585382 1.62341098 1.62096782
 1.61852433 1.61608052 1.61363637 1.6111919  1.60874709 1.60630195
 1.60385647 1.60141064 1.59896448 1.59651797 1.59407111 1.59162389
 1.58917633 1.58672841 1.58428014 1.5818315  1.5793825  1.57693314
 1.57448341 1.57203331 1.56958284 1.56713199 1.56468077 1.56222917
 1.55977719 1.55732482 1.55487207 1.55241893 1.54996539 1.54751147
 1.54505715 1.54260243 1.54014731 1.53769179 1.53523586 1.53277952
 1.53032277 1.52786561 1.52540804 1.52295005 1.52049164 1.5180328
 1.51557354 1.51311386 1.51065374 1.50819319 1.50573221 1.50327079
 1.50080893 1.49834663 1.49588388 1.49342069 1.49095704 1.48849295
 1.4860284  1.4835634  1.48109793 1.47863201 1.47616562 1.47369876
 1.47123144 1.46876364 1.46629537 1.46382662 1.4613574  1.45888769
 1.4564175  1.45394682 1.45147565 1.449004   1.44653184 1.4440592
 1.44158605 1.4391124  1.43663825 1.43416359 1.43168842 1.42921274
 1.42673655 1.42425984 1.42178262 1.41930487 1.41682659 1.4143478
 1.41186847 1.40938861 1.40690821 1.40442728 1.40194581 1.3994638
 1.39698125 1.39449815 1.3920145  1.3895303  1.38704554 1.38456023
 1.38207435 1.37958792 1.37710092 1.37461335 1.37212522 1.36963651
 1.36714723 1.36465737 1.36216693 1.35967591 1.3571843  1.35469211
 1.35219933 1.34970595 1.34721198 1.34471741 1.34222224 1.33972647
 1.33723009 1.33473311 1.33223551 1.3297373  1.32723848 1.32473903
 1.32223897 1.31973828 1.31723697 1.31473503 1.31223245 1.30972925
 1.3072254  1.30472092 1.3022158  1.29971003 1.29720361 1.29469655
 1.29218883 1.28968046 1.28717143 1.28466174 1.28215139 1.27964037
 1.27712869 1.27461633 1.27210331 1.2695896  1.26707522 1.26456016
 1.26204442 1.25952798 1.25701086 1.25449305 1.25197455 1.24945534
 1.24693544 1.24441484 1.24189353 1.23937152 1.23684879 1.23432536
 1.23180121 1.22927634 1.22675075 1.22422443 1.22169739 1.21916963
 1.21664113 1.2141119  1.21158193 1.20905123 1.20651978 1.20398759
 1.20145465 1.19892096 1.19638652 1.19385133 1.19131538 1.18877866
 1.18624119 1.18370295 1.18116394 1.17862416 1.17608361 1.17354228
 1.17100018 1.16845729 1.16591362 1.16336916 1.16082391 1.15827787
 1.15573104 1.15318341 1.15063498 1.14808574 1.1455357  1.14298486
 1.1404332  1.13788073 1.13532744 1.13277334 1.13021841 1.12766266
 1.12510608 1.12254868 1.11999044 1.11743137 1.11487146 1.11231071
 1.10974911 1.10718668 1.10462339 1.10205925 1.09949426 1.09692842
 1.09436171 1.09179415 1.08922572 1.08665643 1.08408626 1.08151522
 1.07894331 1.07637053 1.07379686 1.07122231 1.06864687 1.06607055
 1.06349334 1.06091523 1.05833623 1.05575633 1.05317552 1.05059382
 1.04801121 1.04542769 1.04284326 1.04025791 1.03767165 1.03508446
 1.03249636 1.02990733 1.02731737 1.02472648 1.02213467 1.01954191
 1.01694822 1.01435358 1.01175801 1.00916149 1.00656402 1.00396559
 1.00136622 0.99876589 0.9961646  0.99356235 0.99095913 0.98835495
 0.9857498  0.98314368 0.98053658 0.97792851 0.97531946 0.97270942
 0.9700984  0.9674864  0.9648734  0.96225941 0.95964443 0.95702845
 0.95441147 0.95179349 0.9491745  0.9465545  0.9439335  0.94131148
 0.93868845 0.9360644  0.93343933 0.93081324 0.92818613 0.92555798
 0.92292881 0.9202986  0.91766736 0.91503508 0.91240177 0.90976741
 0.907132   0.90449555 0.90185805 0.8992195  0.8965799  0.89393923
 0.89129751 0.88865473 0.88601088 0.88336597 0.88071999 0.87807294
 0.87542481 0.87277561 0.87012534 0.86747398 0.86482154 0.86216802
 0.85951341 0.85685771 0.85420092 0.85154303 0.84888405 0.84622397
 0.8435628  0.84090052 0.83823713 0.83557264 0.83290704 0.83024033
 0.8275725  0.82490356 0.82223351 0.81956233 0.81689004 0.81421661
 0.81154207 0.8088664  0.80618959 0.80351166 0.80083259 0.79815239
 0.79547105 0.79278857 0.79010495 0.78742019 0.78473428 0.78204723
 0.77935902 0.77666967 0.77397917 0.77128751 0.76859469 0.76590072
 0.76320559 0.7605093  0.75781185 0.75511323 0.75241345 0.7497125
 0.74701039 0.7443071  0.74160264 0.73889701 0.73619021 0.73348223
 0.73077307 0.72806273 0.72535122 0.72263852 0.71992464 0.71720958
 0.71449333 0.7117759  0.70905728 0.70633748 0.70361648 0.70089429
 0.69817092 0.69544635 0.69272059 0.68999363 0.68726548 0.68453614
 0.6818056  0.67907386 0.67634093 0.6736068  0.67087147 0.66813494
 0.66539721 0.66265829 0.65991816 0.65717683 0.6544343  0.65169058
 0.64894565 0.64619952 0.64345219 0.64070365 0.63795392 0.63520299
 0.63245085 0.62969752 0.62694299 0.62418726 0.62143033 0.6186722
 0.61591287 0.61315235 0.61039063 0.60762771 0.6048636  0.6020983
 0.59933181 0.59656412 0.59379525 0.59102518 0.58825393 0.5854815
 0.58270788 0.57993308 0.5771571  0.57437994 0.57160161 0.5688221
 0.56604142 0.56325957 0.56047655 0.55769237 0.55490703 0.55212053
 0.54933287 0.54654406 0.54375411 0.540963   0.53817076 0.53537737
 0.53258285 0.5297872  0.52699042 0.52419252 0.5213935  0.51859337
 0.51579213 0.51298978 0.51018634 0.5073818  0.50457618 0.50176947
 0.49896168 0.49615282 0.4933429  0.49053192 0.48771989 0.48490682
 0.48209271 0.47927757 0.4764614  0.47364423 0.47082604 0.46800686
 0.46518669 0.46236554 0.45954341 0.45672033 0.4538963  0.45107132
 0.44824541 0.44541858 0.44259085 0.43976221 0.43693269 0.43410229
 0.43127104 0.42843893 0.42560599 0.42277223 0.41993767 0.41710231
 0.41426617 0.41142927 0.40859162 0.40575325 0.40291416 0.40007438
 0.39723392 0.3943928  0.39155104 0.38870866 0.38586568 0.38302213
 0.38017802 0.37733337 0.37448822 0.37164257 0.36879647 0.36594993
 0.36310297 0.36025564 0.35740794 0.35455992 0.3517116  0.34886301
 0.34601419 0.34316516 0.34031596 0.33746662 0.33461718 0.33176768
 0.32891815 0.32606863 0.32321917 0.3203698  0.31752058 0.31467153
 0.31182271 0.30897417 0.30612595 0.30327811 0.3004307  0.29758378
 0.29473739 0.2918916  0.28904647 0.28620205 0.28335843 0.28051565
 0.27767379 0.27483293 0.27199312 0.26915447 0.26631703 0.2634809
 0.26064616 0.25781289 0.2549812  0.25215117 0.24932291 0.24649651
 0.24367209 0.24084975 0.23802962 0.2352118  0.23239643 0.22958363
 0.22677353 0.22396629 0.22116204 0.21836094 0.21556314 0.21276881
 0.20997812 0.20719124 0.20440838 0.20162972 0.19885546 0.19608582
 0.19332102 0.19056129 0.18780688 0.18505804 0.18231503 0.17957813
 0.17684765 0.17412387 0.17140712 0.16869775 0.1659961  0.16330254
 0.16061746 0.15794128 0.15527442 0.15261734 0.14997053 0.14733447
 0.14470971 0.1420968  0.13949634 0.13690896 0.13433531 0.13177609
 0.12923205 0.12670398 0.1241927  0.12169909 0.1192241  0.11565585
 0.11321406 0.11079582 0.10840233 0.10603489 0.10369485 0.10138368
 0.09774399 0.09552453 0.09333963 0.09119129 0.08865201 0.08658947
 0.08457098 0.08240273 0.08047205 0.07859557 0.07690935 0.07518537
 0.07349046 0.07186469 0.0703129  0.06883985 0.06745082 0.06615155
 0.06494816 0.06384707 0.06285529 0.06198025 0.06122963 0.06053818
 0.06008414 0.05978272 0.05964334 0.05967571 0.05988989 0.06029633
 0.06090605 0.06173053 0.06278223 0.0640748  0.06562352 0.06744593
 0.06956273 0.07199787 0.07478133 0.07616292 0.07731824 0.08068412
 0.08443882 0.08862185 0.09328316 0.098547   0.10583147 0.1065621
 0.11501008 0.12285246 0.13169401 0.14172579]
t = [1.07410560e+09 1.07410564e+09 1.07410569e+09 1.07410573e+09
 1.07410577e+09 1.07410582e+09 1.07410586e+09 1.07410591e+09
 1.07410595e+09 1.07410599e+09 1.07410604e+09 1.07410608e+09
 1.07410612e+09 1.07410617e+09 1.07410621e+09 1.07410625e+09
 1.07410630e+09 1.07410634e+09 1.07410638e+09 1.07410643e+09
 1.07410647e+09 1.07410652e+09 1.07410656e+09 1.07410660e+09
 1.07410665e+09 1.07410669e+09 1.07410673e+09 1.07410678e+09
 1.07410682e+09 1.07410686e+09 1.07410691e+09 1.07410695e+09
 1.07410699e+09 1.07410704e+09 1.07410708e+09 1.07410713e+09
 1.07410717e+09 1.07410721e+09 1.07410726e+09 1.07410730e+09
 1.07410734e+09 1.07410739e+09 1.07410743e+09 1.07410747e+09
 1.07410752e+09 1.07410756e+09 1.07410760e+09 1.07410765e+09
 1.07410769e+09 1.07410774e+09 1.07410778e+09 1.07410782e+09
 1.07410787e+09 1.07410791e+09 1.07410795e+09 1.07410800e+09
 1.07410804e+09 1.07410808e+09 1.07410813e+09 1.07410817e+09
 1.07410822e+09 1.07410826e+09 1.07410830e+09 1.07410835e+09
 1.07410839e+09 1.07410843e+09 1.07410848e+09 1.07410852e+09
 1.07410856e+09 1.07410861e+09 1.07410865e+09 1.07410869e+09
 1.07410874e+09 1.07410878e+09 1.07410883e+09 1.07410887e+09
 1.07410891e+09 1.07410896e+09 1.07410900e+09 1.07410904e+09
 1.07410909e+09 1.07410913e+09 1.07410917e+09 1.07410922e+09
 1.07410926e+09 1.07410930e+09 1.07410935e+09 1.07410939e+09
 1.07410944e+09 1.07410948e+09 1.07410952e+09 1.07410957e+09
 1.07410961e+09 1.07410965e+09 1.07410970e+09 1.07410974e+09
 1.07410978e+09 1.07410983e+09 1.07410987e+09 1.07410991e+09
 1.07410996e+09 1.07411000e+09 1.07411005e+09 1.07411009e+09
 1.07411013e+09 1.07411018e+09 1.07411022e+09 1.07411026e+09
 1.07411031e+09 1.07411035e+09 1.07411039e+09 1.07411044e+09
 1.07411048e+09 1.07411052e+09 1.07411057e+09 1.07411061e+09
 1.07411066e+09 1.07411070e+09 1.07411074e+09 1.07411079e+09
 1.07411083e+09 1.07411087e+09 1.07411092e+09 1.07411096e+09
 1.07411100e+09 1.07411105e+09 1.07411109e+09 1.07411113e+09
 1.07411118e+09 1.07411122e+09 1.07411127e+09 1.07411131e+09
 1.07411135e+09 1.07411140e+09 1.07411144e+09 1.07411148e+09
 1.07411153e+09 1.07411157e+09 1.07411161e+09 1.07411166e+09
 1.07411170e+09 1.07411175e+09 1.07411179e+09 1.07411183e+09
 1.07411188e+09 1.07411192e+09 1.07411196e+09 1.07411201e+09
 1.07411205e+09 1.07411209e+09 1.07411214e+09 1.07411218e+09
 1.07411222e+09 1.07411227e+09 1.07411231e+09 1.07411236e+09
 1.07411240e+09 1.07411244e+09 1.07411249e+09 1.07411253e+09
 1.07411257e+09 1.07411262e+09 1.07411266e+09 1.07411270e+09
 1.07411275e+09 1.07411279e+09 1.07411283e+09 1.07411288e+09
 1.07411292e+09 1.07411297e+09 1.07411301e+09 1.07411305e+09
 1.07411310e+09 1.07411314e+09 1.07411318e+09 1.07411323e+09
 1.07411327e+09 1.07411331e+09 1.07411336e+09 1.07411340e+09
 1.07411344e+09 1.07411349e+09 1.07411353e+09 1.07411358e+09
 1.07411362e+09 1.07411366e+09 1.07411371e+09 1.07411375e+09
 1.07411379e+09 1.07411384e+09 1.07411388e+09 1.07411392e+09
 1.07411397e+09 1.07411401e+09 1.07411405e+09 1.07411410e+09
 1.07411414e+09 1.07411419e+09 1.07411423e+09 1.07411427e+09
 1.07411432e+09 1.07411436e+09 1.07411440e+09 1.07411445e+09
 1.07411449e+09 1.07411453e+09 1.07411458e+09 1.07411462e+09
 1.07411467e+09 1.07411471e+09 1.07411475e+09 1.07411480e+09
 1.07411484e+09 1.07411488e+09 1.07411493e+09 1.07411497e+09
 1.07411501e+09 1.07411506e+09 1.07411510e+09 1.07411514e+09
 1.07411519e+09 1.07411523e+09 1.07411528e+09 1.07411532e+09
 1.07411536e+09 1.07411541e+09 1.07411545e+09 1.07411549e+09
 1.07411554e+09 1.07411558e+09 1.07411562e+09 1.07411567e+09
 1.07411571e+09 1.07411575e+09 1.07411580e+09 1.07411584e+09
 1.07411589e+09 1.07411593e+09 1.07411597e+09 1.07411602e+09
 1.07411606e+09 1.07411610e+09 1.07411615e+09 1.07411619e+09
 1.07411623e+09 1.07411628e+09 1.07411632e+09 1.07411636e+09
 1.07411641e+09 1.07411645e+09 1.07411650e+09 1.07411654e+09
 1.07411658e+09 1.07411663e+09 1.07411667e+09 1.07411671e+09
 1.07411676e+09 1.07411680e+09 1.07411684e+09 1.07411689e+09
 1.07411693e+09 1.07411697e+09 1.07411702e+09 1.07411706e+09
 1.07411711e+09 1.07411715e+09 1.07411719e+09 1.07411724e+09
 1.07411728e+09 1.07411732e+09 1.07411737e+09 1.07411741e+09
 1.07411745e+09 1.07411750e+09 1.07411754e+09 1.07411758e+09
 1.07411763e+09 1.07411767e+09 1.07411772e+09 1.07411776e+09
 1.07411780e+09 1.07411785e+09 1.07411789e+09 1.07411793e+09
 1.07411798e+09 1.07411802e+09 1.07411806e+09 1.07411811e+09
 1.07411815e+09 1.07411820e+09 1.07411824e+09 1.07411828e+09
 1.07411833e+09 1.07411837e+09 1.07411841e+09 1.07411846e+09
 1.07411850e+09 1.07411854e+09 1.07411859e+09 1.07411863e+09
 1.07411867e+09 1.07411872e+09 1.07411876e+09 1.07411881e+09
 1.07411885e+09 1.07411889e+09 1.07411894e+09 1.07411898e+09
 1.07411902e+09 1.07411907e+09 1.07411911e+09 1.07411915e+09
 1.07411920e+09 1.07411924e+09 1.07411928e+09 1.07411933e+09
 1.07411937e+09 1.07411942e+09 1.07411946e+09 1.07411950e+09
 1.07411955e+09 1.07411959e+09 1.07411963e+09 1.07411968e+09
 1.07411972e+09 1.07411976e+09 1.07411981e+09 1.07411985e+09
 1.07411989e+09 1.07411994e+09 1.07411998e+09 1.07412003e+09
 1.07412007e+09 1.07412011e+09 1.07412016e+09 1.07412020e+09
 1.07412024e+09 1.07412029e+09 1.07412033e+09 1.07412037e+09
 1.07412042e+09 1.07412046e+09 1.07412050e+09 1.07412055e+09
 1.07412059e+09 1.07412064e+09 1.07412068e+09 1.07412072e+09
 1.07412077e+09 1.07412081e+09 1.07412085e+09 1.07412090e+09
 1.07412094e+09 1.07412098e+09 1.07412103e+09 1.07412107e+09
 1.07412112e+09 1.07412116e+09 1.07412120e+09 1.07412125e+09
 1.07412129e+09 1.07412133e+09 1.07412138e+09 1.07412142e+09
 1.07412146e+09 1.07412151e+09 1.07412155e+09 1.07412159e+09
 1.07412164e+09 1.07412168e+09 1.07412173e+09 1.07412177e+09
 1.07412181e+09 1.07412186e+09 1.07412190e+09 1.07412194e+09
 1.07412199e+09 1.07412203e+09 1.07412207e+09 1.07412212e+09
 1.07412216e+09 1.07412220e+09 1.07412225e+09 1.07412229e+09
 1.07412234e+09 1.07412238e+09 1.07412242e+09 1.07412247e+09
 1.07412251e+09 1.07412255e+09 1.07412260e+09 1.07412264e+09
 1.07412268e+09 1.07412273e+09 1.07412277e+09 1.07412281e+09
 1.07412286e+09 1.07412290e+09 1.07412295e+09 1.07412299e+09
 1.07412303e+09 1.07412308e+09 1.07412312e+09 1.07412316e+09
 1.07412321e+09 1.07412325e+09 1.07412329e+09 1.07412334e+09
 1.07412338e+09 1.07412342e+09 1.07412347e+09 1.07412351e+09
 1.07412356e+09 1.07412360e+09 1.07412364e+09 1.07412369e+09
 1.07412373e+09 1.07412377e+09 1.07412382e+09 1.07412386e+09
 1.07412390e+09 1.07412395e+09 1.07412399e+09 1.07412403e+09
 1.07412408e+09 1.07412412e+09 1.07412417e+09 1.07412421e+09
 1.07412425e+09 1.07412430e+09 1.07412434e+09 1.07412438e+09
 1.07412443e+09 1.07412447e+09 1.07412451e+09 1.07412456e+09
 1.07412460e+09 1.07412465e+09 1.07412469e+09 1.07412473e+09
 1.07412478e+09 1.07412482e+09 1.07412486e+09 1.07412491e+09
 1.07412495e+09 1.07412499e+09 1.07412504e+09 1.07412508e+09
 1.07412512e+09 1.07412517e+09 1.07412521e+09 1.07412526e+09
 1.07412530e+09 1.07412534e+09 1.07412539e+09 1.07412543e+09
 1.07412547e+09 1.07412552e+09 1.07412556e+09 1.07412560e+09
 1.07412565e+09 1.07412569e+09 1.07412573e+09 1.07412578e+09
 1.07412582e+09 1.07412587e+09 1.07412591e+09 1.07412595e+09
 1.07412600e+09 1.07412604e+09 1.07412608e+09 1.07412613e+09
 1.07412617e+09 1.07412621e+09 1.07412626e+09 1.07412630e+09
 1.07412634e+09 1.07412639e+09 1.07412643e+09 1.07412648e+09
 1.07412652e+09 1.07412656e+09 1.07412661e+09 1.07412665e+09
 1.07412669e+09 1.07412674e+09 1.07412678e+09 1.07412682e+09
 1.07412687e+09 1.07412691e+09 1.07412695e+09 1.07412700e+09
 1.07412704e+09 1.07412709e+09 1.07412713e+09 1.07412717e+09
 1.07412722e+09 1.07412726e+09 1.07412730e+09 1.07412735e+09
 1.07412739e+09 1.07412743e+09 1.07412748e+09 1.07412752e+09
 1.07412757e+09 1.07412761e+09 1.07412765e+09 1.07412770e+09
 1.07412774e+09 1.07412778e+09 1.07412783e+09 1.07412787e+09
 1.07412791e+09 1.07412796e+09 1.07412800e+09 1.07412804e+09
 1.07412809e+09 1.07412813e+09 1.07412818e+09 1.07412822e+09
 1.07412826e+09 1.07412831e+09 1.07412835e+09 1.07412839e+09
 1.07412844e+09 1.07412848e+09 1.07412852e+09 1.07412857e+09
 1.07412861e+09 1.07412865e+09 1.07412870e+09 1.07412874e+09
 1.07412879e+09 1.07412883e+09 1.07412887e+09 1.07412892e+09
 1.07412896e+09 1.07412900e+09 1.07412905e+09 1.07412909e+09
 1.07412913e+09 1.07412918e+09 1.07412922e+09 1.07412926e+09
 1.07412931e+09 1.07412935e+09 1.07412940e+09 1.07412944e+09
 1.07412948e+09 1.07412953e+09 1.07412957e+09 1.07412961e+09
 1.07412966e+09 1.07412970e+09 1.07412974e+09 1.07412979e+09
 1.07412983e+09 1.07412987e+09 1.07412992e+09 1.07412996e+09
 1.07413001e+09 1.07413005e+09 1.07413009e+09 1.07413014e+09
 1.07413018e+09 1.07413022e+09 1.07413027e+09 1.07413031e+09
 1.07413035e+09 1.07413040e+09 1.07413044e+09 1.07413048e+09
 1.07413053e+09 1.07413057e+09 1.07413062e+09 1.07413066e+09
 1.07413070e+09 1.07413075e+09 1.07413079e+09 1.07413083e+09
 1.07413088e+09 1.07413092e+09 1.07413096e+09 1.07413101e+09
 1.07413105e+09 1.07413110e+09 1.07413114e+09 1.07413118e+09
 1.07413123e+09 1.07413127e+09 1.07413131e+09 1.07413136e+09
 1.07413140e+09 1.07413144e+09 1.07413149e+09 1.07413153e+09
 1.07413157e+09 1.07413162e+09 1.07413166e+09 1.07413171e+09
 1.07413175e+09 1.07413179e+09 1.07413184e+09 1.07413188e+09
 1.07413192e+09 1.07413197e+09 1.07413201e+09 1.07413205e+09
 1.07413210e+09 1.07413214e+09 1.07413218e+09 1.07413223e+09
 1.07413227e+09 1.07413232e+09 1.07413236e+09 1.07413240e+09
 1.07413245e+09 1.07413249e+09 1.07413253e+09 1.07413258e+09
 1.07413262e+09 1.07413266e+09 1.07413271e+09 1.07413275e+09
 1.07413279e+09 1.07413284e+09 1.07413288e+09 1.07413293e+09
 1.07413297e+09 1.07413301e+09 1.07413306e+09 1.07413310e+09
 1.07413314e+09 1.07413319e+09 1.07413323e+09 1.07413327e+09
 1.07413332e+09 1.07413336e+09 1.07413340e+09 1.07413345e+09
 1.07413349e+09 1.07413354e+09 1.07413358e+09 1.07413362e+09
 1.07413367e+09 1.07413371e+09 1.07413375e+09 1.07413380e+09
 1.07413384e+09 1.07413388e+09 1.07413393e+09 1.07413397e+09
 1.07413402e+09 1.07413406e+09 1.07413410e+09 1.07413415e+09
 1.07413419e+09 1.07413423e+09 1.07413428e+09 1.07413432e+09
 1.07413436e+09 1.07413441e+09 1.07413445e+09 1.07413449e+09
 1.07413454e+09 1.07413458e+09 1.07413463e+09 1.07413467e+09
 1.07413471e+09 1.07413476e+09 1.07413480e+09 1.07413484e+09
 1.07413489e+09 1.07413493e+09 1.07413497e+09 1.07413502e+09
 1.07413506e+09 1.07413510e+09 1.07413515e+09 1.07413519e+09
 1.07413524e+09 1.07413528e+09 1.07413532e+09 1.07413537e+09
 1.07413541e+09 1.07413545e+09 1.07413550e+09 1.07413554e+09
 1.07413558e+09 1.07413563e+09 1.07413567e+09 1.07413571e+09
 1.07413576e+09 1.07413580e+09 1.07413585e+09 1.07413589e+09
 1.07413593e+09 1.07413598e+09 1.07413602e+09 1.07413606e+09
 1.07413611e+09 1.07413615e+09 1.07413619e+09 1.07413624e+09
 1.07413628e+09 1.07413632e+09 1.07413637e+09 1.07413641e+09
 1.07413646e+09 1.07413650e+09 1.07413654e+09 1.07413659e+09
 1.07413663e+09 1.07413667e+09 1.07413672e+09 1.07413676e+09
 1.07413680e+09 1.07413685e+09 1.07413689e+09 1.07413693e+09
 1.07413698e+09 1.07413702e+09 1.07413707e+09 1.07413711e+09
 1.07413715e+09 1.07413720e+09 1.07413724e+09 1.07413728e+09
 1.07413733e+09 1.07413737e+09 1.07413741e+09 1.07413746e+09
 1.07413750e+09 1.07413755e+09 1.07413759e+09 1.07413763e+09
 1.07413768e+09 1.07413772e+09 1.07413776e+09 1.07413781e+09
 1.07413785e+09 1.07413789e+09 1.07413794e+09 1.07413798e+09
 1.07413802e+09 1.07413807e+09 1.07413811e+09 1.07413816e+09
 1.07413820e+09 1.07413824e+09 1.07413829e+09 1.07413833e+09
 1.07413837e+09 1.07413842e+09 1.07413846e+09 1.07413850e+09
 1.07413855e+09 1.07413859e+09 1.07413863e+09 1.07413868e+09
 1.07413872e+09 1.07413877e+09 1.07413881e+09 1.07413885e+09
 1.07413890e+09 1.07413894e+09 1.07413898e+09 1.07413903e+09
 1.07413907e+09 1.07413911e+09 1.07413916e+09 1.07413920e+09
 1.07413924e+09 1.07413929e+09 1.07413933e+09 1.07413938e+09
 1.07413942e+09 1.07413946e+09 1.07413951e+09 1.07413955e+09
 1.07413959e+09 1.07413964e+09 1.07413968e+09 1.07413972e+09
 1.07413977e+09 1.07413981e+09 1.07413985e+09 1.07413990e+09
 1.07413994e+09 1.07413999e+09 1.07414003e+09 1.07414007e+09
 1.07414012e+09 1.07414016e+09 1.07414020e+09 1.07414025e+09
 1.07414029e+09 1.07414033e+09 1.07414038e+09 1.07414042e+09
 1.07414047e+09 1.07414051e+09 1.07414055e+09 1.07414060e+09
 1.07414064e+09 1.07414068e+09 1.07414073e+09 1.07414077e+09
 1.07414081e+09 1.07414086e+09 1.07414090e+09 1.07414094e+09
 1.07414099e+09 1.07414103e+09 1.07414108e+09 1.07414112e+09
 1.07414116e+09 1.07414121e+09 1.07414125e+09 1.07414129e+09
 1.07414134e+09 1.07414138e+09 1.07414142e+09 1.07414147e+09
 1.07414151e+09 1.07414155e+09 1.07414160e+09 1.07414164e+09
 1.07414169e+09 1.07414173e+09 1.07414177e+09 1.07414182e+09
 1.07414186e+09 1.07414190e+09 1.07414195e+09 1.07414199e+09
 1.07414203e+09 1.07414208e+09 1.07414212e+09 1.07414216e+09
 1.07414221e+09 1.07414225e+09 1.07414230e+09 1.07414234e+09
 1.07414238e+09 1.07414243e+09 1.07414247e+09 1.07414251e+09
 1.07414256e+09 1.07414260e+09 1.07414264e+09 1.07414269e+09
 1.07414273e+09 1.07414277e+09 1.07414282e+09 1.07414286e+09
 1.07414291e+09 1.07414295e+09 1.07414299e+09 1.07414304e+09
 1.07414308e+09 1.07414312e+09 1.07414317e+09 1.07414321e+09
 1.07414325e+09 1.07414330e+09 1.07414334e+09 1.07414338e+09
 1.07414343e+09 1.07414347e+09 1.07414352e+09 1.07414356e+09
 1.07414360e+09 1.07414365e+09 1.07414369e+09 1.07414373e+09
 1.07414378e+09 1.07414382e+09 1.07414386e+09 1.07414391e+09
 1.07414395e+09 1.07414400e+09 1.07414404e+09 1.07414408e+09
 1.07414413e+09 1.07414417e+09 1.07414421e+09 1.07414426e+09
 1.07414430e+09 1.07414434e+09 1.07414439e+09 1.07414443e+09
 1.07414447e+09 1.07414452e+09 1.07414456e+09 1.07414461e+09
 1.07414465e+09 1.07414469e+09 1.07414474e+09 1.07414478e+09
 1.07414482e+09 1.07414487e+09 1.07414491e+09 1.07414495e+09
 1.07414500e+09 1.07414504e+09 1.07414508e+09 1.07414513e+09
 1.07414517e+09 1.07414522e+09 1.07414526e+09 1.07414530e+09
 1.07414535e+09 1.07414539e+09 1.07414543e+09 1.07414548e+09
 1.07414552e+09 1.07414556e+09 1.07414561e+09 1.07414565e+09
 1.07414569e+09 1.07414574e+09 1.07414578e+09 1.07414583e+09
 1.07414587e+09 1.07414591e+09 1.07414596e+09 1.07414600e+09
 1.07414604e+09 1.07414609e+09 1.07414613e+09 1.07414617e+09
 1.07414622e+09 1.07414626e+09 1.07414630e+09 1.07414635e+09
 1.07414639e+09 1.07414644e+09 1.07414648e+09 1.07414652e+09
 1.07414657e+09 1.07414661e+09 1.07414665e+09 1.07414670e+09
 1.07414674e+09 1.07414678e+09 1.07414683e+09 1.07414687e+09
 1.07414692e+09 1.07414696e+09 1.07414700e+09 1.07414705e+09
 1.07414709e+09 1.07414713e+09 1.07414718e+09 1.07414722e+09
 1.07414726e+09 1.07414731e+09 1.07414735e+09 1.07414739e+09
 1.07414744e+09 1.07414748e+09 1.07414753e+09 1.07414757e+09
 1.07414761e+09 1.07414766e+09 1.07414770e+09 1.07414774e+09
 1.07414779e+09 1.07414783e+09 1.07414787e+09 1.07414792e+09
 1.07414796e+09 1.07414800e+09 1.07414805e+09 1.07414809e+09
 1.07414814e+09 1.07414818e+09 1.07414822e+09 1.07414827e+09
 1.07414831e+09 1.07414835e+09 1.07414840e+09 1.07414844e+09
 1.07414848e+09 1.07414853e+09 1.07414857e+09 1.07414861e+09
 1.07414866e+09 1.07414870e+09 1.07414875e+09 1.07414879e+09
 1.07414883e+09 1.07414888e+09 1.07414892e+09 1.07414896e+09
 1.07414901e+09 1.07414905e+09 1.07414909e+09 1.07414914e+09]
minRes = 0.059643342799715865
minResTime = [1.07414805e+09]
Cov(t) = [100 100 100 100 100 100 100 100 100 100 100 100 100 100 100 100 100 100
 100 100 100 100 100 100 100 100 100 100 100 100 100 100 100 100 100 100
 100 100 100 100 100 100 100 100 100 100 100 100 100 100 100 100 100 100
 100 100 100 100 100 100 100 100 100 100 100 100 100 100 100 100 100 100
 100 100 100 100 100 100 100 100 100 100 100 100 100 100 100 100 100 100
 100 100 100 100 100 100 100 100 100 100 100 100 100 100 100 100 100 100
 100 100 100 100 100 100 100 100 100 100 100 100 100 100 100 100 100 100
 100 100 100 100 100 100 100 100 100 100 100 100 100 100 100 100 100 100
 100 100 100 100 100 100 100 100 100 100 100 100 100 100 100 100 100 100
 100 100 100 100 100 100 100 100 100 100 100 100 100 100 100 100 100 100
 100 100 100 100 100 100 100 100 100 100 100 100 100 100 100 100 100 100
 100 100 100 100 100 100 100 100 100 100 100 100 100 100 100 100 100 100
 100 100 100 100 100 100 100 100 100 100 100 100 100 100 100 100 100 100
 100 100 100 100 100 100 100 100 100 100 100 100 100 100 100 100 100 100
 100 100 100 100 100 100 100 100 100 100 100 100 100 100 100 100 100 100
 100 100 100 100 100 100 100 100 100 100 100 100 100 100 100 100 100 100
 100 100 100 100 100 100 100 100 100 100 100 100 100 100 100 100 100 100
 100 100 100 100 100 100 100 100 100 100 100 100 100 100 100 100 100 100
 100 100 100 100 100 100 100 100 100 100 100 100 100 100 100 100 100 100
 100 100 100 100 100 100 100 100 100 100 100 100 100 100 100 100 100 100
 100 100 100 100 100 100 100 100 100 100 100 100 100 100 100 100 100 100
 100 100 100 100 100 100 100 100 100 100 100 100 100 100 100 100 100 100
 100 100 100 100 100 100 100 100 100 100 100 100 100 100 100 100 100 100
 100 100 100 100 100 100 100 100 100 100 100 100 100 100 100 100 100 100
 100 100 100 100 100 100 100 100 100 100 100 100 100 100 100 100 100 100
 100 100 100 100 100 100 100 100 100 100 100 100 100 100 100 100 100 100
 100 100 100 100 100 100 100 100 100 100 100 100 100 100 100 100 100 100
 100 100 100 100 100 100 100 100 100 100 100 100 100 100 100 100 100 100
 100 100 100 100 100 100 100 100 100 100 100 100 100 100 100 100 100 100
 100 100 100 100 100 100 100 100 100 100 100 100 100 100 100 100 100 100
 100 100 100 100 100 100 100 100 100 100 100 100 100 100 100 100 100 100
 100 100 100 100 100 100 100 100 100 100 100 100 100 100 100 100 100 100
 100 100 100 100 100 100 100 100 100 100 100 100 100 100 100 100 100 100
 100 100 100 100 100 100 100 100 100 100 100 100 100 100 100 100 100 100
 100 100 100 100 100 100 100 100 100 100 100 100 100 100 100 100 100 100
 100 100 100 100 100 100 100 100 100 100 100 100 100 100 100 100 100 100
 100 100 100 100 100 100 100 100 100 100 100 100 100 100 100 100 100 100
 100 100 100 100 100 100 100 100 100 100 100 100 100 100 100 100 100 100
 100 100 100 100 100 100 100 100 100 100 100 100 100 100 100 100 100 100
 100 100 100 100 100 100 100 100 100 100 100 100 100 100 100 100 100 100
 100 100 100 100 100 100 100 100 100 100 100 100 100 100 100 100 100 100
 100 100 100 100 100 100 100 100 100 100 100 100 100 100 100 100 100 100
 100 100 100 100 100 100 100 100 100 100 100 100 100 100 100 100 100 100
 100 100 100 100 100 100 100 100 100 100 100 100 100 100 100 100 100 100
 100 100 100 100 100 100 100 100 100 100 100 100 100 100 100 100 100 100
 100 100 100 100 100 100 100 100 100 100 100 100 100 100 100 100 100 100
 100 100 100 100 100 100 100 100 100 100 100 100 100 100 100 100 100 100
 100 100 100 100 100 100 100 100 100 100 100 100 100 100 100 100 100 100
 100 100 100 100 100 100 100 100 100 100 100 100 100 100 100 100 100 100
 100 100 100 100 100 100 100 100 100 100 100 100 100 100 100 100 100 100
 100 100 100 100 100 100 100 100 100 100 100 100 100 100 100 100 100 100
 100 100 100 100 100 100 100 100 100 100 100 100 100 100 100 100 100 100
 100 100 100 100 100 100 100 100 100 100 100 100 100 100 100 100 100 100
 100 100 100 100 100 100 100 100 100 100 100 100 100 100 100 100 100 100
 100 100 100 100 100 100 100 100 100 100 100 100 100 100 100 100 100 100
 100 100 100 100 100 100 100 100 100 100]
maxCov = 100
maxCovTime = [1.07410560e+09 1.07410564e+09 1.07410569e+09 1.07410573e+09
 1.07410577e+09 1.07410582e+09 1.07410586e+09 1.07410591e+09
 1.07410595e+09 1.07410599e+09 1.07410604e+09 1.07410608e+09
 1.07410612e+09 1.07410617e+09 1.07410621e+09 1.07410625e+09
 1.07410630e+09 1.07410634e+09 1.07410638e+09 1.07410643e+09
 1.07410647e+09 1.07410652e+09 1.07410656e+09 1.07410660e+09
 1.07410665e+09 1.07410669e+09 1.07410673e+09 1.07410678e+09
 1.07410682e+09 1.07410686e+09 1.07410691e+09 1.07410695e+09
 1.07410699e+09 1.07410704e+09 1.07410708e+09 1.07410713e+09
 1.07410717e+09 1.07410721e+09 1.07410726e+09 1.07410730e+09
 1.07410734e+09 1.07410739e+09 1.07410743e+09 1.07410747e+09
 1.07410752e+09 1.07410756e+09 1.07410760e+09 1.07410765e+09
 1.07410769e+09 1.07410774e+09 1.07410778e+09 1.07410782e+09
 1.07410787e+09 1.07410791e+09 1.07410795e+09 1.07410800e+09
 1.07410804e+09 1.07410808e+09 1.07410813e+09 1.07410817e+09
 1.07410822e+09 1.07410826e+09 1.07410830e+09 1.07410835e+09
 1.07410839e+09 1.07410843e+09 1.07410848e+09 1.07410852e+09
 1.07410856e+09 1.07410861e+09 1.07410865e+09 1.07410869e+09
 1.07410874e+09 1.07410878e+09 1.07410883e+09 1.07410887e+09
 1.07410891e+09 1.07410896e+09 1.07410900e+09 1.07410904e+09
 1.07410909e+09 1.07410913e+09 1.07410917e+09 1.07410922e+09
 1.07410926e+09 1.07410930e+09 1.07410935e+09 1.07410939e+09
 1.07410944e+09 1.07410948e+09 1.07410952e+09 1.07410957e+09
 1.07410961e+09 1.07410965e+09 1.07410970e+09 1.07410974e+09
 1.07410978e+09 1.07410983e+09 1.07410987e+09 1.07410991e+09
 1.07410996e+09 1.07411000e+09 1.07411005e+09 1.07411009e+09
 1.07411013e+09 1.07411018e+09 1.07411022e+09 1.07411026e+09
 1.07411031e+09 1.07411035e+09 1.07411039e+09 1.07411044e+09
 1.07411048e+09 1.07411052e+09 1.07411057e+09 1.07411061e+09
 1.07411066e+09 1.07411070e+09 1.07411074e+09 1.07411079e+09
 1.07411083e+09 1.07411087e+09 1.07411092e+09 1.07411096e+09
 1.07411100e+09 1.07411105e+09 1.07411109e+09 1.07411113e+09
 1.07411118e+09 1.07411122e+09 1.07411127e+09 1.07411131e+09
 1.07411135e+09 1.07411140e+09 1.07411144e+09 1.07411148e+09
 1.07411153e+09 1.07411157e+09 1.07411161e+09 1.07411166e+09
 1.07411170e+09 1.07411175e+09 1.07411179e+09 1.07411183e+09
 1.07411188e+09 1.07411192e+09 1.07411196e+09 1.07411201e+09
 1.07411205e+09 1.07411209e+09 1.07411214e+09 1.07411218e+09
 1.07411222e+09 1.07411227e+09 1.07411231e+09 1.07411236e+09
 1.07411240e+09 1.07411244e+09 1.07411249e+09 1.07411253e+09
 1.07411257e+09 1.07411262e+09 1.07411266e+09 1.07411270e+09
 1.07411275e+09 1.07411279e+09 1.07411283e+09 1.07411288e+09
 1.07411292e+09 1.07411297e+09 1.07411301e+09 1.07411305e+09
 1.07411310e+09 1.07411314e+09 1.07411318e+09 1.07411323e+09
 1.07411327e+09 1.07411331e+09 1.07411336e+09 1.07411340e+09
 1.07411344e+09 1.07411349e+09 1.07411353e+09 1.07411358e+09
 1.07411362e+09 1.07411366e+09 1.07411371e+09 1.07411375e+09
 1.07411379e+09 1.07411384e+09 1.07411388e+09 1.07411392e+09
 1.07411397e+09 1.07411401e+09 1.07411405e+09 1.07411410e+09
 1.07411414e+09 1.07411419e+09 1.07411423e+09 1.07411427e+09
 1.07411432e+09 1.07411436e+09 1.07411440e+09 1.07411445e+09
 1.07411449e+09 1.07411453e+09 1.07411458e+09 1.07411462e+09
 1.07411467e+09 1.07411471e+09 1.07411475e+09 1.07411480e+09
 1.07411484e+09 1.07411488e+09 1.07411493e+09 1.07411497e+09
 1.07411501e+09 1.07411506e+09 1.07411510e+09 1.07411514e+09
 1.07411519e+09 1.07411523e+09 1.07411528e+09 1.07411532e+09
 1.07411536e+09 1.07411541e+09 1.07411545e+09 1.07411549e+09
 1.07411554e+09 1.07411558e+09 1.07411562e+09 1.07411567e+09
 1.07411571e+09 1.07411575e+09 1.07411580e+09 1.07411584e+09
 1.07411589e+09 1.07411593e+09 1.07411597e+09 1.07411602e+09
 1.07411606e+09 1.07411610e+09 1.07411615e+09 1.07411619e+09
 1.07411623e+09 1.07411628e+09 1.07411632e+09 1.07411636e+09
 1.07411641e+09 1.07411645e+09 1.07411650e+09 1.07411654e+09
 1.07411658e+09 1.07411663e+09 1.07411667e+09 1.07411671e+09
 1.07411676e+09 1.07411680e+09 1.07411684e+09 1.07411689e+09
 1.07411693e+09 1.07411697e+09 1.07411702e+09 1.07411706e+09
 1.07411711e+09 1.07411715e+09 1.07411719e+09 1.07411724e+09
 1.07411728e+09 1.07411732e+09 1.07411737e+09 1.07411741e+09
 1.07411745e+09 1.07411750e+09 1.07411754e+09 1.07411758e+09
 1.07411763e+09 1.07411767e+09 1.07411772e+09 1.07411776e+09
 1.07411780e+09 1.07411785e+09 1.07411789e+09 1.07411793e+09
 1.07411798e+09 1.07411802e+09 1.07411806e+09 1.07411811e+09
 1.07411815e+09 1.07411820e+09 1.07411824e+09 1.07411828e+09
 1.07411833e+09 1.07411837e+09 1.07411841e+09 1.07411846e+09
 1.07411850e+09 1.07411854e+09 1.07411859e+09 1.07411863e+09
 1.07411867e+09 1.07411872e+09 1.07411876e+09 1.07411881e+09
 1.07411885e+09 1.07411889e+09 1.07411894e+09 1.07411898e+09
 1.07411902e+09 1.07411907e+09 1.07411911e+09 1.07411915e+09
 1.07411920e+09 1.07411924e+09 1.07411928e+09 1.07411933e+09
 1.07411937e+09 1.07411942e+09 1.07411946e+09 1.07411950e+09
 1.07411955e+09 1.07411959e+09 1.07411963e+09 1.07411968e+09
 1.07411972e+09 1.07411976e+09 1.07411981e+09 1.07411985e+09
 1.07411989e+09 1.07411994e+09 1.07411998e+09 1.07412003e+09
 1.07412007e+09 1.07412011e+09 1.07412016e+09 1.07412020e+09
 1.07412024e+09 1.07412029e+09 1.07412033e+09 1.07412037e+09
 1.07412042e+09 1.07412046e+09 1.07412050e+09 1.07412055e+09
 1.07412059e+09 1.07412064e+09 1.07412068e+09 1.07412072e+09
 1.07412077e+09 1.07412081e+09 1.07412085e+09 1.07412090e+09
 1.07412094e+09 1.07412098e+09 1.07412103e+09 1.07412107e+09
 1.07412112e+09 1.07412116e+09 1.07412120e+09 1.07412125e+09
 1.07412129e+09 1.07412133e+09 1.07412138e+09 1.07412142e+09
 1.07412146e+09 1.07412151e+09 1.07412155e+09 1.07412159e+09
 1.07412164e+09 1.07412168e+09 1.07412173e+09 1.07412177e+09
 1.07412181e+09 1.07412186e+09 1.07412190e+09 1.07412194e+09
 1.07412199e+09 1.07412203e+09 1.07412207e+09 1.07412212e+09
 1.07412216e+09 1.07412220e+09 1.07412225e+09 1.07412229e+09
 1.07412234e+09 1.07412238e+09 1.07412242e+09 1.07412247e+09
 1.07412251e+09 1.07412255e+09 1.07412260e+09 1.07412264e+09
 1.07412268e+09 1.07412273e+09 1.07412277e+09 1.07412281e+09
 1.07412286e+09 1.07412290e+09 1.07412295e+09 1.07412299e+09
 1.07412303e+09 1.07412308e+09 1.07412312e+09 1.07412316e+09
 1.07412321e+09 1.07412325e+09 1.07412329e+09 1.07412334e+09
 1.07412338e+09 1.07412342e+09 1.07412347e+09 1.07412351e+09
 1.07412356e+09 1.07412360e+09 1.07412364e+09 1.07412369e+09
 1.07412373e+09 1.07412377e+09 1.07412382e+09 1.07412386e+09
 1.07412390e+09 1.07412395e+09 1.07412399e+09 1.07412403e+09
 1.07412408e+09 1.07412412e+09 1.07412417e+09 1.07412421e+09
 1.07412425e+09 1.07412430e+09 1.07412434e+09 1.07412438e+09
 1.07412443e+09 1.07412447e+09 1.07412451e+09 1.07412456e+09
 1.07412460e+09 1.07412465e+09 1.07412469e+09 1.07412473e+09
 1.07412478e+09 1.07412482e+09 1.07412486e+09 1.07412491e+09
 1.07412495e+09 1.07412499e+09 1.07412504e+09 1.07412508e+09
 1.07412512e+09 1.07412517e+09 1.07412521e+09 1.07412526e+09
 1.07412530e+09 1.07412534e+09 1.07412539e+09 1.07412543e+09
 1.07412547e+09 1.07412552e+09 1.07412556e+09 1.07412560e+09
 1.07412565e+09 1.07412569e+09 1.07412573e+09 1.07412578e+09
 1.07412582e+09 1.07412587e+09 1.07412591e+09 1.07412595e+09
 1.07412600e+09 1.07412604e+09 1.07412608e+09 1.07412613e+09
 1.07412617e+09 1.07412621e+09 1.07412626e+09 1.07412630e+09
 1.07412634e+09 1.07412639e+09 1.07412643e+09 1.07412648e+09
 1.07412652e+09 1.07412656e+09 1.07412661e+09 1.07412665e+09
 1.07412669e+09 1.07412674e+09 1.07412678e+09 1.07412682e+09
 1.07412687e+09 1.07412691e+09 1.07412695e+09 1.07412700e+09
 1.07412704e+09 1.07412709e+09 1.07412713e+09 1.07412717e+09
 1.07412722e+09 1.07412726e+09 1.07412730e+09 1.07412735e+09
 1.07412739e+09 1.07412743e+09 1.07412748e+09 1.07412752e+09
 1.07412757e+09 1.07412761e+09 1.07412765e+09 1.07412770e+09
 1.07412774e+09 1.07412778e+09 1.07412783e+09 1.07412787e+09
 1.07412791e+09 1.07412796e+09 1.07412800e+09 1.07412804e+09
 1.07412809e+09 1.07412813e+09 1.07412818e+09 1.07412822e+09
 1.07412826e+09 1.07412831e+09 1.07412835e+09 1.07412839e+09
 1.07412844e+09 1.07412848e+09 1.07412852e+09 1.07412857e+09
 1.07412861e+09 1.07412865e+09 1.07412870e+09 1.07412874e+09
 1.07412879e+09 1.07412883e+09 1.07412887e+09 1.07412892e+09
 1.07412896e+09 1.07412900e+09 1.07412905e+09 1.07412909e+09
 1.07412913e+09 1.07412918e+09 1.07412922e+09 1.07412926e+09
 1.07412931e+09 1.07412935e+09 1.07412940e+09 1.07412944e+09
 1.07412948e+09 1.07412953e+09 1.07412957e+09 1.07412961e+09
 1.07412966e+09 1.07412970e+09 1.07412974e+09 1.07412979e+09
 1.07412983e+09 1.07412987e+09 1.07412992e+09 1.07412996e+09
 1.07413001e+09 1.07413005e+09 1.07413009e+09 1.07413014e+09
 1.07413018e+09 1.07413022e+09 1.07413027e+09 1.07413031e+09
 1.07413035e+09 1.07413040e+09 1.07413044e+09 1.07413048e+09
 1.07413053e+09 1.07413057e+09 1.07413062e+09 1.07413066e+09
 1.07413070e+09 1.07413075e+09 1.07413079e+09 1.07413083e+09
 1.07413088e+09 1.07413092e+09 1.07413096e+09 1.07413101e+09
 1.07413105e+09 1.07413110e+09 1.07413114e+09 1.07413118e+09
 1.07413123e+09 1.07413127e+09 1.07413131e+09 1.07413136e+09
 1.07413140e+09 1.07413144e+09 1.07413149e+09 1.07413153e+09
 1.07413157e+09 1.07413162e+09 1.07413166e+09 1.07413171e+09
 1.07413175e+09 1.07413179e+09 1.07413184e+09 1.07413188e+09
 1.07413192e+09 1.07413197e+09 1.07413201e+09 1.07413205e+09
 1.07413210e+09 1.07413214e+09 1.07413218e+09 1.07413223e+09
 1.07413227e+09 1.07413232e+09 1.07413236e+09 1.07413240e+09
 1.07413245e+09 1.07413249e+09 1.07413253e+09 1.07413258e+09
 1.07413262e+09 1.07413266e+09 1.07413271e+09 1.07413275e+09
 1.07413279e+09 1.07413284e+09 1.07413288e+09 1.07413293e+09
 1.07413297e+09 1.07413301e+09 1.07413306e+09 1.07413310e+09
 1.07413314e+09 1.07413319e+09 1.07413323e+09 1.07413327e+09
 1.07413332e+09 1.07413336e+09 1.07413340e+09 1.07413345e+09
 1.07413349e+09 1.07413354e+09 1.07413358e+09 1.07413362e+09
 1.07413367e+09 1.07413371e+09 1.07413375e+09 1.07413380e+09
 1.07413384e+09 1.07413388e+09 1.07413393e+09 1.07413397e+09
 1.07413402e+09 1.07413406e+09 1.07413410e+09 1.07413415e+09
 1.07413419e+09 1.07413423e+09 1.07413428e+09 1.07413432e+09
 1.07413436e+09 1.07413441e+09 1.07413445e+09 1.07413449e+09
 1.07413454e+09 1.07413458e+09 1.07413463e+09 1.07413467e+09
 1.07413471e+09 1.07413476e+09 1.07413480e+09 1.07413484e+09
 1.07413489e+09 1.07413493e+09 1.07413497e+09 1.07413502e+09
 1.07413506e+09 1.07413510e+09 1.07413515e+09 1.07413519e+09
 1.07413524e+09 1.07413528e+09 1.07413532e+09 1.07413537e+09
 1.07413541e+09 1.07413545e+09 1.07413550e+09 1.07413554e+09
 1.07413558e+09 1.07413563e+09 1.07413567e+09 1.07413571e+09
 1.07413576e+09 1.07413580e+09 1.07413585e+09 1.07413589e+09
 1.07413593e+09 1.07413598e+09 1.07413602e+09 1.07413606e+09
 1.07413611e+09 1.07413615e+09 1.07413619e+09 1.07413624e+09
 1.07413628e+09 1.07413632e+09 1.07413637e+09 1.07413641e+09
 1.07413646e+09 1.07413650e+09 1.07413654e+09 1.07413659e+09
 1.07413663e+09 1.07413667e+09 1.07413672e+09 1.07413676e+09
 1.07413680e+09 1.07413685e+09 1.07413689e+09 1.07413693e+09
 1.07413698e+09 1.07413702e+09 1.07413707e+09 1.07413711e+09
 1.07413715e+09 1.07413720e+09 1.07413724e+09 1.07413728e+09
 1.07413733e+09 1.07413737e+09 1.07413741e+09 1.07413746e+09
 1.07413750e+09 1.07413755e+09 1.07413759e+09 1.07413763e+09
 1.07413768e+09 1.07413772e+09 1.07413776e+09 1.07413781e+09
 1.07413785e+09 1.07413789e+09 1.07413794e+09 1.07413798e+09
 1.07413802e+09 1.07413807e+09 1.07413811e+09 1.07413816e+09
 1.07413820e+09 1.07413824e+09 1.07413829e+09 1.07413833e+09
 1.07413837e+09 1.07413842e+09 1.07413846e+09 1.07413850e+09
 1.07413855e+09 1.07413859e+09 1.07413863e+09 1.07413868e+09
 1.07413872e+09 1.07413877e+09 1.07413881e+09 1.07413885e+09
 1.07413890e+09 1.07413894e+09 1.07413898e+09 1.07413903e+09
 1.07413907e+09 1.07413911e+09 1.07413916e+09 1.07413920e+09
 1.07413924e+09 1.07413929e+09 1.07413933e+09 1.07413938e+09
 1.07413942e+09 1.07413946e+09 1.07413951e+09 1.07413955e+09
 1.07413959e+09 1.07413964e+09 1.07413968e+09 1.07413972e+09
 1.07413977e+09 1.07413981e+09 1.07413985e+09 1.07413990e+09
 1.07413994e+09 1.07413999e+09 1.07414003e+09 1.07414007e+09
 1.07414012e+09 1.07414016e+09 1.07414020e+09 1.07414025e+09
 1.07414029e+09 1.07414033e+09 1.07414038e+09 1.07414042e+09
 1.07414047e+09 1.07414051e+09 1.07414055e+09 1.07414060e+09
 1.07414064e+09 1.07414068e+09 1.07414073e+09 1.07414077e+09
 1.07414081e+09 1.07414086e+09 1.07414090e+09 1.07414094e+09
 1.07414099e+09 1.07414103e+09 1.07414108e+09 1.07414112e+09
 1.07414116e+09 1.07414121e+09 1.07414125e+09 1.07414129e+09
 1.07414134e+09 1.07414138e+09 1.07414142e+09 1.07414147e+09
 1.07414151e+09 1.07414155e+09 1.07414160e+09 1.07414164e+09
 1.07414169e+09 1.07414173e+09 1.07414177e+09 1.07414182e+09
 1.07414186e+09 1.07414190e+09 1.07414195e+09 1.07414199e+09
 1.07414203e+09 1.07414208e+09 1.07414212e+09 1.07414216e+09
 1.07414221e+09 1.07414225e+09 1.07414230e+09 1.07414234e+09
 1.07414238e+09 1.07414243e+09 1.07414247e+09 1.07414251e+09
 1.07414256e+09 1.07414260e+09 1.07414264e+09 1.07414269e+09
 1.07414273e+09 1.07414277e+09 1.07414282e+09 1.07414286e+09
 1.07414291e+09 1.07414295e+09 1.07414299e+09 1.07414304e+09
 1.07414308e+09 1.07414312e+09 1.07414317e+09 1.07414321e+09
 1.07414325e+09 1.07414330e+09 1.07414334e+09 1.07414338e+09
 1.07414343e+09 1.07414347e+09 1.07414352e+09 1.07414356e+09
 1.07414360e+09 1.07414365e+09 1.07414369e+09 1.07414373e+09
 1.07414378e+09 1.07414382e+09 1.07414386e+09 1.07414391e+09
 1.07414395e+09 1.07414400e+09 1.07414404e+09 1.07414408e+09
 1.07414413e+09 1.07414417e+09 1.07414421e+09 1.07414426e+09
 1.07414430e+09 1.07414434e+09 1.07414439e+09 1.07414443e+09
 1.07414447e+09 1.07414452e+09 1.07414456e+09 1.07414461e+09
 1.07414465e+09 1.07414469e+09 1.07414474e+09 1.07414478e+09
 1.07414482e+09 1.07414487e+09 1.07414491e+09 1.07414495e+09
 1.07414500e+09 1.07414504e+09 1.07414508e+09 1.07414513e+09
 1.07414517e+09 1.07414522e+09 1.07414526e+09 1.07414530e+09
 1.07414535e+09 1.07414539e+09 1.07414543e+09 1.07414548e+09
 1.07414552e+09 1.07414556e+09 1.07414561e+09 1.07414565e+09
 1.07414569e+09 1.07414574e+09 1.07414578e+09 1.07414583e+09
 1.07414587e+09 1.07414591e+09 1.07414596e+09 1.07414600e+09
 1.07414604e+09 1.07414609e+09 1.07414613e+09 1.07414617e+09
 1.07414622e+09 1.07414626e+09 1.07414630e+09 1.07414635e+09
 1.07414639e+09 1.07414644e+09 1.07414648e+09 1.07414652e+09
 1.07414657e+09 1.07414661e+09 1.07414665e+09 1.07414670e+09
 1.07414674e+09 1.07414678e+09 1.07414683e+09 1.07414687e+09
 1.07414692e+09 1.07414696e+09 1.07414700e+09 1.07414705e+09
 1.07414709e+09 1.07414713e+09 1.07414718e+09 1.07414722e+09
 1.07414726e+09 1.07414731e+09 1.07414735e+09 1.07414739e+09
 1.07414744e+09 1.07414748e+09 1.07414753e+09 1.07414757e+09
 1.07414761e+09 1.07414766e+09 1.07414770e+09 1.07414774e+09
 1.07414779e+09 1.07414783e+09 1.07414787e+09 1.07414792e+09
 1.07414796e+09 1.07414800e+09 1.07414805e+09 1.07414809e+09
 1.07414814e+09 1.07414818e+09 1.07414822e+09 1.07414827e+09
 1.07414831e+09 1.07414835e+09 1.07414840e+09 1.07414844e+09
 1.07414848e+09 1.07414853e+09 1.07414857e+09 1.07414861e+09
 1.07414866e+09 1.07414870e+09 1.07414875e+09 1.07414879e+09
 1.07414883e+09 1.07414888e+09 1.07414892e+09 1.07414896e+09
 1.07414901e+09 1.07414905e+09 1.07414909e+09 1.07414914e+09]
