name =JUICE_ROI_GAN_4_4_02
flyby = ['2034 JAN 14 06:38:51', '2034 JAN 15 06:38:51']
Observation TW = <SpiceCell dtype = 1, length = 0, size = 3400, card = 14, is_set = 1, adjust = 0, init = 1, base = 94193961975248, data = 94193961975296>
Res(t) = [3.04480963 3.04206483 3.03932025 3.0365759  3.03383176 3.03108785
 3.02834414 3.02560065 3.02285737 3.0201143  3.01737144 3.01462878
 3.01188632 3.00914407 3.00640201 3.00366014 3.00091847 2.99817699
 2.9954357  2.9926946  2.98995368 2.98721294 2.98447238 2.981732
 2.9789918  2.97625176 2.9735119  2.97077221 2.96803268 2.96529332
 2.96255412 2.95981508 2.9570762  2.95433747 2.9515989  2.94886047
 2.9461222  2.94338407 2.94064608 2.93790824 2.93517053 2.93243296
 2.92969553 2.92695822 2.92422105 2.92148401 2.91874709 2.91601029
 2.91327362 2.91053706 2.90780062 2.90506429 2.90232808 2.89959197
 2.89685597 2.89412007 2.89138428 2.88864858 2.88591299 2.88317749
 2.88044208 2.87770676 2.87497153 2.87223638 2.86950132 2.86676634
 2.86403144 2.86129661 2.85856186 2.85582718 2.85309256 2.85035802
 2.84762353 2.84488911 2.84215475 2.83942045 2.8366862  2.833952
 2.83121785 2.82848375 2.8257497  2.82301568 2.82028171 2.81754777
 2.81481387 2.81208001 2.80934617 2.80661236 2.80387857 2.80114481
 2.79841107 2.79567735 2.79294364 2.79020995 2.78747626 2.78474259
 2.78200892 2.77927525 2.77654158 2.77380792 2.77107424 2.76834056
 2.76560688 2.76287318 2.76013946 2.75740573 2.75467198 2.75193821
 2.74920441 2.74647059 2.74373673 2.74100285 2.73826893 2.73553497
 2.73280098 2.73006694 2.72733286 2.72459873 2.72186455 2.71913032
 2.71639603 2.71366169 2.71092728 2.70819281 2.70545828 2.70272368
 2.69998901 2.69725427 2.69451945 2.69178456 2.68904958 2.68631452
 2.68357937 2.68084414 2.67810881 2.67537339 2.67263788 2.66990226
 2.66716654 2.66443072 2.6616948  2.65895876 2.65622261 2.65348635
 2.65074996 2.64801346 2.64527684 2.64254009 2.63980321 2.6370662
 2.63432906 2.63159178 2.62885436 2.6261168  2.6233791  2.62064125
 2.61790325 2.6151651  2.61242679 2.60968833 2.6069497  2.60421092
 2.60147196 2.59873284 2.59599354 2.59325408 2.59051443 2.58777461
 2.5850346  2.58229441 2.57955403 2.57681346 2.5740727  2.57133174
 2.56859058 2.56584922 2.56310766 2.56036588 2.5576239  2.55488171
 2.5521393  2.54939667 2.54665382 2.54391075 2.54116745 2.53842392
 2.53568016 2.53293616 2.53019193 2.52744745 2.52470273 2.52195777
 2.51921255 2.51646708 2.51372136 2.51097538 2.50822914 2.50548263
 2.50273586 2.49998882 2.49724151 2.49449392 2.49174605 2.48899791
 2.48624948 2.48350076 2.48075175 2.47800245 2.47525286 2.47250296
 2.46975277 2.46700227 2.46425146 2.46150035 2.45874892 2.45599717
 2.45324511 2.45049272 2.44774001 2.44498697 2.4422336  2.4394799
 2.43672586 2.43397148 2.43121676 2.4284617  2.42570628 2.42295051
 2.42019439 2.41743791 2.41468107 2.41192387 2.4091663  2.40640836
 2.40365005 2.40089136 2.3981323  2.39537285 2.39261302 2.3898528
 2.38709219 2.38433118 2.38156978 2.37880798 2.37604577 2.37328316
 2.37052014 2.36775671 2.36499286 2.3622286  2.35946391 2.3566988
 2.35393326 2.35116728 2.34840088 2.34563404 2.34286675 2.34009903
 2.33733086 2.33456223 2.33179316 2.32902363 2.32625364 2.32348319
 2.32071227 2.31794089 2.31516903 2.3123967  2.30962389 2.30685059
 2.30407682 2.30130255 2.2985278  2.29575255 2.29297681 2.29020056
 2.28742381 2.28464655 2.28186879 2.27909051 2.27631171 2.27353239
 2.27075255 2.26797219 2.26519129 2.26240986 2.2596279  2.25684539
 2.25406235 2.25127876 2.24849461 2.24570992 2.24292467 2.24013886
 2.23735249 2.23456555 2.23177805 2.22898997 2.22620131 2.22341208
 2.22062226 2.21783186 2.21504087 2.21224929 2.20945711 2.20666434
 2.20387096 2.20107697 2.19828238 2.19548717 2.19269135 2.1898949
 2.18709784 2.18430015 2.18150183 2.17870287 2.17590328 2.17310305
 2.17030218 2.16750066 2.16469849 2.16189567 2.15909219 2.15628804
 2.15348324 2.15067777 2.14787163 2.14506481 2.14225731 2.13944914
 2.13664028 2.13383073 2.13102049 2.12820955 2.12539792 2.12258558
 2.11977254 2.11695879 2.11414432 2.11132914 2.10851324 2.10569662
 2.10287927 2.10006118 2.09724237 2.09442282 2.09160252 2.08878148
 2.08595969 2.08313715 2.08031386 2.0774898  2.07466499 2.0718394
 2.06901305 2.06618592 2.06335802 2.06052933 2.05769986 2.05486961
 2.05203856 2.04920671 2.04637407 2.04354062 2.04070637 2.0378713
 2.03503543 2.03219873 2.02936122 2.02652288 2.02368371 2.02084371
 2.01800287 2.01516119 2.01231867 2.0094753  2.00663108 2.00378601
 2.00094008 1.99809328 1.99524563 1.9923971  1.98954769 1.98669741
 1.98384625 1.98099421 1.97814127 1.97528745 1.97243272 1.9695771
 1.96672057 1.96386314 1.9610048  1.95814553 1.95528536 1.95242425
 1.94956222 1.94669926 1.94383537 1.94097054 1.93810476 1.93523804
 1.93237037 1.92950174 1.92663216 1.92376162 1.92089011 1.91801763
 1.91514418 1.91226975 1.90939434 1.90651794 1.90364055 1.90076218
 1.8978828  1.89500242 1.89212104 1.88923865 1.88635525 1.88347083
 1.88058539 1.87769893 1.87481143 1.8719229  1.86903334 1.86614274
 1.86325109 1.86035839 1.85746464 1.85456983 1.85167396 1.84877703
 1.84587902 1.84297995 1.84007979 1.83717856 1.83427624 1.83137283
 1.82846833 1.82556273 1.82265603 1.81974822 1.8168393  1.81392927
 1.81101812 1.80810585 1.80519245 1.80227792 1.79936225 1.79644545
 1.79352751 1.79060841 1.78768817 1.78476677 1.78184421 1.77892048
 1.77599559 1.77306953 1.77014229 1.76721387 1.76428426 1.76135347
 1.75842148 1.75548829 1.7525539  1.74961831 1.74668151 1.74374349
 1.74080425 1.73786379 1.7349221  1.73197918 1.72903502 1.72608963
 1.72314298 1.72019509 1.71724595 1.71429555 1.71134389 1.70839096
 1.70543676 1.70248129 1.69952453 1.6965665  1.69360717 1.69064656
 1.68768464 1.68472143 1.68175691 1.67879108 1.67582394 1.67285548
 1.66988569 1.66691458 1.66394214 1.66096836 1.65799324 1.65501677
 1.65203896 1.64905979 1.64607926 1.64309737 1.64011412 1.63712949
 1.63414349 1.6311561  1.62816733 1.62517717 1.62218562 1.61919267
 1.61619831 1.61320255 1.61020538 1.60720679 1.60420677 1.60120534
 1.59820247 1.59519817 1.59219243 1.58918524 1.58617661 1.58316652
 1.58015498 1.57714197 1.5741275  1.57111156 1.56809414 1.56507524
 1.56205486 1.55903299 1.55600962 1.55298475 1.54995838 1.54693051
 1.54390112 1.54087021 1.53783778 1.53480383 1.53176834 1.52873132
 1.52569276 1.52265265 1.519611   1.51656779 1.51352302 1.51047669
 1.50742879 1.50437931 1.50132826 1.49827563 1.49522141 1.4921656
 1.48910819 1.48604918 1.48298856 1.47992634 1.4768625  1.47379703
 1.47072995 1.46766123 1.46459089 1.4615189  1.45844527 1.45536999
 1.45229305 1.44921446 1.44613421 1.44305229 1.4399687  1.43688343
 1.43379648 1.43070784 1.42761751 1.42452549 1.42143176 1.41833633
 1.41523919 1.41214034 1.40903976 1.40593746 1.40283344 1.39972767
 1.39662017 1.39351093 1.39039993 1.38728718 1.38417268 1.38105641
 1.37793837 1.37481857 1.37169698 1.36857361 1.36544846 1.36232151
 1.35919277 1.35606222 1.35292987 1.34979571 1.34665973 1.34352193
 1.34038231 1.33724085 1.33409756 1.33095244 1.32780546 1.32465664
 1.32150596 1.31835342 1.31519902 1.31204275 1.30888461 1.30572458
 1.30256268 1.29939889 1.2962332  1.29306561 1.28989613 1.28672473
 1.28355143 1.2803762  1.27719906 1.27401998 1.27083898 1.26765604
 1.26447116 1.26128434 1.25809556 1.25490483 1.25171213 1.24851748
 1.24532085 1.24212225 1.23892167 1.2357191  1.23251455 1.229308
 1.22609946 1.22288891 1.21967635 1.21646179 1.2132452  1.2100266
 1.20680596 1.2035833  1.2003586  1.19713185 1.19390307 1.19067223
 1.18743934 1.18420439 1.18096737 1.17772829 1.17448713 1.1712439
 1.16799858 1.16475118 1.16150168 1.15825009 1.15499639 1.1517406
 1.14848269 1.14522266 1.14196052 1.13869626 1.13542986 1.13216134
 1.12889067 1.12561787 1.12234292 1.11906581 1.11578656 1.11250514
 1.10922156 1.10593582 1.1026479  1.0993578  1.09606553 1.09277106
 1.08947441 1.08617557 1.08287452 1.07957128 1.07626582 1.07295816
 1.06964828 1.06633619 1.06302187 1.05970532 1.05638654 1.05306553
 1.04974227 1.04641678 1.04308903 1.03975904 1.03642679 1.03309228
 1.02975551 1.02641647 1.02307516 1.01973158 1.01638572 1.01303757
 1.00968714 1.00633443 1.00297942 0.99962211 0.9962625  0.99290059
 0.98953638 0.98616985 0.98280101 0.97942985 0.97605637 0.97268057
 0.96930244 0.96592199 0.9625392  0.95915407 0.9557666  0.95237679
 0.94898464 0.94559014 0.94219329 0.93879408 0.93539252 0.93198859
 0.92858231 0.92517366 0.92176265 0.91834926 0.91493351 0.91151538
 0.90809487 0.90467199 0.90124672 0.89781907 0.89438904 0.89095662
 0.88752181 0.88408461 0.88064502 0.87720304 0.87375866 0.87031188
 0.86686271 0.86341113 0.85995716 0.85650078 0.853042   0.84958082
 0.84611723 0.84265124 0.83918284 0.83571203 0.83223882 0.82876319
 0.82528516 0.82180473 0.81832188 0.81483663 0.81134896 0.80785889
 0.80436642 0.80087153 0.79737424 0.79387455 0.79037245 0.78686795
 0.78336105 0.77985174 0.77634004 0.77282594 0.76930944 0.76579055
 0.76226927 0.7587456  0.75521955 0.7516911  0.74816028 0.74462708
 0.74109151 0.73755356 0.73401324 0.73047056 0.72692552 0.72337812
 0.71982837 0.71627627 0.71272183 0.70916505 0.70560594 0.7020445
 0.69848074 0.69491466 0.69134628 0.68777559 0.68420261 0.68062733
 0.67704978 0.67346995 0.66988785 0.6663035  0.6627169  0.65912805
 0.65553697 0.65194367 0.64834816 0.64475045 0.64115054 0.63754846
 0.6339442  0.63033778 0.62672922 0.62311852 0.61950571 0.61589078
 0.61227376 0.60865466 0.6050335  0.60141029 0.59778504 0.59415777
 0.5905285  0.58689724 0.58326402 0.57962885 0.57599175 0.57235273
 0.56871183 0.56506905 0.56142442 0.55777797 0.55412971 0.55047967
 0.54682787 0.54317434 0.5395191  0.53586218 0.5322036  0.52854339
 0.52488158 0.52121821 0.51755329 0.51388687 0.51021897 0.50654962
 0.50287887 0.49920675 0.49553329 0.49185853 0.48818251 0.48450527
 0.48082685 0.47714729 0.47346664 0.46978493 0.46610222 0.46241856
 0.45873398 0.45504855 0.45136231 0.44767532 0.44398763 0.44029931
 0.4366104  0.43292097 0.42923107 0.42554079 0.42185017 0.4181593
 0.41446823 0.41077705 0.40708582 0.40339463 0.39970355 0.39601267
 0.39232207 0.38863184 0.38494207 0.38125285 0.37756428 0.37387646
 0.37018949 0.36650348 0.36281854 0.35913479 0.35545233 0.35177129
 0.43792222 0.42969859 0.42178376 0.41414565 0.40675695 0.39959428
 0.51539998 0.39375316 0.37985299 0.36829129 0.35828247 0.34937506
 0.341287   0.33383089 0.32687625 0.32070648 0.32438965 0.30181544
 0.29652006 0.29139381 0.28641528 0.28156703 0.27683461 0.27220598
 0.267671   0.26322108 0.25884886 0.25454804 0.25031316 0.24613949
 0.24202292 0.23795986 0.23611953 0.23213933 0.23141881 0.22735151
 0.22332832 0.21934785 0.21540892 0.21151051 0.20765171 0.20383177
 0.20005008 0.19630613 0.19259958 0.18893014 0.18529759 0.18170192
 0.17804039 0.17462921 0.17116176 0.16773118 0.16433795 0.16098266
 0.157666   0.15438875 0.1511518  0.14801046 0.14512727 0.14189554
 0.13797555 0.13484354 0.1317712  0.12836079 0.12545839 0.12267357
 0.119898   0.1171885  0.11454745 0.1118062  0.1083776  0.10598403
 0.1036772  0.10145732 0.0994005  0.09809307 0.09610064 0.09309451
 0.09139906 0.08982699 0.08838497 0.08708041 0.08592112 0.08491531
 0.08407172 0.08339967 0.08290901 0.08291149 0.08282436 0.08295583
 0.08399052 0.08445522 0.08533127 0.08650884 0.08728658 0.08889305
 0.09236162 0.09484082 0.09509505 0.09985497 0.10179656 0.10273984
 0.1070118  0.11149375 0.11533226 0.11947975 0.12226354 0.12906692
 0.13669274 0.1551195  0.14502104 0.16876862]
t = [1.07410560e+09 1.07410564e+09 1.07410569e+09 1.07410573e+09
 1.07410577e+09 1.07410582e+09 1.07410586e+09 1.07410591e+09
 1.07410595e+09 1.07410599e+09 1.07410604e+09 1.07410608e+09
 1.07410612e+09 1.07410617e+09 1.07410621e+09 1.07410625e+09
 1.07410630e+09 1.07410634e+09 1.07410639e+09 1.07410643e+09
 1.07410647e+09 1.07410652e+09 1.07410656e+09 1.07410660e+09
 1.07410665e+09 1.07410669e+09 1.07410673e+09 1.07410678e+09
 1.07410682e+09 1.07410687e+09 1.07410691e+09 1.07410695e+09
 1.07410700e+09 1.07410704e+09 1.07410708e+09 1.07410713e+09
 1.07410717e+09 1.07410721e+09 1.07410726e+09 1.07410730e+09
 1.07410735e+09 1.07410739e+09 1.07410743e+09 1.07410748e+09
 1.07410752e+09 1.07410756e+09 1.07410761e+09 1.07410765e+09
 1.07410769e+09 1.07410774e+09 1.07410778e+09 1.07410783e+09
 1.07410787e+09 1.07410791e+09 1.07410796e+09 1.07410800e+09
 1.07410804e+09 1.07410809e+09 1.07410813e+09 1.07410817e+09
 1.07410822e+09 1.07410826e+09 1.07410831e+09 1.07410835e+09
 1.07410839e+09 1.07410844e+09 1.07410848e+09 1.07410852e+09
 1.07410857e+09 1.07410861e+09 1.07410865e+09 1.07410870e+09
 1.07410874e+09 1.07410879e+09 1.07410883e+09 1.07410887e+09
 1.07410892e+09 1.07410896e+09 1.07410900e+09 1.07410905e+09
 1.07410909e+09 1.07410913e+09 1.07410918e+09 1.07410922e+09
 1.07410927e+09 1.07410931e+09 1.07410935e+09 1.07410940e+09
 1.07410944e+09 1.07410948e+09 1.07410953e+09 1.07410957e+09
 1.07410961e+09 1.07410966e+09 1.07410970e+09 1.07410975e+09
 1.07410979e+09 1.07410983e+09 1.07410988e+09 1.07410992e+09
 1.07410996e+09 1.07411001e+09 1.07411005e+09 1.07411009e+09
 1.07411014e+09 1.07411018e+09 1.07411023e+09 1.07411027e+09
 1.07411031e+09 1.07411036e+09 1.07411040e+09 1.07411044e+09
 1.07411049e+09 1.07411053e+09 1.07411057e+09 1.07411062e+09
 1.07411066e+09 1.07411071e+09 1.07411075e+09 1.07411079e+09
 1.07411084e+09 1.07411088e+09 1.07411092e+09 1.07411097e+09
 1.07411101e+09 1.07411105e+09 1.07411110e+09 1.07411114e+09
 1.07411119e+09 1.07411123e+09 1.07411127e+09 1.07411132e+09
 1.07411136e+09 1.07411140e+09 1.07411145e+09 1.07411149e+09
 1.07411153e+09 1.07411158e+09 1.07411162e+09 1.07411167e+09
 1.07411171e+09 1.07411175e+09 1.07411180e+09 1.07411184e+09
 1.07411188e+09 1.07411193e+09 1.07411197e+09 1.07411201e+09
 1.07411206e+09 1.07411210e+09 1.07411215e+09 1.07411219e+09
 1.07411223e+09 1.07411228e+09 1.07411232e+09 1.07411236e+09
 1.07411241e+09 1.07411245e+09 1.07411249e+09 1.07411254e+09
 1.07411258e+09 1.07411263e+09 1.07411267e+09 1.07411271e+09
 1.07411276e+09 1.07411280e+09 1.07411284e+09 1.07411289e+09
 1.07411293e+09 1.07411297e+09 1.07411302e+09 1.07411306e+09
 1.07411311e+09 1.07411315e+09 1.07411319e+09 1.07411324e+09
 1.07411328e+09 1.07411332e+09 1.07411337e+09 1.07411341e+09
 1.07411345e+09 1.07411350e+09 1.07411354e+09 1.07411358e+09
 1.07411363e+09 1.07411367e+09 1.07411372e+09 1.07411376e+09
 1.07411380e+09 1.07411385e+09 1.07411389e+09 1.07411393e+09
 1.07411398e+09 1.07411402e+09 1.07411406e+09 1.07411411e+09
 1.07411415e+09 1.07411420e+09 1.07411424e+09 1.07411428e+09
 1.07411433e+09 1.07411437e+09 1.07411441e+09 1.07411446e+09
 1.07411450e+09 1.07411454e+09 1.07411459e+09 1.07411463e+09
 1.07411468e+09 1.07411472e+09 1.07411476e+09 1.07411481e+09
 1.07411485e+09 1.07411489e+09 1.07411494e+09 1.07411498e+09
 1.07411502e+09 1.07411507e+09 1.07411511e+09 1.07411516e+09
 1.07411520e+09 1.07411524e+09 1.07411529e+09 1.07411533e+09
 1.07411537e+09 1.07411542e+09 1.07411546e+09 1.07411550e+09
 1.07411555e+09 1.07411559e+09 1.07411564e+09 1.07411568e+09
 1.07411572e+09 1.07411577e+09 1.07411581e+09 1.07411585e+09
 1.07411590e+09 1.07411594e+09 1.07411598e+09 1.07411603e+09
 1.07411607e+09 1.07411612e+09 1.07411616e+09 1.07411620e+09
 1.07411625e+09 1.07411629e+09 1.07411633e+09 1.07411638e+09
 1.07411642e+09 1.07411646e+09 1.07411651e+09 1.07411655e+09
 1.07411660e+09 1.07411664e+09 1.07411668e+09 1.07411673e+09
 1.07411677e+09 1.07411681e+09 1.07411686e+09 1.07411690e+09
 1.07411694e+09 1.07411699e+09 1.07411703e+09 1.07411708e+09
 1.07411712e+09 1.07411716e+09 1.07411721e+09 1.07411725e+09
 1.07411729e+09 1.07411734e+09 1.07411738e+09 1.07411742e+09
 1.07411747e+09 1.07411751e+09 1.07411756e+09 1.07411760e+09
 1.07411764e+09 1.07411769e+09 1.07411773e+09 1.07411777e+09
 1.07411782e+09 1.07411786e+09 1.07411790e+09 1.07411795e+09
 1.07411799e+09 1.07411804e+09 1.07411808e+09 1.07411812e+09
 1.07411817e+09 1.07411821e+09 1.07411825e+09 1.07411830e+09
 1.07411834e+09 1.07411838e+09 1.07411843e+09 1.07411847e+09
 1.07411852e+09 1.07411856e+09 1.07411860e+09 1.07411865e+09
 1.07411869e+09 1.07411873e+09 1.07411878e+09 1.07411882e+09
 1.07411886e+09 1.07411891e+09 1.07411895e+09 1.07411900e+09
 1.07411904e+09 1.07411908e+09 1.07411913e+09 1.07411917e+09
 1.07411921e+09 1.07411926e+09 1.07411930e+09 1.07411934e+09
 1.07411939e+09 1.07411943e+09 1.07411948e+09 1.07411952e+09
 1.07411956e+09 1.07411961e+09 1.07411965e+09 1.07411969e+09
 1.07411974e+09 1.07411978e+09 1.07411982e+09 1.07411987e+09
 1.07411991e+09 1.07411996e+09 1.07412000e+09 1.07412004e+09
 1.07412009e+09 1.07412013e+09 1.07412017e+09 1.07412022e+09
 1.07412026e+09 1.07412030e+09 1.07412035e+09 1.07412039e+09
 1.07412044e+09 1.07412048e+09 1.07412052e+09 1.07412057e+09
 1.07412061e+09 1.07412065e+09 1.07412070e+09 1.07412074e+09
 1.07412078e+09 1.07412083e+09 1.07412087e+09 1.07412092e+09
 1.07412096e+09 1.07412100e+09 1.07412105e+09 1.07412109e+09
 1.07412113e+09 1.07412118e+09 1.07412122e+09 1.07412126e+09
 1.07412131e+09 1.07412135e+09 1.07412140e+09 1.07412144e+09
 1.07412148e+09 1.07412153e+09 1.07412157e+09 1.07412161e+09
 1.07412166e+09 1.07412170e+09 1.07412174e+09 1.07412179e+09
 1.07412183e+09 1.07412188e+09 1.07412192e+09 1.07412196e+09
 1.07412201e+09 1.07412205e+09 1.07412209e+09 1.07412214e+09
 1.07412218e+09 1.07412222e+09 1.07412227e+09 1.07412231e+09
 1.07412236e+09 1.07412240e+09 1.07412244e+09 1.07412249e+09
 1.07412253e+09 1.07412257e+09 1.07412262e+09 1.07412266e+09
 1.07412270e+09 1.07412275e+09 1.07412279e+09 1.07412284e+09
 1.07412288e+09 1.07412292e+09 1.07412297e+09 1.07412301e+09
 1.07412305e+09 1.07412310e+09 1.07412314e+09 1.07412318e+09
 1.07412323e+09 1.07412327e+09 1.07412332e+09 1.07412336e+09
 1.07412340e+09 1.07412345e+09 1.07412349e+09 1.07412353e+09
 1.07412358e+09 1.07412362e+09 1.07412366e+09 1.07412371e+09
 1.07412375e+09 1.07412380e+09 1.07412384e+09 1.07412388e+09
 1.07412393e+09 1.07412397e+09 1.07412401e+09 1.07412406e+09
 1.07412410e+09 1.07412414e+09 1.07412419e+09 1.07412423e+09
 1.07412427e+09 1.07412432e+09 1.07412436e+09 1.07412441e+09
 1.07412445e+09 1.07412449e+09 1.07412454e+09 1.07412458e+09
 1.07412462e+09 1.07412467e+09 1.07412471e+09 1.07412475e+09
 1.07412480e+09 1.07412484e+09 1.07412489e+09 1.07412493e+09
 1.07412497e+09 1.07412502e+09 1.07412506e+09 1.07412510e+09
 1.07412515e+09 1.07412519e+09 1.07412523e+09 1.07412528e+09
 1.07412532e+09 1.07412537e+09 1.07412541e+09 1.07412545e+09
 1.07412550e+09 1.07412554e+09 1.07412558e+09 1.07412563e+09
 1.07412567e+09 1.07412571e+09 1.07412576e+09 1.07412580e+09
 1.07412585e+09 1.07412589e+09 1.07412593e+09 1.07412598e+09
 1.07412602e+09 1.07412606e+09 1.07412611e+09 1.07412615e+09
 1.07412619e+09 1.07412624e+09 1.07412628e+09 1.07412633e+09
 1.07412637e+09 1.07412641e+09 1.07412646e+09 1.07412650e+09
 1.07412654e+09 1.07412659e+09 1.07412663e+09 1.07412667e+09
 1.07412672e+09 1.07412676e+09 1.07412681e+09 1.07412685e+09
 1.07412689e+09 1.07412694e+09 1.07412698e+09 1.07412702e+09
 1.07412707e+09 1.07412711e+09 1.07412715e+09 1.07412720e+09
 1.07412724e+09 1.07412729e+09 1.07412733e+09 1.07412737e+09
 1.07412742e+09 1.07412746e+09 1.07412750e+09 1.07412755e+09
 1.07412759e+09 1.07412763e+09 1.07412768e+09 1.07412772e+09
 1.07412777e+09 1.07412781e+09 1.07412785e+09 1.07412790e+09
 1.07412794e+09 1.07412798e+09 1.07412803e+09 1.07412807e+09
 1.07412811e+09 1.07412816e+09 1.07412820e+09 1.07412825e+09
 1.07412829e+09 1.07412833e+09 1.07412838e+09 1.07412842e+09
 1.07412846e+09 1.07412851e+09 1.07412855e+09 1.07412859e+09
 1.07412864e+09 1.07412868e+09 1.07412873e+09 1.07412877e+09
 1.07412881e+09 1.07412886e+09 1.07412890e+09 1.07412894e+09
 1.07412899e+09 1.07412903e+09 1.07412907e+09 1.07412912e+09
 1.07412916e+09 1.07412921e+09 1.07412925e+09 1.07412929e+09
 1.07412934e+09 1.07412938e+09 1.07412942e+09 1.07412947e+09
 1.07412951e+09 1.07412955e+09 1.07412960e+09 1.07412964e+09
 1.07412969e+09 1.07412973e+09 1.07412977e+09 1.07412982e+09
 1.07412986e+09 1.07412990e+09 1.07412995e+09 1.07412999e+09
 1.07413003e+09 1.07413008e+09 1.07413012e+09 1.07413017e+09
 1.07413021e+09 1.07413025e+09 1.07413030e+09 1.07413034e+09
 1.07413038e+09 1.07413043e+09 1.07413047e+09 1.07413051e+09
 1.07413056e+09 1.07413060e+09 1.07413065e+09 1.07413069e+09
 1.07413073e+09 1.07413078e+09 1.07413082e+09 1.07413086e+09
 1.07413091e+09 1.07413095e+09 1.07413099e+09 1.07413104e+09
 1.07413108e+09 1.07413113e+09 1.07413117e+09 1.07413121e+09
 1.07413126e+09 1.07413130e+09 1.07413134e+09 1.07413139e+09
 1.07413143e+09 1.07413147e+09 1.07413152e+09 1.07413156e+09
 1.07413161e+09 1.07413165e+09 1.07413169e+09 1.07413174e+09
 1.07413178e+09 1.07413182e+09 1.07413187e+09 1.07413191e+09
 1.07413195e+09 1.07413200e+09 1.07413204e+09 1.07413209e+09
 1.07413213e+09 1.07413217e+09 1.07413222e+09 1.07413226e+09
 1.07413230e+09 1.07413235e+09 1.07413239e+09 1.07413243e+09
 1.07413248e+09 1.07413252e+09 1.07413257e+09 1.07413261e+09
 1.07413265e+09 1.07413270e+09 1.07413274e+09 1.07413278e+09
 1.07413283e+09 1.07413287e+09 1.07413291e+09 1.07413296e+09
 1.07413300e+09 1.07413305e+09 1.07413309e+09 1.07413313e+09
 1.07413318e+09 1.07413322e+09 1.07413326e+09 1.07413331e+09
 1.07413335e+09 1.07413339e+09 1.07413344e+09 1.07413348e+09
 1.07413353e+09 1.07413357e+09 1.07413361e+09 1.07413366e+09
 1.07413370e+09 1.07413374e+09 1.07413379e+09 1.07413383e+09
 1.07413387e+09 1.07413392e+09 1.07413396e+09 1.07413401e+09
 1.07413405e+09 1.07413409e+09 1.07413414e+09 1.07413418e+09
 1.07413422e+09 1.07413427e+09 1.07413431e+09 1.07413435e+09
 1.07413440e+09 1.07413444e+09 1.07413449e+09 1.07413453e+09
 1.07413457e+09 1.07413462e+09 1.07413466e+09 1.07413470e+09
 1.07413475e+09 1.07413479e+09 1.07413483e+09 1.07413488e+09
 1.07413492e+09 1.07413496e+09 1.07413501e+09 1.07413505e+09
 1.07413510e+09 1.07413514e+09 1.07413518e+09 1.07413523e+09
 1.07413527e+09 1.07413531e+09 1.07413536e+09 1.07413540e+09
 1.07413544e+09 1.07413549e+09 1.07413553e+09 1.07413558e+09
 1.07413562e+09 1.07413566e+09 1.07413571e+09 1.07413575e+09
 1.07413579e+09 1.07413584e+09 1.07413588e+09 1.07413592e+09
 1.07413597e+09 1.07413601e+09 1.07413606e+09 1.07413610e+09
 1.07413614e+09 1.07413619e+09 1.07413623e+09 1.07413627e+09
 1.07413632e+09 1.07413636e+09 1.07413640e+09 1.07413645e+09
 1.07413649e+09 1.07413654e+09 1.07413658e+09 1.07413662e+09
 1.07413667e+09 1.07413671e+09 1.07413675e+09 1.07413680e+09
 1.07413684e+09 1.07413688e+09 1.07413693e+09 1.07413697e+09
 1.07413702e+09 1.07413706e+09 1.07413710e+09 1.07413715e+09
 1.07413719e+09 1.07413723e+09 1.07413728e+09 1.07413732e+09
 1.07413736e+09 1.07413741e+09 1.07413745e+09 1.07413750e+09
 1.07413754e+09 1.07413758e+09 1.07413763e+09 1.07413767e+09
 1.07413771e+09 1.07413776e+09 1.07413780e+09 1.07413784e+09
 1.07413789e+09 1.07413793e+09 1.07413798e+09 1.07413802e+09
 1.07413806e+09 1.07413811e+09 1.07413815e+09 1.07413819e+09
 1.07413824e+09 1.07413828e+09 1.07413832e+09 1.07413837e+09
 1.07413841e+09 1.07413846e+09 1.07413850e+09 1.07413854e+09
 1.07413859e+09 1.07413863e+09 1.07413867e+09 1.07413872e+09
 1.07413876e+09 1.07413880e+09 1.07413885e+09 1.07413889e+09
 1.07413894e+09 1.07413898e+09 1.07413902e+09 1.07413907e+09
 1.07413911e+09 1.07413915e+09 1.07413920e+09 1.07413924e+09
 1.07413928e+09 1.07413933e+09 1.07413937e+09 1.07413942e+09
 1.07413946e+09 1.07413950e+09 1.07413955e+09 1.07413959e+09
 1.07413963e+09 1.07413968e+09 1.07413972e+09 1.07413976e+09
 1.07413981e+09 1.07413985e+09 1.07413990e+09 1.07413994e+09
 1.07413998e+09 1.07414003e+09 1.07414007e+09 1.07414011e+09
 1.07414016e+09 1.07414020e+09 1.07414024e+09 1.07414029e+09
 1.07414033e+09 1.07414038e+09 1.07414042e+09 1.07414046e+09
 1.07414051e+09 1.07414055e+09 1.07414059e+09 1.07414064e+09
 1.07414068e+09 1.07414072e+09 1.07414077e+09 1.07414081e+09
 1.07414086e+09 1.07414090e+09 1.07414094e+09 1.07414099e+09
 1.07414103e+09 1.07414107e+09 1.07414112e+09 1.07414116e+09
 1.07414120e+09 1.07414125e+09 1.07414129e+09 1.07414134e+09
 1.07414138e+09 1.07414142e+09 1.07414147e+09 1.07414151e+09
 1.07414155e+09 1.07414160e+09 1.07414164e+09 1.07414168e+09
 1.07414173e+09 1.07414177e+09 1.07414182e+09 1.07414186e+09
 1.07414190e+09 1.07414195e+09 1.07414199e+09 1.07414203e+09
 1.07414208e+09 1.07414212e+09 1.07414216e+09 1.07414221e+09
 1.07414225e+09 1.07414230e+09 1.07414234e+09 1.07414238e+09
 1.07414243e+09 1.07414247e+09 1.07414251e+09 1.07414256e+09
 1.07414260e+09 1.07414264e+09 1.07414269e+09 1.07414273e+09
 1.07414278e+09 1.07414282e+09 1.07414286e+09 1.07414291e+09
 1.07414295e+09 1.07414299e+09 1.07414304e+09 1.07414308e+09
 1.07414312e+09 1.07414317e+09 1.07414321e+09 1.07414326e+09
 1.07414330e+09 1.07414334e+09 1.07414339e+09 1.07414343e+09
 1.07414347e+09 1.07414352e+09 1.07414356e+09 1.07414360e+09
 1.07414365e+09 1.07414369e+09 1.07414374e+09 1.07414378e+09
 1.07414382e+09 1.07414387e+09 1.07414391e+09 1.07414395e+09
 1.07414400e+09 1.07414404e+09 1.07414408e+09 1.07414413e+09
 1.07414417e+09 1.07414422e+09 1.07414426e+09 1.07414430e+09
 1.07414435e+09 1.07414439e+09 1.07414443e+09 1.07414448e+09
 1.07414452e+09 1.07414456e+09 1.07414461e+09 1.07414465e+09
 1.07414470e+09 1.07414474e+09 1.07414478e+09 1.07414483e+09
 1.07414487e+09 1.07414491e+09 1.07414496e+09 1.07414500e+09
 1.07414504e+09 1.07414509e+09 1.07414513e+09 1.07414518e+09
 1.07414522e+09 1.07414526e+09 1.07414531e+09 1.07414535e+09
 1.07414539e+09 1.07414544e+09 1.07414548e+09 1.07414552e+09
 1.07414557e+09 1.07414561e+09 1.07414565e+09 1.07414570e+09
 1.07414574e+09 1.07414579e+09 1.07414583e+09 1.07414587e+09
 1.07414592e+09 1.07414596e+09 1.07414600e+09 1.07414605e+09
 1.07414609e+09 1.07414613e+09 1.07414618e+09 1.07414622e+09
 1.07414627e+09 1.07414631e+09 1.07414635e+09 1.07414640e+09
 1.07414644e+09 1.07414648e+09 1.07414653e+09 1.07414657e+09
 1.07414661e+09 1.07414666e+09 1.07414670e+09 1.07414675e+09
 1.07414679e+09 1.07414683e+09 1.07414688e+09 1.07414692e+09
 1.07414696e+09 1.07414701e+09 1.07414705e+09 1.07414709e+09
 1.07414714e+09 1.07414718e+09 1.07414723e+09 1.07414727e+09
 1.07414731e+09 1.07414736e+09 1.07414740e+09 1.07414744e+09
 1.07414749e+09 1.07414753e+09 1.07414757e+09 1.07414762e+09
 1.07414766e+09 1.07414771e+09 1.07414775e+09 1.07414779e+09
 1.07414784e+09 1.07414788e+09 1.07414792e+09 1.07414797e+09
 1.07414801e+09 1.07414805e+09 1.07414810e+09 1.07414814e+09
 1.07414819e+09 1.07414823e+09 1.07414827e+09 1.07414832e+09
 1.07414836e+09 1.07414840e+09 1.07414845e+09 1.07414849e+09
 1.07414853e+09 1.07414858e+09 1.07414862e+09 1.07414867e+09
 1.07414871e+09 1.07414875e+09 1.07414880e+09 1.07414884e+09
 1.07414888e+09 1.07414893e+09 1.07414897e+09 1.07414901e+09
 1.07414906e+09 1.07414910e+09 1.07414915e+09 1.07414919e+09]
minRes = 0.08282436019308403
minResTime = [1.07414819e+09]
Cov(t) = [  0.           0.           0.           0.           0.
   0.           0.           0.           0.           0.
   0.           0.           0.           0.           0.
   0.           0.           0.           0.           0.
   0.           0.           0.           0.           0.
   0.           0.           0.           0.           0.
   0.           0.           0.           0.           0.
   0.           0.           0.           0.           0.
   0.           0.           0.           0.           0.
   0.           0.           0.           0.           0.
   0.           0.           0.           0.           0.
   0.           0.           0.           0.           0.
   0.           0.           0.           0.           0.
   0.           0.           0.           0.           0.
   0.           0.           0.           0.           0.
   0.           0.           0.           0.           0.
   0.           0.           0.           0.           0.
   0.           0.           0.           0.           0.
   0.           0.           0.           0.           0.
   0.           0.           0.           0.           0.
   0.           0.           0.           0.           0.
   0.           0.           0.           0.           0.
   0.           0.           0.           0.           0.
   0.           0.           0.           0.           0.
 100.         100.         100.         100.         100.
 100.         100.         100.         100.         100.
 100.         100.         100.         100.         100.
 100.         100.         100.         100.         100.
 100.         100.         100.         100.         100.
 100.         100.         100.         100.         100.
 100.         100.         100.         100.         100.
 100.         100.         100.         100.         100.
 100.         100.         100.         100.         100.
 100.         100.         100.         100.         100.
 100.         100.         100.         100.         100.
 100.         100.         100.         100.         100.
 100.         100.         100.         100.         100.
 100.         100.         100.         100.         100.
 100.         100.         100.         100.         100.
 100.         100.         100.         100.         100.
 100.         100.         100.         100.         100.
 100.         100.         100.         100.         100.
 100.         100.         100.         100.         100.
 100.         100.         100.         100.         100.
 100.         100.         100.         100.         100.
 100.         100.         100.         100.          74.06704593
  73.97351221 100.         100.         100.         100.
 100.         100.         100.         100.         100.
 100.         100.         100.         100.         100.
 100.         100.         100.         100.         100.
 100.         100.         100.         100.         100.
 100.         100.         100.         100.         100.
 100.         100.         100.         100.         100.
 100.         100.         100.         100.         100.
 100.         100.         100.         100.         100.
 100.         100.         100.         100.         100.
 100.         100.         100.         100.         100.
 100.         100.         100.         100.         100.
 100.         100.         100.         100.         100.
 100.         100.         100.         100.         100.
 100.         100.         100.         100.         100.
 100.         100.         100.         100.         100.
 100.         100.         100.         100.         100.
 100.         100.         100.         100.         100.
 100.         100.         100.         100.         100.
 100.         100.         100.         100.         100.
 100.         100.         100.         100.         100.
 100.         100.         100.         100.         100.
 100.         100.         100.         100.         100.
 100.         100.         100.         100.         100.
 100.         100.         100.         100.         100.
 100.         100.         100.         100.         100.
 100.         100.         100.         100.         100.
 100.         100.         100.         100.         100.
 100.         100.         100.         100.         100.
 100.         100.         100.         100.         100.
 100.         100.         100.         100.         100.
 100.         100.         100.         100.         100.
 100.         100.         100.         100.         100.
 100.         100.         100.         100.         100.
 100.         100.         100.         100.         100.
 100.         100.         100.         100.         100.
 100.         100.         100.         100.         100.
 100.         100.         100.         100.         100.
 100.         100.         100.         100.         100.
 100.         100.         100.         100.         100.
 100.         100.         100.         100.         100.
 100.         100.         100.         100.         100.
 100.         100.         100.         100.         100.
 100.         100.         100.         100.         100.
 100.         100.         100.         100.         100.
 100.         100.         100.         100.         100.
 100.         100.         100.         100.         100.
 100.         100.         100.         100.         100.
 100.         100.         100.         100.         100.
 100.         100.         100.         100.         100.
 100.         100.         100.         100.         100.
 100.         100.         100.         100.         100.
 100.         100.         100.         100.         100.
 100.         100.         100.         100.         100.
 100.         100.         100.         100.         100.
 100.         100.         100.         100.         100.
 100.         100.         100.         100.         100.
 100.         100.         100.         100.         100.
 100.         100.         100.         100.         100.
 100.         100.         100.         100.         100.
 100.         100.         100.         100.         100.
 100.         100.         100.         100.         100.
 100.         100.         100.         100.         100.
 100.         100.         100.         100.         100.
 100.         100.         100.         100.         100.
 100.         100.         100.         100.         100.
 100.         100.         100.         100.         100.
 100.         100.         100.         100.         100.
 100.         100.         100.         100.         100.
 100.         100.         100.         100.         100.
 100.         100.         100.         100.         100.
 100.         100.         100.         100.         100.
 100.         100.         100.         100.         100.
 100.         100.         100.         100.         100.
 100.         100.         100.         100.         100.
 100.         100.         100.         100.         100.
 100.         100.         100.         100.         100.
 100.         100.         100.         100.         100.
 100.         100.         100.         100.         100.
 100.         100.         100.         100.         100.
 100.         100.         100.         100.         100.
 100.         100.         100.         100.         100.
 100.         100.         100.         100.         100.
 100.         100.         100.         100.         100.
 100.         100.         100.         100.         100.
 100.         100.         100.         100.         100.
 100.         100.         100.         100.         100.
 100.         100.         100.         100.         100.
 100.         100.         100.         100.         100.
 100.         100.         100.         100.         100.
 100.         100.         100.         100.         100.
 100.         100.         100.         100.         100.
 100.         100.         100.         100.         100.
 100.         100.         100.         100.         100.
 100.         100.         100.         100.         100.
 100.         100.         100.         100.         100.
 100.         100.         100.         100.         100.
 100.         100.         100.         100.         100.
 100.         100.         100.         100.         100.
 100.         100.         100.         100.         100.
 100.         100.         100.         100.         100.
 100.         100.         100.         100.         100.
 100.         100.         100.         100.         100.
 100.         100.         100.         100.         100.
 100.         100.         100.         100.         100.
 100.         100.         100.         100.         100.
 100.         100.         100.         100.         100.
 100.         100.         100.         100.         100.
 100.         100.         100.         100.         100.
 100.         100.         100.         100.         100.
 100.         100.         100.         100.         100.
 100.         100.         100.         100.         100.
 100.         100.         100.         100.         100.
 100.         100.         100.         100.         100.
 100.         100.         100.         100.         100.
 100.         100.         100.         100.         100.
 100.         100.         100.         100.         100.
 100.         100.         100.         100.         100.
 100.         100.         100.         100.         100.
 100.         100.         100.         100.         100.
 100.         100.         100.         100.         100.
 100.         100.         100.         100.         100.
 100.         100.         100.         100.         100.
 100.         100.         100.         100.         100.
 100.         100.         100.         100.         100.
 100.         100.         100.         100.         100.
 100.         100.         100.         100.         100.
 100.         100.         100.         100.         100.
 100.         100.         100.         100.         100.
 100.         100.         100.         100.         100.
 100.         100.         100.         100.         100.
 100.         100.         100.         100.         100.
 100.         100.         100.         100.         100.
 100.         100.         100.         100.         100.
 100.         100.         100.         100.         100.
 100.         100.         100.         100.         100.
 100.         100.         100.         100.         100.
 100.         100.         100.         100.         100.
 100.         100.         100.         100.         100.
 100.         100.         100.         100.         100.
 100.         100.         100.         100.         100.
 100.         100.         100.         100.         100.
 100.         100.         100.         100.         100.
 100.         100.         100.         100.         100.
 100.         100.         100.         100.         100.
 100.         100.         100.         100.         100.
 100.         100.         100.         100.         100.
 100.         100.         100.         100.         100.
 100.         100.         100.         100.         100.
 100.         100.         100.         100.         100.
 100.         100.         100.         100.         100.
 100.         100.         100.         100.         100.
 100.         100.         100.         100.         100.
 100.         100.         100.         100.         100.        ]
maxCov = 100.0
maxCovTime = [1.07411084e+09 1.07411088e+09 1.07411092e+09 1.07411097e+09
 1.07411101e+09 1.07411105e+09 1.07411110e+09 1.07411114e+09
 1.07411119e+09 1.07411123e+09 1.07411127e+09 1.07411132e+09
 1.07411136e+09 1.07411140e+09 1.07411145e+09 1.07411149e+09
 1.07411153e+09 1.07411158e+09 1.07411162e+09 1.07411167e+09
 1.07411171e+09 1.07411175e+09 1.07411180e+09 1.07411184e+09
 1.07411188e+09 1.07411193e+09 1.07411197e+09 1.07411201e+09
 1.07411206e+09 1.07411210e+09 1.07411215e+09 1.07411219e+09
 1.07411223e+09 1.07411228e+09 1.07411232e+09 1.07411236e+09
 1.07411241e+09 1.07411245e+09 1.07411249e+09 1.07411254e+09
 1.07411258e+09 1.07411263e+09 1.07411267e+09 1.07411271e+09
 1.07411276e+09 1.07411280e+09 1.07411284e+09 1.07411289e+09
 1.07411293e+09 1.07411297e+09 1.07411302e+09 1.07411306e+09
 1.07411311e+09 1.07411315e+09 1.07411319e+09 1.07411324e+09
 1.07411328e+09 1.07411332e+09 1.07411337e+09 1.07411341e+09
 1.07411345e+09 1.07411350e+09 1.07411354e+09 1.07411358e+09
 1.07411363e+09 1.07411367e+09 1.07411372e+09 1.07411376e+09
 1.07411380e+09 1.07411385e+09 1.07411389e+09 1.07411393e+09
 1.07411398e+09 1.07411402e+09 1.07411406e+09 1.07411411e+09
 1.07411415e+09 1.07411420e+09 1.07411424e+09 1.07411428e+09
 1.07411433e+09 1.07411437e+09 1.07411441e+09 1.07411446e+09
 1.07411450e+09 1.07411454e+09 1.07411459e+09 1.07411463e+09
 1.07411468e+09 1.07411472e+09 1.07411476e+09 1.07411481e+09
 1.07411485e+09 1.07411489e+09 1.07411494e+09 1.07411498e+09
 1.07411502e+09 1.07411507e+09 1.07411511e+09 1.07411516e+09
 1.07411520e+09 1.07411524e+09 1.07411529e+09 1.07411533e+09
 1.07411537e+09 1.07411542e+09 1.07411546e+09 1.07411550e+09
 1.07411555e+09 1.07411568e+09 1.07411572e+09 1.07411577e+09
 1.07411581e+09 1.07411585e+09 1.07411590e+09 1.07411594e+09
 1.07411598e+09 1.07411603e+09 1.07411607e+09 1.07411612e+09
 1.07411616e+09 1.07411620e+09 1.07411625e+09 1.07411629e+09
 1.07411633e+09 1.07411638e+09 1.07411642e+09 1.07411646e+09
 1.07411651e+09 1.07411655e+09 1.07411660e+09 1.07411664e+09
 1.07411668e+09 1.07411673e+09 1.07411677e+09 1.07411681e+09
 1.07411686e+09 1.07411690e+09 1.07411694e+09 1.07411699e+09
 1.07411703e+09 1.07411708e+09 1.07411712e+09 1.07411716e+09
 1.07411721e+09 1.07411725e+09 1.07411729e+09 1.07411734e+09
 1.07411738e+09 1.07411742e+09 1.07411747e+09 1.07411751e+09
 1.07411756e+09 1.07411760e+09 1.07411764e+09 1.07411769e+09
 1.07411773e+09 1.07411777e+09 1.07411782e+09 1.07411786e+09
 1.07411790e+09 1.07411795e+09 1.07411799e+09 1.07411804e+09
 1.07411808e+09 1.07411812e+09 1.07411817e+09 1.07411821e+09
 1.07411825e+09 1.07411830e+09 1.07411834e+09 1.07411838e+09
 1.07411843e+09 1.07411847e+09 1.07411852e+09 1.07411856e+09
 1.07411860e+09 1.07411865e+09 1.07411869e+09 1.07411873e+09
 1.07411878e+09 1.07411882e+09 1.07411886e+09 1.07411891e+09
 1.07411895e+09 1.07411900e+09 1.07411904e+09 1.07411908e+09
 1.07411913e+09 1.07411917e+09 1.07411921e+09 1.07411926e+09
 1.07411930e+09 1.07411934e+09 1.07411939e+09 1.07411943e+09
 1.07411948e+09 1.07411952e+09 1.07411956e+09 1.07411961e+09
 1.07411965e+09 1.07411969e+09 1.07411974e+09 1.07411978e+09
 1.07411982e+09 1.07411987e+09 1.07411991e+09 1.07411996e+09
 1.07412000e+09 1.07412004e+09 1.07412009e+09 1.07412013e+09
 1.07412017e+09 1.07412022e+09 1.07412026e+09 1.07412030e+09
 1.07412035e+09 1.07412039e+09 1.07412044e+09 1.07412048e+09
 1.07412052e+09 1.07412057e+09 1.07412061e+09 1.07412065e+09
 1.07412070e+09 1.07412074e+09 1.07412078e+09 1.07412083e+09
 1.07412087e+09 1.07412092e+09 1.07412096e+09 1.07412100e+09
 1.07412105e+09 1.07412109e+09 1.07412113e+09 1.07412118e+09
 1.07412122e+09 1.07412126e+09 1.07412131e+09 1.07412135e+09
 1.07412140e+09 1.07412144e+09 1.07412148e+09 1.07412153e+09
 1.07412157e+09 1.07412161e+09 1.07412166e+09 1.07412170e+09
 1.07412174e+09 1.07412179e+09 1.07412183e+09 1.07412188e+09
 1.07412192e+09 1.07412196e+09 1.07412201e+09 1.07412205e+09
 1.07412209e+09 1.07412214e+09 1.07412218e+09 1.07412222e+09
 1.07412227e+09 1.07412231e+09 1.07412236e+09 1.07412240e+09
 1.07412244e+09 1.07412249e+09 1.07412253e+09 1.07412257e+09
 1.07412262e+09 1.07412266e+09 1.07412270e+09 1.07412275e+09
 1.07412279e+09 1.07412284e+09 1.07412288e+09 1.07412292e+09
 1.07412297e+09 1.07412301e+09 1.07412305e+09 1.07412310e+09
 1.07412314e+09 1.07412318e+09 1.07412323e+09 1.07412327e+09
 1.07412332e+09 1.07412336e+09 1.07412340e+09 1.07412345e+09
 1.07412349e+09 1.07412353e+09 1.07412358e+09 1.07412362e+09
 1.07412366e+09 1.07412371e+09 1.07412375e+09 1.07412380e+09
 1.07412384e+09 1.07412388e+09 1.07412393e+09 1.07412397e+09
 1.07412401e+09 1.07412406e+09 1.07412410e+09 1.07412414e+09
 1.07412419e+09 1.07412423e+09 1.07412427e+09 1.07412432e+09
 1.07412436e+09 1.07412441e+09 1.07412445e+09 1.07412449e+09
 1.07412454e+09 1.07412458e+09 1.07412462e+09 1.07412467e+09
 1.07412471e+09 1.07412475e+09 1.07412480e+09 1.07412484e+09
 1.07412489e+09 1.07412493e+09 1.07412497e+09 1.07412502e+09
 1.07412506e+09 1.07412510e+09 1.07412515e+09 1.07412519e+09
 1.07412523e+09 1.07412528e+09 1.07412532e+09 1.07412537e+09
 1.07412541e+09 1.07412545e+09 1.07412550e+09 1.07412554e+09
 1.07412558e+09 1.07412563e+09 1.07412567e+09 1.07412571e+09
 1.07412576e+09 1.07412580e+09 1.07412585e+09 1.07412589e+09
 1.07412593e+09 1.07412598e+09 1.07412602e+09 1.07412606e+09
 1.07412611e+09 1.07412615e+09 1.07412619e+09 1.07412624e+09
 1.07412628e+09 1.07412633e+09 1.07412637e+09 1.07412641e+09
 1.07412646e+09 1.07412650e+09 1.07412654e+09 1.07412659e+09
 1.07412663e+09 1.07412667e+09 1.07412672e+09 1.07412676e+09
 1.07412681e+09 1.07412685e+09 1.07412689e+09 1.07412694e+09
 1.07412698e+09 1.07412702e+09 1.07412707e+09 1.07412711e+09
 1.07412715e+09 1.07412720e+09 1.07412724e+09 1.07412729e+09
 1.07412733e+09 1.07412737e+09 1.07412742e+09 1.07412746e+09
 1.07412750e+09 1.07412755e+09 1.07412759e+09 1.07412763e+09
 1.07412768e+09 1.07412772e+09 1.07412777e+09 1.07412781e+09
 1.07412785e+09 1.07412790e+09 1.07412794e+09 1.07412798e+09
 1.07412803e+09 1.07412807e+09 1.07412811e+09 1.07412816e+09
 1.07412820e+09 1.07412825e+09 1.07412829e+09 1.07412833e+09
 1.07412838e+09 1.07412842e+09 1.07412846e+09 1.07412851e+09
 1.07412855e+09 1.07412859e+09 1.07412864e+09 1.07412868e+09
 1.07412873e+09 1.07412877e+09 1.07412881e+09 1.07412886e+09
 1.07412890e+09 1.07412894e+09 1.07412899e+09 1.07412903e+09
 1.07412907e+09 1.07412912e+09 1.07412916e+09 1.07412921e+09
 1.07412925e+09 1.07412929e+09 1.07412934e+09 1.07412938e+09
 1.07412942e+09 1.07412947e+09 1.07412951e+09 1.07412955e+09
 1.07412960e+09 1.07412964e+09 1.07412969e+09 1.07412973e+09
 1.07412977e+09 1.07412982e+09 1.07412986e+09 1.07412990e+09
 1.07412995e+09 1.07412999e+09 1.07413003e+09 1.07413008e+09
 1.07413012e+09 1.07413017e+09 1.07413021e+09 1.07413025e+09
 1.07413030e+09 1.07413034e+09 1.07413038e+09 1.07413043e+09
 1.07413047e+09 1.07413051e+09 1.07413056e+09 1.07413060e+09
 1.07413065e+09 1.07413069e+09 1.07413073e+09 1.07413078e+09
 1.07413082e+09 1.07413086e+09 1.07413091e+09 1.07413095e+09
 1.07413099e+09 1.07413104e+09 1.07413108e+09 1.07413113e+09
 1.07413117e+09 1.07413121e+09 1.07413126e+09 1.07413130e+09
 1.07413134e+09 1.07413139e+09 1.07413143e+09 1.07413147e+09
 1.07413152e+09 1.07413156e+09 1.07413161e+09 1.07413165e+09
 1.07413169e+09 1.07413174e+09 1.07413178e+09 1.07413182e+09
 1.07413187e+09 1.07413191e+09 1.07413195e+09 1.07413200e+09
 1.07413204e+09 1.07413209e+09 1.07413213e+09 1.07413217e+09
 1.07413222e+09 1.07413226e+09 1.07413230e+09 1.07413235e+09
 1.07413239e+09 1.07413243e+09 1.07413248e+09 1.07413252e+09
 1.07413257e+09 1.07413261e+09 1.07413265e+09 1.07413270e+09
 1.07413274e+09 1.07413278e+09 1.07413283e+09 1.07413287e+09
 1.07413291e+09 1.07413296e+09 1.07413300e+09 1.07413305e+09
 1.07413309e+09 1.07413313e+09 1.07413318e+09 1.07413322e+09
 1.07413326e+09 1.07413331e+09 1.07413335e+09 1.07413339e+09
 1.07413344e+09 1.07413348e+09 1.07413353e+09 1.07413357e+09
 1.07413361e+09 1.07413366e+09 1.07413370e+09 1.07413374e+09
 1.07413379e+09 1.07413383e+09 1.07413387e+09 1.07413392e+09
 1.07413396e+09 1.07413401e+09 1.07413405e+09 1.07413409e+09
 1.07413414e+09 1.07413418e+09 1.07413422e+09 1.07413427e+09
 1.07413431e+09 1.07413435e+09 1.07413440e+09 1.07413444e+09
 1.07413449e+09 1.07413453e+09 1.07413457e+09 1.07413462e+09
 1.07413466e+09 1.07413470e+09 1.07413475e+09 1.07413479e+09
 1.07413483e+09 1.07413488e+09 1.07413492e+09 1.07413496e+09
 1.07413501e+09 1.07413505e+09 1.07413510e+09 1.07413514e+09
 1.07413518e+09 1.07413523e+09 1.07413527e+09 1.07413531e+09
 1.07413536e+09 1.07413540e+09 1.07413544e+09 1.07413549e+09
 1.07413553e+09 1.07413558e+09 1.07413562e+09 1.07413566e+09
 1.07413571e+09 1.07413575e+09 1.07413579e+09 1.07413584e+09
 1.07413588e+09 1.07413592e+09 1.07413597e+09 1.07413601e+09
 1.07413606e+09 1.07413610e+09 1.07413614e+09 1.07413619e+09
 1.07413623e+09 1.07413627e+09 1.07413632e+09 1.07413636e+09
 1.07413640e+09 1.07413645e+09 1.07413649e+09 1.07413654e+09
 1.07413658e+09 1.07413662e+09 1.07413667e+09 1.07413671e+09
 1.07413675e+09 1.07413680e+09 1.07413684e+09 1.07413688e+09
 1.07413693e+09 1.07413697e+09 1.07413702e+09 1.07413706e+09
 1.07413710e+09 1.07413715e+09 1.07413719e+09 1.07413723e+09
 1.07413728e+09 1.07413732e+09 1.07413736e+09 1.07413741e+09
 1.07413745e+09 1.07413750e+09 1.07413754e+09 1.07413758e+09
 1.07413763e+09 1.07413767e+09 1.07413771e+09 1.07413776e+09
 1.07413780e+09 1.07413784e+09 1.07413789e+09 1.07413793e+09
 1.07413798e+09 1.07413802e+09 1.07413806e+09 1.07413811e+09
 1.07413815e+09 1.07413819e+09 1.07413824e+09 1.07413828e+09
 1.07413832e+09 1.07413837e+09 1.07413841e+09 1.07413846e+09
 1.07413850e+09 1.07413854e+09 1.07413859e+09 1.07413863e+09
 1.07413867e+09 1.07413872e+09 1.07413876e+09 1.07413880e+09
 1.07413885e+09 1.07413889e+09 1.07413894e+09 1.07413898e+09
 1.07413902e+09 1.07413907e+09 1.07413911e+09 1.07413915e+09
 1.07413920e+09 1.07413924e+09 1.07413928e+09 1.07413933e+09
 1.07413937e+09 1.07413942e+09 1.07413946e+09 1.07413950e+09
 1.07413955e+09 1.07413959e+09 1.07413963e+09 1.07413968e+09
 1.07413972e+09 1.07413976e+09 1.07413981e+09 1.07413985e+09
 1.07413990e+09 1.07413994e+09 1.07413998e+09 1.07414003e+09
 1.07414007e+09 1.07414011e+09 1.07414016e+09 1.07414020e+09
 1.07414024e+09 1.07414029e+09 1.07414033e+09 1.07414038e+09
 1.07414042e+09 1.07414046e+09 1.07414051e+09 1.07414055e+09
 1.07414059e+09 1.07414064e+09 1.07414068e+09 1.07414072e+09
 1.07414077e+09 1.07414081e+09 1.07414086e+09 1.07414090e+09
 1.07414094e+09 1.07414099e+09 1.07414103e+09 1.07414107e+09
 1.07414112e+09 1.07414116e+09 1.07414120e+09 1.07414125e+09
 1.07414129e+09 1.07414134e+09 1.07414138e+09 1.07414142e+09
 1.07414147e+09 1.07414151e+09 1.07414155e+09 1.07414160e+09
 1.07414164e+09 1.07414168e+09 1.07414173e+09 1.07414177e+09
 1.07414182e+09 1.07414186e+09 1.07414190e+09 1.07414195e+09
 1.07414199e+09 1.07414203e+09 1.07414208e+09 1.07414212e+09
 1.07414216e+09 1.07414221e+09 1.07414225e+09 1.07414230e+09
 1.07414234e+09 1.07414238e+09 1.07414243e+09 1.07414247e+09
 1.07414251e+09 1.07414256e+09 1.07414260e+09 1.07414264e+09
 1.07414269e+09 1.07414273e+09 1.07414278e+09 1.07414282e+09
 1.07414286e+09 1.07414291e+09 1.07414295e+09 1.07414299e+09
 1.07414304e+09 1.07414308e+09 1.07414312e+09 1.07414317e+09
 1.07414321e+09 1.07414326e+09 1.07414330e+09 1.07414334e+09
 1.07414339e+09 1.07414343e+09 1.07414347e+09 1.07414352e+09
 1.07414356e+09 1.07414360e+09 1.07414365e+09 1.07414369e+09
 1.07414374e+09 1.07414378e+09 1.07414382e+09 1.07414387e+09
 1.07414391e+09 1.07414395e+09 1.07414400e+09 1.07414404e+09
 1.07414408e+09 1.07414413e+09 1.07414417e+09 1.07414422e+09
 1.07414426e+09 1.07414430e+09 1.07414435e+09 1.07414439e+09
 1.07414443e+09 1.07414448e+09 1.07414452e+09 1.07414456e+09
 1.07414461e+09 1.07414465e+09 1.07414470e+09 1.07414474e+09
 1.07414478e+09 1.07414483e+09 1.07414487e+09 1.07414491e+09
 1.07414496e+09 1.07414500e+09 1.07414504e+09 1.07414509e+09
 1.07414513e+09 1.07414518e+09 1.07414522e+09 1.07414526e+09
 1.07414531e+09 1.07414535e+09 1.07414539e+09 1.07414544e+09
 1.07414548e+09 1.07414552e+09 1.07414557e+09 1.07414561e+09
 1.07414565e+09 1.07414570e+09 1.07414574e+09 1.07414579e+09
 1.07414583e+09 1.07414587e+09 1.07414592e+09 1.07414596e+09
 1.07414600e+09 1.07414605e+09 1.07414609e+09 1.07414613e+09
 1.07414618e+09 1.07414622e+09 1.07414627e+09 1.07414631e+09
 1.07414635e+09 1.07414640e+09 1.07414644e+09 1.07414648e+09
 1.07414653e+09 1.07414657e+09 1.07414661e+09 1.07414666e+09
 1.07414670e+09 1.07414675e+09 1.07414679e+09 1.07414683e+09
 1.07414688e+09 1.07414692e+09 1.07414696e+09 1.07414701e+09
 1.07414705e+09 1.07414709e+09 1.07414714e+09 1.07414718e+09
 1.07414723e+09 1.07414727e+09 1.07414731e+09 1.07414736e+09
 1.07414740e+09 1.07414744e+09 1.07414749e+09 1.07414753e+09
 1.07414757e+09 1.07414762e+09 1.07414766e+09 1.07414771e+09
 1.07414775e+09 1.07414779e+09 1.07414784e+09 1.07414788e+09
 1.07414792e+09 1.07414797e+09 1.07414801e+09 1.07414805e+09
 1.07414810e+09 1.07414814e+09 1.07414819e+09 1.07414823e+09
 1.07414827e+09 1.07414832e+09 1.07414836e+09 1.07414840e+09
 1.07414845e+09 1.07414849e+09 1.07414853e+09 1.07414858e+09
 1.07414862e+09 1.07414867e+09 1.07414871e+09 1.07414875e+09
 1.07414880e+09 1.07414884e+09 1.07414888e+09 1.07414893e+09
 1.07414897e+09 1.07414901e+09 1.07414906e+09 1.07414910e+09
 1.07414915e+09 1.07414919e+09]
