name =JUICE_ROI_GAN_6_1_02
flyby = ['2033 NOV 26 18:22:11', '2033 NOV 27 18:22:11']
Observation TW = <SpiceCell dtype = 1, length = 0, size = 3400, card = 14, is_set = 1, adjust = 0, init = 1, base = 94025687156240, data = 94025687156288>
Res(t) = [0.12053639 0.12008978 0.11902876 0.11796211 0.11772948 0.11566088
 0.11597537 0.11634352 0.1142087  0.11465673 0.11515852 0.1157122
 0.11630512 0.11696066 0.11766046 0.11840245 0.11793364 0.11874342
 0.11959014 0.12078037 0.12169034 0.12132166 0.12191635 0.12294595
 0.12434436 0.12539114 0.12601645 0.12711159 0.13004369 0.12956264
 0.1306992  0.13174756 0.13258517 0.13306134 0.13453102 0.1360609
 0.13790749 0.13914292 0.13969947 0.13894206 0.14022097 0.14151266
 0.1419055  0.14310683 0.14441935 0.1457426  0.14707614 0.14841955
 0.14977242 0.15113438 0.15250507 0.15388416 0.15527132 0.15666625
 0.15806867 0.15947831 0.1608949  0.1623182  0.16374798 0.16518402
 0.16662611 0.16807405 0.16952764 0.17098671 0.17245109 0.17392061
 0.17539511 0.17687444 0.17667892 0.17816222 0.17964986 0.1811417
 0.18263765 0.18413758 0.18564139 0.18714897 0.18866022 0.19017506
 0.1916934  0.19411568 0.19445937 0.19599165 0.19752716 0.19906582
 0.20060756 0.20215232 0.20370003 0.20525062 0.20680404 0.20836023
 0.20991914 0.21125681 0.21281069 0.21436701 0.21646026 0.21802214
 0.21958634 0.22115281 0.22272153 0.22429243 0.22586549 0.22744066
 0.2290179  0.23059718 0.23217847 0.23376173 0.23534692 0.23693402
 0.23852299 0.24011381 0.23842355 0.23999414 0.24156631 0.24314004
 0.24471531 0.24629208 0.24787035 0.24945008 0.25103126 0.25261387
 0.25419788 0.25677339 0.25837287 0.2599738  0.26157617 0.26317994
 0.26317518 0.2647599  0.26634578 0.26793283 0.26952101 0.27111033
 0.27270075 0.27429228 0.2758849  0.27747859 0.27907335 0.28066916
 0.28226601 0.2838639  0.2854628  0.28706271 0.28866363 0.29026553
 0.29186842 0.29347229 0.29507711 0.2966829  0.29828964 0.29989732
 0.30150594 0.30311549 0.30472596 0.30633734 0.30794964 0.30956284
 0.31117694 0.31279194 0.31440782 0.31602459 0.31764223 0.31926076
 0.32088015 0.32250041 0.32412153 0.32574351 0.32736635 0.32899004
 0.33061458 0.33297887 0.33460228 0.33622647 0.33785144 0.33947717
 0.3411432  0.34290213 0.3445301  0.34615883 0.34778833 0.34941857
 0.35104958 0.35268134 0.35431385 0.35594711 0.35758113 0.35979773
 0.36144477 0.36309261 0.36474125 0.36639069 0.36804093 0.36969197
 0.3713438  0.37299643 0.37464986 0.37630409 0.37795911 0.37961493
 0.38127155 0.38292896 0.38458718 0.38624619 0.39226987 0.39396305
 0.39565717 0.39735222 0.3990482  0.40074512 0.40244297 0.40414176
 0.39668057 0.39830593 0.39993174 0.401558   0.40318471 0.40481187
 0.40643948 0.40806753 0.40969604 0.41125243 0.41288172 0.41451146
 0.41614164 0.41777226 0.41940332 0.42103483 0.42266678 0.42429917
 0.42593201 0.42756528 0.429199   0.43083316 0.43246777 0.43410281
 0.4357383  0.43737422 0.43901059 0.4406474  0.44228466 0.44392235
 0.44556049 0.44719907 0.4488381  0.45047757 0.45211748 0.45375783
 0.45539863 0.45703988 0.45868157 0.46032371 0.45539238 0.45702033
 0.45864878 0.46027772 0.46190716 0.4635371  0.46516753 0.46679847
 0.46842991 0.47006185 0.4716943  0.47332725 0.47496071 0.47659467
 0.47822915 0.47986414 0.48149964 0.48313566 0.48477219 0.48640924
 0.48804681 0.48968489 0.49132351 0.49296264 0.4946023  0.49624249
 0.49788321 0.49952445 0.50116623 0.50280855 0.5044514  0.50609479
 0.50773872 0.50938319 0.5110282  0.51267376 0.51431986 0.51596652
 0.51761373 0.51926149 0.5209098  0.52255867 0.5242081  0.5258581
 0.52750865 0.52915977 0.53081146 0.53246372 0.53272246 0.53432419
 0.53592605 0.53752804 0.53913014 0.54073237 0.54233472 0.5439372
 0.5455398  0.54714253 0.54874537 0.55034835 0.55195144 0.55355466
 0.55515801 0.55676147 0.55836507 0.55996878 0.56157262 0.56317659
 0.56478068 0.5663849  0.56798924 0.56959371 0.5711983  0.57280302
 0.57440786 0.57601283 0.57761793 0.57922316 0.58082851 0.58243398
 0.58403959 0.58564532 0.58725118 0.58885717 0.59046329 0.59206953
 0.59367591 0.59528241 0.59688904 0.5984958  0.6001027  0.60170972
 0.60331687 0.60492415 0.60653157 0.60813911 0.60974679 0.6113546
 0.61296254 0.61457062 0.61617882 0.61778716 0.61939564 0.62100425
 0.62261299 0.62422186 0.62583088 0.62744002 0.6290493  0.63065872
 0.63226828 0.63387797 0.6354878  0.63709777 0.63870787 0.64031811
 0.64192849 0.64353901 0.64514967 0.64676047 0.64837141 0.64998249
 0.65159371 0.65320508 0.65481658 0.65642823 0.65804002 0.65965195
 0.66126403 0.66287625 0.66448861 0.66610112 0.66771378 0.66932658
 0.67093952 0.67255262 0.67416585 0.67577924 0.67739278 0.67900646
 0.68062029 0.68223427 0.68384841 0.68546269 0.68707712 0.6886917
 0.69030644 0.69192132 0.69353636 0.69515155 0.6967669  0.6983824
 0.69999805 0.70161386 0.70322982 0.70484594 0.70646222 0.70807865
 0.70969524 0.71131199 0.7129289  0.71454596 0.71616319 0.71778057
 0.71939811 0.72101582 0.72263368 0.72425171 0.7258699  0.72748826
 0.72910677 0.73072545 0.7323443  0.73396331 0.73558248 0.73720182
 0.73882133 0.740441   0.74206084 0.74368085 0.74530103 0.74692138
 0.74854189 0.75016258 0.75178344 0.75340446 0.75502566 0.75664704
 0.75826858 0.7598903  0.76151219 0.76313426 0.7647565  0.76637892
 0.76800151 0.76962428 0.77124722 0.77287035 0.77449365 0.77611713
 0.77774079 0.77936463 0.78098865 0.78261285 0.78423724 0.7858618
 0.78748655 0.78911148 0.7907366  0.7923619  0.79398738 0.79561305
 0.7972389  0.79886495 0.80049117 0.80211759 0.8037442  0.80537099
 0.80699797 0.80862515 0.81025251 0.81188007 0.81350781 0.81513575
 0.81676388 0.81839221 0.82002073 0.82164944 0.82327835 0.82490746
 0.82653676 0.82816626 0.82979595 0.83142585 0.83305594 0.83468623
 0.83631672 0.83794741 0.83957831 0.8412094  0.8428407  0.8444722
 0.8461039  0.84773581 0.84936792 0.85100023 0.85263276 0.85426549
 0.85589842 0.85753156 0.85916492 0.86079848 0.86243225 0.86406623
 0.86570042 0.86733482 0.86896943 0.87060425 0.87223929 0.87387454
 0.87551001 0.87714569 0.87878159 0.8804177  0.88205403 0.88369057
 0.88532734 0.88696432 0.88860152 0.89023894 0.89187658 0.89351444
 0.89515252 0.89679083 0.89842935 0.90006811 0.90170708 0.90334628
 0.9049857  0.90662535 0.90826523 0.90990533 0.91154566 0.91318622
 0.91482701 0.91646803 0.91810928 0.91975075 0.92139246 0.9230344
 0.92467658 0.92631898 0.92796163 0.9296045  0.93124761 0.93289096
 0.93453454 0.93617836 0.93782241 0.93946671 0.94111124 0.94275601
 0.94440103 0.94604628 0.94769178 0.94933751 0.95098349 0.95262971
 0.95427618 0.95592289 0.95756985 0.95921705 0.9608645  0.96251219
 0.96416013 0.96580832 0.96745676 0.96910545 0.97075439 0.97240358
 0.97405302 0.97570271 0.97735266 0.97900286 0.98065331 0.98230402
 0.98395498 0.9856062  0.98725768 0.98890941 0.9905614  0.99221365
 0.99386615 0.99551892 0.99717195 0.99882524 1.00047879 1.0021326
 1.00378667 1.00544101 1.00709562 1.00875048 1.01040562 1.01206102
 1.01371668 1.01537262 1.01702882 1.01868529 1.02034203 1.02199904
 1.02365632 1.02531387 1.02697169 1.02862979 1.03028816 1.0319468
 1.03360572 1.03526491 1.03692438 1.03858413 1.04024415 1.04190445
 1.04356503 1.04522589 1.04688702 1.04854844 1.05021014 1.05187212
 1.05353439 1.05519693 1.05685976 1.05852288 1.06018627 1.06184996
 1.06351393 1.06517819 1.06684273 1.06850757 1.07017269 1.0718381
 1.0735038  1.0751698  1.07683608 1.07850266 1.08016953 1.08183669
 1.08350415 1.0851719  1.08683995 1.08850829 1.09017694 1.09184587
 1.09351511 1.09518465 1.09685448 1.09852461 1.10019505 1.10186579
 1.10353683 1.10520817 1.10687981 1.10855176 1.11022402 1.11189658
 1.11356944 1.11524262 1.1169161  1.11858988 1.12026398 1.12193839
 1.1236131  1.12528813 1.12696347 1.12863912 1.13031508 1.13199136
 1.13366795 1.13534486 1.13702208 1.13869962 1.14037747 1.14205564
 1.14373413 1.14541294 1.14709207 1.14877152 1.15045129 1.15213138
 1.15381179 1.15549253 1.15717358 1.15885497 1.16053668 1.16221871
 1.16390107 1.16558376 1.16726677 1.16895011 1.17063378 1.17231778
 1.17400212 1.17568678 1.17737177 1.1790571  1.18074276 1.18242875
 1.18411508 1.18580174 1.18748874 1.18917607 1.19086374 1.19255175
 1.1942401  1.19592878 1.19761781 1.19930717 1.20099688 1.20268693
 1.20437732 1.20606806 1.20775913 1.20945056 1.21114232 1.21283444
 1.2145269  1.21621971 1.21791286 1.21960637 1.22130022 1.22299442
 1.22468898 1.22638388 1.22807914 1.22977475 1.23147071 1.23316703
 1.2348637  1.23656073 1.23825811 1.23995586 1.24165395 1.24335241
 1.24505122 1.2467504  1.24844993 1.25014983 1.25185009 1.25355071
 1.25525169 1.25695304 1.25865475 1.26035682 1.26205927 1.26376207
 1.26546525 1.26716879 1.2688727  1.27057698 1.27228163 1.27398666
 1.27569205 1.27739781 1.27910395 1.28081046 1.28251734 1.2842246
 1.28593224 1.28764025 1.28934864 1.2910574  1.29276654 1.29447607
 1.29618597 1.29789625 1.29960691 1.30131796 1.30302938 1.30474119
 1.30645339 1.30816597 1.30987893 1.31159228 1.31330601 1.31502014
 1.31673465 1.31844955 1.32016484 1.32188052 1.32359659 1.32531305
 1.3270299  1.32874715 1.33046479 1.33218282 1.33390125 1.33562007
 1.33733929 1.33905891 1.34077893 1.34249934 1.34422015 1.34594137
 1.34766298 1.34938499 1.35110741 1.35283023 1.35455345 1.35627708
 1.35800111 1.35972555 1.36145039 1.36317564 1.3649013  1.36662736
 1.36835384 1.37008072 1.37180802 1.37353572 1.37526384 1.37699237
 1.37872131 1.38045067 1.38218044 1.38391063 1.38564123 1.38737225
 1.38910369 1.39083554 1.39256782 1.39430051 1.39603362 1.39776716
 1.39950112 1.4012355  1.4029703  1.40470552 1.40644117 1.40817725
 1.40991375 1.41165068 1.41338804 1.41512582 1.41686403 1.41860267
 1.42034175 1.42208125 1.42382118 1.42556155 1.42730235 1.42904359
 1.43078526 1.43252736 1.4342699  1.43601288 1.43775629 1.43950014
 1.44124443 1.44298916 1.44473433 1.44647994 1.448226   1.44997249
 1.45171943 1.45346681 1.45521464 1.45696291 1.45871163 1.46046079
 1.4622104  1.46396046 1.46571097 1.46746193 1.46921334 1.4709652
 1.47271751 1.47447027 1.47622349 1.47797716 1.47973128 1.48148586
 1.4832409  1.48499639 1.48675234 1.48850875 1.49026562 1.49202294
 1.49378073 1.49553898 1.49729769 1.49905686 1.5008165  1.5025766
 1.50433716 1.50609819 1.50785968 1.50962165 1.51138408 1.51314698
 1.51491034 1.51667418 1.51843849 1.52020327 1.52196852 1.52373424
 1.52550044 1.52726711 1.52903425 1.53080187 1.53256997 1.53433854
 1.53610759 1.53787712 1.53964713 1.54141762 1.54318859 1.54496004
 1.54673198 1.54850439 1.55027729 1.55205068 1.55382454 1.5555989
 1.55737374 1.55914907 1.56092488 1.56270119 1.56447798 1.56625526
 1.56803304 1.56981131 1.57159006 1.57336932 1.57514906 1.5769293
 1.57871004 1.58049127 1.58227299 1.58405522 1.58583794 1.58762116
 1.58940489 1.59118911 1.59297383 1.59475906 1.59654478 1.59833101
 1.60011775 1.60190499 1.60369273 1.60548098 1.60726974 1.60905901
 1.61084878 1.61263907 1.61442986 1.61622116 1.61801298 1.61980531
 1.62159815 1.6233915  1.62518537 1.62697975 1.62877465 1.63057007
 1.632366   1.63416245 1.63595942 1.63775691 1.63955492 1.64135345
 1.6431525  1.64495208 1.64675218 1.6485528  1.65035394 1.65215562
 1.65395781 1.65576054 1.65756379 1.65936757 1.66117188 1.66297672
 1.66478209 1.666588   1.66839443 1.6702014  1.6720089  1.67381693
 1.6756255  1.67743461 1.67924425 1.68105443 1.68286515 1.68467641
 1.6864882  1.68830054 1.69011342 1.69192684 1.6937408  1.69555531
 1.69737036 1.69918595 1.70100209 1.70281878 1.70463601 1.70645379
 1.70827212 1.710091   1.71191043 1.71373041]
t = [1.06995870e+09 1.06995873e+09 1.06995876e+09 1.06995879e+09
 1.06995882e+09 1.06995886e+09 1.06995889e+09 1.06995892e+09
 1.06995895e+09 1.06995898e+09 1.06995901e+09 1.06995905e+09
 1.06995908e+09 1.06995911e+09 1.06995914e+09 1.06995917e+09
 1.06995920e+09 1.06995924e+09 1.06995927e+09 1.06995930e+09
 1.06995933e+09 1.06995936e+09 1.06995939e+09 1.06995943e+09
 1.06995946e+09 1.06995949e+09 1.06995952e+09 1.06995955e+09
 1.06995958e+09 1.06995961e+09 1.06995965e+09 1.06995968e+09
 1.06995971e+09 1.06995974e+09 1.06995977e+09 1.06995980e+09
 1.06995984e+09 1.06995987e+09 1.06995990e+09 1.06995993e+09
 1.06995996e+09 1.06995999e+09 1.06996003e+09 1.06996006e+09
 1.06996009e+09 1.06996012e+09 1.06996015e+09 1.06996018e+09
 1.06996021e+09 1.06996025e+09 1.06996028e+09 1.06996031e+09
 1.06996034e+09 1.06996037e+09 1.06996040e+09 1.06996044e+09
 1.06996047e+09 1.06996050e+09 1.06996053e+09 1.06996056e+09
 1.06996059e+09 1.06996063e+09 1.06996066e+09 1.06996069e+09
 1.06996072e+09 1.06996075e+09 1.06996078e+09 1.06996081e+09
 1.06996085e+09 1.06996088e+09 1.06996091e+09 1.06996094e+09
 1.06996097e+09 1.06996100e+09 1.06996104e+09 1.06996107e+09
 1.06996110e+09 1.06996113e+09 1.06996116e+09 1.06996119e+09
 1.06996123e+09 1.06996126e+09 1.06996129e+09 1.06996132e+09
 1.06996135e+09 1.06996138e+09 1.06996141e+09 1.06996145e+09
 1.06996148e+09 1.06996151e+09 1.06996154e+09 1.06996157e+09
 1.06996160e+09 1.06996164e+09 1.06996167e+09 1.06996170e+09
 1.06996173e+09 1.06996176e+09 1.06996179e+09 1.06996183e+09
 1.06996186e+09 1.06996189e+09 1.06996192e+09 1.06996195e+09
 1.06996198e+09 1.06996201e+09 1.06996205e+09 1.06996208e+09
 1.06996211e+09 1.06996214e+09 1.06996217e+09 1.06996220e+09
 1.06996224e+09 1.06996227e+09 1.06996230e+09 1.06996233e+09
 1.06996236e+09 1.06996239e+09 1.06996243e+09 1.06996246e+09
 1.06996249e+09 1.06996252e+09 1.06996255e+09 1.06996258e+09
 1.06996261e+09 1.06996265e+09 1.06996268e+09 1.06996271e+09
 1.06996274e+09 1.06996277e+09 1.06996280e+09 1.06996284e+09
 1.06996287e+09 1.06996290e+09 1.06996293e+09 1.06996296e+09
 1.06996299e+09 1.06996303e+09 1.06996306e+09 1.06996309e+09
 1.06996312e+09 1.06996315e+09 1.06996318e+09 1.06996322e+09
 1.06996325e+09 1.06996328e+09 1.06996331e+09 1.06996334e+09
 1.06996337e+09 1.06996340e+09 1.06996344e+09 1.06996347e+09
 1.06996350e+09 1.06996353e+09 1.06996356e+09 1.06996359e+09
 1.06996363e+09 1.06996366e+09 1.06996369e+09 1.06996372e+09
 1.06996375e+09 1.06996378e+09 1.06996382e+09 1.06996385e+09
 1.06996388e+09 1.06996391e+09 1.06996394e+09 1.06996397e+09
 1.06996400e+09 1.06996404e+09 1.06996407e+09 1.06996410e+09
 1.06996413e+09 1.06996416e+09 1.06996419e+09 1.06996423e+09
 1.06996426e+09 1.06996429e+09 1.06996432e+09 1.06996435e+09
 1.06996438e+09 1.06996442e+09 1.06996445e+09 1.06996448e+09
 1.06996451e+09 1.06996454e+09 1.06996457e+09 1.06996460e+09
 1.06996464e+09 1.06996467e+09 1.06996470e+09 1.06996473e+09
 1.06996476e+09 1.06996479e+09 1.06996483e+09 1.06996486e+09
 1.06996489e+09 1.06996492e+09 1.06996495e+09 1.06996498e+09
 1.06996502e+09 1.06996505e+09 1.06996508e+09 1.06996511e+09
 1.06996514e+09 1.06996517e+09 1.06996520e+09 1.06996524e+09
 1.06996527e+09 1.06996530e+09 1.06996533e+09 1.06996536e+09
 1.06996539e+09 1.06996543e+09 1.06996546e+09 1.06996549e+09
 1.06996552e+09 1.06996555e+09 1.06996558e+09 1.06996562e+09
 1.06996565e+09 1.06996568e+09 1.06996571e+09 1.06996574e+09
 1.06996577e+09 1.06996580e+09 1.06996584e+09 1.06996587e+09
 1.06996590e+09 1.06996593e+09 1.06996596e+09 1.06996599e+09
 1.06996603e+09 1.06996606e+09 1.06996609e+09 1.06996612e+09
 1.06996615e+09 1.06996618e+09 1.06996622e+09 1.06996625e+09
 1.06996628e+09 1.06996631e+09 1.06996634e+09 1.06996637e+09
 1.06996640e+09 1.06996644e+09 1.06996647e+09 1.06996650e+09
 1.06996653e+09 1.06996656e+09 1.06996659e+09 1.06996663e+09
 1.06996666e+09 1.06996669e+09 1.06996672e+09 1.06996675e+09
 1.06996678e+09 1.06996682e+09 1.06996685e+09 1.06996688e+09
 1.06996691e+09 1.06996694e+09 1.06996697e+09 1.06996700e+09
 1.06996704e+09 1.06996707e+09 1.06996710e+09 1.06996713e+09
 1.06996716e+09 1.06996719e+09 1.06996723e+09 1.06996726e+09
 1.06996729e+09 1.06996732e+09 1.06996735e+09 1.06996738e+09
 1.06996742e+09 1.06996745e+09 1.06996748e+09 1.06996751e+09
 1.06996754e+09 1.06996757e+09 1.06996761e+09 1.06996764e+09
 1.06996767e+09 1.06996770e+09 1.06996773e+09 1.06996776e+09
 1.06996779e+09 1.06996783e+09 1.06996786e+09 1.06996789e+09
 1.06996792e+09 1.06996795e+09 1.06996798e+09 1.06996802e+09
 1.06996805e+09 1.06996808e+09 1.06996811e+09 1.06996814e+09
 1.06996817e+09 1.06996821e+09 1.06996824e+09 1.06996827e+09
 1.06996830e+09 1.06996833e+09 1.06996836e+09 1.06996839e+09
 1.06996843e+09 1.06996846e+09 1.06996849e+09 1.06996852e+09
 1.06996855e+09 1.06996858e+09 1.06996862e+09 1.06996865e+09
 1.06996868e+09 1.06996871e+09 1.06996874e+09 1.06996877e+09
 1.06996881e+09 1.06996884e+09 1.06996887e+09 1.06996890e+09
 1.06996893e+09 1.06996896e+09 1.06996899e+09 1.06996903e+09
 1.06996906e+09 1.06996909e+09 1.06996912e+09 1.06996915e+09
 1.06996918e+09 1.06996922e+09 1.06996925e+09 1.06996928e+09
 1.06996931e+09 1.06996934e+09 1.06996937e+09 1.06996941e+09
 1.06996944e+09 1.06996947e+09 1.06996950e+09 1.06996953e+09
 1.06996956e+09 1.06996959e+09 1.06996963e+09 1.06996966e+09
 1.06996969e+09 1.06996972e+09 1.06996975e+09 1.06996978e+09
 1.06996982e+09 1.06996985e+09 1.06996988e+09 1.06996991e+09
 1.06996994e+09 1.06996997e+09 1.06997001e+09 1.06997004e+09
 1.06997007e+09 1.06997010e+09 1.06997013e+09 1.06997016e+09
 1.06997019e+09 1.06997023e+09 1.06997026e+09 1.06997029e+09
 1.06997032e+09 1.06997035e+09 1.06997038e+09 1.06997042e+09
 1.06997045e+09 1.06997048e+09 1.06997051e+09 1.06997054e+09
 1.06997057e+09 1.06997061e+09 1.06997064e+09 1.06997067e+09
 1.06997070e+09 1.06997073e+09 1.06997076e+09 1.06997079e+09
 1.06997083e+09 1.06997086e+09 1.06997089e+09 1.06997092e+09
 1.06997095e+09 1.06997098e+09 1.06997102e+09 1.06997105e+09
 1.06997108e+09 1.06997111e+09 1.06997114e+09 1.06997117e+09
 1.06997121e+09 1.06997124e+09 1.06997127e+09 1.06997130e+09
 1.06997133e+09 1.06997136e+09 1.06997140e+09 1.06997143e+09
 1.06997146e+09 1.06997149e+09 1.06997152e+09 1.06997155e+09
 1.06997158e+09 1.06997162e+09 1.06997165e+09 1.06997168e+09
 1.06997171e+09 1.06997174e+09 1.06997177e+09 1.06997181e+09
 1.06997184e+09 1.06997187e+09 1.06997190e+09 1.06997193e+09
 1.06997196e+09 1.06997200e+09 1.06997203e+09 1.06997206e+09
 1.06997209e+09 1.06997212e+09 1.06997215e+09 1.06997218e+09
 1.06997222e+09 1.06997225e+09 1.06997228e+09 1.06997231e+09
 1.06997234e+09 1.06997237e+09 1.06997241e+09 1.06997244e+09
 1.06997247e+09 1.06997250e+09 1.06997253e+09 1.06997256e+09
 1.06997260e+09 1.06997263e+09 1.06997266e+09 1.06997269e+09
 1.06997272e+09 1.06997275e+09 1.06997278e+09 1.06997282e+09
 1.06997285e+09 1.06997288e+09 1.06997291e+09 1.06997294e+09
 1.06997297e+09 1.06997301e+09 1.06997304e+09 1.06997307e+09
 1.06997310e+09 1.06997313e+09 1.06997316e+09 1.06997320e+09
 1.06997323e+09 1.06997326e+09 1.06997329e+09 1.06997332e+09
 1.06997335e+09 1.06997338e+09 1.06997342e+09 1.06997345e+09
 1.06997348e+09 1.06997351e+09 1.06997354e+09 1.06997357e+09
 1.06997361e+09 1.06997364e+09 1.06997367e+09 1.06997370e+09
 1.06997373e+09 1.06997376e+09 1.06997380e+09 1.06997383e+09
 1.06997386e+09 1.06997389e+09 1.06997392e+09 1.06997395e+09
 1.06997398e+09 1.06997402e+09 1.06997405e+09 1.06997408e+09
 1.06997411e+09 1.06997414e+09 1.06997417e+09 1.06997421e+09
 1.06997424e+09 1.06997427e+09 1.06997430e+09 1.06997433e+09
 1.06997436e+09 1.06997440e+09 1.06997443e+09 1.06997446e+09
 1.06997449e+09 1.06997452e+09 1.06997455e+09 1.06997458e+09
 1.06997462e+09 1.06997465e+09 1.06997468e+09 1.06997471e+09
 1.06997474e+09 1.06997477e+09 1.06997481e+09 1.06997484e+09
 1.06997487e+09 1.06997490e+09 1.06997493e+09 1.06997496e+09
 1.06997500e+09 1.06997503e+09 1.06997506e+09 1.06997509e+09
 1.06997512e+09 1.06997515e+09 1.06997519e+09 1.06997522e+09
 1.06997525e+09 1.06997528e+09 1.06997531e+09 1.06997534e+09
 1.06997537e+09 1.06997541e+09 1.06997544e+09 1.06997547e+09
 1.06997550e+09 1.06997553e+09 1.06997556e+09 1.06997560e+09
 1.06997563e+09 1.06997566e+09 1.06997569e+09 1.06997572e+09
 1.06997575e+09 1.06997579e+09 1.06997582e+09 1.06997585e+09
 1.06997588e+09 1.06997591e+09 1.06997594e+09 1.06997597e+09
 1.06997601e+09 1.06997604e+09 1.06997607e+09 1.06997610e+09
 1.06997613e+09 1.06997616e+09 1.06997620e+09 1.06997623e+09
 1.06997626e+09 1.06997629e+09 1.06997632e+09 1.06997635e+09
 1.06997639e+09 1.06997642e+09 1.06997645e+09 1.06997648e+09
 1.06997651e+09 1.06997654e+09 1.06997657e+09 1.06997661e+09
 1.06997664e+09 1.06997667e+09 1.06997670e+09 1.06997673e+09
 1.06997676e+09 1.06997680e+09 1.06997683e+09 1.06997686e+09
 1.06997689e+09 1.06997692e+09 1.06997695e+09 1.06997699e+09
 1.06997702e+09 1.06997705e+09 1.06997708e+09 1.06997711e+09
 1.06997714e+09 1.06997717e+09 1.06997721e+09 1.06997724e+09
 1.06997727e+09 1.06997730e+09 1.06997733e+09 1.06997736e+09
 1.06997740e+09 1.06997743e+09 1.06997746e+09 1.06997749e+09
 1.06997752e+09 1.06997755e+09 1.06997759e+09 1.06997762e+09
 1.06997765e+09 1.06997768e+09 1.06997771e+09 1.06997774e+09
 1.06997777e+09 1.06997781e+09 1.06997784e+09 1.06997787e+09
 1.06997790e+09 1.06997793e+09 1.06997796e+09 1.06997800e+09
 1.06997803e+09 1.06997806e+09 1.06997809e+09 1.06997812e+09
 1.06997815e+09 1.06997819e+09 1.06997822e+09 1.06997825e+09
 1.06997828e+09 1.06997831e+09 1.06997834e+09 1.06997837e+09
 1.06997841e+09 1.06997844e+09 1.06997847e+09 1.06997850e+09
 1.06997853e+09 1.06997856e+09 1.06997860e+09 1.06997863e+09
 1.06997866e+09 1.06997869e+09 1.06997872e+09 1.06997875e+09
 1.06997879e+09 1.06997882e+09 1.06997885e+09 1.06997888e+09
 1.06997891e+09 1.06997894e+09 1.06997897e+09 1.06997901e+09
 1.06997904e+09 1.06997907e+09 1.06997910e+09 1.06997913e+09
 1.06997916e+09 1.06997920e+09 1.06997923e+09 1.06997926e+09
 1.06997929e+09 1.06997932e+09 1.06997935e+09 1.06997939e+09
 1.06997942e+09 1.06997945e+09 1.06997948e+09 1.06997951e+09
 1.06997954e+09 1.06997958e+09 1.06997961e+09 1.06997964e+09
 1.06997967e+09 1.06997970e+09 1.06997973e+09 1.06997976e+09
 1.06997980e+09 1.06997983e+09 1.06997986e+09 1.06997989e+09
 1.06997992e+09 1.06997995e+09 1.06997999e+09 1.06998002e+09
 1.06998005e+09 1.06998008e+09 1.06998011e+09 1.06998014e+09
 1.06998018e+09 1.06998021e+09 1.06998024e+09 1.06998027e+09
 1.06998030e+09 1.06998033e+09 1.06998036e+09 1.06998040e+09
 1.06998043e+09 1.06998046e+09 1.06998049e+09 1.06998052e+09
 1.06998055e+09 1.06998059e+09 1.06998062e+09 1.06998065e+09
 1.06998068e+09 1.06998071e+09 1.06998074e+09 1.06998078e+09
 1.06998081e+09 1.06998084e+09 1.06998087e+09 1.06998090e+09
 1.06998093e+09 1.06998096e+09 1.06998100e+09 1.06998103e+09
 1.06998106e+09 1.06998109e+09 1.06998112e+09 1.06998115e+09
 1.06998119e+09 1.06998122e+09 1.06998125e+09 1.06998128e+09
 1.06998131e+09 1.06998134e+09 1.06998138e+09 1.06998141e+09
 1.06998144e+09 1.06998147e+09 1.06998150e+09 1.06998153e+09
 1.06998156e+09 1.06998160e+09 1.06998163e+09 1.06998166e+09
 1.06998169e+09 1.06998172e+09 1.06998175e+09 1.06998179e+09
 1.06998182e+09 1.06998185e+09 1.06998188e+09 1.06998191e+09
 1.06998194e+09 1.06998198e+09 1.06998201e+09 1.06998204e+09
 1.06998207e+09 1.06998210e+09 1.06998213e+09 1.06998216e+09
 1.06998220e+09 1.06998223e+09 1.06998226e+09 1.06998229e+09
 1.06998232e+09 1.06998235e+09 1.06998239e+09 1.06998242e+09
 1.06998245e+09 1.06998248e+09 1.06998251e+09 1.06998254e+09
 1.06998258e+09 1.06998261e+09 1.06998264e+09 1.06998267e+09
 1.06998270e+09 1.06998273e+09 1.06998276e+09 1.06998280e+09
 1.06998283e+09 1.06998286e+09 1.06998289e+09 1.06998292e+09
 1.06998295e+09 1.06998299e+09 1.06998302e+09 1.06998305e+09
 1.06998308e+09 1.06998311e+09 1.06998314e+09 1.06998318e+09
 1.06998321e+09 1.06998324e+09 1.06998327e+09 1.06998330e+09
 1.06998333e+09 1.06998337e+09 1.06998340e+09 1.06998343e+09
 1.06998346e+09 1.06998349e+09 1.06998352e+09 1.06998355e+09
 1.06998359e+09 1.06998362e+09 1.06998365e+09 1.06998368e+09
 1.06998371e+09 1.06998374e+09 1.06998378e+09 1.06998381e+09
 1.06998384e+09 1.06998387e+09 1.06998390e+09 1.06998393e+09
 1.06998397e+09 1.06998400e+09 1.06998403e+09 1.06998406e+09
 1.06998409e+09 1.06998412e+09 1.06998415e+09 1.06998419e+09
 1.06998422e+09 1.06998425e+09 1.06998428e+09 1.06998431e+09
 1.06998434e+09 1.06998438e+09 1.06998441e+09 1.06998444e+09
 1.06998447e+09 1.06998450e+09 1.06998453e+09 1.06998457e+09
 1.06998460e+09 1.06998463e+09 1.06998466e+09 1.06998469e+09
 1.06998472e+09 1.06998475e+09 1.06998479e+09 1.06998482e+09
 1.06998485e+09 1.06998488e+09 1.06998491e+09 1.06998494e+09
 1.06998498e+09 1.06998501e+09 1.06998504e+09 1.06998507e+09
 1.06998510e+09 1.06998513e+09 1.06998517e+09 1.06998520e+09
 1.06998523e+09 1.06998526e+09 1.06998529e+09 1.06998532e+09
 1.06998535e+09 1.06998539e+09 1.06998542e+09 1.06998545e+09
 1.06998548e+09 1.06998551e+09 1.06998554e+09 1.06998558e+09
 1.06998561e+09 1.06998564e+09 1.06998567e+09 1.06998570e+09
 1.06998573e+09 1.06998577e+09 1.06998580e+09 1.06998583e+09
 1.06998586e+09 1.06998589e+09 1.06998592e+09 1.06998595e+09
 1.06998599e+09 1.06998602e+09 1.06998605e+09 1.06998608e+09
 1.06998611e+09 1.06998614e+09 1.06998618e+09 1.06998621e+09
 1.06998624e+09 1.06998627e+09 1.06998630e+09 1.06998633e+09
 1.06998637e+09 1.06998640e+09 1.06998643e+09 1.06998646e+09
 1.06998649e+09 1.06998652e+09 1.06998655e+09 1.06998659e+09
 1.06998662e+09 1.06998665e+09 1.06998668e+09 1.06998671e+09
 1.06998674e+09 1.06998678e+09 1.06998681e+09 1.06998684e+09
 1.06998687e+09 1.06998690e+09 1.06998693e+09 1.06998697e+09
 1.06998700e+09 1.06998703e+09 1.06998706e+09 1.06998709e+09
 1.06998712e+09 1.06998716e+09 1.06998719e+09 1.06998722e+09
 1.06998725e+09 1.06998728e+09 1.06998731e+09 1.06998734e+09
 1.06998738e+09 1.06998741e+09 1.06998744e+09 1.06998747e+09
 1.06998750e+09 1.06998753e+09 1.06998757e+09 1.06998760e+09
 1.06998763e+09 1.06998766e+09 1.06998769e+09 1.06998772e+09
 1.06998776e+09 1.06998779e+09 1.06998782e+09 1.06998785e+09
 1.06998788e+09 1.06998791e+09 1.06998794e+09 1.06998798e+09
 1.06998801e+09 1.06998804e+09 1.06998807e+09 1.06998810e+09
 1.06998813e+09 1.06998817e+09 1.06998820e+09 1.06998823e+09
 1.06998826e+09 1.06998829e+09 1.06998832e+09 1.06998836e+09
 1.06998839e+09 1.06998842e+09 1.06998845e+09 1.06998848e+09
 1.06998851e+09 1.06998854e+09 1.06998858e+09 1.06998861e+09
 1.06998864e+09 1.06998867e+09 1.06998870e+09 1.06998873e+09
 1.06998877e+09 1.06998880e+09 1.06998883e+09 1.06998886e+09
 1.06998889e+09 1.06998892e+09 1.06998896e+09 1.06998899e+09
 1.06998902e+09 1.06998905e+09 1.06998908e+09 1.06998911e+09
 1.06998914e+09 1.06998918e+09 1.06998921e+09 1.06998924e+09
 1.06998927e+09 1.06998930e+09 1.06998933e+09 1.06998937e+09
 1.06998940e+09 1.06998943e+09 1.06998946e+09 1.06998949e+09
 1.06998952e+09 1.06998956e+09 1.06998959e+09 1.06998962e+09
 1.06998965e+09 1.06998968e+09 1.06998971e+09 1.06998974e+09
 1.06998978e+09 1.06998981e+09 1.06998984e+09 1.06998987e+09
 1.06998990e+09 1.06998993e+09 1.06998997e+09 1.06999000e+09
 1.06999003e+09 1.06999006e+09 1.06999009e+09 1.06999012e+09
 1.06999016e+09 1.06999019e+09 1.06999022e+09 1.06999025e+09]
minRes = 0.11420870144043926
minResTime = [1.06995895e+09]
Cov(t) = [100 100 100 100 100 100 100 100 100 100 100 100 100 100 100 100 100 100
 100 100 100 100 100 100 100 100 100 100 100 100 100 100 100 100 100 100
 100 100 100 100 100 100 100 100 100 100 100 100 100 100 100 100 100 100
 100 100 100 100 100 100 100 100 100 100 100 100 100 100 100 100 100 100
 100 100 100 100 100 100 100 100 100 100 100 100 100 100 100 100 100 100
 100 100 100 100 100 100 100 100 100 100 100 100 100 100 100 100 100 100
 100 100 100 100 100 100 100 100 100 100 100 100 100 100 100 100 100 100
 100 100 100 100 100 100 100 100 100 100 100 100 100 100 100 100 100 100
 100 100 100 100 100 100 100 100 100 100 100 100 100 100 100 100 100 100
 100 100 100 100 100 100 100 100 100 100 100 100 100 100 100 100 100 100
 100 100 100 100 100 100 100 100 100 100 100 100 100 100 100 100 100 100
 100 100 100 100 100 100 100 100 100 100 100 100 100 100 100 100 100 100
 100 100 100 100 100 100 100 100 100 100 100 100 100 100 100 100 100 100
 100 100 100 100 100 100 100 100 100 100 100 100 100 100 100 100 100 100
 100 100 100 100 100 100 100 100 100 100 100 100 100 100 100 100 100 100
 100 100 100 100 100 100 100 100 100 100 100 100 100 100 100 100 100 100
 100 100 100 100 100 100 100 100 100 100 100 100 100 100 100 100 100 100
 100 100 100 100 100 100 100 100 100 100 100 100 100 100 100 100 100 100
 100 100 100 100 100 100 100 100 100 100 100 100 100 100 100 100 100 100
 100 100 100 100 100 100 100 100 100 100 100 100 100 100 100 100 100 100
 100 100 100 100 100 100 100 100 100 100 100 100 100 100 100 100 100 100
 100 100 100 100 100 100 100 100 100 100 100 100 100 100 100 100 100 100
 100 100 100 100 100 100 100 100 100 100 100 100 100 100 100 100 100 100
 100 100 100 100 100 100 100 100 100 100 100 100 100 100 100 100 100 100
 100 100 100 100 100 100 100 100 100 100 100 100 100 100 100 100 100 100
 100 100 100 100 100 100 100 100 100 100 100 100 100 100 100 100 100 100
 100 100 100 100 100 100 100 100 100 100 100 100 100 100 100 100 100 100
 100 100 100 100 100 100 100 100 100 100 100 100 100 100 100 100 100 100
 100 100 100 100 100 100 100 100 100 100 100 100 100 100 100 100 100 100
 100 100 100 100 100 100 100 100 100 100 100 100 100 100 100 100 100 100
 100 100 100 100 100 100 100 100 100 100 100 100 100 100 100 100 100 100
 100 100 100 100 100 100 100 100 100 100 100 100 100 100 100 100 100 100
 100 100 100 100 100 100 100 100 100 100 100 100 100 100 100 100 100 100
 100 100 100 100 100 100 100 100 100 100 100 100 100 100 100 100 100 100
 100 100 100 100 100 100 100 100 100 100 100 100 100 100 100 100 100 100
 100 100 100 100 100 100 100 100 100 100 100 100 100 100 100 100 100 100
 100 100 100 100 100 100 100 100 100 100 100 100 100 100 100 100 100 100
 100 100 100 100 100 100 100 100 100 100 100 100 100 100 100 100 100 100
 100 100 100 100 100 100 100 100 100 100 100 100 100 100 100 100 100 100
 100 100 100 100 100 100 100 100 100 100 100 100 100 100 100 100 100 100
 100 100 100 100 100 100 100 100 100 100 100 100 100 100 100 100 100 100
 100 100 100 100 100 100 100 100 100 100 100 100 100 100 100 100 100 100
 100 100 100 100 100 100 100 100 100 100 100 100 100 100 100 100 100 100
 100 100 100 100 100 100 100 100 100 100 100 100 100 100 100 100 100 100
 100 100 100 100 100 100 100 100 100 100 100 100 100 100 100 100 100 100
 100 100 100 100 100 100 100 100 100 100 100 100 100 100 100 100 100 100
 100 100 100 100 100 100 100 100 100 100 100 100 100 100 100 100 100 100
 100 100 100 100 100 100 100 100 100 100 100 100 100 100 100 100 100 100
 100 100 100 100 100 100 100 100 100 100 100 100 100 100 100 100 100 100
 100 100 100 100 100 100 100 100 100 100 100 100 100 100 100 100 100 100
 100 100 100 100 100 100 100 100 100 100 100 100 100 100 100 100 100 100
 100 100 100 100 100 100 100 100 100 100 100 100 100 100 100 100 100 100
 100 100 100 100 100 100 100 100 100 100 100 100 100 100 100 100 100 100
 100 100 100 100 100 100 100 100 100 100 100 100 100 100 100 100 100 100
 100 100 100 100 100 100 100 100 100 100 100 100 100 100 100 100 100 100
 100 100 100 100 100 100 100 100 100 100]
maxCov = 100
maxCovTime = [1.06995870e+09 1.06995873e+09 1.06995876e+09 1.06995879e+09
 1.06995882e+09 1.06995886e+09 1.06995889e+09 1.06995892e+09
 1.06995895e+09 1.06995898e+09 1.06995901e+09 1.06995905e+09
 1.06995908e+09 1.06995911e+09 1.06995914e+09 1.06995917e+09
 1.06995920e+09 1.06995924e+09 1.06995927e+09 1.06995930e+09
 1.06995933e+09 1.06995936e+09 1.06995939e+09 1.06995943e+09
 1.06995946e+09 1.06995949e+09 1.06995952e+09 1.06995955e+09
 1.06995958e+09 1.06995961e+09 1.06995965e+09 1.06995968e+09
 1.06995971e+09 1.06995974e+09 1.06995977e+09 1.06995980e+09
 1.06995984e+09 1.06995987e+09 1.06995990e+09 1.06995993e+09
 1.06995996e+09 1.06995999e+09 1.06996003e+09 1.06996006e+09
 1.06996009e+09 1.06996012e+09 1.06996015e+09 1.06996018e+09
 1.06996021e+09 1.06996025e+09 1.06996028e+09 1.06996031e+09
 1.06996034e+09 1.06996037e+09 1.06996040e+09 1.06996044e+09
 1.06996047e+09 1.06996050e+09 1.06996053e+09 1.06996056e+09
 1.06996059e+09 1.06996063e+09 1.06996066e+09 1.06996069e+09
 1.06996072e+09 1.06996075e+09 1.06996078e+09 1.06996081e+09
 1.06996085e+09 1.06996088e+09 1.06996091e+09 1.06996094e+09
 1.06996097e+09 1.06996100e+09 1.06996104e+09 1.06996107e+09
 1.06996110e+09 1.06996113e+09 1.06996116e+09 1.06996119e+09
 1.06996123e+09 1.06996126e+09 1.06996129e+09 1.06996132e+09
 1.06996135e+09 1.06996138e+09 1.06996141e+09 1.06996145e+09
 1.06996148e+09 1.06996151e+09 1.06996154e+09 1.06996157e+09
 1.06996160e+09 1.06996164e+09 1.06996167e+09 1.06996170e+09
 1.06996173e+09 1.06996176e+09 1.06996179e+09 1.06996183e+09
 1.06996186e+09 1.06996189e+09 1.06996192e+09 1.06996195e+09
 1.06996198e+09 1.06996201e+09 1.06996205e+09 1.06996208e+09
 1.06996211e+09 1.06996214e+09 1.06996217e+09 1.06996220e+09
 1.06996224e+09 1.06996227e+09 1.06996230e+09 1.06996233e+09
 1.06996236e+09 1.06996239e+09 1.06996243e+09 1.06996246e+09
 1.06996249e+09 1.06996252e+09 1.06996255e+09 1.06996258e+09
 1.06996261e+09 1.06996265e+09 1.06996268e+09 1.06996271e+09
 1.06996274e+09 1.06996277e+09 1.06996280e+09 1.06996284e+09
 1.06996287e+09 1.06996290e+09 1.06996293e+09 1.06996296e+09
 1.06996299e+09 1.06996303e+09 1.06996306e+09 1.06996309e+09
 1.06996312e+09 1.06996315e+09 1.06996318e+09 1.06996322e+09
 1.06996325e+09 1.06996328e+09 1.06996331e+09 1.06996334e+09
 1.06996337e+09 1.06996340e+09 1.06996344e+09 1.06996347e+09
 1.06996350e+09 1.06996353e+09 1.06996356e+09 1.06996359e+09
 1.06996363e+09 1.06996366e+09 1.06996369e+09 1.06996372e+09
 1.06996375e+09 1.06996378e+09 1.06996382e+09 1.06996385e+09
 1.06996388e+09 1.06996391e+09 1.06996394e+09 1.06996397e+09
 1.06996400e+09 1.06996404e+09 1.06996407e+09 1.06996410e+09
 1.06996413e+09 1.06996416e+09 1.06996419e+09 1.06996423e+09
 1.06996426e+09 1.06996429e+09 1.06996432e+09 1.06996435e+09
 1.06996438e+09 1.06996442e+09 1.06996445e+09 1.06996448e+09
 1.06996451e+09 1.06996454e+09 1.06996457e+09 1.06996460e+09
 1.06996464e+09 1.06996467e+09 1.06996470e+09 1.06996473e+09
 1.06996476e+09 1.06996479e+09 1.06996483e+09 1.06996486e+09
 1.06996489e+09 1.06996492e+09 1.06996495e+09 1.06996498e+09
 1.06996502e+09 1.06996505e+09 1.06996508e+09 1.06996511e+09
 1.06996514e+09 1.06996517e+09 1.06996520e+09 1.06996524e+09
 1.06996527e+09 1.06996530e+09 1.06996533e+09 1.06996536e+09
 1.06996539e+09 1.06996543e+09 1.06996546e+09 1.06996549e+09
 1.06996552e+09 1.06996555e+09 1.06996558e+09 1.06996562e+09
 1.06996565e+09 1.06996568e+09 1.06996571e+09 1.06996574e+09
 1.06996577e+09 1.06996580e+09 1.06996584e+09 1.06996587e+09
 1.06996590e+09 1.06996593e+09 1.06996596e+09 1.06996599e+09
 1.06996603e+09 1.06996606e+09 1.06996609e+09 1.06996612e+09
 1.06996615e+09 1.06996618e+09 1.06996622e+09 1.06996625e+09
 1.06996628e+09 1.06996631e+09 1.06996634e+09 1.06996637e+09
 1.06996640e+09 1.06996644e+09 1.06996647e+09 1.06996650e+09
 1.06996653e+09 1.06996656e+09 1.06996659e+09 1.06996663e+09
 1.06996666e+09 1.06996669e+09 1.06996672e+09 1.06996675e+09
 1.06996678e+09 1.06996682e+09 1.06996685e+09 1.06996688e+09
 1.06996691e+09 1.06996694e+09 1.06996697e+09 1.06996700e+09
 1.06996704e+09 1.06996707e+09 1.06996710e+09 1.06996713e+09
 1.06996716e+09 1.06996719e+09 1.06996723e+09 1.06996726e+09
 1.06996729e+09 1.06996732e+09 1.06996735e+09 1.06996738e+09
 1.06996742e+09 1.06996745e+09 1.06996748e+09 1.06996751e+09
 1.06996754e+09 1.06996757e+09 1.06996761e+09 1.06996764e+09
 1.06996767e+09 1.06996770e+09 1.06996773e+09 1.06996776e+09
 1.06996779e+09 1.06996783e+09 1.06996786e+09 1.06996789e+09
 1.06996792e+09 1.06996795e+09 1.06996798e+09 1.06996802e+09
 1.06996805e+09 1.06996808e+09 1.06996811e+09 1.06996814e+09
 1.06996817e+09 1.06996821e+09 1.06996824e+09 1.06996827e+09
 1.06996830e+09 1.06996833e+09 1.06996836e+09 1.06996839e+09
 1.06996843e+09 1.06996846e+09 1.06996849e+09 1.06996852e+09
 1.06996855e+09 1.06996858e+09 1.06996862e+09 1.06996865e+09
 1.06996868e+09 1.06996871e+09 1.06996874e+09 1.06996877e+09
 1.06996881e+09 1.06996884e+09 1.06996887e+09 1.06996890e+09
 1.06996893e+09 1.06996896e+09 1.06996899e+09 1.06996903e+09
 1.06996906e+09 1.06996909e+09 1.06996912e+09 1.06996915e+09
 1.06996918e+09 1.06996922e+09 1.06996925e+09 1.06996928e+09
 1.06996931e+09 1.06996934e+09 1.06996937e+09 1.06996941e+09
 1.06996944e+09 1.06996947e+09 1.06996950e+09 1.06996953e+09
 1.06996956e+09 1.06996959e+09 1.06996963e+09 1.06996966e+09
 1.06996969e+09 1.06996972e+09 1.06996975e+09 1.06996978e+09
 1.06996982e+09 1.06996985e+09 1.06996988e+09 1.06996991e+09
 1.06996994e+09 1.06996997e+09 1.06997001e+09 1.06997004e+09
 1.06997007e+09 1.06997010e+09 1.06997013e+09 1.06997016e+09
 1.06997019e+09 1.06997023e+09 1.06997026e+09 1.06997029e+09
 1.06997032e+09 1.06997035e+09 1.06997038e+09 1.06997042e+09
 1.06997045e+09 1.06997048e+09 1.06997051e+09 1.06997054e+09
 1.06997057e+09 1.06997061e+09 1.06997064e+09 1.06997067e+09
 1.06997070e+09 1.06997073e+09 1.06997076e+09 1.06997079e+09
 1.06997083e+09 1.06997086e+09 1.06997089e+09 1.06997092e+09
 1.06997095e+09 1.06997098e+09 1.06997102e+09 1.06997105e+09
 1.06997108e+09 1.06997111e+09 1.06997114e+09 1.06997117e+09
 1.06997121e+09 1.06997124e+09 1.06997127e+09 1.06997130e+09
 1.06997133e+09 1.06997136e+09 1.06997140e+09 1.06997143e+09
 1.06997146e+09 1.06997149e+09 1.06997152e+09 1.06997155e+09
 1.06997158e+09 1.06997162e+09 1.06997165e+09 1.06997168e+09
 1.06997171e+09 1.06997174e+09 1.06997177e+09 1.06997181e+09
 1.06997184e+09 1.06997187e+09 1.06997190e+09 1.06997193e+09
 1.06997196e+09 1.06997200e+09 1.06997203e+09 1.06997206e+09
 1.06997209e+09 1.06997212e+09 1.06997215e+09 1.06997218e+09
 1.06997222e+09 1.06997225e+09 1.06997228e+09 1.06997231e+09
 1.06997234e+09 1.06997237e+09 1.06997241e+09 1.06997244e+09
 1.06997247e+09 1.06997250e+09 1.06997253e+09 1.06997256e+09
 1.06997260e+09 1.06997263e+09 1.06997266e+09 1.06997269e+09
 1.06997272e+09 1.06997275e+09 1.06997278e+09 1.06997282e+09
 1.06997285e+09 1.06997288e+09 1.06997291e+09 1.06997294e+09
 1.06997297e+09 1.06997301e+09 1.06997304e+09 1.06997307e+09
 1.06997310e+09 1.06997313e+09 1.06997316e+09 1.06997320e+09
 1.06997323e+09 1.06997326e+09 1.06997329e+09 1.06997332e+09
 1.06997335e+09 1.06997338e+09 1.06997342e+09 1.06997345e+09
 1.06997348e+09 1.06997351e+09 1.06997354e+09 1.06997357e+09
 1.06997361e+09 1.06997364e+09 1.06997367e+09 1.06997370e+09
 1.06997373e+09 1.06997376e+09 1.06997380e+09 1.06997383e+09
 1.06997386e+09 1.06997389e+09 1.06997392e+09 1.06997395e+09
 1.06997398e+09 1.06997402e+09 1.06997405e+09 1.06997408e+09
 1.06997411e+09 1.06997414e+09 1.06997417e+09 1.06997421e+09
 1.06997424e+09 1.06997427e+09 1.06997430e+09 1.06997433e+09
 1.06997436e+09 1.06997440e+09 1.06997443e+09 1.06997446e+09
 1.06997449e+09 1.06997452e+09 1.06997455e+09 1.06997458e+09
 1.06997462e+09 1.06997465e+09 1.06997468e+09 1.06997471e+09
 1.06997474e+09 1.06997477e+09 1.06997481e+09 1.06997484e+09
 1.06997487e+09 1.06997490e+09 1.06997493e+09 1.06997496e+09
 1.06997500e+09 1.06997503e+09 1.06997506e+09 1.06997509e+09
 1.06997512e+09 1.06997515e+09 1.06997519e+09 1.06997522e+09
 1.06997525e+09 1.06997528e+09 1.06997531e+09 1.06997534e+09
 1.06997537e+09 1.06997541e+09 1.06997544e+09 1.06997547e+09
 1.06997550e+09 1.06997553e+09 1.06997556e+09 1.06997560e+09
 1.06997563e+09 1.06997566e+09 1.06997569e+09 1.06997572e+09
 1.06997575e+09 1.06997579e+09 1.06997582e+09 1.06997585e+09
 1.06997588e+09 1.06997591e+09 1.06997594e+09 1.06997597e+09
 1.06997601e+09 1.06997604e+09 1.06997607e+09 1.06997610e+09
 1.06997613e+09 1.06997616e+09 1.06997620e+09 1.06997623e+09
 1.06997626e+09 1.06997629e+09 1.06997632e+09 1.06997635e+09
 1.06997639e+09 1.06997642e+09 1.06997645e+09 1.06997648e+09
 1.06997651e+09 1.06997654e+09 1.06997657e+09 1.06997661e+09
 1.06997664e+09 1.06997667e+09 1.06997670e+09 1.06997673e+09
 1.06997676e+09 1.06997680e+09 1.06997683e+09 1.06997686e+09
 1.06997689e+09 1.06997692e+09 1.06997695e+09 1.06997699e+09
 1.06997702e+09 1.06997705e+09 1.06997708e+09 1.06997711e+09
 1.06997714e+09 1.06997717e+09 1.06997721e+09 1.06997724e+09
 1.06997727e+09 1.06997730e+09 1.06997733e+09 1.06997736e+09
 1.06997740e+09 1.06997743e+09 1.06997746e+09 1.06997749e+09
 1.06997752e+09 1.06997755e+09 1.06997759e+09 1.06997762e+09
 1.06997765e+09 1.06997768e+09 1.06997771e+09 1.06997774e+09
 1.06997777e+09 1.06997781e+09 1.06997784e+09 1.06997787e+09
 1.06997790e+09 1.06997793e+09 1.06997796e+09 1.06997800e+09
 1.06997803e+09 1.06997806e+09 1.06997809e+09 1.06997812e+09
 1.06997815e+09 1.06997819e+09 1.06997822e+09 1.06997825e+09
 1.06997828e+09 1.06997831e+09 1.06997834e+09 1.06997837e+09
 1.06997841e+09 1.06997844e+09 1.06997847e+09 1.06997850e+09
 1.06997853e+09 1.06997856e+09 1.06997860e+09 1.06997863e+09
 1.06997866e+09 1.06997869e+09 1.06997872e+09 1.06997875e+09
 1.06997879e+09 1.06997882e+09 1.06997885e+09 1.06997888e+09
 1.06997891e+09 1.06997894e+09 1.06997897e+09 1.06997901e+09
 1.06997904e+09 1.06997907e+09 1.06997910e+09 1.06997913e+09
 1.06997916e+09 1.06997920e+09 1.06997923e+09 1.06997926e+09
 1.06997929e+09 1.06997932e+09 1.06997935e+09 1.06997939e+09
 1.06997942e+09 1.06997945e+09 1.06997948e+09 1.06997951e+09
 1.06997954e+09 1.06997958e+09 1.06997961e+09 1.06997964e+09
 1.06997967e+09 1.06997970e+09 1.06997973e+09 1.06997976e+09
 1.06997980e+09 1.06997983e+09 1.06997986e+09 1.06997989e+09
 1.06997992e+09 1.06997995e+09 1.06997999e+09 1.06998002e+09
 1.06998005e+09 1.06998008e+09 1.06998011e+09 1.06998014e+09
 1.06998018e+09 1.06998021e+09 1.06998024e+09 1.06998027e+09
 1.06998030e+09 1.06998033e+09 1.06998036e+09 1.06998040e+09
 1.06998043e+09 1.06998046e+09 1.06998049e+09 1.06998052e+09
 1.06998055e+09 1.06998059e+09 1.06998062e+09 1.06998065e+09
 1.06998068e+09 1.06998071e+09 1.06998074e+09 1.06998078e+09
 1.06998081e+09 1.06998084e+09 1.06998087e+09 1.06998090e+09
 1.06998093e+09 1.06998096e+09 1.06998100e+09 1.06998103e+09
 1.06998106e+09 1.06998109e+09 1.06998112e+09 1.06998115e+09
 1.06998119e+09 1.06998122e+09 1.06998125e+09 1.06998128e+09
 1.06998131e+09 1.06998134e+09 1.06998138e+09 1.06998141e+09
 1.06998144e+09 1.06998147e+09 1.06998150e+09 1.06998153e+09
 1.06998156e+09 1.06998160e+09 1.06998163e+09 1.06998166e+09
 1.06998169e+09 1.06998172e+09 1.06998175e+09 1.06998179e+09
 1.06998182e+09 1.06998185e+09 1.06998188e+09 1.06998191e+09
 1.06998194e+09 1.06998198e+09 1.06998201e+09 1.06998204e+09
 1.06998207e+09 1.06998210e+09 1.06998213e+09 1.06998216e+09
 1.06998220e+09 1.06998223e+09 1.06998226e+09 1.06998229e+09
 1.06998232e+09 1.06998235e+09 1.06998239e+09 1.06998242e+09
 1.06998245e+09 1.06998248e+09 1.06998251e+09 1.06998254e+09
 1.06998258e+09 1.06998261e+09 1.06998264e+09 1.06998267e+09
 1.06998270e+09 1.06998273e+09 1.06998276e+09 1.06998280e+09
 1.06998283e+09 1.06998286e+09 1.06998289e+09 1.06998292e+09
 1.06998295e+09 1.06998299e+09 1.06998302e+09 1.06998305e+09
 1.06998308e+09 1.06998311e+09 1.06998314e+09 1.06998318e+09
 1.06998321e+09 1.06998324e+09 1.06998327e+09 1.06998330e+09
 1.06998333e+09 1.06998337e+09 1.06998340e+09 1.06998343e+09
 1.06998346e+09 1.06998349e+09 1.06998352e+09 1.06998355e+09
 1.06998359e+09 1.06998362e+09 1.06998365e+09 1.06998368e+09
 1.06998371e+09 1.06998374e+09 1.06998378e+09 1.06998381e+09
 1.06998384e+09 1.06998387e+09 1.06998390e+09 1.06998393e+09
 1.06998397e+09 1.06998400e+09 1.06998403e+09 1.06998406e+09
 1.06998409e+09 1.06998412e+09 1.06998415e+09 1.06998419e+09
 1.06998422e+09 1.06998425e+09 1.06998428e+09 1.06998431e+09
 1.06998434e+09 1.06998438e+09 1.06998441e+09 1.06998444e+09
 1.06998447e+09 1.06998450e+09 1.06998453e+09 1.06998457e+09
 1.06998460e+09 1.06998463e+09 1.06998466e+09 1.06998469e+09
 1.06998472e+09 1.06998475e+09 1.06998479e+09 1.06998482e+09
 1.06998485e+09 1.06998488e+09 1.06998491e+09 1.06998494e+09
 1.06998498e+09 1.06998501e+09 1.06998504e+09 1.06998507e+09
 1.06998510e+09 1.06998513e+09 1.06998517e+09 1.06998520e+09
 1.06998523e+09 1.06998526e+09 1.06998529e+09 1.06998532e+09
 1.06998535e+09 1.06998539e+09 1.06998542e+09 1.06998545e+09
 1.06998548e+09 1.06998551e+09 1.06998554e+09 1.06998558e+09
 1.06998561e+09 1.06998564e+09 1.06998567e+09 1.06998570e+09
 1.06998573e+09 1.06998577e+09 1.06998580e+09 1.06998583e+09
 1.06998586e+09 1.06998589e+09 1.06998592e+09 1.06998595e+09
 1.06998599e+09 1.06998602e+09 1.06998605e+09 1.06998608e+09
 1.06998611e+09 1.06998614e+09 1.06998618e+09 1.06998621e+09
 1.06998624e+09 1.06998627e+09 1.06998630e+09 1.06998633e+09
 1.06998637e+09 1.06998640e+09 1.06998643e+09 1.06998646e+09
 1.06998649e+09 1.06998652e+09 1.06998655e+09 1.06998659e+09
 1.06998662e+09 1.06998665e+09 1.06998668e+09 1.06998671e+09
 1.06998674e+09 1.06998678e+09 1.06998681e+09 1.06998684e+09
 1.06998687e+09 1.06998690e+09 1.06998693e+09 1.06998697e+09
 1.06998700e+09 1.06998703e+09 1.06998706e+09 1.06998709e+09
 1.06998712e+09 1.06998716e+09 1.06998719e+09 1.06998722e+09
 1.06998725e+09 1.06998728e+09 1.06998731e+09 1.06998734e+09
 1.06998738e+09 1.06998741e+09 1.06998744e+09 1.06998747e+09
 1.06998750e+09 1.06998753e+09 1.06998757e+09 1.06998760e+09
 1.06998763e+09 1.06998766e+09 1.06998769e+09 1.06998772e+09
 1.06998776e+09 1.06998779e+09 1.06998782e+09 1.06998785e+09
 1.06998788e+09 1.06998791e+09 1.06998794e+09 1.06998798e+09
 1.06998801e+09 1.06998804e+09 1.06998807e+09 1.06998810e+09
 1.06998813e+09 1.06998817e+09 1.06998820e+09 1.06998823e+09
 1.06998826e+09 1.06998829e+09 1.06998832e+09 1.06998836e+09
 1.06998839e+09 1.06998842e+09 1.06998845e+09 1.06998848e+09
 1.06998851e+09 1.06998854e+09 1.06998858e+09 1.06998861e+09
 1.06998864e+09 1.06998867e+09 1.06998870e+09 1.06998873e+09
 1.06998877e+09 1.06998880e+09 1.06998883e+09 1.06998886e+09
 1.06998889e+09 1.06998892e+09 1.06998896e+09 1.06998899e+09
 1.06998902e+09 1.06998905e+09 1.06998908e+09 1.06998911e+09
 1.06998914e+09 1.06998918e+09 1.06998921e+09 1.06998924e+09
 1.06998927e+09 1.06998930e+09 1.06998933e+09 1.06998937e+09
 1.06998940e+09 1.06998943e+09 1.06998946e+09 1.06998949e+09
 1.06998952e+09 1.06998956e+09 1.06998959e+09 1.06998962e+09
 1.06998965e+09 1.06998968e+09 1.06998971e+09 1.06998974e+09
 1.06998978e+09 1.06998981e+09 1.06998984e+09 1.06998987e+09
 1.06998990e+09 1.06998993e+09 1.06998997e+09 1.06999000e+09
 1.06999003e+09 1.06999006e+09 1.06999009e+09 1.06999012e+09
 1.06999016e+09 1.06999019e+09 1.06999022e+09 1.06999025e+09]
