name =JUICE_ROI_GAN_4_4_04
flyby = ['2034 JUL 11 19:50:31', '2034 JUL 12 19:50:31']
Observation TW = <SpiceCell dtype = 1, length = 0, size = 3400, card = 14, is_set = 1, adjust = 0, init = 1, base = 94198739057216, data = 94198739057264>
Res(t) = [1.91734832 1.917687   1.91802644 1.91836665 1.91870762 1.91904935
 1.91939184 1.91973508 1.92007908 1.92042384 1.92076935 1.92111562
 1.92146263 1.9218104  1.92215892 1.92250818 1.92285819 1.92320894
 1.92356044 1.92391268 1.92426566 1.92461938 1.92497384 1.92532903
 1.92568496 1.92604163 1.92639903 1.92675716 1.92711602 1.92747561
 1.92783593 1.92819697 1.92855875 1.92892124 1.92928446 1.92964839
 1.93001305 1.93037843 1.93074452 1.93111133 1.93147886 1.93184709
 1.93221604 1.9325857  1.93295607 1.93332715 1.93369893 1.93407142
 1.93444462 1.93481851 1.93519311 1.93556841 1.9359444  1.93632109
 1.93669848 1.93707656 1.93745534 1.93783481 1.93821496 1.93859581
 1.93897735 1.93935957 1.93974247 1.94012606 1.94051033 1.94089529
 1.94128092 1.94166723 1.94205422 1.94244188 1.94283021 1.94321922
 1.9436089  1.94399925 1.94439027 1.94478196 1.94517431 1.94556732
 1.945961   1.94635534 1.94675034 1.947146   1.94754232 1.94793929
 1.94833692 1.9487352  1.94913414 1.94953372 1.94993395 1.95033483
 1.95073636 1.95113853 1.95154135 1.95194481 1.9523489  1.95275364
 1.95315902 1.95356503 1.95397168 1.95437896 1.95478687 1.95519542
 1.95560459 1.95601439 1.95642482 1.95683587 1.95724755 1.95765985
 1.95807278 1.95848632 1.95890048 1.95931525 1.95973065 1.96014665
 1.96056327 1.9609805  1.96139834 1.96181679 1.96223584 1.9626555
 1.96307577 1.96349663 1.9639181  1.96434017 1.96476284 1.9651861
 1.96560996 1.96603441 1.96645946 1.96688509 1.96731132 1.96773813
 1.96816554 1.96859352 1.96902209 1.96945125 1.96988098 1.9703113
 1.97074219 1.97117366 1.97160571 1.97203833 1.97247152 1.97290528
 1.97333961 1.97377452 1.97420998 1.97464602 1.97508261 1.97551977
 1.97595749 1.97639577 1.97683461 1.977274   1.97771395 1.97815446
 1.97859551 1.97903712 1.97947928 1.97992198 1.98036523 1.98080902
 1.98125336 1.98169824 1.98214367 1.98258963 1.98303613 1.98348316
 1.98393073 1.98437883 1.98482747 1.98527663 1.98572633 1.98617655
 1.98662729 1.98707857 1.98753036 1.98798268 1.98843552 1.98888887
 1.98934274 1.98979713 1.99025204 1.99070745 1.99116338 1.99161982
 1.99207676 1.99253421 1.99299217 1.99345063 1.9939096  1.99436906
 1.99482903 1.99528949 1.99575045 1.99621191 1.99667385 1.9971363
 1.99759923 1.99806265 1.99852656 1.99899095 1.99945583 1.99992119
 2.00038704 2.00085336 2.00132017 2.00178745 2.00225521 2.00272344
 2.00319215 2.00366132 2.00413097 2.00460108 2.00507167 2.00554271
 2.00601423 2.0064862  2.00695864 2.00743153 2.00790489 2.0083787
 2.00885296 2.00932768 2.00980285 2.01027848 2.01075455 2.01123107
 2.01170803 2.01218544 2.0126633  2.01314159 2.01362033 2.0140995
 2.01457911 2.01505916 2.01553964 2.01602056 2.01650191 2.01698368
 2.01746589 2.01794852 2.01843158 2.01891506 2.01939896 2.01988329
 2.02036803 2.02085319 2.02133877 2.02182477 2.02231117 2.02279799
 2.02328522 2.02377286 2.02426091 2.02474936 2.02523822 2.02572748
 2.02621714 2.0267072  2.02719767 2.02768852 2.02817978 2.02867143
 2.02916347 2.0296559  2.03014872 2.03064193 2.03113552 2.03162951
 2.03212387 2.03261862 2.03311375 2.03360925 2.03410514 2.0346014
 2.03509804 2.03559505 2.03609243 2.03659018 2.0370883  2.03758679
 2.03808564 2.03858486 2.03908444 2.03958438 2.04008468 2.04058534
 2.04108636 2.04158773 2.04208946 2.04259154 2.04309397 2.04359675
 2.04409988 2.04460335 2.04510717 2.04561133 2.04611583 2.04662068
 2.04712586 2.04763138 2.04813724 2.04864343 2.04914996 2.04965681
 2.050164   2.05067152 2.05117936 2.05168753 2.05219602 2.05270483
 2.05321397 2.05372343 2.0542332  2.05474329 2.05525369 2.05576441
 2.05627545 2.05678679 2.05729844 2.0578104  2.05832267 2.05883524
 2.05934811 2.05986129 2.06037476 2.06088854 2.06140261 2.06191698
 2.06243164 2.0629466  2.06346185 2.06397739 2.06449321 2.06500933
 2.06552572 2.06604241 2.06655937 2.06707662 2.06759415 2.06811195
 2.06863003 2.06914839 2.06966702 2.07018593 2.0707051  2.07122454
 2.07174425 2.07226423 2.07278447 2.07330498 2.07382575 2.07434678
 2.07486807 2.07538961 2.07591141 2.07643347 2.07695578 2.07747834
 2.07800115 2.07852421 2.07904752 2.07957107 2.08009487 2.08061891
 2.08114319 2.08166772 2.08219248 2.08271747 2.08324271 2.08376818
 2.08429388 2.08481981 2.08534597 2.08587236 2.08639898 2.08692582
 2.08745289 2.08798017 2.08850768 2.08903541 2.08956336 2.09009153
 2.09061991 2.0911485  2.0916773  2.09220632 2.09273555 2.09326498
 2.09379462 2.09432447 2.09485452 2.09538477 2.09591522 2.09644587
 2.09697672 2.09750777 2.09803901 2.09857045 2.09910207 2.09963389
 2.1001659  2.10069809 2.10123047 2.10176304 2.10229579 2.10282872
 2.10336183 2.10389512 2.10442859 2.10496224 2.10549606 2.10603005
 2.10656422 2.10709855 2.10763306 2.10816773 2.10870257 2.10923758
 2.10977274 2.11030807 2.11084357 2.11137922 2.11191502 2.11245099
 2.11298711 2.11352338 2.1140598  2.11459638 2.1151331  2.11566998
 2.116207   2.11674416 2.11728147 2.11781892 2.11835651 2.11889424
 2.11943211 2.11997011 2.12050825 2.12104653 2.12158493 2.12212347
 2.12266214 2.12320093 2.12373986 2.1242789  2.12481807 2.12535737
 2.12589678 2.12643632 2.12697597 2.12751574 2.12805563 2.12859563
 2.12913574 2.12967596 2.1302163  2.13075674 2.13129729 2.13183795
 2.13237871 2.13291957 2.13346054 2.13400161 2.13454277 2.13508403
 2.13562539 2.13616685 2.1367084  2.13725004 2.13779177 2.13833359
 2.13887549 2.13941749 2.13995957 2.14050173 2.14104398 2.1415863
 2.14212871 2.1426712  2.14321376 2.1437564  2.14429911 2.1448419
 2.14538476 2.14592768 2.14647068 2.14701374 2.14755688 2.14810007
 2.14864333 2.14918665 2.14973003 2.15027348 2.15081698 2.15136053
 2.15190414 2.15244781 2.15299153 2.1535353  2.15407912 2.15462299
 2.15516691 2.15571087 2.15625488 2.15679893 2.15734303 2.15788716
 2.15843133 2.15897555 2.1595198  2.16006408 2.1606084  2.16115275
 2.16169713 2.16224155 2.16278599 2.16333046 2.16387496 2.16441948
 2.16496402 2.16550859 2.16605318 2.16659779 2.16714241 2.16768706
 2.16823172 2.16877639 2.16932108 2.16986578 2.17041049 2.17095521
 2.17149994 2.17204467 2.17258941 2.17313415 2.1736789  2.17422365
 2.1747684  2.17531315 2.17585789 2.17640263 2.17694737 2.1774921
 2.17803683 2.17858154 2.17912625 2.17967094 2.18021562 2.18076029
 2.18130494 2.18184958 2.1823942  2.1829388  2.18348338 2.18402794
 2.18457248 2.18511699 2.18566148 2.18620594 2.18675038 2.18729478
 2.18783916 2.1883835  2.18892781 2.18947209 2.19001633 2.19056054
 2.19110471 2.19164884 2.19219293 2.19273697 2.19328098 2.19382494
 2.19436886 2.19491273 2.19545655 2.19600033 2.19654406 2.19708773
 2.19763135 2.19817492 2.19871843 2.19926189 2.19980529 2.20034863
 2.20089191 2.20143514 2.2019783  2.20252139 2.20306442 2.20360739
 2.20415029 2.20469312 2.20523588 2.20577857 2.20632119 2.20686374
 2.20740621 2.20794861 2.20849093 2.20903318 2.20957534 2.21011742
 2.21065943 2.21120135 2.21174319 2.21228494 2.21282661 2.21336819
 2.21390968 2.21445108 2.21499239 2.21553361 2.21607474 2.21661577
 2.21715671 2.21769755 2.2182383  2.21877894 2.21931949 2.21985993
 2.22040027 2.22094051 2.22148065 2.22202067 2.2225606  2.22310041
 2.22364011 2.22417971 2.22471919 2.22525856 2.22579782 2.22633696
 2.22687599 2.2274149  2.22795369 2.22849236 2.22903091 2.22956934
 2.23010765 2.23064583 2.23118389 2.23172182 2.23225963 2.2327973
 2.23333485 2.23387227 2.23440955 2.23494671 2.23548373 2.23602061
 2.23655736 2.23709397 2.23763044 2.23816677 2.23870297 2.23923902
 2.23977493 2.24031069 2.24084631 2.24138179 2.24191712 2.2424523
 2.24298733 2.24352221 2.24405694 2.24459151 2.24512594 2.2456602
 2.24619432 2.24672828 2.24726207 2.24779571 2.2483292  2.24886252
 2.24939567 2.24992867 2.2504615  2.25099417 2.25152666 2.252059
 2.25259116 2.25312316 2.25365498 2.25418663 2.25471812 2.25524942
 2.25578056 2.25631151 2.25684229 2.2573729  2.25790332 2.25843357
 2.25896363 2.25949352 2.26002322 2.26055273 2.26108206 2.26161121
 2.26214017 2.26266894 2.26319752 2.26372592 2.26425412 2.26478213
 2.26530994 2.26583757 2.266365   2.26689223 2.26741927 2.2679461
 2.26847274 2.26899918 2.26952542 2.27005146 2.27057729 2.27110293
 2.27162835 2.27215357 2.27267858 2.27320339 2.27372799 2.27425238
 2.27477655 2.27530052 2.27582427 2.27634781 2.27687114 2.27739425
 2.27791714 2.27843982 2.27896228 2.27948452 2.28000653 2.28052833
 2.28104991 2.28157126 2.28209239 2.28261329 2.28313397 2.28365442
 2.28417465 2.28469464 2.28521441 2.28573394 2.28625325 2.28677232
 2.28729116 2.28780976 2.28832813 2.28884627 2.28936416 2.28988182
 2.29039924 2.29091642 2.29143336 2.29195006 2.29246652 2.29298273
 2.2934987  2.29401442 2.2945299  2.29504513 2.29556011 2.29607485
 2.29658933 2.29710357 2.29761755 2.29813128 2.29864476 2.29915798
 2.29967095 2.30018367 2.30069612 2.30120832 2.30172027 2.30223195
 2.30274337 2.30325453 2.30376543 2.30427607 2.30478644 2.30529655
 2.3058064  2.30631598 2.30682529 2.30733433 2.30784311 2.30835162
 2.30885985 2.30936782 2.30987551 2.31038293 2.31089008 2.31139695
 2.31190355 2.31240987 2.31291591 2.31342168 2.31392717 2.31443238
 2.31493731 2.31544195 2.31594632 2.3164504  2.3169542  2.31745772
 2.31796095 2.3184639  2.31896655 2.31946893 2.31997101 2.3204728
 2.32097431 2.32147552 2.32197644 2.32247707 2.32297741 2.32347745
 2.3239772  2.32447666 2.32497582 2.32547468 2.32597324 2.32647151
 2.32696947 2.32746714 2.3279645  2.32846157 2.32895833 2.32945479
 2.32995094 2.3304468  2.33094234 2.33143758 2.33193251 2.33242714
 2.33292146 2.33341547 2.33390916 2.33440255 2.33489563 2.3353884
 2.33588085 2.33637299 2.33686481 2.33735632 2.33784752 2.3383384
 2.33882896 2.3393192  2.33980913 2.34029874 2.34078802 2.34127699
 2.34176563 2.34225396 2.34274196 2.34322964 2.34371699 2.34420402
 2.34469072 2.3451771  2.34566315 2.34614887 2.34663426 2.34711933
 2.34760406 2.34808847 2.34857254 2.34905629 2.3495397  2.35002277
 2.35050552 2.35098793 2.35147    2.35195174 2.35243314 2.35291421
 2.35339494 2.35387533 2.35435538 2.35483509 2.35531446 2.35579349
 2.35627218 2.35675052 2.35722852 2.35770618 2.3581835  2.35866047
 2.35913709 2.35961337 2.36008931 2.36056489 2.36104013 2.36151502
 2.36198956 2.36246375 2.36293759 2.36341107 2.36388421 2.36435699
 2.36482942 2.3653015  2.36577323 2.36624459 2.36671561 2.36718626
 2.36765656 2.36812651 2.36859609 2.36906532 2.36953419 2.3700027
 2.37047085 2.37093864 2.37140606 2.37187313 2.37233983 2.37280617
 2.37327215 2.37373776 2.37420301 2.37466789 2.3751324  2.37559655
 2.37606033 2.37652375 2.37698679 2.37744947 2.37791178 2.37837372
 2.37883529 2.37929648 2.37975731 2.38021776 2.38067784 2.38113755
 2.38159689 2.38205585 2.38251443 2.38297264 2.38343048 2.38388793
 2.38434501 2.38480172 2.38525804 2.38571399 2.38616956 2.38662475
 2.38707955 2.38753398 2.38798803 2.38844169 2.38889498 2.38934788
 2.3898004  2.39025253 2.39070428 2.39115564 2.39160662 2.39205722
 2.39250743 2.39295725 2.39340668 2.39385573 2.39430439 2.39475266
 2.39520054 2.39564803 2.39609513 2.39654184 2.39698816 2.39743409
 2.39787963 2.39832477 2.39876952 2.39921388 2.39965785 2.40010142
 2.40054459 2.40098737 2.40142976 2.40187175 2.40231334 2.40275453
 2.40319533 2.40363573 2.40407573 2.40451533 2.40495454 2.40539334
 2.40583175 2.40626975 2.40670735 2.40714455]
t = [1.08957865e+09 1.08957869e+09 1.08957873e+09 1.08957877e+09
 1.08957881e+09 1.08957885e+09 1.08957889e+09 1.08957893e+09
 1.08957897e+09 1.08957901e+09 1.08957905e+09 1.08957909e+09
 1.08957913e+09 1.08957917e+09 1.08957921e+09 1.08957925e+09
 1.08957929e+09 1.08957933e+09 1.08957937e+09 1.08957941e+09
 1.08957945e+09 1.08957949e+09 1.08957953e+09 1.08957957e+09
 1.08957961e+09 1.08957965e+09 1.08957969e+09 1.08957973e+09
 1.08957977e+09 1.08957981e+09 1.08957985e+09 1.08957989e+09
 1.08957993e+09 1.08957997e+09 1.08958001e+09 1.08958005e+09
 1.08958009e+09 1.08958013e+09 1.08958017e+09 1.08958021e+09
 1.08958025e+09 1.08958029e+09 1.08958033e+09 1.08958037e+09
 1.08958041e+09 1.08958045e+09 1.08958049e+09 1.08958053e+09
 1.08958057e+09 1.08958061e+09 1.08958065e+09 1.08958069e+09
 1.08958073e+09 1.08958077e+09 1.08958082e+09 1.08958086e+09
 1.08958090e+09 1.08958094e+09 1.08958098e+09 1.08958102e+09
 1.08958106e+09 1.08958110e+09 1.08958114e+09 1.08958118e+09
 1.08958122e+09 1.08958126e+09 1.08958130e+09 1.08958134e+09
 1.08958138e+09 1.08958142e+09 1.08958146e+09 1.08958150e+09
 1.08958154e+09 1.08958158e+09 1.08958162e+09 1.08958166e+09
 1.08958170e+09 1.08958174e+09 1.08958178e+09 1.08958182e+09
 1.08958186e+09 1.08958190e+09 1.08958194e+09 1.08958198e+09
 1.08958202e+09 1.08958206e+09 1.08958210e+09 1.08958214e+09
 1.08958218e+09 1.08958222e+09 1.08958226e+09 1.08958230e+09
 1.08958234e+09 1.08958238e+09 1.08958242e+09 1.08958246e+09
 1.08958250e+09 1.08958254e+09 1.08958258e+09 1.08958262e+09
 1.08958266e+09 1.08958270e+09 1.08958274e+09 1.08958278e+09
 1.08958282e+09 1.08958286e+09 1.08958290e+09 1.08958294e+09
 1.08958298e+09 1.08958302e+09 1.08958306e+09 1.08958310e+09
 1.08958314e+09 1.08958318e+09 1.08958322e+09 1.08958326e+09
 1.08958330e+09 1.08958334e+09 1.08958338e+09 1.08958342e+09
 1.08958346e+09 1.08958350e+09 1.08958354e+09 1.08958358e+09
 1.08958362e+09 1.08958366e+09 1.08958370e+09 1.08958374e+09
 1.08958378e+09 1.08958382e+09 1.08958386e+09 1.08958390e+09
 1.08958394e+09 1.08958398e+09 1.08958402e+09 1.08958406e+09
 1.08958410e+09 1.08958414e+09 1.08958418e+09 1.08958422e+09
 1.08958426e+09 1.08958430e+09 1.08958434e+09 1.08958438e+09
 1.08958442e+09 1.08958446e+09 1.08958450e+09 1.08958454e+09
 1.08958458e+09 1.08958462e+09 1.08958466e+09 1.08958470e+09
 1.08958474e+09 1.08958478e+09 1.08958482e+09 1.08958486e+09
 1.08958490e+09 1.08958494e+09 1.08958498e+09 1.08958502e+09
 1.08958506e+09 1.08958510e+09 1.08958514e+09 1.08958518e+09
 1.08958522e+09 1.08958527e+09 1.08958531e+09 1.08958535e+09
 1.08958539e+09 1.08958543e+09 1.08958547e+09 1.08958551e+09
 1.08958555e+09 1.08958559e+09 1.08958563e+09 1.08958567e+09
 1.08958571e+09 1.08958575e+09 1.08958579e+09 1.08958583e+09
 1.08958587e+09 1.08958591e+09 1.08958595e+09 1.08958599e+09
 1.08958603e+09 1.08958607e+09 1.08958611e+09 1.08958615e+09
 1.08958619e+09 1.08958623e+09 1.08958627e+09 1.08958631e+09
 1.08958635e+09 1.08958639e+09 1.08958643e+09 1.08958647e+09
 1.08958651e+09 1.08958655e+09 1.08958659e+09 1.08958663e+09
 1.08958667e+09 1.08958671e+09 1.08958675e+09 1.08958679e+09
 1.08958683e+09 1.08958687e+09 1.08958691e+09 1.08958695e+09
 1.08958699e+09 1.08958703e+09 1.08958707e+09 1.08958711e+09
 1.08958715e+09 1.08958719e+09 1.08958723e+09 1.08958727e+09
 1.08958731e+09 1.08958735e+09 1.08958739e+09 1.08958743e+09
 1.08958747e+09 1.08958751e+09 1.08958755e+09 1.08958759e+09
 1.08958763e+09 1.08958767e+09 1.08958771e+09 1.08958775e+09
 1.08958779e+09 1.08958783e+09 1.08958787e+09 1.08958791e+09
 1.08958795e+09 1.08958799e+09 1.08958803e+09 1.08958807e+09
 1.08958811e+09 1.08958815e+09 1.08958819e+09 1.08958823e+09
 1.08958827e+09 1.08958831e+09 1.08958835e+09 1.08958839e+09
 1.08958843e+09 1.08958847e+09 1.08958851e+09 1.08958855e+09
 1.08958859e+09 1.08958863e+09 1.08958867e+09 1.08958871e+09
 1.08958875e+09 1.08958879e+09 1.08958883e+09 1.08958887e+09
 1.08958891e+09 1.08958895e+09 1.08958899e+09 1.08958903e+09
 1.08958907e+09 1.08958911e+09 1.08958915e+09 1.08958919e+09
 1.08958923e+09 1.08958927e+09 1.08958931e+09 1.08958935e+09
 1.08958939e+09 1.08958943e+09 1.08958947e+09 1.08958951e+09
 1.08958955e+09 1.08958959e+09 1.08958963e+09 1.08958967e+09
 1.08958972e+09 1.08958976e+09 1.08958980e+09 1.08958984e+09
 1.08958988e+09 1.08958992e+09 1.08958996e+09 1.08959000e+09
 1.08959004e+09 1.08959008e+09 1.08959012e+09 1.08959016e+09
 1.08959020e+09 1.08959024e+09 1.08959028e+09 1.08959032e+09
 1.08959036e+09 1.08959040e+09 1.08959044e+09 1.08959048e+09
 1.08959052e+09 1.08959056e+09 1.08959060e+09 1.08959064e+09
 1.08959068e+09 1.08959072e+09 1.08959076e+09 1.08959080e+09
 1.08959084e+09 1.08959088e+09 1.08959092e+09 1.08959096e+09
 1.08959100e+09 1.08959104e+09 1.08959108e+09 1.08959112e+09
 1.08959116e+09 1.08959120e+09 1.08959124e+09 1.08959128e+09
 1.08959132e+09 1.08959136e+09 1.08959140e+09 1.08959144e+09
 1.08959148e+09 1.08959152e+09 1.08959156e+09 1.08959160e+09
 1.08959164e+09 1.08959168e+09 1.08959172e+09 1.08959176e+09
 1.08959180e+09 1.08959184e+09 1.08959188e+09 1.08959192e+09
 1.08959196e+09 1.08959200e+09 1.08959204e+09 1.08959208e+09
 1.08959212e+09 1.08959216e+09 1.08959220e+09 1.08959224e+09
 1.08959228e+09 1.08959232e+09 1.08959236e+09 1.08959240e+09
 1.08959244e+09 1.08959248e+09 1.08959252e+09 1.08959256e+09
 1.08959260e+09 1.08959264e+09 1.08959268e+09 1.08959272e+09
 1.08959276e+09 1.08959280e+09 1.08959284e+09 1.08959288e+09
 1.08959292e+09 1.08959296e+09 1.08959300e+09 1.08959304e+09
 1.08959308e+09 1.08959312e+09 1.08959316e+09 1.08959320e+09
 1.08959324e+09 1.08959328e+09 1.08959332e+09 1.08959336e+09
 1.08959340e+09 1.08959344e+09 1.08959348e+09 1.08959352e+09
 1.08959356e+09 1.08959360e+09 1.08959364e+09 1.08959368e+09
 1.08959372e+09 1.08959376e+09 1.08959380e+09 1.08959384e+09
 1.08959388e+09 1.08959392e+09 1.08959396e+09 1.08959400e+09
 1.08959404e+09 1.08959408e+09 1.08959412e+09 1.08959417e+09
 1.08959421e+09 1.08959425e+09 1.08959429e+09 1.08959433e+09
 1.08959437e+09 1.08959441e+09 1.08959445e+09 1.08959449e+09
 1.08959453e+09 1.08959457e+09 1.08959461e+09 1.08959465e+09
 1.08959469e+09 1.08959473e+09 1.08959477e+09 1.08959481e+09
 1.08959485e+09 1.08959489e+09 1.08959493e+09 1.08959497e+09
 1.08959501e+09 1.08959505e+09 1.08959509e+09 1.08959513e+09
 1.08959517e+09 1.08959521e+09 1.08959525e+09 1.08959529e+09
 1.08959533e+09 1.08959537e+09 1.08959541e+09 1.08959545e+09
 1.08959549e+09 1.08959553e+09 1.08959557e+09 1.08959561e+09
 1.08959565e+09 1.08959569e+09 1.08959573e+09 1.08959577e+09
 1.08959581e+09 1.08959585e+09 1.08959589e+09 1.08959593e+09
 1.08959597e+09 1.08959601e+09 1.08959605e+09 1.08959609e+09
 1.08959613e+09 1.08959617e+09 1.08959621e+09 1.08959625e+09
 1.08959629e+09 1.08959633e+09 1.08959637e+09 1.08959641e+09
 1.08959645e+09 1.08959649e+09 1.08959653e+09 1.08959657e+09
 1.08959661e+09 1.08959665e+09 1.08959669e+09 1.08959673e+09
 1.08959677e+09 1.08959681e+09 1.08959685e+09 1.08959689e+09
 1.08959693e+09 1.08959697e+09 1.08959701e+09 1.08959705e+09
 1.08959709e+09 1.08959713e+09 1.08959717e+09 1.08959721e+09
 1.08959725e+09 1.08959729e+09 1.08959733e+09 1.08959737e+09
 1.08959741e+09 1.08959745e+09 1.08959749e+09 1.08959753e+09
 1.08959757e+09 1.08959761e+09 1.08959765e+09 1.08959769e+09
 1.08959773e+09 1.08959777e+09 1.08959781e+09 1.08959785e+09
 1.08959789e+09 1.08959793e+09 1.08959797e+09 1.08959801e+09
 1.08959805e+09 1.08959809e+09 1.08959813e+09 1.08959817e+09
 1.08959821e+09 1.08959825e+09 1.08959829e+09 1.08959833e+09
 1.08959837e+09 1.08959841e+09 1.08959845e+09 1.08959849e+09
 1.08959853e+09 1.08959857e+09 1.08959862e+09 1.08959866e+09
 1.08959870e+09 1.08959874e+09 1.08959878e+09 1.08959882e+09
 1.08959886e+09 1.08959890e+09 1.08959894e+09 1.08959898e+09
 1.08959902e+09 1.08959906e+09 1.08959910e+09 1.08959914e+09
 1.08959918e+09 1.08959922e+09 1.08959926e+09 1.08959930e+09
 1.08959934e+09 1.08959938e+09 1.08959942e+09 1.08959946e+09
 1.08959950e+09 1.08959954e+09 1.08959958e+09 1.08959962e+09
 1.08959966e+09 1.08959970e+09 1.08959974e+09 1.08959978e+09
 1.08959982e+09 1.08959986e+09 1.08959990e+09 1.08959994e+09
 1.08959998e+09 1.08960002e+09 1.08960006e+09 1.08960010e+09
 1.08960014e+09 1.08960018e+09 1.08960022e+09 1.08960026e+09
 1.08960030e+09 1.08960034e+09 1.08960038e+09 1.08960042e+09
 1.08960046e+09 1.08960050e+09 1.08960054e+09 1.08960058e+09
 1.08960062e+09 1.08960066e+09 1.08960070e+09 1.08960074e+09
 1.08960078e+09 1.08960082e+09 1.08960086e+09 1.08960090e+09
 1.08960094e+09 1.08960098e+09 1.08960102e+09 1.08960106e+09
 1.08960110e+09 1.08960114e+09 1.08960118e+09 1.08960122e+09
 1.08960126e+09 1.08960130e+09 1.08960134e+09 1.08960138e+09
 1.08960142e+09 1.08960146e+09 1.08960150e+09 1.08960154e+09
 1.08960158e+09 1.08960162e+09 1.08960166e+09 1.08960170e+09
 1.08960174e+09 1.08960178e+09 1.08960182e+09 1.08960186e+09
 1.08960190e+09 1.08960194e+09 1.08960198e+09 1.08960202e+09
 1.08960206e+09 1.08960210e+09 1.08960214e+09 1.08960218e+09
 1.08960222e+09 1.08960226e+09 1.08960230e+09 1.08960234e+09
 1.08960238e+09 1.08960242e+09 1.08960246e+09 1.08960250e+09
 1.08960254e+09 1.08960258e+09 1.08960262e+09 1.08960266e+09
 1.08960270e+09 1.08960274e+09 1.08960278e+09 1.08960282e+09
 1.08960286e+09 1.08960290e+09 1.08960294e+09 1.08960298e+09
 1.08960302e+09 1.08960307e+09 1.08960311e+09 1.08960315e+09
 1.08960319e+09 1.08960323e+09 1.08960327e+09 1.08960331e+09
 1.08960335e+09 1.08960339e+09 1.08960343e+09 1.08960347e+09
 1.08960351e+09 1.08960355e+09 1.08960359e+09 1.08960363e+09
 1.08960367e+09 1.08960371e+09 1.08960375e+09 1.08960379e+09
 1.08960383e+09 1.08960387e+09 1.08960391e+09 1.08960395e+09
 1.08960399e+09 1.08960403e+09 1.08960407e+09 1.08960411e+09
 1.08960415e+09 1.08960419e+09 1.08960423e+09 1.08960427e+09
 1.08960431e+09 1.08960435e+09 1.08960439e+09 1.08960443e+09
 1.08960447e+09 1.08960451e+09 1.08960455e+09 1.08960459e+09
 1.08960463e+09 1.08960467e+09 1.08960471e+09 1.08960475e+09
 1.08960479e+09 1.08960483e+09 1.08960487e+09 1.08960491e+09
 1.08960495e+09 1.08960499e+09 1.08960503e+09 1.08960507e+09
 1.08960511e+09 1.08960515e+09 1.08960519e+09 1.08960523e+09
 1.08960527e+09 1.08960531e+09 1.08960535e+09 1.08960539e+09
 1.08960543e+09 1.08960547e+09 1.08960551e+09 1.08960555e+09
 1.08960559e+09 1.08960563e+09 1.08960567e+09 1.08960571e+09
 1.08960575e+09 1.08960579e+09 1.08960583e+09 1.08960587e+09
 1.08960591e+09 1.08960595e+09 1.08960599e+09 1.08960603e+09
 1.08960607e+09 1.08960611e+09 1.08960615e+09 1.08960619e+09
 1.08960623e+09 1.08960627e+09 1.08960631e+09 1.08960635e+09
 1.08960639e+09 1.08960643e+09 1.08960647e+09 1.08960651e+09
 1.08960655e+09 1.08960659e+09 1.08960663e+09 1.08960667e+09
 1.08960671e+09 1.08960675e+09 1.08960679e+09 1.08960683e+09
 1.08960687e+09 1.08960691e+09 1.08960695e+09 1.08960699e+09
 1.08960703e+09 1.08960707e+09 1.08960711e+09 1.08960715e+09
 1.08960719e+09 1.08960723e+09 1.08960727e+09 1.08960731e+09
 1.08960735e+09 1.08960739e+09 1.08960743e+09 1.08960747e+09
 1.08960752e+09 1.08960756e+09 1.08960760e+09 1.08960764e+09
 1.08960768e+09 1.08960772e+09 1.08960776e+09 1.08960780e+09
 1.08960784e+09 1.08960788e+09 1.08960792e+09 1.08960796e+09
 1.08960800e+09 1.08960804e+09 1.08960808e+09 1.08960812e+09
 1.08960816e+09 1.08960820e+09 1.08960824e+09 1.08960828e+09
 1.08960832e+09 1.08960836e+09 1.08960840e+09 1.08960844e+09
 1.08960848e+09 1.08960852e+09 1.08960856e+09 1.08960860e+09
 1.08960864e+09 1.08960868e+09 1.08960872e+09 1.08960876e+09
 1.08960880e+09 1.08960884e+09 1.08960888e+09 1.08960892e+09
 1.08960896e+09 1.08960900e+09 1.08960904e+09 1.08960908e+09
 1.08960912e+09 1.08960916e+09 1.08960920e+09 1.08960924e+09
 1.08960928e+09 1.08960932e+09 1.08960936e+09 1.08960940e+09
 1.08960944e+09 1.08960948e+09 1.08960952e+09 1.08960956e+09
 1.08960960e+09 1.08960964e+09 1.08960968e+09 1.08960972e+09
 1.08960976e+09 1.08960980e+09 1.08960984e+09 1.08960988e+09
 1.08960992e+09 1.08960996e+09 1.08961000e+09 1.08961004e+09
 1.08961008e+09 1.08961012e+09 1.08961016e+09 1.08961020e+09
 1.08961024e+09 1.08961028e+09 1.08961032e+09 1.08961036e+09
 1.08961040e+09 1.08961044e+09 1.08961048e+09 1.08961052e+09
 1.08961056e+09 1.08961060e+09 1.08961064e+09 1.08961068e+09
 1.08961072e+09 1.08961076e+09 1.08961080e+09 1.08961084e+09
 1.08961088e+09 1.08961092e+09 1.08961096e+09 1.08961100e+09
 1.08961104e+09 1.08961108e+09 1.08961112e+09 1.08961116e+09
 1.08961120e+09 1.08961124e+09 1.08961128e+09 1.08961132e+09
 1.08961136e+09 1.08961140e+09 1.08961144e+09 1.08961148e+09
 1.08961152e+09 1.08961156e+09 1.08961160e+09 1.08961164e+09
 1.08961168e+09 1.08961172e+09 1.08961176e+09 1.08961180e+09
 1.08961184e+09 1.08961188e+09 1.08961192e+09 1.08961197e+09
 1.08961201e+09 1.08961205e+09 1.08961209e+09 1.08961213e+09
 1.08961217e+09 1.08961221e+09 1.08961225e+09 1.08961229e+09
 1.08961233e+09 1.08961237e+09 1.08961241e+09 1.08961245e+09
 1.08961249e+09 1.08961253e+09 1.08961257e+09 1.08961261e+09
 1.08961265e+09 1.08961269e+09 1.08961273e+09 1.08961277e+09
 1.08961281e+09 1.08961285e+09 1.08961289e+09 1.08961293e+09
 1.08961297e+09 1.08961301e+09 1.08961305e+09 1.08961309e+09
 1.08961313e+09 1.08961317e+09 1.08961321e+09 1.08961325e+09
 1.08961329e+09 1.08961333e+09 1.08961337e+09 1.08961341e+09
 1.08961345e+09 1.08961349e+09 1.08961353e+09 1.08961357e+09
 1.08961361e+09 1.08961365e+09 1.08961369e+09 1.08961373e+09
 1.08961377e+09 1.08961381e+09 1.08961385e+09 1.08961389e+09
 1.08961393e+09 1.08961397e+09 1.08961401e+09 1.08961405e+09
 1.08961409e+09 1.08961413e+09 1.08961417e+09 1.08961421e+09
 1.08961425e+09 1.08961429e+09 1.08961433e+09 1.08961437e+09
 1.08961441e+09 1.08961445e+09 1.08961449e+09 1.08961453e+09
 1.08961457e+09 1.08961461e+09 1.08961465e+09 1.08961469e+09
 1.08961473e+09 1.08961477e+09 1.08961481e+09 1.08961485e+09
 1.08961489e+09 1.08961493e+09 1.08961497e+09 1.08961501e+09
 1.08961505e+09 1.08961509e+09 1.08961513e+09 1.08961517e+09
 1.08961521e+09 1.08961525e+09 1.08961529e+09 1.08961533e+09
 1.08961537e+09 1.08961541e+09 1.08961545e+09 1.08961549e+09
 1.08961553e+09 1.08961557e+09 1.08961561e+09 1.08961565e+09
 1.08961569e+09 1.08961573e+09 1.08961577e+09 1.08961581e+09
 1.08961585e+09 1.08961589e+09 1.08961593e+09 1.08961597e+09
 1.08961601e+09 1.08961605e+09 1.08961609e+09 1.08961613e+09
 1.08961617e+09 1.08961621e+09 1.08961625e+09 1.08961629e+09
 1.08961633e+09 1.08961637e+09 1.08961642e+09 1.08961646e+09
 1.08961650e+09 1.08961654e+09 1.08961658e+09 1.08961662e+09
 1.08961666e+09 1.08961670e+09 1.08961674e+09 1.08961678e+09
 1.08961682e+09 1.08961686e+09 1.08961690e+09 1.08961694e+09
 1.08961698e+09 1.08961702e+09 1.08961706e+09 1.08961710e+09
 1.08961714e+09 1.08961718e+09 1.08961722e+09 1.08961726e+09
 1.08961730e+09 1.08961734e+09 1.08961738e+09 1.08961742e+09
 1.08961746e+09 1.08961750e+09 1.08961754e+09 1.08961758e+09
 1.08961762e+09 1.08961766e+09 1.08961770e+09 1.08961774e+09
 1.08961778e+09 1.08961782e+09 1.08961786e+09 1.08961790e+09
 1.08961794e+09 1.08961798e+09 1.08961802e+09 1.08961806e+09
 1.08961810e+09 1.08961814e+09 1.08961818e+09 1.08961822e+09
 1.08961826e+09 1.08961830e+09 1.08961834e+09 1.08961838e+09
 1.08961842e+09 1.08961846e+09 1.08961850e+09 1.08961854e+09
 1.08961858e+09 1.08961862e+09 1.08961866e+09 1.08961870e+09]
minRes = 1.9173483211174756
minResTime = [1.08957865e+09]
Cov(t) = [100 100 100 100 100 100 100 100 100 100 100 100 100 100 100 100 100 100
 100 100 100 100 100 100 100 100 100 100 100 100 100 100 100 100 100 100
 100 100 100 100 100 100 100 100 100 100 100 100 100 100 100 100 100 100
 100 100 100 100 100 100 100 100 100 100 100 100 100 100 100 100 100 100
 100 100 100 100 100 100 100 100 100 100 100 100 100 100 100 100 100 100
 100 100 100 100 100 100 100 100 100 100 100 100 100 100 100 100 100 100
 100 100 100 100 100 100 100 100 100 100 100 100 100 100 100 100 100 100
 100 100 100 100 100 100 100 100 100 100 100 100 100 100 100 100 100 100
 100 100 100 100 100 100 100 100 100 100 100 100 100 100 100 100 100 100
 100 100 100 100 100 100 100 100 100 100 100 100 100 100 100 100 100 100
 100 100 100 100 100 100 100 100 100 100 100 100 100 100 100 100 100 100
 100 100 100 100 100 100 100 100 100 100 100 100 100 100 100 100 100 100
 100 100 100 100 100 100 100 100 100 100 100 100 100 100 100 100 100 100
 100 100 100 100 100 100 100 100 100 100 100 100 100 100 100 100 100 100
 100 100 100 100 100 100 100 100 100 100 100 100 100 100 100 100 100 100
 100 100 100 100 100 100 100 100 100 100 100 100 100 100 100 100 100 100
 100 100 100 100 100 100 100 100 100 100 100 100 100 100 100 100 100 100
 100 100 100 100 100 100 100 100 100 100 100 100 100 100 100 100 100 100
 100 100 100 100 100 100 100 100 100 100 100 100 100 100 100 100 100 100
 100 100 100 100 100 100 100 100 100 100 100 100 100 100 100 100 100 100
 100 100 100 100 100 100 100 100 100 100 100 100 100 100 100 100 100 100
 100 100 100 100 100 100 100 100 100 100 100 100 100 100 100 100 100 100
 100 100 100 100 100 100 100 100 100 100 100 100 100 100 100 100 100 100
 100 100 100 100 100 100 100 100 100 100 100 100 100 100 100 100 100 100
 100 100 100 100 100 100 100 100 100 100 100 100 100 100 100 100 100 100
 100 100 100 100 100 100 100 100 100 100 100 100 100 100 100 100 100 100
 100 100 100 100 100 100 100 100 100 100 100 100 100 100 100 100 100 100
 100 100 100 100 100 100 100 100 100 100 100 100 100 100 100 100 100 100
 100 100 100 100 100 100 100 100 100 100 100 100 100 100 100 100 100 100
 100 100 100 100 100 100 100 100 100 100 100 100 100 100 100 100 100 100
 100 100 100 100 100 100 100 100 100 100 100 100 100 100 100 100 100 100
 100 100 100 100 100 100 100 100 100 100 100 100 100 100 100 100 100 100
 100 100 100 100 100 100 100 100 100 100 100 100 100 100 100 100 100 100
 100 100 100 100 100 100 100 100 100 100 100 100 100 100 100 100 100 100
 100 100 100 100 100 100 100 100 100 100 100 100 100 100 100 100 100 100
 100 100 100 100 100 100 100 100 100 100 100 100 100 100 100 100 100 100
 100 100 100 100 100 100 100 100 100 100 100 100 100 100 100 100 100 100
 100 100 100 100 100 100 100 100 100 100 100 100 100 100 100 100 100 100
 100 100 100 100 100 100 100 100 100 100 100 100 100 100 100 100 100 100
 100 100 100 100 100 100 100 100 100 100 100 100 100 100 100 100 100 100
 100 100 100 100 100 100 100 100 100 100 100 100 100 100 100 100 100 100
 100 100 100 100 100 100 100 100 100 100 100 100 100 100 100 100 100 100
 100 100 100 100 100 100 100 100 100 100 100 100 100 100 100 100 100 100
 100 100 100 100 100 100 100 100 100 100 100 100 100 100 100 100 100 100
 100 100 100 100 100 100 100 100 100 100 100 100 100 100 100 100 100 100
 100 100 100 100 100 100 100 100 100 100 100 100 100 100 100 100 100 100
 100 100 100 100 100 100 100 100 100 100 100 100 100 100 100 100 100 100
 100 100 100 100 100 100 100 100 100 100 100 100 100 100 100 100 100 100
 100 100 100 100 100 100 100 100 100 100 100 100 100 100 100 100 100 100
 100 100 100 100 100 100 100 100 100 100 100 100 100 100 100 100 100 100
 100 100 100 100 100 100 100 100 100 100 100 100 100 100 100 100 100 100
 100 100 100 100 100 100 100 100 100 100 100 100 100 100 100 100 100 100
 100 100 100 100 100 100 100 100 100 100 100 100 100 100 100 100 100 100
 100 100 100 100 100 100 100 100 100 100 100 100 100 100 100 100 100 100
 100 100 100 100 100 100 100 100 100 100 100 100 100 100 100 100 100 100
 100 100 100 100 100 100 100 100 100 100]
maxCov = 100
maxCovTime = [1.08957865e+09 1.08957869e+09 1.08957873e+09 1.08957877e+09
 1.08957881e+09 1.08957885e+09 1.08957889e+09 1.08957893e+09
 1.08957897e+09 1.08957901e+09 1.08957905e+09 1.08957909e+09
 1.08957913e+09 1.08957917e+09 1.08957921e+09 1.08957925e+09
 1.08957929e+09 1.08957933e+09 1.08957937e+09 1.08957941e+09
 1.08957945e+09 1.08957949e+09 1.08957953e+09 1.08957957e+09
 1.08957961e+09 1.08957965e+09 1.08957969e+09 1.08957973e+09
 1.08957977e+09 1.08957981e+09 1.08957985e+09 1.08957989e+09
 1.08957993e+09 1.08957997e+09 1.08958001e+09 1.08958005e+09
 1.08958009e+09 1.08958013e+09 1.08958017e+09 1.08958021e+09
 1.08958025e+09 1.08958029e+09 1.08958033e+09 1.08958037e+09
 1.08958041e+09 1.08958045e+09 1.08958049e+09 1.08958053e+09
 1.08958057e+09 1.08958061e+09 1.08958065e+09 1.08958069e+09
 1.08958073e+09 1.08958077e+09 1.08958082e+09 1.08958086e+09
 1.08958090e+09 1.08958094e+09 1.08958098e+09 1.08958102e+09
 1.08958106e+09 1.08958110e+09 1.08958114e+09 1.08958118e+09
 1.08958122e+09 1.08958126e+09 1.08958130e+09 1.08958134e+09
 1.08958138e+09 1.08958142e+09 1.08958146e+09 1.08958150e+09
 1.08958154e+09 1.08958158e+09 1.08958162e+09 1.08958166e+09
 1.08958170e+09 1.08958174e+09 1.08958178e+09 1.08958182e+09
 1.08958186e+09 1.08958190e+09 1.08958194e+09 1.08958198e+09
 1.08958202e+09 1.08958206e+09 1.08958210e+09 1.08958214e+09
 1.08958218e+09 1.08958222e+09 1.08958226e+09 1.08958230e+09
 1.08958234e+09 1.08958238e+09 1.08958242e+09 1.08958246e+09
 1.08958250e+09 1.08958254e+09 1.08958258e+09 1.08958262e+09
 1.08958266e+09 1.08958270e+09 1.08958274e+09 1.08958278e+09
 1.08958282e+09 1.08958286e+09 1.08958290e+09 1.08958294e+09
 1.08958298e+09 1.08958302e+09 1.08958306e+09 1.08958310e+09
 1.08958314e+09 1.08958318e+09 1.08958322e+09 1.08958326e+09
 1.08958330e+09 1.08958334e+09 1.08958338e+09 1.08958342e+09
 1.08958346e+09 1.08958350e+09 1.08958354e+09 1.08958358e+09
 1.08958362e+09 1.08958366e+09 1.08958370e+09 1.08958374e+09
 1.08958378e+09 1.08958382e+09 1.08958386e+09 1.08958390e+09
 1.08958394e+09 1.08958398e+09 1.08958402e+09 1.08958406e+09
 1.08958410e+09 1.08958414e+09 1.08958418e+09 1.08958422e+09
 1.08958426e+09 1.08958430e+09 1.08958434e+09 1.08958438e+09
 1.08958442e+09 1.08958446e+09 1.08958450e+09 1.08958454e+09
 1.08958458e+09 1.08958462e+09 1.08958466e+09 1.08958470e+09
 1.08958474e+09 1.08958478e+09 1.08958482e+09 1.08958486e+09
 1.08958490e+09 1.08958494e+09 1.08958498e+09 1.08958502e+09
 1.08958506e+09 1.08958510e+09 1.08958514e+09 1.08958518e+09
 1.08958522e+09 1.08958527e+09 1.08958531e+09 1.08958535e+09
 1.08958539e+09 1.08958543e+09 1.08958547e+09 1.08958551e+09
 1.08958555e+09 1.08958559e+09 1.08958563e+09 1.08958567e+09
 1.08958571e+09 1.08958575e+09 1.08958579e+09 1.08958583e+09
 1.08958587e+09 1.08958591e+09 1.08958595e+09 1.08958599e+09
 1.08958603e+09 1.08958607e+09 1.08958611e+09 1.08958615e+09
 1.08958619e+09 1.08958623e+09 1.08958627e+09 1.08958631e+09
 1.08958635e+09 1.08958639e+09 1.08958643e+09 1.08958647e+09
 1.08958651e+09 1.08958655e+09 1.08958659e+09 1.08958663e+09
 1.08958667e+09 1.08958671e+09 1.08958675e+09 1.08958679e+09
 1.08958683e+09 1.08958687e+09 1.08958691e+09 1.08958695e+09
 1.08958699e+09 1.08958703e+09 1.08958707e+09 1.08958711e+09
 1.08958715e+09 1.08958719e+09 1.08958723e+09 1.08958727e+09
 1.08958731e+09 1.08958735e+09 1.08958739e+09 1.08958743e+09
 1.08958747e+09 1.08958751e+09 1.08958755e+09 1.08958759e+09
 1.08958763e+09 1.08958767e+09 1.08958771e+09 1.08958775e+09
 1.08958779e+09 1.08958783e+09 1.08958787e+09 1.08958791e+09
 1.08958795e+09 1.08958799e+09 1.08958803e+09 1.08958807e+09
 1.08958811e+09 1.08958815e+09 1.08958819e+09 1.08958823e+09
 1.08958827e+09 1.08958831e+09 1.08958835e+09 1.08958839e+09
 1.08958843e+09 1.08958847e+09 1.08958851e+09 1.08958855e+09
 1.08958859e+09 1.08958863e+09 1.08958867e+09 1.08958871e+09
 1.08958875e+09 1.08958879e+09 1.08958883e+09 1.08958887e+09
 1.08958891e+09 1.08958895e+09 1.08958899e+09 1.08958903e+09
 1.08958907e+09 1.08958911e+09 1.08958915e+09 1.08958919e+09
 1.08958923e+09 1.08958927e+09 1.08958931e+09 1.08958935e+09
 1.08958939e+09 1.08958943e+09 1.08958947e+09 1.08958951e+09
 1.08958955e+09 1.08958959e+09 1.08958963e+09 1.08958967e+09
 1.08958972e+09 1.08958976e+09 1.08958980e+09 1.08958984e+09
 1.08958988e+09 1.08958992e+09 1.08958996e+09 1.08959000e+09
 1.08959004e+09 1.08959008e+09 1.08959012e+09 1.08959016e+09
 1.08959020e+09 1.08959024e+09 1.08959028e+09 1.08959032e+09
 1.08959036e+09 1.08959040e+09 1.08959044e+09 1.08959048e+09
 1.08959052e+09 1.08959056e+09 1.08959060e+09 1.08959064e+09
 1.08959068e+09 1.08959072e+09 1.08959076e+09 1.08959080e+09
 1.08959084e+09 1.08959088e+09 1.08959092e+09 1.08959096e+09
 1.08959100e+09 1.08959104e+09 1.08959108e+09 1.08959112e+09
 1.08959116e+09 1.08959120e+09 1.08959124e+09 1.08959128e+09
 1.08959132e+09 1.08959136e+09 1.08959140e+09 1.08959144e+09
 1.08959148e+09 1.08959152e+09 1.08959156e+09 1.08959160e+09
 1.08959164e+09 1.08959168e+09 1.08959172e+09 1.08959176e+09
 1.08959180e+09 1.08959184e+09 1.08959188e+09 1.08959192e+09
 1.08959196e+09 1.08959200e+09 1.08959204e+09 1.08959208e+09
 1.08959212e+09 1.08959216e+09 1.08959220e+09 1.08959224e+09
 1.08959228e+09 1.08959232e+09 1.08959236e+09 1.08959240e+09
 1.08959244e+09 1.08959248e+09 1.08959252e+09 1.08959256e+09
 1.08959260e+09 1.08959264e+09 1.08959268e+09 1.08959272e+09
 1.08959276e+09 1.08959280e+09 1.08959284e+09 1.08959288e+09
 1.08959292e+09 1.08959296e+09 1.08959300e+09 1.08959304e+09
 1.08959308e+09 1.08959312e+09 1.08959316e+09 1.08959320e+09
 1.08959324e+09 1.08959328e+09 1.08959332e+09 1.08959336e+09
 1.08959340e+09 1.08959344e+09 1.08959348e+09 1.08959352e+09
 1.08959356e+09 1.08959360e+09 1.08959364e+09 1.08959368e+09
 1.08959372e+09 1.08959376e+09 1.08959380e+09 1.08959384e+09
 1.08959388e+09 1.08959392e+09 1.08959396e+09 1.08959400e+09
 1.08959404e+09 1.08959408e+09 1.08959412e+09 1.08959417e+09
 1.08959421e+09 1.08959425e+09 1.08959429e+09 1.08959433e+09
 1.08959437e+09 1.08959441e+09 1.08959445e+09 1.08959449e+09
 1.08959453e+09 1.08959457e+09 1.08959461e+09 1.08959465e+09
 1.08959469e+09 1.08959473e+09 1.08959477e+09 1.08959481e+09
 1.08959485e+09 1.08959489e+09 1.08959493e+09 1.08959497e+09
 1.08959501e+09 1.08959505e+09 1.08959509e+09 1.08959513e+09
 1.08959517e+09 1.08959521e+09 1.08959525e+09 1.08959529e+09
 1.08959533e+09 1.08959537e+09 1.08959541e+09 1.08959545e+09
 1.08959549e+09 1.08959553e+09 1.08959557e+09 1.08959561e+09
 1.08959565e+09 1.08959569e+09 1.08959573e+09 1.08959577e+09
 1.08959581e+09 1.08959585e+09 1.08959589e+09 1.08959593e+09
 1.08959597e+09 1.08959601e+09 1.08959605e+09 1.08959609e+09
 1.08959613e+09 1.08959617e+09 1.08959621e+09 1.08959625e+09
 1.08959629e+09 1.08959633e+09 1.08959637e+09 1.08959641e+09
 1.08959645e+09 1.08959649e+09 1.08959653e+09 1.08959657e+09
 1.08959661e+09 1.08959665e+09 1.08959669e+09 1.08959673e+09
 1.08959677e+09 1.08959681e+09 1.08959685e+09 1.08959689e+09
 1.08959693e+09 1.08959697e+09 1.08959701e+09 1.08959705e+09
 1.08959709e+09 1.08959713e+09 1.08959717e+09 1.08959721e+09
 1.08959725e+09 1.08959729e+09 1.08959733e+09 1.08959737e+09
 1.08959741e+09 1.08959745e+09 1.08959749e+09 1.08959753e+09
 1.08959757e+09 1.08959761e+09 1.08959765e+09 1.08959769e+09
 1.08959773e+09 1.08959777e+09 1.08959781e+09 1.08959785e+09
 1.08959789e+09 1.08959793e+09 1.08959797e+09 1.08959801e+09
 1.08959805e+09 1.08959809e+09 1.08959813e+09 1.08959817e+09
 1.08959821e+09 1.08959825e+09 1.08959829e+09 1.08959833e+09
 1.08959837e+09 1.08959841e+09 1.08959845e+09 1.08959849e+09
 1.08959853e+09 1.08959857e+09 1.08959862e+09 1.08959866e+09
 1.08959870e+09 1.08959874e+09 1.08959878e+09 1.08959882e+09
 1.08959886e+09 1.08959890e+09 1.08959894e+09 1.08959898e+09
 1.08959902e+09 1.08959906e+09 1.08959910e+09 1.08959914e+09
 1.08959918e+09 1.08959922e+09 1.08959926e+09 1.08959930e+09
 1.08959934e+09 1.08959938e+09 1.08959942e+09 1.08959946e+09
 1.08959950e+09 1.08959954e+09 1.08959958e+09 1.08959962e+09
 1.08959966e+09 1.08959970e+09 1.08959974e+09 1.08959978e+09
 1.08959982e+09 1.08959986e+09 1.08959990e+09 1.08959994e+09
 1.08959998e+09 1.08960002e+09 1.08960006e+09 1.08960010e+09
 1.08960014e+09 1.08960018e+09 1.08960022e+09 1.08960026e+09
 1.08960030e+09 1.08960034e+09 1.08960038e+09 1.08960042e+09
 1.08960046e+09 1.08960050e+09 1.08960054e+09 1.08960058e+09
 1.08960062e+09 1.08960066e+09 1.08960070e+09 1.08960074e+09
 1.08960078e+09 1.08960082e+09 1.08960086e+09 1.08960090e+09
 1.08960094e+09 1.08960098e+09 1.08960102e+09 1.08960106e+09
 1.08960110e+09 1.08960114e+09 1.08960118e+09 1.08960122e+09
 1.08960126e+09 1.08960130e+09 1.08960134e+09 1.08960138e+09
 1.08960142e+09 1.08960146e+09 1.08960150e+09 1.08960154e+09
 1.08960158e+09 1.08960162e+09 1.08960166e+09 1.08960170e+09
 1.08960174e+09 1.08960178e+09 1.08960182e+09 1.08960186e+09
 1.08960190e+09 1.08960194e+09 1.08960198e+09 1.08960202e+09
 1.08960206e+09 1.08960210e+09 1.08960214e+09 1.08960218e+09
 1.08960222e+09 1.08960226e+09 1.08960230e+09 1.08960234e+09
 1.08960238e+09 1.08960242e+09 1.08960246e+09 1.08960250e+09
 1.08960254e+09 1.08960258e+09 1.08960262e+09 1.08960266e+09
 1.08960270e+09 1.08960274e+09 1.08960278e+09 1.08960282e+09
 1.08960286e+09 1.08960290e+09 1.08960294e+09 1.08960298e+09
 1.08960302e+09 1.08960307e+09 1.08960311e+09 1.08960315e+09
 1.08960319e+09 1.08960323e+09 1.08960327e+09 1.08960331e+09
 1.08960335e+09 1.08960339e+09 1.08960343e+09 1.08960347e+09
 1.08960351e+09 1.08960355e+09 1.08960359e+09 1.08960363e+09
 1.08960367e+09 1.08960371e+09 1.08960375e+09 1.08960379e+09
 1.08960383e+09 1.08960387e+09 1.08960391e+09 1.08960395e+09
 1.08960399e+09 1.08960403e+09 1.08960407e+09 1.08960411e+09
 1.08960415e+09 1.08960419e+09 1.08960423e+09 1.08960427e+09
 1.08960431e+09 1.08960435e+09 1.08960439e+09 1.08960443e+09
 1.08960447e+09 1.08960451e+09 1.08960455e+09 1.08960459e+09
 1.08960463e+09 1.08960467e+09 1.08960471e+09 1.08960475e+09
 1.08960479e+09 1.08960483e+09 1.08960487e+09 1.08960491e+09
 1.08960495e+09 1.08960499e+09 1.08960503e+09 1.08960507e+09
 1.08960511e+09 1.08960515e+09 1.08960519e+09 1.08960523e+09
 1.08960527e+09 1.08960531e+09 1.08960535e+09 1.08960539e+09
 1.08960543e+09 1.08960547e+09 1.08960551e+09 1.08960555e+09
 1.08960559e+09 1.08960563e+09 1.08960567e+09 1.08960571e+09
 1.08960575e+09 1.08960579e+09 1.08960583e+09 1.08960587e+09
 1.08960591e+09 1.08960595e+09 1.08960599e+09 1.08960603e+09
 1.08960607e+09 1.08960611e+09 1.08960615e+09 1.08960619e+09
 1.08960623e+09 1.08960627e+09 1.08960631e+09 1.08960635e+09
 1.08960639e+09 1.08960643e+09 1.08960647e+09 1.08960651e+09
 1.08960655e+09 1.08960659e+09 1.08960663e+09 1.08960667e+09
 1.08960671e+09 1.08960675e+09 1.08960679e+09 1.08960683e+09
 1.08960687e+09 1.08960691e+09 1.08960695e+09 1.08960699e+09
 1.08960703e+09 1.08960707e+09 1.08960711e+09 1.08960715e+09
 1.08960719e+09 1.08960723e+09 1.08960727e+09 1.08960731e+09
 1.08960735e+09 1.08960739e+09 1.08960743e+09 1.08960747e+09
 1.08960752e+09 1.08960756e+09 1.08960760e+09 1.08960764e+09
 1.08960768e+09 1.08960772e+09 1.08960776e+09 1.08960780e+09
 1.08960784e+09 1.08960788e+09 1.08960792e+09 1.08960796e+09
 1.08960800e+09 1.08960804e+09 1.08960808e+09 1.08960812e+09
 1.08960816e+09 1.08960820e+09 1.08960824e+09 1.08960828e+09
 1.08960832e+09 1.08960836e+09 1.08960840e+09 1.08960844e+09
 1.08960848e+09 1.08960852e+09 1.08960856e+09 1.08960860e+09
 1.08960864e+09 1.08960868e+09 1.08960872e+09 1.08960876e+09
 1.08960880e+09 1.08960884e+09 1.08960888e+09 1.08960892e+09
 1.08960896e+09 1.08960900e+09 1.08960904e+09 1.08960908e+09
 1.08960912e+09 1.08960916e+09 1.08960920e+09 1.08960924e+09
 1.08960928e+09 1.08960932e+09 1.08960936e+09 1.08960940e+09
 1.08960944e+09 1.08960948e+09 1.08960952e+09 1.08960956e+09
 1.08960960e+09 1.08960964e+09 1.08960968e+09 1.08960972e+09
 1.08960976e+09 1.08960980e+09 1.08960984e+09 1.08960988e+09
 1.08960992e+09 1.08960996e+09 1.08961000e+09 1.08961004e+09
 1.08961008e+09 1.08961012e+09 1.08961016e+09 1.08961020e+09
 1.08961024e+09 1.08961028e+09 1.08961032e+09 1.08961036e+09
 1.08961040e+09 1.08961044e+09 1.08961048e+09 1.08961052e+09
 1.08961056e+09 1.08961060e+09 1.08961064e+09 1.08961068e+09
 1.08961072e+09 1.08961076e+09 1.08961080e+09 1.08961084e+09
 1.08961088e+09 1.08961092e+09 1.08961096e+09 1.08961100e+09
 1.08961104e+09 1.08961108e+09 1.08961112e+09 1.08961116e+09
 1.08961120e+09 1.08961124e+09 1.08961128e+09 1.08961132e+09
 1.08961136e+09 1.08961140e+09 1.08961144e+09 1.08961148e+09
 1.08961152e+09 1.08961156e+09 1.08961160e+09 1.08961164e+09
 1.08961168e+09 1.08961172e+09 1.08961176e+09 1.08961180e+09
 1.08961184e+09 1.08961188e+09 1.08961192e+09 1.08961197e+09
 1.08961201e+09 1.08961205e+09 1.08961209e+09 1.08961213e+09
 1.08961217e+09 1.08961221e+09 1.08961225e+09 1.08961229e+09
 1.08961233e+09 1.08961237e+09 1.08961241e+09 1.08961245e+09
 1.08961249e+09 1.08961253e+09 1.08961257e+09 1.08961261e+09
 1.08961265e+09 1.08961269e+09 1.08961273e+09 1.08961277e+09
 1.08961281e+09 1.08961285e+09 1.08961289e+09 1.08961293e+09
 1.08961297e+09 1.08961301e+09 1.08961305e+09 1.08961309e+09
 1.08961313e+09 1.08961317e+09 1.08961321e+09 1.08961325e+09
 1.08961329e+09 1.08961333e+09 1.08961337e+09 1.08961341e+09
 1.08961345e+09 1.08961349e+09 1.08961353e+09 1.08961357e+09
 1.08961361e+09 1.08961365e+09 1.08961369e+09 1.08961373e+09
 1.08961377e+09 1.08961381e+09 1.08961385e+09 1.08961389e+09
 1.08961393e+09 1.08961397e+09 1.08961401e+09 1.08961405e+09
 1.08961409e+09 1.08961413e+09 1.08961417e+09 1.08961421e+09
 1.08961425e+09 1.08961429e+09 1.08961433e+09 1.08961437e+09
 1.08961441e+09 1.08961445e+09 1.08961449e+09 1.08961453e+09
 1.08961457e+09 1.08961461e+09 1.08961465e+09 1.08961469e+09
 1.08961473e+09 1.08961477e+09 1.08961481e+09 1.08961485e+09
 1.08961489e+09 1.08961493e+09 1.08961497e+09 1.08961501e+09
 1.08961505e+09 1.08961509e+09 1.08961513e+09 1.08961517e+09
 1.08961521e+09 1.08961525e+09 1.08961529e+09 1.08961533e+09
 1.08961537e+09 1.08961541e+09 1.08961545e+09 1.08961549e+09
 1.08961553e+09 1.08961557e+09 1.08961561e+09 1.08961565e+09
 1.08961569e+09 1.08961573e+09 1.08961577e+09 1.08961581e+09
 1.08961585e+09 1.08961589e+09 1.08961593e+09 1.08961597e+09
 1.08961601e+09 1.08961605e+09 1.08961609e+09 1.08961613e+09
 1.08961617e+09 1.08961621e+09 1.08961625e+09 1.08961629e+09
 1.08961633e+09 1.08961637e+09 1.08961642e+09 1.08961646e+09
 1.08961650e+09 1.08961654e+09 1.08961658e+09 1.08961662e+09
 1.08961666e+09 1.08961670e+09 1.08961674e+09 1.08961678e+09
 1.08961682e+09 1.08961686e+09 1.08961690e+09 1.08961694e+09
 1.08961698e+09 1.08961702e+09 1.08961706e+09 1.08961710e+09
 1.08961714e+09 1.08961718e+09 1.08961722e+09 1.08961726e+09
 1.08961730e+09 1.08961734e+09 1.08961738e+09 1.08961742e+09
 1.08961746e+09 1.08961750e+09 1.08961754e+09 1.08961758e+09
 1.08961762e+09 1.08961766e+09 1.08961770e+09 1.08961774e+09
 1.08961778e+09 1.08961782e+09 1.08961786e+09 1.08961790e+09
 1.08961794e+09 1.08961798e+09 1.08961802e+09 1.08961806e+09
 1.08961810e+09 1.08961814e+09 1.08961818e+09 1.08961822e+09
 1.08961826e+09 1.08961830e+09 1.08961834e+09 1.08961838e+09
 1.08961842e+09 1.08961846e+09 1.08961850e+09 1.08961854e+09
 1.08961858e+09 1.08961862e+09 1.08961866e+09 1.08961870e+09]
