name =JUICE_ROI_GAN_4_6_01
flyby = ['2034 SEP 07 06:03:51', '2034 SEP 08 06:03:51']
Observation TW = <SpiceCell dtype = 1, length = 0, size = 3000, card = 10, is_set = 1, adjust = 0, init = 1, base = 93831231250784, data = 93831231250832>
Res(t) = [1.26254393 1.26228855 1.26203476 1.26178258 1.26153199 1.261283
 1.26103561 1.26078981 1.2605456  1.26030298 1.26006195 1.2598225
 1.25958465 1.25934837 1.25911369 1.25888058 1.25864905 1.2584191
 1.25819073 1.25796394 1.25773872 1.25751507 1.257293   1.25707249
 1.25685355 1.25663618 1.25642038 1.25620614 1.25599346 1.25578235
 1.25557279 1.25536479 1.25515835 1.25495346 1.25475013 1.25454834
 1.25434811 1.25414943 1.25395229 1.25375671 1.25356266 1.25337016
 1.2531792  1.25298977 1.25280189 1.25261554 1.25243073 1.25224745
 1.2520657  1.25188549 1.2517068  1.25152964 1.251354   1.25117989
 1.2510073  1.25083623 1.25066668 1.25049864 1.25033213 1.25016712
 1.25000363 1.24984165 1.24968118 1.24952222 1.24936476 1.24920881
 1.24905436 1.24890142 1.24874997 1.24860002 1.24845156 1.2483046
 1.24815914 1.24801516 1.24787268 1.24773168 1.24759217 1.24745414
 1.2473176  1.24718254 1.24704895 1.24691685 1.24678622 1.24665707
 1.24652939 1.24640318 1.24627844 1.24615516 1.24603336 1.24591302
 1.24579414 1.24567672 1.24556076 1.24544626 1.24533322 1.24522163
 1.24511149 1.2450028  1.24489556 1.24478977 1.24468542 1.24458252
 1.24448106 1.24438104 1.24428246 1.24418532 1.24408961 1.24399533
 1.24390249 1.24381108 1.24372109 1.24363253 1.24354539 1.24345968
 1.24337539 1.24329252 1.24321106 1.24313103 1.2430524  1.24297519
 1.24289939 1.24282499 1.24275201 1.24268042 1.24261025 1.24254147
 1.24247409 1.24240811 1.24234353 1.24228034 1.24221854 1.24215814
 1.24209912 1.24204149 1.24198525 1.24193038 1.2418769  1.2418248
 1.24177408 1.24172474 1.24167676 1.24163017 1.24158494 1.24154108
 1.24149859 1.24145746 1.2414177  1.24137929 1.24134225 1.24130657
 1.24127224 1.24123926 1.24120764 1.24117737 1.24114845 1.24112087
 1.24109464 1.24106975 1.2410462  1.241024   1.24100312 1.24098359
 1.24096539 1.24094852 1.24093298 1.24091877 1.24090589 1.24089433
 1.24088409 1.24087517 1.24086758 1.2408613  1.24085633 1.24085268
 1.24085034 1.24084931 1.24084958 1.24085116 1.24085405 1.24085824
 1.24086372 1.24087051 1.24087859 1.24088797 1.24089864 1.2409106
 1.24092385 1.24093838 1.2409542  1.2409713  1.24098969 1.24100935
 1.24103029 1.24105251 1.24107599 1.24110075 1.24112679 1.24115408
 1.24118265 1.24121248 1.24124357 1.24127592 1.24130952 1.24134439
 1.24138051 1.24141788 1.2414565  1.24149637 1.24153749 1.24157985
 1.24162345 1.2416683  1.24171439 1.24176171 1.24181026 1.24186005
 1.24191108 1.24196333 1.24201681 1.24207151 1.24212744 1.24218459
 1.24224296 1.24230254 1.24236335 1.24242536 1.24248859 1.24255303
 1.24261868 1.24268553 1.24275359 1.24282285 1.24289331 1.24296497
 1.24303783 1.24311188 1.24318712 1.24326355 1.24334117 1.24341998
 1.24349998 1.24358116 1.24366351 1.24374705 1.24383177 1.24391766
 1.24400472 1.24409295 1.24418236 1.24427293 1.24436467 1.24445757
 1.24455163 1.24464685 1.24474323 1.24484077 1.24493946 1.2450393
 1.24514029 1.24524243 1.24534571 1.24545014 1.24555571 1.24566243
 1.24577028 1.24587926 1.24598938 1.24610064 1.24621302 1.24632653
 1.24644117 1.24655694 1.24667382 1.24679183 1.24691096 1.2470312
 1.24715256 1.24727503 1.24739861 1.24752331 1.2476491  1.24777601
 1.24790402 1.24803313 1.24816333 1.24829464 1.24842704 1.24856053
 1.24869512 1.2488308  1.24896756 1.24910541 1.24924434 1.24938436
 1.24952546 1.24966763 1.24981088 1.2499552  1.2501006  1.25024706
 1.2503946  1.2505432  1.25069287 1.25084359 1.25099538 1.25114823
 1.25130213 1.25145709 1.2516131  1.25177017 1.25192828 1.25208744
 1.25224764 1.25240889 1.25257118 1.2527345  1.25289887 1.25306427
 1.2532307  1.25339817 1.25356666 1.25373619 1.25390673 1.25407831
 1.2542509  1.25442452 1.25459915 1.2547748  1.25495146 1.25512914
 1.25530782 1.25548752 1.25566822 1.25584992 1.25603263 1.25621634
 1.25640105 1.25658675 1.25677345 1.25696114 1.25714983 1.2573395
 1.25753016 1.25772181 1.25791444 1.25810805 1.25830264 1.25849821
 1.25869476 1.25889228 1.25909077 1.25929023 1.25949066 1.25969206
 1.25989442 1.26009774 1.26030202 1.26050727 1.26071347 1.26092062
 1.26112873 1.26133779 1.2615478  1.26175876 1.26197066 1.2621835
 1.26239729 1.26261202 1.26282768 1.26304428 1.26326182 1.26348029
 1.26369968 1.26392001 1.26414126 1.26436344 1.26458654 1.26481057
 1.26503551 1.26526137 1.26548814 1.26571583 1.26594443 1.26617394
 1.26640435 1.26663568 1.2668679  1.26710103 1.26733507 1.26756999
 1.26780582 1.26804254 1.26828016 1.26851866 1.26875806 1.26899834
 1.26923951 1.26948156 1.26972449 1.2699683  1.270213   1.27045856
 1.27070501 1.27095232 1.27120051 1.27144956 1.27169949 1.27195028
 1.27220193 1.27245444 1.27270781 1.27296205 1.27321713 1.27347307
 1.27372987 1.27398751 1.27424601 1.27450535 1.27476554 1.27502657
 1.27528844 1.27555115 1.2758147  1.27607909 1.27634431 1.27661036
 1.27687724 1.27714496 1.2774135  1.27768286 1.27795305 1.27822406
 1.27849589 1.27876854 1.279042   1.27931628 1.27959138 1.27986728
 1.28014399 1.28042151 1.28069984 1.28097897 1.2812589  1.28153963
 1.28182116 1.28210349 1.28238662 1.28267053 1.28295524 1.28324074
 1.28352702 1.28381409 1.28410195 1.28439059 1.28468    1.2849702
 1.28526118 1.28555293 1.28584545 1.28613875 1.28643282 1.28672766
 1.28702326 1.28731963 1.28761676 1.28791465 1.28821331 1.28851272
 1.28881289 1.28911381 1.28941548 1.28971791 1.29002109 1.29032501
 1.29062968 1.2909351  1.29124125 1.29154815 1.29185579 1.29216417
 1.29247328 1.29278312 1.2930937  1.29340501 1.29371704 1.29402981
 1.2943433  1.29465751 1.29497245 1.29528811 1.29560448 1.29592157
 1.29623938 1.2965579  1.29687714 1.29719708 1.29751774 1.2978391
 1.29816116 1.29848393 1.2988074  1.29913158 1.29945645 1.29978201
 1.30010828 1.30043523 1.30076288 1.30109122 1.30142025 1.30174996
 1.30208037 1.30241145 1.30274322 1.30307566 1.30340879 1.30374259
 1.30407707 1.30441222 1.30474805 1.30508455 1.30542171 1.30575954
 1.30609804 1.30643721 1.30677703 1.30711752 1.30745866 1.30780047
 1.30814293 1.30848604 1.30882981 1.30917423 1.30951929 1.30986501
 1.31021137 1.31055838 1.31090603 1.31125433 1.31160326 1.31195283
 1.31230304 1.31265388 1.31300536 1.31335747 1.31371021 1.31406358
 1.31441758 1.31477221 1.31512745 1.31548333 1.31583982 1.31619693
 1.31655466 1.31691301 1.31727197 1.31763155 1.31799173 1.31835253
 1.31871394 1.31907595 1.31943857 1.3198018  1.32016563 1.32053005
 1.32089508 1.32126071 1.32162693 1.32199375 1.32236116 1.32272917
 1.32309776 1.32346694 1.32383672 1.32420707 1.32457801 1.32494954
 1.32532165 1.32569433 1.3260676  1.32644144 1.32681586 1.32719085
 1.32756641 1.32794255 1.32831925 1.32869652 1.32907436 1.32945277
 1.32983174 1.33021127 1.33059136 1.33097201 1.33135322 1.33173498
 1.3321173  1.33250018 1.3328836  1.33326758 1.3336521  1.33403718
 1.33442279 1.33480896 1.33519567 1.33558291 1.3359707  1.33635903
 1.3367479  1.3371373  1.33752724 1.33791771 1.33830871 1.33870024
 1.3390923  1.33948489 1.33987801 1.34027165 1.34066581 1.3410605
 1.34145571 1.34185143 1.34224768 1.34264444 1.34304171 1.3434395
 1.3438378  1.34423661 1.34463593 1.34503576 1.3454361  1.34583694
 1.34623829 1.34664014 1.34704248 1.34744533 1.34784868 1.34825253
 1.34865687 1.3490617  1.34946703 1.34987285 1.35027916 1.35068596
 1.35109325 1.35150103 1.35190928 1.35231803 1.35272725 1.35313696
 1.35354714 1.35395781 1.35436895 1.35478057 1.35519266 1.35560522
 1.35601826 1.35643177 1.35684574 1.35726019 1.3576751  1.35809047
 1.35850631 1.35892262 1.35933938 1.35975661 1.36017429 1.36059243
 1.36101103 1.36143008 1.36184958 1.36226954 1.36268995 1.36311081
 1.36353212 1.36395387 1.36437607 1.36479872 1.36522181 1.36564534
 1.36606931 1.36649372 1.36691857 1.36734386 1.36776959 1.36819575
 1.36862234 1.36904936 1.36947682 1.3699047  1.37033302 1.37076176
 1.37119093 1.37162052 1.37205054 1.37248098 1.37291184 1.37334312
 1.37377482 1.37420694 1.37463947 1.37507242 1.37550578 1.37593956
 1.37637375 1.37680834 1.37724335 1.37767877 1.37811459 1.37855082
 1.37898745 1.37942449 1.37986192 1.38029976 1.380738   1.38117664
 1.38161568 1.38205511 1.38249494 1.38293516 1.38337577 1.38381678
 1.38425817 1.38469996 1.38514214 1.3855847  1.38602764 1.38647098
 1.38691469 1.38735879 1.38780327 1.38824813 1.38869337 1.38913899
 1.38958499 1.39003136 1.3904781  1.39092522 1.39137272 1.39182058
 1.39226881 1.39271742 1.39316639 1.39361573 1.39406543 1.3945155
 1.39496593 1.39541673 1.39586788 1.3963194  1.39677128 1.39722351
 1.39767611 1.39812906 1.39858236 1.39903602 1.39949003 1.39994439
 1.40039911 1.40085417 1.40130958 1.40176534 1.40222145 1.4026779
 1.4031347  1.40359184 1.40404932 1.40450715 1.40496531 1.40542382
 1.40588266 1.40634184 1.40680135 1.4072612  1.40772139 1.40818191
 1.40864276 1.40910394 1.40956545 1.4100273  1.41048947 1.41095196
 1.41141479 1.41187793 1.41234141 1.4128052  1.41326932 1.41373376
 1.41419852 1.4146636  1.41512899 1.41559471 1.41606074 1.41652708
 1.41699374 1.41746071 1.417928   1.4183956  1.4188635  1.41933172
 1.41980025 1.42026908 1.42073822 1.42120766 1.42167741 1.42214747
 1.42261782 1.42308848 1.42355944 1.4240307  1.42450226 1.42497412
 1.42544627 1.42591872 1.42639147 1.42686451 1.42733784 1.42781147
 1.42828538 1.42875959 1.42923409 1.42970888 1.43018395 1.43065932
 1.43113497 1.4316109  1.43208712 1.43256362 1.43304041 1.43351748
 1.43399482 1.43447245 1.43495036 1.43542854 1.43590701 1.43638575
 1.43686476 1.43734405 1.43782362 1.43830345 1.43878356 1.43926394
 1.4397446  1.44022552 1.44070671 1.44118816 1.44166989 1.44215188
 1.44263414 1.44311666 1.44359944 1.44408249 1.4445658  1.44504937
 1.4455332  1.44601729 1.44650164 1.44698625 1.44747111 1.44795623
 1.44844161 1.44892724 1.44941313 1.44989927 1.45038566 1.4508723
 1.45135919 1.45184633 1.45233372 1.45282136 1.45330925 1.45379739
 1.45428577 1.45477439 1.45526326 1.45575237 1.45624173 1.45673133
 1.45722116 1.45771124 1.45820156 1.45869212 1.45918292 1.45967395
 1.46016522 1.46065673 1.46114847 1.46164045 1.46213266 1.4626251
 1.46311777 1.46361068 1.46410382 1.46459718 1.46509078 1.4655846
 1.46607866 1.46657294 1.46706744 1.46756217 1.46805713 1.46855231
 1.46904771 1.46954334 1.47003919 1.47053526 1.47103155 1.47152806
 1.47202479 1.47252174 1.4730189  1.47351629 1.47401389 1.4745117
 1.47500973 1.47550798 1.47600643 1.47650511 1.47700399 1.47750308
 1.47800239 1.47850191 1.47900163 1.47950157 1.48000171 1.48050206
 1.48100262 1.48150339 1.48200436 1.48250553 1.48300691 1.48350849
 1.48401028 1.48451227 1.48501446 1.48551685 1.48601944 1.48652223
 1.48702523 1.48752842 1.4880318  1.48853539 1.48903917 1.48954315
 1.49004732 1.49055169 1.49105625 1.49156101 1.49206596 1.4925711
 1.49307643 1.49358196 1.49408767 1.49459358 1.49509967 1.49560596
 1.49611243 1.49661909 1.49712593 1.49763297 1.49814018 1.49864759
 1.49915518 1.49966295 1.50017091 1.50067905 1.50118737 1.50169587
 1.50220456 1.50271342 1.50322247 1.50373169 1.5042411  1.50475068
 1.50526044 1.50577038 1.50628049 1.50679079 1.50730125 1.50781189
 1.50832271 1.5088337  1.50934487 1.50985621 1.51036772 1.5108794
 1.51139125 1.51190328 1.51241547 1.51292784 1.51344037 1.51395307
 1.51446595 1.51497899 1.51549219 1.51600557 1.51651911 1.51703281
 1.51754668 1.51806072 1.51857492 1.51908928]
t = [1.09453395e+09 1.09453400e+09 1.09453404e+09 1.09453409e+09
 1.09453414e+09 1.09453418e+09 1.09453423e+09 1.09453427e+09
 1.09453432e+09 1.09453437e+09 1.09453441e+09 1.09453446e+09
 1.09453451e+09 1.09453455e+09 1.09453460e+09 1.09453465e+09
 1.09453469e+09 1.09453474e+09 1.09453479e+09 1.09453483e+09
 1.09453488e+09 1.09453492e+09 1.09453497e+09 1.09453502e+09
 1.09453506e+09 1.09453511e+09 1.09453516e+09 1.09453520e+09
 1.09453525e+09 1.09453530e+09 1.09453534e+09 1.09453539e+09
 1.09453543e+09 1.09453548e+09 1.09453553e+09 1.09453557e+09
 1.09453562e+09 1.09453567e+09 1.09453571e+09 1.09453576e+09
 1.09453581e+09 1.09453585e+09 1.09453590e+09 1.09453595e+09
 1.09453599e+09 1.09453604e+09 1.09453608e+09 1.09453613e+09
 1.09453618e+09 1.09453622e+09 1.09453627e+09 1.09453632e+09
 1.09453636e+09 1.09453641e+09 1.09453646e+09 1.09453650e+09
 1.09453655e+09 1.09453659e+09 1.09453664e+09 1.09453669e+09
 1.09453673e+09 1.09453678e+09 1.09453683e+09 1.09453687e+09
 1.09453692e+09 1.09453697e+09 1.09453701e+09 1.09453706e+09
 1.09453711e+09 1.09453715e+09 1.09453720e+09 1.09453724e+09
 1.09453729e+09 1.09453734e+09 1.09453738e+09 1.09453743e+09
 1.09453748e+09 1.09453752e+09 1.09453757e+09 1.09453762e+09
 1.09453766e+09 1.09453771e+09 1.09453775e+09 1.09453780e+09
 1.09453785e+09 1.09453789e+09 1.09453794e+09 1.09453799e+09
 1.09453803e+09 1.09453808e+09 1.09453813e+09 1.09453817e+09
 1.09453822e+09 1.09453827e+09 1.09453831e+09 1.09453836e+09
 1.09453840e+09 1.09453845e+09 1.09453850e+09 1.09453854e+09
 1.09453859e+09 1.09453864e+09 1.09453868e+09 1.09453873e+09
 1.09453878e+09 1.09453882e+09 1.09453887e+09 1.09453891e+09
 1.09453896e+09 1.09453901e+09 1.09453905e+09 1.09453910e+09
 1.09453915e+09 1.09453919e+09 1.09453924e+09 1.09453929e+09
 1.09453933e+09 1.09453938e+09 1.09453942e+09 1.09453947e+09
 1.09453952e+09 1.09453956e+09 1.09453961e+09 1.09453966e+09
 1.09453970e+09 1.09453975e+09 1.09453980e+09 1.09453984e+09
 1.09453989e+09 1.09453994e+09 1.09453998e+09 1.09454003e+09
 1.09454007e+09 1.09454012e+09 1.09454017e+09 1.09454021e+09
 1.09454026e+09 1.09454031e+09 1.09454035e+09 1.09454040e+09
 1.09454045e+09 1.09454049e+09 1.09454054e+09 1.09454058e+09
 1.09454063e+09 1.09454068e+09 1.09454072e+09 1.09454077e+09
 1.09454082e+09 1.09454086e+09 1.09454091e+09 1.09454096e+09
 1.09454100e+09 1.09454105e+09 1.09454110e+09 1.09454114e+09
 1.09454119e+09 1.09454123e+09 1.09454128e+09 1.09454133e+09
 1.09454137e+09 1.09454142e+09 1.09454147e+09 1.09454151e+09
 1.09454156e+09 1.09454161e+09 1.09454165e+09 1.09454170e+09
 1.09454174e+09 1.09454179e+09 1.09454184e+09 1.09454188e+09
 1.09454193e+09 1.09454198e+09 1.09454202e+09 1.09454207e+09
 1.09454212e+09 1.09454216e+09 1.09454221e+09 1.09454226e+09
 1.09454230e+09 1.09454235e+09 1.09454239e+09 1.09454244e+09
 1.09454249e+09 1.09454253e+09 1.09454258e+09 1.09454263e+09
 1.09454267e+09 1.09454272e+09 1.09454277e+09 1.09454281e+09
 1.09454286e+09 1.09454290e+09 1.09454295e+09 1.09454300e+09
 1.09454304e+09 1.09454309e+09 1.09454314e+09 1.09454318e+09
 1.09454323e+09 1.09454328e+09 1.09454332e+09 1.09454337e+09
 1.09454342e+09 1.09454346e+09 1.09454351e+09 1.09454355e+09
 1.09454360e+09 1.09454365e+09 1.09454369e+09 1.09454374e+09
 1.09454379e+09 1.09454383e+09 1.09454388e+09 1.09454393e+09
 1.09454397e+09 1.09454402e+09 1.09454406e+09 1.09454411e+09
 1.09454416e+09 1.09454420e+09 1.09454425e+09 1.09454430e+09
 1.09454434e+09 1.09454439e+09 1.09454444e+09 1.09454448e+09
 1.09454453e+09 1.09454457e+09 1.09454462e+09 1.09454467e+09
 1.09454471e+09 1.09454476e+09 1.09454481e+09 1.09454485e+09
 1.09454490e+09 1.09454495e+09 1.09454499e+09 1.09454504e+09
 1.09454509e+09 1.09454513e+09 1.09454518e+09 1.09454522e+09
 1.09454527e+09 1.09454532e+09 1.09454536e+09 1.09454541e+09
 1.09454546e+09 1.09454550e+09 1.09454555e+09 1.09454560e+09
 1.09454564e+09 1.09454569e+09 1.09454573e+09 1.09454578e+09
 1.09454583e+09 1.09454587e+09 1.09454592e+09 1.09454597e+09
 1.09454601e+09 1.09454606e+09 1.09454611e+09 1.09454615e+09
 1.09454620e+09 1.09454625e+09 1.09454629e+09 1.09454634e+09
 1.09454638e+09 1.09454643e+09 1.09454648e+09 1.09454652e+09
 1.09454657e+09 1.09454662e+09 1.09454666e+09 1.09454671e+09
 1.09454676e+09 1.09454680e+09 1.09454685e+09 1.09454689e+09
 1.09454694e+09 1.09454699e+09 1.09454703e+09 1.09454708e+09
 1.09454713e+09 1.09454717e+09 1.09454722e+09 1.09454727e+09
 1.09454731e+09 1.09454736e+09 1.09454741e+09 1.09454745e+09
 1.09454750e+09 1.09454754e+09 1.09454759e+09 1.09454764e+09
 1.09454768e+09 1.09454773e+09 1.09454778e+09 1.09454782e+09
 1.09454787e+09 1.09454792e+09 1.09454796e+09 1.09454801e+09
 1.09454805e+09 1.09454810e+09 1.09454815e+09 1.09454819e+09
 1.09454824e+09 1.09454829e+09 1.09454833e+09 1.09454838e+09
 1.09454843e+09 1.09454847e+09 1.09454852e+09 1.09454857e+09
 1.09454861e+09 1.09454866e+09 1.09454870e+09 1.09454875e+09
 1.09454880e+09 1.09454884e+09 1.09454889e+09 1.09454894e+09
 1.09454898e+09 1.09454903e+09 1.09454908e+09 1.09454912e+09
 1.09454917e+09 1.09454921e+09 1.09454926e+09 1.09454931e+09
 1.09454935e+09 1.09454940e+09 1.09454945e+09 1.09454949e+09
 1.09454954e+09 1.09454959e+09 1.09454963e+09 1.09454968e+09
 1.09454972e+09 1.09454977e+09 1.09454982e+09 1.09454986e+09
 1.09454991e+09 1.09454996e+09 1.09455000e+09 1.09455005e+09
 1.09455010e+09 1.09455014e+09 1.09455019e+09 1.09455024e+09
 1.09455028e+09 1.09455033e+09 1.09455037e+09 1.09455042e+09
 1.09455047e+09 1.09455051e+09 1.09455056e+09 1.09455061e+09
 1.09455065e+09 1.09455070e+09 1.09455075e+09 1.09455079e+09
 1.09455084e+09 1.09455088e+09 1.09455093e+09 1.09455098e+09
 1.09455102e+09 1.09455107e+09 1.09455112e+09 1.09455116e+09
 1.09455121e+09 1.09455126e+09 1.09455130e+09 1.09455135e+09
 1.09455140e+09 1.09455144e+09 1.09455149e+09 1.09455153e+09
 1.09455158e+09 1.09455163e+09 1.09455167e+09 1.09455172e+09
 1.09455177e+09 1.09455181e+09 1.09455186e+09 1.09455191e+09
 1.09455195e+09 1.09455200e+09 1.09455204e+09 1.09455209e+09
 1.09455214e+09 1.09455218e+09 1.09455223e+09 1.09455228e+09
 1.09455232e+09 1.09455237e+09 1.09455242e+09 1.09455246e+09
 1.09455251e+09 1.09455256e+09 1.09455260e+09 1.09455265e+09
 1.09455269e+09 1.09455274e+09 1.09455279e+09 1.09455283e+09
 1.09455288e+09 1.09455293e+09 1.09455297e+09 1.09455302e+09
 1.09455307e+09 1.09455311e+09 1.09455316e+09 1.09455320e+09
 1.09455325e+09 1.09455330e+09 1.09455334e+09 1.09455339e+09
 1.09455344e+09 1.09455348e+09 1.09455353e+09 1.09455358e+09
 1.09455362e+09 1.09455367e+09 1.09455372e+09 1.09455376e+09
 1.09455381e+09 1.09455385e+09 1.09455390e+09 1.09455395e+09
 1.09455399e+09 1.09455404e+09 1.09455409e+09 1.09455413e+09
 1.09455418e+09 1.09455423e+09 1.09455427e+09 1.09455432e+09
 1.09455436e+09 1.09455441e+09 1.09455446e+09 1.09455450e+09
 1.09455455e+09 1.09455460e+09 1.09455464e+09 1.09455469e+09
 1.09455474e+09 1.09455478e+09 1.09455483e+09 1.09455487e+09
 1.09455492e+09 1.09455497e+09 1.09455501e+09 1.09455506e+09
 1.09455511e+09 1.09455515e+09 1.09455520e+09 1.09455525e+09
 1.09455529e+09 1.09455534e+09 1.09455539e+09 1.09455543e+09
 1.09455548e+09 1.09455552e+09 1.09455557e+09 1.09455562e+09
 1.09455566e+09 1.09455571e+09 1.09455576e+09 1.09455580e+09
 1.09455585e+09 1.09455590e+09 1.09455594e+09 1.09455599e+09
 1.09455603e+09 1.09455608e+09 1.09455613e+09 1.09455617e+09
 1.09455622e+09 1.09455627e+09 1.09455631e+09 1.09455636e+09
 1.09455641e+09 1.09455645e+09 1.09455650e+09 1.09455655e+09
 1.09455659e+09 1.09455664e+09 1.09455668e+09 1.09455673e+09
 1.09455678e+09 1.09455682e+09 1.09455687e+09 1.09455692e+09
 1.09455696e+09 1.09455701e+09 1.09455706e+09 1.09455710e+09
 1.09455715e+09 1.09455719e+09 1.09455724e+09 1.09455729e+09
 1.09455733e+09 1.09455738e+09 1.09455743e+09 1.09455747e+09
 1.09455752e+09 1.09455757e+09 1.09455761e+09 1.09455766e+09
 1.09455771e+09 1.09455775e+09 1.09455780e+09 1.09455784e+09
 1.09455789e+09 1.09455794e+09 1.09455798e+09 1.09455803e+09
 1.09455808e+09 1.09455812e+09 1.09455817e+09 1.09455822e+09
 1.09455826e+09 1.09455831e+09 1.09455835e+09 1.09455840e+09
 1.09455845e+09 1.09455849e+09 1.09455854e+09 1.09455859e+09
 1.09455863e+09 1.09455868e+09 1.09455873e+09 1.09455877e+09
 1.09455882e+09 1.09455887e+09 1.09455891e+09 1.09455896e+09
 1.09455900e+09 1.09455905e+09 1.09455910e+09 1.09455914e+09
 1.09455919e+09 1.09455924e+09 1.09455928e+09 1.09455933e+09
 1.09455938e+09 1.09455942e+09 1.09455947e+09 1.09455951e+09
 1.09455956e+09 1.09455961e+09 1.09455965e+09 1.09455970e+09
 1.09455975e+09 1.09455979e+09 1.09455984e+09 1.09455989e+09
 1.09455993e+09 1.09455998e+09 1.09456002e+09 1.09456007e+09
 1.09456012e+09 1.09456016e+09 1.09456021e+09 1.09456026e+09
 1.09456030e+09 1.09456035e+09 1.09456040e+09 1.09456044e+09
 1.09456049e+09 1.09456054e+09 1.09456058e+09 1.09456063e+09
 1.09456067e+09 1.09456072e+09 1.09456077e+09 1.09456081e+09
 1.09456086e+09 1.09456091e+09 1.09456095e+09 1.09456100e+09
 1.09456105e+09 1.09456109e+09 1.09456114e+09 1.09456118e+09
 1.09456123e+09 1.09456128e+09 1.09456132e+09 1.09456137e+09
 1.09456142e+09 1.09456146e+09 1.09456151e+09 1.09456156e+09
 1.09456160e+09 1.09456165e+09 1.09456170e+09 1.09456174e+09
 1.09456179e+09 1.09456183e+09 1.09456188e+09 1.09456193e+09
 1.09456197e+09 1.09456202e+09 1.09456207e+09 1.09456211e+09
 1.09456216e+09 1.09456221e+09 1.09456225e+09 1.09456230e+09
 1.09456234e+09 1.09456239e+09 1.09456244e+09 1.09456248e+09
 1.09456253e+09 1.09456258e+09 1.09456262e+09 1.09456267e+09
 1.09456272e+09 1.09456276e+09 1.09456281e+09 1.09456286e+09
 1.09456290e+09 1.09456295e+09 1.09456299e+09 1.09456304e+09
 1.09456309e+09 1.09456313e+09 1.09456318e+09 1.09456323e+09
 1.09456327e+09 1.09456332e+09 1.09456337e+09 1.09456341e+09
 1.09456346e+09 1.09456350e+09 1.09456355e+09 1.09456360e+09
 1.09456364e+09 1.09456369e+09 1.09456374e+09 1.09456378e+09
 1.09456383e+09 1.09456388e+09 1.09456392e+09 1.09456397e+09
 1.09456402e+09 1.09456406e+09 1.09456411e+09 1.09456415e+09
 1.09456420e+09 1.09456425e+09 1.09456429e+09 1.09456434e+09
 1.09456439e+09 1.09456443e+09 1.09456448e+09 1.09456453e+09
 1.09456457e+09 1.09456462e+09 1.09456466e+09 1.09456471e+09
 1.09456476e+09 1.09456480e+09 1.09456485e+09 1.09456490e+09
 1.09456494e+09 1.09456499e+09 1.09456504e+09 1.09456508e+09
 1.09456513e+09 1.09456517e+09 1.09456522e+09 1.09456527e+09
 1.09456531e+09 1.09456536e+09 1.09456541e+09 1.09456545e+09
 1.09456550e+09 1.09456555e+09 1.09456559e+09 1.09456564e+09
 1.09456569e+09 1.09456573e+09 1.09456578e+09 1.09456582e+09
 1.09456587e+09 1.09456592e+09 1.09456596e+09 1.09456601e+09
 1.09456606e+09 1.09456610e+09 1.09456615e+09 1.09456620e+09
 1.09456624e+09 1.09456629e+09 1.09456633e+09 1.09456638e+09
 1.09456643e+09 1.09456647e+09 1.09456652e+09 1.09456657e+09
 1.09456661e+09 1.09456666e+09 1.09456671e+09 1.09456675e+09
 1.09456680e+09 1.09456685e+09 1.09456689e+09 1.09456694e+09
 1.09456698e+09 1.09456703e+09 1.09456708e+09 1.09456712e+09
 1.09456717e+09 1.09456722e+09 1.09456726e+09 1.09456731e+09
 1.09456736e+09 1.09456740e+09 1.09456745e+09 1.09456749e+09
 1.09456754e+09 1.09456759e+09 1.09456763e+09 1.09456768e+09
 1.09456773e+09 1.09456777e+09 1.09456782e+09 1.09456787e+09
 1.09456791e+09 1.09456796e+09 1.09456801e+09 1.09456805e+09
 1.09456810e+09 1.09456814e+09 1.09456819e+09 1.09456824e+09
 1.09456828e+09 1.09456833e+09 1.09456838e+09 1.09456842e+09
 1.09456847e+09 1.09456852e+09 1.09456856e+09 1.09456861e+09
 1.09456865e+09 1.09456870e+09 1.09456875e+09 1.09456879e+09
 1.09456884e+09 1.09456889e+09 1.09456893e+09 1.09456898e+09
 1.09456903e+09 1.09456907e+09 1.09456912e+09 1.09456917e+09
 1.09456921e+09 1.09456926e+09 1.09456930e+09 1.09456935e+09
 1.09456940e+09 1.09456944e+09 1.09456949e+09 1.09456954e+09
 1.09456958e+09 1.09456963e+09 1.09456968e+09 1.09456972e+09
 1.09456977e+09 1.09456981e+09 1.09456986e+09 1.09456991e+09
 1.09456995e+09 1.09457000e+09 1.09457005e+09 1.09457009e+09
 1.09457014e+09 1.09457019e+09 1.09457023e+09 1.09457028e+09
 1.09457032e+09 1.09457037e+09 1.09457042e+09 1.09457046e+09
 1.09457051e+09 1.09457056e+09 1.09457060e+09 1.09457065e+09
 1.09457070e+09 1.09457074e+09 1.09457079e+09 1.09457084e+09
 1.09457088e+09 1.09457093e+09 1.09457097e+09 1.09457102e+09
 1.09457107e+09 1.09457111e+09 1.09457116e+09 1.09457121e+09
 1.09457125e+09 1.09457130e+09 1.09457135e+09 1.09457139e+09
 1.09457144e+09 1.09457148e+09 1.09457153e+09 1.09457158e+09
 1.09457162e+09 1.09457167e+09 1.09457172e+09 1.09457176e+09
 1.09457181e+09 1.09457186e+09 1.09457190e+09 1.09457195e+09
 1.09457200e+09 1.09457204e+09 1.09457209e+09 1.09457213e+09
 1.09457218e+09 1.09457223e+09 1.09457227e+09 1.09457232e+09
 1.09457237e+09 1.09457241e+09 1.09457246e+09 1.09457251e+09
 1.09457255e+09 1.09457260e+09 1.09457264e+09 1.09457269e+09
 1.09457274e+09 1.09457278e+09 1.09457283e+09 1.09457288e+09
 1.09457292e+09 1.09457297e+09 1.09457302e+09 1.09457306e+09
 1.09457311e+09 1.09457316e+09 1.09457320e+09 1.09457325e+09
 1.09457329e+09 1.09457334e+09 1.09457339e+09 1.09457343e+09
 1.09457348e+09 1.09457353e+09 1.09457357e+09 1.09457362e+09
 1.09457367e+09 1.09457371e+09 1.09457376e+09 1.09457380e+09
 1.09457385e+09 1.09457390e+09 1.09457394e+09 1.09457399e+09
 1.09457404e+09 1.09457408e+09 1.09457413e+09 1.09457418e+09
 1.09457422e+09 1.09457427e+09 1.09457432e+09 1.09457436e+09
 1.09457441e+09 1.09457445e+09 1.09457450e+09 1.09457455e+09
 1.09457459e+09 1.09457464e+09 1.09457469e+09 1.09457473e+09
 1.09457478e+09 1.09457483e+09 1.09457487e+09 1.09457492e+09
 1.09457496e+09 1.09457501e+09 1.09457506e+09 1.09457510e+09
 1.09457515e+09 1.09457520e+09 1.09457524e+09 1.09457529e+09
 1.09457534e+09 1.09457538e+09 1.09457543e+09 1.09457547e+09
 1.09457552e+09 1.09457557e+09 1.09457561e+09 1.09457566e+09
 1.09457571e+09 1.09457575e+09 1.09457580e+09 1.09457585e+09
 1.09457589e+09 1.09457594e+09 1.09457599e+09 1.09457603e+09
 1.09457608e+09 1.09457612e+09 1.09457617e+09 1.09457622e+09
 1.09457626e+09 1.09457631e+09 1.09457636e+09 1.09457640e+09
 1.09457645e+09 1.09457650e+09 1.09457654e+09 1.09457659e+09
 1.09457663e+09 1.09457668e+09 1.09457673e+09 1.09457677e+09
 1.09457682e+09 1.09457687e+09 1.09457691e+09 1.09457696e+09
 1.09457701e+09 1.09457705e+09 1.09457710e+09 1.09457715e+09
 1.09457719e+09 1.09457724e+09 1.09457728e+09 1.09457733e+09
 1.09457738e+09 1.09457742e+09 1.09457747e+09 1.09457752e+09
 1.09457756e+09 1.09457761e+09 1.09457766e+09 1.09457770e+09
 1.09457775e+09 1.09457779e+09 1.09457784e+09 1.09457789e+09
 1.09457793e+09 1.09457798e+09 1.09457803e+09 1.09457807e+09
 1.09457812e+09 1.09457817e+09 1.09457821e+09 1.09457826e+09
 1.09457831e+09 1.09457835e+09 1.09457840e+09 1.09457844e+09
 1.09457849e+09 1.09457854e+09 1.09457858e+09 1.09457863e+09
 1.09457868e+09 1.09457872e+09 1.09457877e+09 1.09457882e+09
 1.09457886e+09 1.09457891e+09 1.09457895e+09 1.09457900e+09
 1.09457905e+09 1.09457909e+09 1.09457914e+09 1.09457919e+09
 1.09457923e+09 1.09457928e+09 1.09457933e+09 1.09457937e+09
 1.09457942e+09 1.09457947e+09 1.09457951e+09 1.09457956e+09
 1.09457960e+09 1.09457965e+09 1.09457970e+09 1.09457974e+09
 1.09457979e+09 1.09457984e+09 1.09457988e+09 1.09457993e+09
 1.09457998e+09 1.09458002e+09 1.09458007e+09 1.09458011e+09
 1.09458016e+09 1.09458021e+09 1.09458025e+09 1.09458030e+09]
minRes = 1.2408493062503634
minResTime = [1.09454207e+09]
Cov(t) = [100 100 100 100 100 100 100 100 100 100 100 100 100 100 100 100 100 100
 100 100 100 100 100 100 100 100 100 100 100 100 100 100 100 100 100 100
 100 100 100 100 100 100 100 100 100 100 100 100 100 100 100 100 100 100
 100 100 100 100 100 100 100 100 100 100 100 100 100 100 100 100 100 100
 100 100 100 100 100 100 100 100 100 100 100 100 100 100 100 100 100 100
 100 100 100 100 100 100 100 100 100 100 100 100 100 100 100 100 100 100
 100 100 100 100 100 100 100 100 100 100 100 100 100 100 100 100 100 100
 100 100 100 100 100 100 100 100 100 100 100 100 100 100 100 100 100 100
 100 100 100 100 100 100 100 100 100 100 100 100 100 100 100 100 100 100
 100 100 100 100 100 100 100 100 100 100 100 100 100 100 100 100 100 100
 100 100 100 100 100 100 100 100 100 100 100 100 100 100 100 100 100 100
 100 100 100 100 100 100 100 100 100 100 100 100 100 100 100 100 100 100
 100 100 100 100 100 100 100 100 100 100 100 100 100 100 100 100 100 100
 100 100 100 100 100 100 100 100 100 100 100 100 100 100 100 100 100 100
 100 100 100 100 100 100 100 100 100 100 100 100 100 100 100 100 100 100
 100 100 100 100 100 100 100 100 100 100 100 100 100 100 100 100 100 100
 100 100 100 100 100 100 100 100 100 100 100 100 100 100 100 100 100 100
 100 100 100 100 100 100 100 100 100 100 100 100 100 100 100 100 100 100
 100 100 100 100 100 100 100 100 100 100 100 100 100 100 100 100 100 100
 100 100 100 100 100 100 100 100 100 100 100 100 100 100 100 100 100 100
 100 100 100 100 100 100 100 100 100 100 100 100 100 100 100 100 100 100
 100 100 100 100 100 100 100 100 100 100 100 100 100 100 100 100 100 100
 100 100 100 100 100 100 100 100 100 100 100 100 100 100 100 100 100 100
 100 100 100 100 100 100 100 100 100 100 100 100 100 100 100 100 100 100
 100 100 100 100 100 100 100 100 100 100 100 100 100 100 100 100 100 100
 100 100 100 100 100 100 100 100 100 100 100 100 100 100 100 100 100 100
 100 100 100 100 100 100 100 100 100 100 100 100 100 100 100 100 100 100
 100 100 100 100 100 100 100 100 100 100 100 100 100 100 100 100 100 100
 100 100 100 100 100 100 100 100 100 100 100 100 100 100 100 100 100 100
 100 100 100 100 100 100 100 100 100 100 100 100 100 100 100 100 100 100
 100 100 100 100 100 100 100 100 100 100 100 100 100 100 100 100 100 100
 100 100 100 100 100 100 100 100 100 100 100 100 100 100 100 100 100 100
 100 100 100 100 100 100 100 100 100 100 100 100 100 100 100 100 100 100
 100 100 100 100 100 100 100 100 100 100 100 100 100 100 100 100 100 100
 100 100 100 100 100 100 100 100 100 100 100 100 100 100 100 100 100 100
 100 100 100 100 100 100 100 100 100 100 100 100 100 100 100 100 100 100
 100 100 100 100 100 100 100 100 100 100 100 100 100 100 100 100 100 100
 100 100 100 100 100 100 100 100 100 100 100 100 100 100 100 100 100 100
 100 100 100 100 100 100 100 100 100 100 100 100 100 100 100 100 100 100
 100 100 100 100 100 100 100 100 100 100 100 100 100 100 100 100 100 100
 100 100 100 100 100 100 100 100 100 100 100 100 100 100 100 100 100 100
 100 100 100 100 100 100 100 100 100 100 100 100 100 100 100 100 100 100
 100 100 100 100 100 100 100 100 100 100 100 100 100 100 100 100 100 100
 100 100 100 100 100 100 100 100 100 100 100 100 100 100 100 100 100 100
 100 100 100 100 100 100 100 100 100 100 100 100 100 100 100 100 100 100
 100 100 100 100 100 100 100 100 100 100 100 100 100 100 100 100 100 100
 100 100 100 100 100 100 100 100 100 100 100 100 100 100 100 100 100 100
 100 100 100 100 100 100 100 100 100 100 100 100 100 100 100 100 100 100
 100 100 100 100 100 100 100 100 100 100 100 100 100 100 100 100 100 100
 100 100 100 100 100 100 100 100 100 100 100 100 100 100 100 100 100 100
 100 100 100 100 100 100 100 100 100 100 100 100 100 100 100 100 100 100
 100 100 100 100 100 100 100 100 100 100 100 100 100 100 100 100 100 100
 100 100 100 100 100 100 100 100 100 100 100 100 100 100 100 100 100 100
 100 100 100 100 100 100 100 100 100 100 100 100 100 100 100 100 100 100
 100 100 100 100 100 100 100 100 100 100 100 100 100 100 100 100 100 100
 100 100 100 100 100 100 100 100 100 100]
maxCov = 100
maxCovTime = [1.09453395e+09 1.09453400e+09 1.09453404e+09 1.09453409e+09
 1.09453414e+09 1.09453418e+09 1.09453423e+09 1.09453427e+09
 1.09453432e+09 1.09453437e+09 1.09453441e+09 1.09453446e+09
 1.09453451e+09 1.09453455e+09 1.09453460e+09 1.09453465e+09
 1.09453469e+09 1.09453474e+09 1.09453479e+09 1.09453483e+09
 1.09453488e+09 1.09453492e+09 1.09453497e+09 1.09453502e+09
 1.09453506e+09 1.09453511e+09 1.09453516e+09 1.09453520e+09
 1.09453525e+09 1.09453530e+09 1.09453534e+09 1.09453539e+09
 1.09453543e+09 1.09453548e+09 1.09453553e+09 1.09453557e+09
 1.09453562e+09 1.09453567e+09 1.09453571e+09 1.09453576e+09
 1.09453581e+09 1.09453585e+09 1.09453590e+09 1.09453595e+09
 1.09453599e+09 1.09453604e+09 1.09453608e+09 1.09453613e+09
 1.09453618e+09 1.09453622e+09 1.09453627e+09 1.09453632e+09
 1.09453636e+09 1.09453641e+09 1.09453646e+09 1.09453650e+09
 1.09453655e+09 1.09453659e+09 1.09453664e+09 1.09453669e+09
 1.09453673e+09 1.09453678e+09 1.09453683e+09 1.09453687e+09
 1.09453692e+09 1.09453697e+09 1.09453701e+09 1.09453706e+09
 1.09453711e+09 1.09453715e+09 1.09453720e+09 1.09453724e+09
 1.09453729e+09 1.09453734e+09 1.09453738e+09 1.09453743e+09
 1.09453748e+09 1.09453752e+09 1.09453757e+09 1.09453762e+09
 1.09453766e+09 1.09453771e+09 1.09453775e+09 1.09453780e+09
 1.09453785e+09 1.09453789e+09 1.09453794e+09 1.09453799e+09
 1.09453803e+09 1.09453808e+09 1.09453813e+09 1.09453817e+09
 1.09453822e+09 1.09453827e+09 1.09453831e+09 1.09453836e+09
 1.09453840e+09 1.09453845e+09 1.09453850e+09 1.09453854e+09
 1.09453859e+09 1.09453864e+09 1.09453868e+09 1.09453873e+09
 1.09453878e+09 1.09453882e+09 1.09453887e+09 1.09453891e+09
 1.09453896e+09 1.09453901e+09 1.09453905e+09 1.09453910e+09
 1.09453915e+09 1.09453919e+09 1.09453924e+09 1.09453929e+09
 1.09453933e+09 1.09453938e+09 1.09453942e+09 1.09453947e+09
 1.09453952e+09 1.09453956e+09 1.09453961e+09 1.09453966e+09
 1.09453970e+09 1.09453975e+09 1.09453980e+09 1.09453984e+09
 1.09453989e+09 1.09453994e+09 1.09453998e+09 1.09454003e+09
 1.09454007e+09 1.09454012e+09 1.09454017e+09 1.09454021e+09
 1.09454026e+09 1.09454031e+09 1.09454035e+09 1.09454040e+09
 1.09454045e+09 1.09454049e+09 1.09454054e+09 1.09454058e+09
 1.09454063e+09 1.09454068e+09 1.09454072e+09 1.09454077e+09
 1.09454082e+09 1.09454086e+09 1.09454091e+09 1.09454096e+09
 1.09454100e+09 1.09454105e+09 1.09454110e+09 1.09454114e+09
 1.09454119e+09 1.09454123e+09 1.09454128e+09 1.09454133e+09
 1.09454137e+09 1.09454142e+09 1.09454147e+09 1.09454151e+09
 1.09454156e+09 1.09454161e+09 1.09454165e+09 1.09454170e+09
 1.09454174e+09 1.09454179e+09 1.09454184e+09 1.09454188e+09
 1.09454193e+09 1.09454198e+09 1.09454202e+09 1.09454207e+09
 1.09454212e+09 1.09454216e+09 1.09454221e+09 1.09454226e+09
 1.09454230e+09 1.09454235e+09 1.09454239e+09 1.09454244e+09
 1.09454249e+09 1.09454253e+09 1.09454258e+09 1.09454263e+09
 1.09454267e+09 1.09454272e+09 1.09454277e+09 1.09454281e+09
 1.09454286e+09 1.09454290e+09 1.09454295e+09 1.09454300e+09
 1.09454304e+09 1.09454309e+09 1.09454314e+09 1.09454318e+09
 1.09454323e+09 1.09454328e+09 1.09454332e+09 1.09454337e+09
 1.09454342e+09 1.09454346e+09 1.09454351e+09 1.09454355e+09
 1.09454360e+09 1.09454365e+09 1.09454369e+09 1.09454374e+09
 1.09454379e+09 1.09454383e+09 1.09454388e+09 1.09454393e+09
 1.09454397e+09 1.09454402e+09 1.09454406e+09 1.09454411e+09
 1.09454416e+09 1.09454420e+09 1.09454425e+09 1.09454430e+09
 1.09454434e+09 1.09454439e+09 1.09454444e+09 1.09454448e+09
 1.09454453e+09 1.09454457e+09 1.09454462e+09 1.09454467e+09
 1.09454471e+09 1.09454476e+09 1.09454481e+09 1.09454485e+09
 1.09454490e+09 1.09454495e+09 1.09454499e+09 1.09454504e+09
 1.09454509e+09 1.09454513e+09 1.09454518e+09 1.09454522e+09
 1.09454527e+09 1.09454532e+09 1.09454536e+09 1.09454541e+09
 1.09454546e+09 1.09454550e+09 1.09454555e+09 1.09454560e+09
 1.09454564e+09 1.09454569e+09 1.09454573e+09 1.09454578e+09
 1.09454583e+09 1.09454587e+09 1.09454592e+09 1.09454597e+09
 1.09454601e+09 1.09454606e+09 1.09454611e+09 1.09454615e+09
 1.09454620e+09 1.09454625e+09 1.09454629e+09 1.09454634e+09
 1.09454638e+09 1.09454643e+09 1.09454648e+09 1.09454652e+09
 1.09454657e+09 1.09454662e+09 1.09454666e+09 1.09454671e+09
 1.09454676e+09 1.09454680e+09 1.09454685e+09 1.09454689e+09
 1.09454694e+09 1.09454699e+09 1.09454703e+09 1.09454708e+09
 1.09454713e+09 1.09454717e+09 1.09454722e+09 1.09454727e+09
 1.09454731e+09 1.09454736e+09 1.09454741e+09 1.09454745e+09
 1.09454750e+09 1.09454754e+09 1.09454759e+09 1.09454764e+09
 1.09454768e+09 1.09454773e+09 1.09454778e+09 1.09454782e+09
 1.09454787e+09 1.09454792e+09 1.09454796e+09 1.09454801e+09
 1.09454805e+09 1.09454810e+09 1.09454815e+09 1.09454819e+09
 1.09454824e+09 1.09454829e+09 1.09454833e+09 1.09454838e+09
 1.09454843e+09 1.09454847e+09 1.09454852e+09 1.09454857e+09
 1.09454861e+09 1.09454866e+09 1.09454870e+09 1.09454875e+09
 1.09454880e+09 1.09454884e+09 1.09454889e+09 1.09454894e+09
 1.09454898e+09 1.09454903e+09 1.09454908e+09 1.09454912e+09
 1.09454917e+09 1.09454921e+09 1.09454926e+09 1.09454931e+09
 1.09454935e+09 1.09454940e+09 1.09454945e+09 1.09454949e+09
 1.09454954e+09 1.09454959e+09 1.09454963e+09 1.09454968e+09
 1.09454972e+09 1.09454977e+09 1.09454982e+09 1.09454986e+09
 1.09454991e+09 1.09454996e+09 1.09455000e+09 1.09455005e+09
 1.09455010e+09 1.09455014e+09 1.09455019e+09 1.09455024e+09
 1.09455028e+09 1.09455033e+09 1.09455037e+09 1.09455042e+09
 1.09455047e+09 1.09455051e+09 1.09455056e+09 1.09455061e+09
 1.09455065e+09 1.09455070e+09 1.09455075e+09 1.09455079e+09
 1.09455084e+09 1.09455088e+09 1.09455093e+09 1.09455098e+09
 1.09455102e+09 1.09455107e+09 1.09455112e+09 1.09455116e+09
 1.09455121e+09 1.09455126e+09 1.09455130e+09 1.09455135e+09
 1.09455140e+09 1.09455144e+09 1.09455149e+09 1.09455153e+09
 1.09455158e+09 1.09455163e+09 1.09455167e+09 1.09455172e+09
 1.09455177e+09 1.09455181e+09 1.09455186e+09 1.09455191e+09
 1.09455195e+09 1.09455200e+09 1.09455204e+09 1.09455209e+09
 1.09455214e+09 1.09455218e+09 1.09455223e+09 1.09455228e+09
 1.09455232e+09 1.09455237e+09 1.09455242e+09 1.09455246e+09
 1.09455251e+09 1.09455256e+09 1.09455260e+09 1.09455265e+09
 1.09455269e+09 1.09455274e+09 1.09455279e+09 1.09455283e+09
 1.09455288e+09 1.09455293e+09 1.09455297e+09 1.09455302e+09
 1.09455307e+09 1.09455311e+09 1.09455316e+09 1.09455320e+09
 1.09455325e+09 1.09455330e+09 1.09455334e+09 1.09455339e+09
 1.09455344e+09 1.09455348e+09 1.09455353e+09 1.09455358e+09
 1.09455362e+09 1.09455367e+09 1.09455372e+09 1.09455376e+09
 1.09455381e+09 1.09455385e+09 1.09455390e+09 1.09455395e+09
 1.09455399e+09 1.09455404e+09 1.09455409e+09 1.09455413e+09
 1.09455418e+09 1.09455423e+09 1.09455427e+09 1.09455432e+09
 1.09455436e+09 1.09455441e+09 1.09455446e+09 1.09455450e+09
 1.09455455e+09 1.09455460e+09 1.09455464e+09 1.09455469e+09
 1.09455474e+09 1.09455478e+09 1.09455483e+09 1.09455487e+09
 1.09455492e+09 1.09455497e+09 1.09455501e+09 1.09455506e+09
 1.09455511e+09 1.09455515e+09 1.09455520e+09 1.09455525e+09
 1.09455529e+09 1.09455534e+09 1.09455539e+09 1.09455543e+09
 1.09455548e+09 1.09455552e+09 1.09455557e+09 1.09455562e+09
 1.09455566e+09 1.09455571e+09 1.09455576e+09 1.09455580e+09
 1.09455585e+09 1.09455590e+09 1.09455594e+09 1.09455599e+09
 1.09455603e+09 1.09455608e+09 1.09455613e+09 1.09455617e+09
 1.09455622e+09 1.09455627e+09 1.09455631e+09 1.09455636e+09
 1.09455641e+09 1.09455645e+09 1.09455650e+09 1.09455655e+09
 1.09455659e+09 1.09455664e+09 1.09455668e+09 1.09455673e+09
 1.09455678e+09 1.09455682e+09 1.09455687e+09 1.09455692e+09
 1.09455696e+09 1.09455701e+09 1.09455706e+09 1.09455710e+09
 1.09455715e+09 1.09455719e+09 1.09455724e+09 1.09455729e+09
 1.09455733e+09 1.09455738e+09 1.09455743e+09 1.09455747e+09
 1.09455752e+09 1.09455757e+09 1.09455761e+09 1.09455766e+09
 1.09455771e+09 1.09455775e+09 1.09455780e+09 1.09455784e+09
 1.09455789e+09 1.09455794e+09 1.09455798e+09 1.09455803e+09
 1.09455808e+09 1.09455812e+09 1.09455817e+09 1.09455822e+09
 1.09455826e+09 1.09455831e+09 1.09455835e+09 1.09455840e+09
 1.09455845e+09 1.09455849e+09 1.09455854e+09 1.09455859e+09
 1.09455863e+09 1.09455868e+09 1.09455873e+09 1.09455877e+09
 1.09455882e+09 1.09455887e+09 1.09455891e+09 1.09455896e+09
 1.09455900e+09 1.09455905e+09 1.09455910e+09 1.09455914e+09
 1.09455919e+09 1.09455924e+09 1.09455928e+09 1.09455933e+09
 1.09455938e+09 1.09455942e+09 1.09455947e+09 1.09455951e+09
 1.09455956e+09 1.09455961e+09 1.09455965e+09 1.09455970e+09
 1.09455975e+09 1.09455979e+09 1.09455984e+09 1.09455989e+09
 1.09455993e+09 1.09455998e+09 1.09456002e+09 1.09456007e+09
 1.09456012e+09 1.09456016e+09 1.09456021e+09 1.09456026e+09
 1.09456030e+09 1.09456035e+09 1.09456040e+09 1.09456044e+09
 1.09456049e+09 1.09456054e+09 1.09456058e+09 1.09456063e+09
 1.09456067e+09 1.09456072e+09 1.09456077e+09 1.09456081e+09
 1.09456086e+09 1.09456091e+09 1.09456095e+09 1.09456100e+09
 1.09456105e+09 1.09456109e+09 1.09456114e+09 1.09456118e+09
 1.09456123e+09 1.09456128e+09 1.09456132e+09 1.09456137e+09
 1.09456142e+09 1.09456146e+09 1.09456151e+09 1.09456156e+09
 1.09456160e+09 1.09456165e+09 1.09456170e+09 1.09456174e+09
 1.09456179e+09 1.09456183e+09 1.09456188e+09 1.09456193e+09
 1.09456197e+09 1.09456202e+09 1.09456207e+09 1.09456211e+09
 1.09456216e+09 1.09456221e+09 1.09456225e+09 1.09456230e+09
 1.09456234e+09 1.09456239e+09 1.09456244e+09 1.09456248e+09
 1.09456253e+09 1.09456258e+09 1.09456262e+09 1.09456267e+09
 1.09456272e+09 1.09456276e+09 1.09456281e+09 1.09456286e+09
 1.09456290e+09 1.09456295e+09 1.09456299e+09 1.09456304e+09
 1.09456309e+09 1.09456313e+09 1.09456318e+09 1.09456323e+09
 1.09456327e+09 1.09456332e+09 1.09456337e+09 1.09456341e+09
 1.09456346e+09 1.09456350e+09 1.09456355e+09 1.09456360e+09
 1.09456364e+09 1.09456369e+09 1.09456374e+09 1.09456378e+09
 1.09456383e+09 1.09456388e+09 1.09456392e+09 1.09456397e+09
 1.09456402e+09 1.09456406e+09 1.09456411e+09 1.09456415e+09
 1.09456420e+09 1.09456425e+09 1.09456429e+09 1.09456434e+09
 1.09456439e+09 1.09456443e+09 1.09456448e+09 1.09456453e+09
 1.09456457e+09 1.09456462e+09 1.09456466e+09 1.09456471e+09
 1.09456476e+09 1.09456480e+09 1.09456485e+09 1.09456490e+09
 1.09456494e+09 1.09456499e+09 1.09456504e+09 1.09456508e+09
 1.09456513e+09 1.09456517e+09 1.09456522e+09 1.09456527e+09
 1.09456531e+09 1.09456536e+09 1.09456541e+09 1.09456545e+09
 1.09456550e+09 1.09456555e+09 1.09456559e+09 1.09456564e+09
 1.09456569e+09 1.09456573e+09 1.09456578e+09 1.09456582e+09
 1.09456587e+09 1.09456592e+09 1.09456596e+09 1.09456601e+09
 1.09456606e+09 1.09456610e+09 1.09456615e+09 1.09456620e+09
 1.09456624e+09 1.09456629e+09 1.09456633e+09 1.09456638e+09
 1.09456643e+09 1.09456647e+09 1.09456652e+09 1.09456657e+09
 1.09456661e+09 1.09456666e+09 1.09456671e+09 1.09456675e+09
 1.09456680e+09 1.09456685e+09 1.09456689e+09 1.09456694e+09
 1.09456698e+09 1.09456703e+09 1.09456708e+09 1.09456712e+09
 1.09456717e+09 1.09456722e+09 1.09456726e+09 1.09456731e+09
 1.09456736e+09 1.09456740e+09 1.09456745e+09 1.09456749e+09
 1.09456754e+09 1.09456759e+09 1.09456763e+09 1.09456768e+09
 1.09456773e+09 1.09456777e+09 1.09456782e+09 1.09456787e+09
 1.09456791e+09 1.09456796e+09 1.09456801e+09 1.09456805e+09
 1.09456810e+09 1.09456814e+09 1.09456819e+09 1.09456824e+09
 1.09456828e+09 1.09456833e+09 1.09456838e+09 1.09456842e+09
 1.09456847e+09 1.09456852e+09 1.09456856e+09 1.09456861e+09
 1.09456865e+09 1.09456870e+09 1.09456875e+09 1.09456879e+09
 1.09456884e+09 1.09456889e+09 1.09456893e+09 1.09456898e+09
 1.09456903e+09 1.09456907e+09 1.09456912e+09 1.09456917e+09
 1.09456921e+09 1.09456926e+09 1.09456930e+09 1.09456935e+09
 1.09456940e+09 1.09456944e+09 1.09456949e+09 1.09456954e+09
 1.09456958e+09 1.09456963e+09 1.09456968e+09 1.09456972e+09
 1.09456977e+09 1.09456981e+09 1.09456986e+09 1.09456991e+09
 1.09456995e+09 1.09457000e+09 1.09457005e+09 1.09457009e+09
 1.09457014e+09 1.09457019e+09 1.09457023e+09 1.09457028e+09
 1.09457032e+09 1.09457037e+09 1.09457042e+09 1.09457046e+09
 1.09457051e+09 1.09457056e+09 1.09457060e+09 1.09457065e+09
 1.09457070e+09 1.09457074e+09 1.09457079e+09 1.09457084e+09
 1.09457088e+09 1.09457093e+09 1.09457097e+09 1.09457102e+09
 1.09457107e+09 1.09457111e+09 1.09457116e+09 1.09457121e+09
 1.09457125e+09 1.09457130e+09 1.09457135e+09 1.09457139e+09
 1.09457144e+09 1.09457148e+09 1.09457153e+09 1.09457158e+09
 1.09457162e+09 1.09457167e+09 1.09457172e+09 1.09457176e+09
 1.09457181e+09 1.09457186e+09 1.09457190e+09 1.09457195e+09
 1.09457200e+09 1.09457204e+09 1.09457209e+09 1.09457213e+09
 1.09457218e+09 1.09457223e+09 1.09457227e+09 1.09457232e+09
 1.09457237e+09 1.09457241e+09 1.09457246e+09 1.09457251e+09
 1.09457255e+09 1.09457260e+09 1.09457264e+09 1.09457269e+09
 1.09457274e+09 1.09457278e+09 1.09457283e+09 1.09457288e+09
 1.09457292e+09 1.09457297e+09 1.09457302e+09 1.09457306e+09
 1.09457311e+09 1.09457316e+09 1.09457320e+09 1.09457325e+09
 1.09457329e+09 1.09457334e+09 1.09457339e+09 1.09457343e+09
 1.09457348e+09 1.09457353e+09 1.09457357e+09 1.09457362e+09
 1.09457367e+09 1.09457371e+09 1.09457376e+09 1.09457380e+09
 1.09457385e+09 1.09457390e+09 1.09457394e+09 1.09457399e+09
 1.09457404e+09 1.09457408e+09 1.09457413e+09 1.09457418e+09
 1.09457422e+09 1.09457427e+09 1.09457432e+09 1.09457436e+09
 1.09457441e+09 1.09457445e+09 1.09457450e+09 1.09457455e+09
 1.09457459e+09 1.09457464e+09 1.09457469e+09 1.09457473e+09
 1.09457478e+09 1.09457483e+09 1.09457487e+09 1.09457492e+09
 1.09457496e+09 1.09457501e+09 1.09457506e+09 1.09457510e+09
 1.09457515e+09 1.09457520e+09 1.09457524e+09 1.09457529e+09
 1.09457534e+09 1.09457538e+09 1.09457543e+09 1.09457547e+09
 1.09457552e+09 1.09457557e+09 1.09457561e+09 1.09457566e+09
 1.09457571e+09 1.09457575e+09 1.09457580e+09 1.09457585e+09
 1.09457589e+09 1.09457594e+09 1.09457599e+09 1.09457603e+09
 1.09457608e+09 1.09457612e+09 1.09457617e+09 1.09457622e+09
 1.09457626e+09 1.09457631e+09 1.09457636e+09 1.09457640e+09
 1.09457645e+09 1.09457650e+09 1.09457654e+09 1.09457659e+09
 1.09457663e+09 1.09457668e+09 1.09457673e+09 1.09457677e+09
 1.09457682e+09 1.09457687e+09 1.09457691e+09 1.09457696e+09
 1.09457701e+09 1.09457705e+09 1.09457710e+09 1.09457715e+09
 1.09457719e+09 1.09457724e+09 1.09457728e+09 1.09457733e+09
 1.09457738e+09 1.09457742e+09 1.09457747e+09 1.09457752e+09
 1.09457756e+09 1.09457761e+09 1.09457766e+09 1.09457770e+09
 1.09457775e+09 1.09457779e+09 1.09457784e+09 1.09457789e+09
 1.09457793e+09 1.09457798e+09 1.09457803e+09 1.09457807e+09
 1.09457812e+09 1.09457817e+09 1.09457821e+09 1.09457826e+09
 1.09457831e+09 1.09457835e+09 1.09457840e+09 1.09457844e+09
 1.09457849e+09 1.09457854e+09 1.09457858e+09 1.09457863e+09
 1.09457868e+09 1.09457872e+09 1.09457877e+09 1.09457882e+09
 1.09457886e+09 1.09457891e+09 1.09457895e+09 1.09457900e+09
 1.09457905e+09 1.09457909e+09 1.09457914e+09 1.09457919e+09
 1.09457923e+09 1.09457928e+09 1.09457933e+09 1.09457937e+09
 1.09457942e+09 1.09457947e+09 1.09457951e+09 1.09457956e+09
 1.09457960e+09 1.09457965e+09 1.09457970e+09 1.09457974e+09
 1.09457979e+09 1.09457984e+09 1.09457988e+09 1.09457993e+09
 1.09457998e+09 1.09458002e+09 1.09458007e+09 1.09458011e+09
 1.09458016e+09 1.09458021e+09 1.09458025e+09 1.09458030e+09]
