name =JUICE_ROI_GAN_6_3_09
flyby = ['2034 JUL 11 19:50:31', '2034 JUL 12 19:50:31']
Observation TW = <SpiceCell dtype = 1, length = 0, size = 3200, card = 12, is_set = 1, adjust = 0, init = 1, base = 93999402810752, data = 93999402810800>
Res(t) = [2.858858   2.85528748 2.85172182 2.84816102 2.8446051  2.84105407
 2.83750795 2.83396675 2.83043047 2.82689915 2.82337277 2.81985136
 2.81633493 2.81282349 2.80931706 2.80581564 2.80231925 2.7988279
 2.79534161 2.79186038 2.78838422 2.78491316 2.7814472  2.77798635
 2.77453063 2.77108004 2.7676346  2.76419433 2.76075923 2.75732932
 2.7539046  2.75048509 2.74707081 2.74366176 2.74025795 2.7368594
 2.73346612 2.73007813 2.72669542 2.72331801 2.71994593 2.71657917
 2.71321775 2.70986168 2.70651097 2.70316564 2.69982569 2.69649114
 2.693162   2.68983828 2.68651999 2.68320714 2.67989975 2.67659782
 2.67330137 2.6700104  2.66672494 2.66344498 2.66017055 2.65690165
 2.6536383  2.65038049 2.64712826 2.6438816  2.64064053 2.63740506
 2.63417519 2.63095095 2.62773234 2.62451937 2.62131205 2.6181104
 2.61491442 2.61172413 2.60853953 2.60536064 2.60218746 2.59902001
 2.5958583  2.59270234 2.58955213 2.5864077  2.58326904 2.58013617
 2.5770091  2.57388784 2.5707724  2.56766279 2.56455902 2.5614611
 2.55836903 2.55528284 2.55220253 2.54912811 2.54605958 2.54299696
 2.53994027 2.5368895  2.53384467 2.53080578 2.52777285 2.52474589
 2.52172491 2.5187099  2.5157009  2.51269789 2.50970091 2.50670994
 2.503725   2.5007461  2.49777326 2.49480647 2.49184575 2.4888911
 2.48594254 2.48300008 2.48006371 2.47713346 2.47420933 2.47129133
 2.46837947 2.46547375 2.46257418 2.45968078 2.45679354 2.45391249
 2.45103763 2.44816896 2.44530649 2.44245024 2.43960021 2.4367564
 2.43391883 2.43108751 2.42826243 2.42544362 2.42263107 2.4198248
 2.41702481 2.41423111 2.41144371 2.40866261 2.40588783 2.40311937
 2.40035723 2.39760143 2.39485197 2.39210885 2.3893721  2.3866417
 2.38391768 2.38120003 2.37848877 2.37578389 2.37308542 2.37039334
 2.36770768 2.36502843 2.36235561 2.35968922 2.35702926 2.35437574
 2.35172868 2.34908807 2.34645392 2.34382624 2.34120503 2.3385903
 2.33598205 2.3333803  2.33078504 2.32819629 2.32561404 2.32303831
 2.32046909 2.3179064  2.31535025 2.31280062 2.31025754 2.30772101
 2.30519102 2.30266759 2.30015073 2.29764043 2.2951367  2.29263955
 2.29014897 2.28766499 2.28518759 2.2827168  2.2802526  2.277795
 2.27534401 2.27289964 2.27046189 2.26803075 2.26560624 2.26318836
 2.26077712 2.25837251 2.25597455 2.25358323 2.25119856 2.24882055
 2.24644919 2.24408449 2.24172646 2.23937509 2.2370304  2.23469238
 2.23236104 2.23003638 2.2277184  2.22540711 2.22310251 2.22080461
 2.2185134  2.21622889 2.21395109 2.21167998 2.20941559 2.2071579
 2.20490693 2.20266268 2.20042514 2.19819432 2.19597022 2.19375285
 2.1915422  2.18933828 2.18714109 2.18495064 2.18276692 2.18058993
 2.17841969 2.17625618 2.17409941 2.17194939 2.16980611 2.16766958
 2.1655398  2.16341676 2.16130047 2.15919094 2.15708815 2.15499212
 2.15290285 2.15082033 2.14874456 2.14667555 2.1446133  2.14255781
 2.14050907 2.1384671  2.13643188 2.13440343 2.13238173 2.1303668
 2.12835863 2.12635721 2.12436257 2.12237468 2.12039355 2.11841918
 2.11645158 2.11449073 2.11253665 2.11058932 2.10864876 2.10671495
 2.1047879  2.10286762 2.10095408 2.09904731 2.09714729 2.09525403
 2.09336752 2.09148776 2.08961476 2.0877485  2.085889   2.08403624
 2.08219024 2.08035097 2.07851846 2.07669268 2.07487365 2.07306135
 2.0712558  2.06945698 2.0676649  2.06587954 2.06410092 2.06232903
 2.06056387 2.05880543 2.05705371 2.05530871 2.05357043 2.05183887
 2.05011402 2.04839588 2.04668445 2.04497972 2.0432817  2.04159038
 2.03990576 2.03822783 2.03655659 2.03489204 2.03323418 2.031583
 2.0299385  2.02830068 2.02666953 2.02504505 2.02342724 2.02181609
 2.0202116  2.01861377 2.01702259 2.01543806 2.01386018 2.01228894
 2.01072433 2.00916636 2.00761502 2.00607031 2.00453222 2.00300074
 2.00147588 1.99995763 1.99844599 1.99694094 1.9954425  1.99395064
 1.99246538 1.9909867  1.98951459 1.98804906 1.9865901  1.98513771
 1.98369187 1.98225259 1.98081986 1.97939368 1.97797403 1.97656092
 1.97515434 1.97375429 1.97236075 1.97097373 1.96959322 1.96821921
 1.9668517  1.96549069 1.96413616 1.96278811 1.96144654 1.96011143
 1.9587828  1.95746062 1.95614489 1.95483561 1.95353278 1.95223638
 1.9509464  1.94966285 1.94838572 1.947115   1.94585068 1.94459276
 1.94334123 1.94209609 1.94085733 1.93962494 1.93839892 1.93717926
 1.93596595 1.93475898 1.93355836 1.93236407 1.9311761  1.92999446
 1.92881912 1.9276501  1.92648737 1.92533093 1.92418078 1.92303691
 1.9218993  1.92076796 1.91964288 1.91852405 1.91741145 1.91630509
 1.91520496 1.91411105 1.91302335 1.91194185 1.91086655 1.90979744
 1.90873451 1.90767775 1.90662716 1.90558273 1.90454445 1.90351232
 1.90248632 1.90146644 1.90045269 1.89944504 1.8984435  1.89744805
 1.8964587  1.89547542 1.89449821 1.89352706 1.89256197 1.89160292
 1.89064991 1.88970293 1.88876197 1.88782703 1.88689808 1.88597514
 1.88505818 1.8841472  1.88324218 1.88234313 1.88145004 1.88056288
 1.87968166 1.87880637 1.877937   1.87707353 1.87621597 1.87536429
 1.8745185  1.87367858 1.87284452 1.87201632 1.87119397 1.87037745
 1.86956676 1.86876189 1.86796283 1.86716957 1.8663821  1.86560041
 1.8648245  1.86405435 1.86328995 1.8625313  1.86177838 1.86103119
 1.86028972 1.85955395 1.85882388 1.8580995  1.8573808  1.85666776
 1.85596039 1.85525866 1.85456258 1.85387212 1.85318729 1.85250806
 1.85183444 1.85116641 1.85050396 1.84984708 1.84919577 1.84855
 1.84790978 1.84727509 1.84664593 1.84602227 1.84540412 1.84479146
 1.84418429 1.84358258 1.84298634 1.84239555 1.84181021 1.84123029
 1.8406558  1.84008672 1.83952304 1.83896476 1.83841185 1.83786432
 1.83732214 1.83678532 1.83625384 1.83572768 1.83520685 1.83469133
 1.8341811  1.83367617 1.83317651 1.83268212 1.83219299 1.83170911
 1.83123046 1.83075704 1.83028883 1.82982583 1.82936803 1.82891541
 1.82846796 1.82802568 1.82758855 1.82715656 1.82672971 1.82630797
 1.82589135 1.82547982 1.82507339 1.82467203 1.82427574 1.82388451
 1.82349833 1.82311718 1.82274106 1.82236995 1.82200385 1.82164274
 1.82128661 1.82093546 1.82058926 1.82024802 1.81991171 1.81958034
 1.81925388 1.81893233 1.81861568 1.81830391 1.81799702 1.81769499
 1.81739782 1.81710549 1.81681799 1.81653531 1.81625744 1.81598437
 1.81571609 1.81545259 1.81519385 1.81493987 1.81469063 1.81444613
 1.81420635 1.81397129 1.81374092 1.81351525 1.81329426 1.81307793
 1.81286626 1.81265924 1.81245686 1.8122591  1.81206596 1.81187742
 1.81169347 1.81151411 1.81133931 1.81116908 1.81100339 1.81084224
 1.81068562 1.81053352 1.81038592 1.81024281 1.81010419 1.80997005
 1.80984036 1.80971512 1.80959433 1.80947796 1.80936601 1.80925847
 1.80915533 1.80905657 1.80896219 1.80887217 1.8087865  1.80870517
 1.80862818 1.8085555  1.80848714 1.80842307 1.80836329 1.80830779
 1.80825655 1.80820957 1.80816683 1.80812833 1.80809405 1.80806398
 1.80803811 1.80801643 1.80799893 1.80798559 1.80797642 1.80797139
 1.8079705  1.80797373 1.80798108 1.80799253 1.80800808 1.8080277
 1.8080514  1.80807916 1.80811096 1.80814681 1.80818668 1.80823058
 1.80827848 1.80833037 1.80838625 1.80844611 1.80850993 1.8085777
 1.80864941 1.80872506 1.80880463 1.80888811 1.80897549 1.80906676
 1.80916191 1.80926093 1.8093638  1.80947052 1.80958108 1.80969547
 1.80981367 1.80993567 1.81006147 1.81019105 1.81032441 1.81046153
 1.8106024  1.81074702 1.81089536 1.81104743 1.81120321 1.81136268
 1.81152585 1.8116927  1.81186321 1.81203739 1.81221521 1.81239667
 1.81258176 1.81277046 1.81296278 1.81315868 1.81335818 1.81356125
 1.81376789 1.81397808 1.81419182 1.81440909 1.81462989 1.8148542
 1.81508202 1.81531333 1.81554813 1.8157864  1.81602813 1.81627332
 1.81652195 1.81677402 1.81702951 1.81728841 1.81755072 1.81781642
 1.8180855  1.81835796 1.81863378 1.81891295 1.81919547 1.81948132
 1.8197705  1.82006299 1.82035878 1.82065787 1.82096024 1.82126589
 1.8215748  1.82188697 1.82220238 1.82252103 1.8228429  1.82316799
 1.82349629 1.82382778 1.82416246 1.82450032 1.82484134 1.82518552
 1.82553286 1.82588332 1.82623692 1.82659364 1.82695347 1.8273164
 1.82768242 1.82805152 1.8284237  1.82879893 1.82917722 1.82955856
 1.82994293 1.83033032 1.83072073 1.83111415 1.83151056 1.83190996
 1.83231234 1.83271769 1.833126   1.83353726 1.83395146 1.83436859
 1.83478865 1.83521162 1.8356375  1.83606627 1.83649793 1.83693246
 1.83736987 1.83781013 1.83825325 1.8386992  1.83914799 1.83959961
 1.84005403 1.84051127 1.8409713  1.84143412 1.84189972 1.84236809
 1.84283922 1.8433131  1.84378973 1.84426909 1.84475118 1.84523598
 1.8457235  1.84621372 1.84670662 1.84720221 1.84770048 1.84820141
 1.848705   1.84921124 1.84972012 1.85023163 1.85074576 1.85126251
 1.85178186 1.85230382 1.85282836 1.85335548 1.85388518 1.85441744
 1.85495226 1.85548962 1.85602953 1.85657196 1.85711692 1.8576644
 1.85821438 1.85876685 1.85932182 1.85987928 1.8604392  1.86100159
 1.86156644 1.86213374 1.86270348 1.86327566 1.86385026 1.86442728
 1.86500671 1.86558854 1.86617277 1.86675938 1.86734837 1.86793973
 1.86853346 1.86912954 1.86972797 1.87032873 1.87093183 1.87153726
 1.87214499 1.87275504 1.87336739 1.87398204 1.87459897 1.87521817
 1.87583965 1.8764634  1.8770894  1.87771764 1.87834813 1.87898085
 1.8796158  1.88025297 1.88089235 1.88153393 1.88217771 1.88282368
 1.88347183 1.88412216 1.88477465 1.88542931 1.88608612 1.88674507
 1.88740617 1.88806939 1.88873474 1.88940221 1.89007179 1.89074347
 1.89141726 1.89209313 1.89277108 1.89345111 1.8941332  1.89481736
 1.89550358 1.89619184 1.89688215 1.89757449 1.89826886 1.89896525
 1.89966365 1.90036406 1.90106647 1.90177088 1.90247728 1.90318565
 1.903896   1.90460832 1.9053226  1.90603884 1.90675702 1.90747715
 1.90819921 1.9089232  1.90964911 1.91037694 1.91110668 1.91183832
 1.91257186 1.91330729 1.91404461 1.9147838  1.91552486 1.9162678
 1.91701259 1.91775923 1.91850772 1.91925806 1.92001022 1.92076422
 1.92152004 1.92227768 1.92303713 1.92379838 1.92456143 1.92532628
 1.92609291 1.92686132 1.92763151 1.92840347 1.92917719 1.92995267
 1.93072991 1.93150888 1.9322896  1.93307206 1.93385624 1.93464215
 1.93542977 1.93621911 1.93701015 1.9378029  1.93859734 1.93939347
 1.94019128 1.94099078 1.94179195 1.94259478 1.94339928 1.94420543
 1.94501324 1.9458227  1.94663379 1.94744652 1.94826088 1.94907687
 1.94989448 1.9507137  1.95153453 1.95235697 1.95318101 1.95400664
 1.95483386 1.95566266 1.95649305 1.957325   1.95815853 1.95899362
 1.95983027 1.96066848 1.96150823 1.96234953 1.96319237 1.96403674
 1.96488264 1.96573007 1.96657902 1.96742948 1.96828145 1.96913493
 1.96998991 1.97084639 1.97170436 1.97256382 1.97342476 1.97428718
 1.97515107 1.97601644 1.97688326 1.97775155 1.97862129 1.97949249
 1.98036513 1.98123921 1.98211473 1.98299169 1.98387007 1.98474988
 1.98563111 1.98651376 1.98739782 1.98828329 1.98917016 1.99005843
 1.9909481  1.99183916 1.9927316  1.99362543 1.99452064 1.99541722
 1.99631518 1.9972145  1.99811519 1.99901723 1.99992063 2.00082538
 2.00173148 2.00263893 2.00354771 2.00445783 2.00536928 2.00628206
 2.00719616 2.00811159 2.00902833 2.00994639 2.01086575 2.01178643
 2.0127084  2.01363168 2.01455625 2.01548211 2.01640926 2.0173377
 2.01826741 2.01919841 2.02013068 2.02106422 2.02199903 2.0229351
 2.02387244 2.02481103 2.02575088 2.02669197 2.02763432 2.02857791
 2.02952274 2.03046881 2.03141612 2.03236466]
t = [1.08953230e+09 1.08953239e+09 1.08953247e+09 1.08953256e+09
 1.08953265e+09 1.08953273e+09 1.08953282e+09 1.08953291e+09
 1.08953299e+09 1.08953308e+09 1.08953317e+09 1.08953325e+09
 1.08953334e+09 1.08953342e+09 1.08953351e+09 1.08953360e+09
 1.08953368e+09 1.08953377e+09 1.08953386e+09 1.08953394e+09
 1.08953403e+09 1.08953412e+09 1.08953420e+09 1.08953429e+09
 1.08953438e+09 1.08953446e+09 1.08953455e+09 1.08953464e+09
 1.08953472e+09 1.08953481e+09 1.08953489e+09 1.08953498e+09
 1.08953507e+09 1.08953515e+09 1.08953524e+09 1.08953533e+09
 1.08953541e+09 1.08953550e+09 1.08953559e+09 1.08953567e+09
 1.08953576e+09 1.08953585e+09 1.08953593e+09 1.08953602e+09
 1.08953611e+09 1.08953619e+09 1.08953628e+09 1.08953637e+09
 1.08953645e+09 1.08953654e+09 1.08953662e+09 1.08953671e+09
 1.08953680e+09 1.08953688e+09 1.08953697e+09 1.08953706e+09
 1.08953714e+09 1.08953723e+09 1.08953732e+09 1.08953740e+09
 1.08953749e+09 1.08953758e+09 1.08953766e+09 1.08953775e+09
 1.08953784e+09 1.08953792e+09 1.08953801e+09 1.08953809e+09
 1.08953818e+09 1.08953827e+09 1.08953835e+09 1.08953844e+09
 1.08953853e+09 1.08953861e+09 1.08953870e+09 1.08953879e+09
 1.08953887e+09 1.08953896e+09 1.08953905e+09 1.08953913e+09
 1.08953922e+09 1.08953931e+09 1.08953939e+09 1.08953948e+09
 1.08953957e+09 1.08953965e+09 1.08953974e+09 1.08953982e+09
 1.08953991e+09 1.08954000e+09 1.08954008e+09 1.08954017e+09
 1.08954026e+09 1.08954034e+09 1.08954043e+09 1.08954052e+09
 1.08954060e+09 1.08954069e+09 1.08954078e+09 1.08954086e+09
 1.08954095e+09 1.08954104e+09 1.08954112e+09 1.08954121e+09
 1.08954129e+09 1.08954138e+09 1.08954147e+09 1.08954155e+09
 1.08954164e+09 1.08954173e+09 1.08954181e+09 1.08954190e+09
 1.08954199e+09 1.08954207e+09 1.08954216e+09 1.08954225e+09
 1.08954233e+09 1.08954242e+09 1.08954251e+09 1.08954259e+09
 1.08954268e+09 1.08954277e+09 1.08954285e+09 1.08954294e+09
 1.08954302e+09 1.08954311e+09 1.08954320e+09 1.08954328e+09
 1.08954337e+09 1.08954346e+09 1.08954354e+09 1.08954363e+09
 1.08954372e+09 1.08954380e+09 1.08954389e+09 1.08954398e+09
 1.08954406e+09 1.08954415e+09 1.08954424e+09 1.08954432e+09
 1.08954441e+09 1.08954449e+09 1.08954458e+09 1.08954467e+09
 1.08954475e+09 1.08954484e+09 1.08954493e+09 1.08954501e+09
 1.08954510e+09 1.08954519e+09 1.08954527e+09 1.08954536e+09
 1.08954545e+09 1.08954553e+09 1.08954562e+09 1.08954571e+09
 1.08954579e+09 1.08954588e+09 1.08954597e+09 1.08954605e+09
 1.08954614e+09 1.08954622e+09 1.08954631e+09 1.08954640e+09
 1.08954648e+09 1.08954657e+09 1.08954666e+09 1.08954674e+09
 1.08954683e+09 1.08954692e+09 1.08954700e+09 1.08954709e+09
 1.08954718e+09 1.08954726e+09 1.08954735e+09 1.08954744e+09
 1.08954752e+09 1.08954761e+09 1.08954769e+09 1.08954778e+09
 1.08954787e+09 1.08954795e+09 1.08954804e+09 1.08954813e+09
 1.08954821e+09 1.08954830e+09 1.08954839e+09 1.08954847e+09
 1.08954856e+09 1.08954865e+09 1.08954873e+09 1.08954882e+09
 1.08954891e+09 1.08954899e+09 1.08954908e+09 1.08954917e+09
 1.08954925e+09 1.08954934e+09 1.08954942e+09 1.08954951e+09
 1.08954960e+09 1.08954968e+09 1.08954977e+09 1.08954986e+09
 1.08954994e+09 1.08955003e+09 1.08955012e+09 1.08955020e+09
 1.08955029e+09 1.08955038e+09 1.08955046e+09 1.08955055e+09
 1.08955064e+09 1.08955072e+09 1.08955081e+09 1.08955089e+09
 1.08955098e+09 1.08955107e+09 1.08955115e+09 1.08955124e+09
 1.08955133e+09 1.08955141e+09 1.08955150e+09 1.08955159e+09
 1.08955167e+09 1.08955176e+09 1.08955185e+09 1.08955193e+09
 1.08955202e+09 1.08955211e+09 1.08955219e+09 1.08955228e+09
 1.08955237e+09 1.08955245e+09 1.08955254e+09 1.08955262e+09
 1.08955271e+09 1.08955280e+09 1.08955288e+09 1.08955297e+09
 1.08955306e+09 1.08955314e+09 1.08955323e+09 1.08955332e+09
 1.08955340e+09 1.08955349e+09 1.08955358e+09 1.08955366e+09
 1.08955375e+09 1.08955384e+09 1.08955392e+09 1.08955401e+09
 1.08955409e+09 1.08955418e+09 1.08955427e+09 1.08955435e+09
 1.08955444e+09 1.08955453e+09 1.08955461e+09 1.08955470e+09
 1.08955479e+09 1.08955487e+09 1.08955496e+09 1.08955505e+09
 1.08955513e+09 1.08955522e+09 1.08955531e+09 1.08955539e+09
 1.08955548e+09 1.08955557e+09 1.08955565e+09 1.08955574e+09
 1.08955582e+09 1.08955591e+09 1.08955600e+09 1.08955608e+09
 1.08955617e+09 1.08955626e+09 1.08955634e+09 1.08955643e+09
 1.08955652e+09 1.08955660e+09 1.08955669e+09 1.08955678e+09
 1.08955686e+09 1.08955695e+09 1.08955704e+09 1.08955712e+09
 1.08955721e+09 1.08955729e+09 1.08955738e+09 1.08955747e+09
 1.08955755e+09 1.08955764e+09 1.08955773e+09 1.08955781e+09
 1.08955790e+09 1.08955799e+09 1.08955807e+09 1.08955816e+09
 1.08955825e+09 1.08955833e+09 1.08955842e+09 1.08955851e+09
 1.08955859e+09 1.08955868e+09 1.08955877e+09 1.08955885e+09
 1.08955894e+09 1.08955902e+09 1.08955911e+09 1.08955920e+09
 1.08955928e+09 1.08955937e+09 1.08955946e+09 1.08955954e+09
 1.08955963e+09 1.08955972e+09 1.08955980e+09 1.08955989e+09
 1.08955998e+09 1.08956006e+09 1.08956015e+09 1.08956024e+09
 1.08956032e+09 1.08956041e+09 1.08956049e+09 1.08956058e+09
 1.08956067e+09 1.08956075e+09 1.08956084e+09 1.08956093e+09
 1.08956101e+09 1.08956110e+09 1.08956119e+09 1.08956127e+09
 1.08956136e+09 1.08956145e+09 1.08956153e+09 1.08956162e+09
 1.08956171e+09 1.08956179e+09 1.08956188e+09 1.08956197e+09
 1.08956205e+09 1.08956214e+09 1.08956222e+09 1.08956231e+09
 1.08956240e+09 1.08956248e+09 1.08956257e+09 1.08956266e+09
 1.08956274e+09 1.08956283e+09 1.08956292e+09 1.08956300e+09
 1.08956309e+09 1.08956318e+09 1.08956326e+09 1.08956335e+09
 1.08956344e+09 1.08956352e+09 1.08956361e+09 1.08956369e+09
 1.08956378e+09 1.08956387e+09 1.08956395e+09 1.08956404e+09
 1.08956413e+09 1.08956421e+09 1.08956430e+09 1.08956439e+09
 1.08956447e+09 1.08956456e+09 1.08956465e+09 1.08956473e+09
 1.08956482e+09 1.08956491e+09 1.08956499e+09 1.08956508e+09
 1.08956517e+09 1.08956525e+09 1.08956534e+09 1.08956542e+09
 1.08956551e+09 1.08956560e+09 1.08956568e+09 1.08956577e+09
 1.08956586e+09 1.08956594e+09 1.08956603e+09 1.08956612e+09
 1.08956620e+09 1.08956629e+09 1.08956638e+09 1.08956646e+09
 1.08956655e+09 1.08956664e+09 1.08956672e+09 1.08956681e+09
 1.08956689e+09 1.08956698e+09 1.08956707e+09 1.08956715e+09
 1.08956724e+09 1.08956733e+09 1.08956741e+09 1.08956750e+09
 1.08956759e+09 1.08956767e+09 1.08956776e+09 1.08956785e+09
 1.08956793e+09 1.08956802e+09 1.08956811e+09 1.08956819e+09
 1.08956828e+09 1.08956837e+09 1.08956845e+09 1.08956854e+09
 1.08956862e+09 1.08956871e+09 1.08956880e+09 1.08956888e+09
 1.08956897e+09 1.08956906e+09 1.08956914e+09 1.08956923e+09
 1.08956932e+09 1.08956940e+09 1.08956949e+09 1.08956958e+09
 1.08956966e+09 1.08956975e+09 1.08956984e+09 1.08956992e+09
 1.08957001e+09 1.08957009e+09 1.08957018e+09 1.08957027e+09
 1.08957035e+09 1.08957044e+09 1.08957053e+09 1.08957061e+09
 1.08957070e+09 1.08957079e+09 1.08957087e+09 1.08957096e+09
 1.08957105e+09 1.08957113e+09 1.08957122e+09 1.08957131e+09
 1.08957139e+09 1.08957148e+09 1.08957157e+09 1.08957165e+09
 1.08957174e+09 1.08957182e+09 1.08957191e+09 1.08957200e+09
 1.08957208e+09 1.08957217e+09 1.08957226e+09 1.08957234e+09
 1.08957243e+09 1.08957252e+09 1.08957260e+09 1.08957269e+09
 1.08957278e+09 1.08957286e+09 1.08957295e+09 1.08957304e+09
 1.08957312e+09 1.08957321e+09 1.08957329e+09 1.08957338e+09
 1.08957347e+09 1.08957355e+09 1.08957364e+09 1.08957373e+09
 1.08957381e+09 1.08957390e+09 1.08957399e+09 1.08957407e+09
 1.08957416e+09 1.08957425e+09 1.08957433e+09 1.08957442e+09
 1.08957451e+09 1.08957459e+09 1.08957468e+09 1.08957477e+09
 1.08957485e+09 1.08957494e+09 1.08957502e+09 1.08957511e+09
 1.08957520e+09 1.08957528e+09 1.08957537e+09 1.08957546e+09
 1.08957554e+09 1.08957563e+09 1.08957572e+09 1.08957580e+09
 1.08957589e+09 1.08957598e+09 1.08957606e+09 1.08957615e+09
 1.08957624e+09 1.08957632e+09 1.08957641e+09 1.08957649e+09
 1.08957658e+09 1.08957667e+09 1.08957675e+09 1.08957684e+09
 1.08957693e+09 1.08957701e+09 1.08957710e+09 1.08957719e+09
 1.08957727e+09 1.08957736e+09 1.08957745e+09 1.08957753e+09
 1.08957762e+09 1.08957771e+09 1.08957779e+09 1.08957788e+09
 1.08957797e+09 1.08957805e+09 1.08957814e+09 1.08957822e+09
 1.08957831e+09 1.08957840e+09 1.08957848e+09 1.08957857e+09
 1.08957866e+09 1.08957874e+09 1.08957883e+09 1.08957892e+09
 1.08957900e+09 1.08957909e+09 1.08957918e+09 1.08957926e+09
 1.08957935e+09 1.08957944e+09 1.08957952e+09 1.08957961e+09
 1.08957969e+09 1.08957978e+09 1.08957987e+09 1.08957995e+09
 1.08958004e+09 1.08958013e+09 1.08958021e+09 1.08958030e+09
 1.08958039e+09 1.08958047e+09 1.08958056e+09 1.08958065e+09
 1.08958073e+09 1.08958082e+09 1.08958091e+09 1.08958099e+09
 1.08958108e+09 1.08958117e+09 1.08958125e+09 1.08958134e+09
 1.08958142e+09 1.08958151e+09 1.08958160e+09 1.08958168e+09
 1.08958177e+09 1.08958186e+09 1.08958194e+09 1.08958203e+09
 1.08958212e+09 1.08958220e+09 1.08958229e+09 1.08958238e+09
 1.08958246e+09 1.08958255e+09 1.08958264e+09 1.08958272e+09
 1.08958281e+09 1.08958289e+09 1.08958298e+09 1.08958307e+09
 1.08958315e+09 1.08958324e+09 1.08958333e+09 1.08958341e+09
 1.08958350e+09 1.08958359e+09 1.08958367e+09 1.08958376e+09
 1.08958385e+09 1.08958393e+09 1.08958402e+09 1.08958411e+09
 1.08958419e+09 1.08958428e+09 1.08958437e+09 1.08958445e+09
 1.08958454e+09 1.08958462e+09 1.08958471e+09 1.08958480e+09
 1.08958488e+09 1.08958497e+09 1.08958506e+09 1.08958514e+09
 1.08958523e+09 1.08958532e+09 1.08958540e+09 1.08958549e+09
 1.08958558e+09 1.08958566e+09 1.08958575e+09 1.08958584e+09
 1.08958592e+09 1.08958601e+09 1.08958609e+09 1.08958618e+09
 1.08958627e+09 1.08958635e+09 1.08958644e+09 1.08958653e+09
 1.08958661e+09 1.08958670e+09 1.08958679e+09 1.08958687e+09
 1.08958696e+09 1.08958705e+09 1.08958713e+09 1.08958722e+09
 1.08958731e+09 1.08958739e+09 1.08958748e+09 1.08958757e+09
 1.08958765e+09 1.08958774e+09 1.08958782e+09 1.08958791e+09
 1.08958800e+09 1.08958808e+09 1.08958817e+09 1.08958826e+09
 1.08958834e+09 1.08958843e+09 1.08958852e+09 1.08958860e+09
 1.08958869e+09 1.08958878e+09 1.08958886e+09 1.08958895e+09
 1.08958904e+09 1.08958912e+09 1.08958921e+09 1.08958929e+09
 1.08958938e+09 1.08958947e+09 1.08958955e+09 1.08958964e+09
 1.08958973e+09 1.08958981e+09 1.08958990e+09 1.08958999e+09
 1.08959007e+09 1.08959016e+09 1.08959025e+09 1.08959033e+09
 1.08959042e+09 1.08959051e+09 1.08959059e+09 1.08959068e+09
 1.08959077e+09 1.08959085e+09 1.08959094e+09 1.08959102e+09
 1.08959111e+09 1.08959120e+09 1.08959128e+09 1.08959137e+09
 1.08959146e+09 1.08959154e+09 1.08959163e+09 1.08959172e+09
 1.08959180e+09 1.08959189e+09 1.08959198e+09 1.08959206e+09
 1.08959215e+09 1.08959224e+09 1.08959232e+09 1.08959241e+09
 1.08959249e+09 1.08959258e+09 1.08959267e+09 1.08959275e+09
 1.08959284e+09 1.08959293e+09 1.08959301e+09 1.08959310e+09
 1.08959319e+09 1.08959327e+09 1.08959336e+09 1.08959345e+09
 1.08959353e+09 1.08959362e+09 1.08959371e+09 1.08959379e+09
 1.08959388e+09 1.08959397e+09 1.08959405e+09 1.08959414e+09
 1.08959422e+09 1.08959431e+09 1.08959440e+09 1.08959448e+09
 1.08959457e+09 1.08959466e+09 1.08959474e+09 1.08959483e+09
 1.08959492e+09 1.08959500e+09 1.08959509e+09 1.08959518e+09
 1.08959526e+09 1.08959535e+09 1.08959544e+09 1.08959552e+09
 1.08959561e+09 1.08959569e+09 1.08959578e+09 1.08959587e+09
 1.08959595e+09 1.08959604e+09 1.08959613e+09 1.08959621e+09
 1.08959630e+09 1.08959639e+09 1.08959647e+09 1.08959656e+09
 1.08959665e+09 1.08959673e+09 1.08959682e+09 1.08959691e+09
 1.08959699e+09 1.08959708e+09 1.08959717e+09 1.08959725e+09
 1.08959734e+09 1.08959742e+09 1.08959751e+09 1.08959760e+09
 1.08959768e+09 1.08959777e+09 1.08959786e+09 1.08959794e+09
 1.08959803e+09 1.08959812e+09 1.08959820e+09 1.08959829e+09
 1.08959838e+09 1.08959846e+09 1.08959855e+09 1.08959864e+09
 1.08959872e+09 1.08959881e+09 1.08959889e+09 1.08959898e+09
 1.08959907e+09 1.08959915e+09 1.08959924e+09 1.08959933e+09
 1.08959941e+09 1.08959950e+09 1.08959959e+09 1.08959967e+09
 1.08959976e+09 1.08959985e+09 1.08959993e+09 1.08960002e+09
 1.08960011e+09 1.08960019e+09 1.08960028e+09 1.08960037e+09
 1.08960045e+09 1.08960054e+09 1.08960062e+09 1.08960071e+09
 1.08960080e+09 1.08960088e+09 1.08960097e+09 1.08960106e+09
 1.08960114e+09 1.08960123e+09 1.08960132e+09 1.08960140e+09
 1.08960149e+09 1.08960158e+09 1.08960166e+09 1.08960175e+09
 1.08960184e+09 1.08960192e+09 1.08960201e+09 1.08960209e+09
 1.08960218e+09 1.08960227e+09 1.08960235e+09 1.08960244e+09
 1.08960253e+09 1.08960261e+09 1.08960270e+09 1.08960279e+09
 1.08960287e+09 1.08960296e+09 1.08960305e+09 1.08960313e+09
 1.08960322e+09 1.08960331e+09 1.08960339e+09 1.08960348e+09
 1.08960357e+09 1.08960365e+09 1.08960374e+09 1.08960382e+09
 1.08960391e+09 1.08960400e+09 1.08960408e+09 1.08960417e+09
 1.08960426e+09 1.08960434e+09 1.08960443e+09 1.08960452e+09
 1.08960460e+09 1.08960469e+09 1.08960478e+09 1.08960486e+09
 1.08960495e+09 1.08960504e+09 1.08960512e+09 1.08960521e+09
 1.08960529e+09 1.08960538e+09 1.08960547e+09 1.08960555e+09
 1.08960564e+09 1.08960573e+09 1.08960581e+09 1.08960590e+09
 1.08960599e+09 1.08960607e+09 1.08960616e+09 1.08960625e+09
 1.08960633e+09 1.08960642e+09 1.08960651e+09 1.08960659e+09
 1.08960668e+09 1.08960677e+09 1.08960685e+09 1.08960694e+09
 1.08960702e+09 1.08960711e+09 1.08960720e+09 1.08960728e+09
 1.08960737e+09 1.08960746e+09 1.08960754e+09 1.08960763e+09
 1.08960772e+09 1.08960780e+09 1.08960789e+09 1.08960798e+09
 1.08960806e+09 1.08960815e+09 1.08960824e+09 1.08960832e+09
 1.08960841e+09 1.08960849e+09 1.08960858e+09 1.08960867e+09
 1.08960875e+09 1.08960884e+09 1.08960893e+09 1.08960901e+09
 1.08960910e+09 1.08960919e+09 1.08960927e+09 1.08960936e+09
 1.08960945e+09 1.08960953e+09 1.08960962e+09 1.08960971e+09
 1.08960979e+09 1.08960988e+09 1.08960997e+09 1.08961005e+09
 1.08961014e+09 1.08961022e+09 1.08961031e+09 1.08961040e+09
 1.08961048e+09 1.08961057e+09 1.08961066e+09 1.08961074e+09
 1.08961083e+09 1.08961092e+09 1.08961100e+09 1.08961109e+09
 1.08961118e+09 1.08961126e+09 1.08961135e+09 1.08961144e+09
 1.08961152e+09 1.08961161e+09 1.08961169e+09 1.08961178e+09
 1.08961187e+09 1.08961195e+09 1.08961204e+09 1.08961213e+09
 1.08961221e+09 1.08961230e+09 1.08961239e+09 1.08961247e+09
 1.08961256e+09 1.08961265e+09 1.08961273e+09 1.08961282e+09
 1.08961291e+09 1.08961299e+09 1.08961308e+09 1.08961317e+09
 1.08961325e+09 1.08961334e+09 1.08961342e+09 1.08961351e+09
 1.08961360e+09 1.08961368e+09 1.08961377e+09 1.08961386e+09
 1.08961394e+09 1.08961403e+09 1.08961412e+09 1.08961420e+09
 1.08961429e+09 1.08961438e+09 1.08961446e+09 1.08961455e+09
 1.08961464e+09 1.08961472e+09 1.08961481e+09 1.08961489e+09
 1.08961498e+09 1.08961507e+09 1.08961515e+09 1.08961524e+09
 1.08961533e+09 1.08961541e+09 1.08961550e+09 1.08961559e+09
 1.08961567e+09 1.08961576e+09 1.08961585e+09 1.08961593e+09
 1.08961602e+09 1.08961611e+09 1.08961619e+09 1.08961628e+09
 1.08961637e+09 1.08961645e+09 1.08961654e+09 1.08961662e+09
 1.08961671e+09 1.08961680e+09 1.08961688e+09 1.08961697e+09
 1.08961706e+09 1.08961714e+09 1.08961723e+09 1.08961732e+09
 1.08961740e+09 1.08961749e+09 1.08961758e+09 1.08961766e+09
 1.08961775e+09 1.08961784e+09 1.08961792e+09 1.08961801e+09
 1.08961809e+09 1.08961818e+09 1.08961827e+09 1.08961835e+09
 1.08961844e+09 1.08961853e+09 1.08961861e+09 1.08961870e+09]
minRes = 1.807970500588849
minResTime = [1.08958471e+09]
Cov(t) = [100 100 100 100 100 100 100 100 100 100 100 100 100 100 100 100 100 100
 100 100 100 100 100 100 100 100 100 100 100 100 100 100 100 100 100 100
 100 100 100 100 100 100 100 100 100 100 100 100 100 100 100 100 100 100
 100 100 100 100 100 100 100 100 100 100 100 100 100 100 100 100 100 100
 100 100 100 100 100 100 100 100 100 100 100 100 100 100 100 100 100 100
 100 100 100 100 100 100 100 100 100 100 100 100 100 100 100 100 100 100
 100 100 100 100 100 100 100 100 100 100 100 100 100 100 100 100 100 100
 100 100 100 100 100 100 100 100 100 100 100 100 100 100 100 100 100 100
 100 100 100 100 100 100 100 100 100 100 100 100 100 100 100 100 100 100
 100 100 100 100 100 100 100 100 100 100 100 100 100 100 100 100 100 100
 100 100 100 100 100 100 100 100 100 100 100 100 100 100 100 100 100 100
 100 100 100 100 100 100 100 100 100 100 100 100 100 100 100 100 100 100
 100 100 100 100 100 100 100 100 100 100 100 100 100 100 100 100 100 100
 100 100 100 100 100 100 100 100 100 100 100 100 100 100 100 100 100 100
 100 100 100 100 100 100 100 100 100 100 100 100 100 100 100 100 100 100
 100 100 100 100 100 100 100 100 100 100 100 100 100 100 100 100 100 100
 100 100 100 100 100 100 100 100 100 100 100 100 100 100 100 100 100 100
 100 100 100 100 100 100 100 100 100 100 100 100 100 100 100 100 100 100
 100 100 100 100 100 100 100 100 100 100 100 100 100 100 100 100 100 100
 100 100 100 100 100 100 100 100 100 100 100 100 100 100 100 100 100 100
 100 100 100 100 100 100 100 100 100 100 100 100 100 100 100 100 100 100
 100 100 100 100 100 100 100 100 100 100 100 100 100 100 100 100 100 100
 100 100 100 100 100 100 100 100 100 100 100 100 100 100 100 100 100 100
 100 100 100 100 100 100 100 100 100 100 100 100 100 100 100 100 100 100
 100 100 100 100 100 100 100 100 100 100 100 100 100 100 100 100 100 100
 100 100 100 100 100 100 100 100 100 100 100 100 100 100 100 100 100 100
 100 100 100 100 100 100 100 100 100 100 100 100 100 100 100 100 100 100
 100 100 100 100 100 100 100 100 100 100 100 100 100 100 100 100 100 100
 100 100 100 100 100 100 100 100 100 100 100 100 100 100 100 100 100 100
 100 100 100 100 100 100 100 100 100 100 100 100 100 100 100 100 100 100
 100 100 100 100 100 100 100 100 100 100 100 100 100 100 100 100 100 100
 100 100 100 100 100 100 100 100 100 100 100 100 100 100 100 100 100 100
 100 100 100 100 100 100 100 100 100 100 100 100 100 100 100 100 100 100
 100 100 100 100 100 100 100 100 100 100 100 100 100 100 100 100 100 100
 100 100 100 100 100 100 100 100 100 100 100 100 100 100 100 100 100 100
 100 100 100 100 100 100 100 100 100 100 100 100 100 100 100 100 100 100
 100 100 100 100 100 100 100 100 100 100 100 100 100 100 100 100 100 100
 100 100 100 100 100 100 100 100 100 100 100 100 100 100 100 100 100 100
 100 100 100 100 100 100 100 100 100 100 100 100 100 100 100 100 100 100
 100 100 100 100 100 100 100 100 100 100 100 100 100 100 100 100 100 100
 100 100 100 100 100 100 100 100 100 100 100 100 100 100 100 100 100 100
 100 100 100 100 100 100 100 100 100 100 100 100 100 100 100 100 100 100
 100 100 100 100 100 100 100 100 100 100 100 100 100 100 100 100 100 100
 100 100 100 100 100 100 100 100 100 100 100 100 100 100 100 100 100 100
 100 100 100 100 100 100 100 100 100 100 100 100 100 100 100 100 100 100
 100 100 100 100 100 100 100 100 100 100 100 100 100 100 100 100 100 100
 100 100 100 100 100 100 100 100 100 100 100 100 100 100 100 100 100 100
 100 100 100 100 100 100 100 100 100 100 100 100 100 100 100 100 100 100
 100 100 100 100 100 100 100 100 100 100 100 100 100 100 100 100 100 100
 100 100 100 100 100 100 100 100 100 100 100 100 100 100 100 100 100 100
 100 100 100 100 100 100 100 100 100 100 100 100 100 100 100 100 100 100
 100 100 100 100 100 100 100 100 100 100 100 100 100 100 100 100 100 100
 100 100 100 100 100 100 100 100 100 100 100 100 100 100 100 100 100 100
 100 100 100 100 100 100 100 100 100 100 100 100 100 100 100 100 100 100
 100 100 100 100 100 100 100 100 100 100 100 100 100 100 100 100 100 100
 100 100 100 100 100 100 100 100 100 100]
maxCov = 100
maxCovTime = [1.08953230e+09 1.08953239e+09 1.08953247e+09 1.08953256e+09
 1.08953265e+09 1.08953273e+09 1.08953282e+09 1.08953291e+09
 1.08953299e+09 1.08953308e+09 1.08953317e+09 1.08953325e+09
 1.08953334e+09 1.08953342e+09 1.08953351e+09 1.08953360e+09
 1.08953368e+09 1.08953377e+09 1.08953386e+09 1.08953394e+09
 1.08953403e+09 1.08953412e+09 1.08953420e+09 1.08953429e+09
 1.08953438e+09 1.08953446e+09 1.08953455e+09 1.08953464e+09
 1.08953472e+09 1.08953481e+09 1.08953489e+09 1.08953498e+09
 1.08953507e+09 1.08953515e+09 1.08953524e+09 1.08953533e+09
 1.08953541e+09 1.08953550e+09 1.08953559e+09 1.08953567e+09
 1.08953576e+09 1.08953585e+09 1.08953593e+09 1.08953602e+09
 1.08953611e+09 1.08953619e+09 1.08953628e+09 1.08953637e+09
 1.08953645e+09 1.08953654e+09 1.08953662e+09 1.08953671e+09
 1.08953680e+09 1.08953688e+09 1.08953697e+09 1.08953706e+09
 1.08953714e+09 1.08953723e+09 1.08953732e+09 1.08953740e+09
 1.08953749e+09 1.08953758e+09 1.08953766e+09 1.08953775e+09
 1.08953784e+09 1.08953792e+09 1.08953801e+09 1.08953809e+09
 1.08953818e+09 1.08953827e+09 1.08953835e+09 1.08953844e+09
 1.08953853e+09 1.08953861e+09 1.08953870e+09 1.08953879e+09
 1.08953887e+09 1.08953896e+09 1.08953905e+09 1.08953913e+09
 1.08953922e+09 1.08953931e+09 1.08953939e+09 1.08953948e+09
 1.08953957e+09 1.08953965e+09 1.08953974e+09 1.08953982e+09
 1.08953991e+09 1.08954000e+09 1.08954008e+09 1.08954017e+09
 1.08954026e+09 1.08954034e+09 1.08954043e+09 1.08954052e+09
 1.08954060e+09 1.08954069e+09 1.08954078e+09 1.08954086e+09
 1.08954095e+09 1.08954104e+09 1.08954112e+09 1.08954121e+09
 1.08954129e+09 1.08954138e+09 1.08954147e+09 1.08954155e+09
 1.08954164e+09 1.08954173e+09 1.08954181e+09 1.08954190e+09
 1.08954199e+09 1.08954207e+09 1.08954216e+09 1.08954225e+09
 1.08954233e+09 1.08954242e+09 1.08954251e+09 1.08954259e+09
 1.08954268e+09 1.08954277e+09 1.08954285e+09 1.08954294e+09
 1.08954302e+09 1.08954311e+09 1.08954320e+09 1.08954328e+09
 1.08954337e+09 1.08954346e+09 1.08954354e+09 1.08954363e+09
 1.08954372e+09 1.08954380e+09 1.08954389e+09 1.08954398e+09
 1.08954406e+09 1.08954415e+09 1.08954424e+09 1.08954432e+09
 1.08954441e+09 1.08954449e+09 1.08954458e+09 1.08954467e+09
 1.08954475e+09 1.08954484e+09 1.08954493e+09 1.08954501e+09
 1.08954510e+09 1.08954519e+09 1.08954527e+09 1.08954536e+09
 1.08954545e+09 1.08954553e+09 1.08954562e+09 1.08954571e+09
 1.08954579e+09 1.08954588e+09 1.08954597e+09 1.08954605e+09
 1.08954614e+09 1.08954622e+09 1.08954631e+09 1.08954640e+09
 1.08954648e+09 1.08954657e+09 1.08954666e+09 1.08954674e+09
 1.08954683e+09 1.08954692e+09 1.08954700e+09 1.08954709e+09
 1.08954718e+09 1.08954726e+09 1.08954735e+09 1.08954744e+09
 1.08954752e+09 1.08954761e+09 1.08954769e+09 1.08954778e+09
 1.08954787e+09 1.08954795e+09 1.08954804e+09 1.08954813e+09
 1.08954821e+09 1.08954830e+09 1.08954839e+09 1.08954847e+09
 1.08954856e+09 1.08954865e+09 1.08954873e+09 1.08954882e+09
 1.08954891e+09 1.08954899e+09 1.08954908e+09 1.08954917e+09
 1.08954925e+09 1.08954934e+09 1.08954942e+09 1.08954951e+09
 1.08954960e+09 1.08954968e+09 1.08954977e+09 1.08954986e+09
 1.08954994e+09 1.08955003e+09 1.08955012e+09 1.08955020e+09
 1.08955029e+09 1.08955038e+09 1.08955046e+09 1.08955055e+09
 1.08955064e+09 1.08955072e+09 1.08955081e+09 1.08955089e+09
 1.08955098e+09 1.08955107e+09 1.08955115e+09 1.08955124e+09
 1.08955133e+09 1.08955141e+09 1.08955150e+09 1.08955159e+09
 1.08955167e+09 1.08955176e+09 1.08955185e+09 1.08955193e+09
 1.08955202e+09 1.08955211e+09 1.08955219e+09 1.08955228e+09
 1.08955237e+09 1.08955245e+09 1.08955254e+09 1.08955262e+09
 1.08955271e+09 1.08955280e+09 1.08955288e+09 1.08955297e+09
 1.08955306e+09 1.08955314e+09 1.08955323e+09 1.08955332e+09
 1.08955340e+09 1.08955349e+09 1.08955358e+09 1.08955366e+09
 1.08955375e+09 1.08955384e+09 1.08955392e+09 1.08955401e+09
 1.08955409e+09 1.08955418e+09 1.08955427e+09 1.08955435e+09
 1.08955444e+09 1.08955453e+09 1.08955461e+09 1.08955470e+09
 1.08955479e+09 1.08955487e+09 1.08955496e+09 1.08955505e+09
 1.08955513e+09 1.08955522e+09 1.08955531e+09 1.08955539e+09
 1.08955548e+09 1.08955557e+09 1.08955565e+09 1.08955574e+09
 1.08955582e+09 1.08955591e+09 1.08955600e+09 1.08955608e+09
 1.08955617e+09 1.08955626e+09 1.08955634e+09 1.08955643e+09
 1.08955652e+09 1.08955660e+09 1.08955669e+09 1.08955678e+09
 1.08955686e+09 1.08955695e+09 1.08955704e+09 1.08955712e+09
 1.08955721e+09 1.08955729e+09 1.08955738e+09 1.08955747e+09
 1.08955755e+09 1.08955764e+09 1.08955773e+09 1.08955781e+09
 1.08955790e+09 1.08955799e+09 1.08955807e+09 1.08955816e+09
 1.08955825e+09 1.08955833e+09 1.08955842e+09 1.08955851e+09
 1.08955859e+09 1.08955868e+09 1.08955877e+09 1.08955885e+09
 1.08955894e+09 1.08955902e+09 1.08955911e+09 1.08955920e+09
 1.08955928e+09 1.08955937e+09 1.08955946e+09 1.08955954e+09
 1.08955963e+09 1.08955972e+09 1.08955980e+09 1.08955989e+09
 1.08955998e+09 1.08956006e+09 1.08956015e+09 1.08956024e+09
 1.08956032e+09 1.08956041e+09 1.08956049e+09 1.08956058e+09
 1.08956067e+09 1.08956075e+09 1.08956084e+09 1.08956093e+09
 1.08956101e+09 1.08956110e+09 1.08956119e+09 1.08956127e+09
 1.08956136e+09 1.08956145e+09 1.08956153e+09 1.08956162e+09
 1.08956171e+09 1.08956179e+09 1.08956188e+09 1.08956197e+09
 1.08956205e+09 1.08956214e+09 1.08956222e+09 1.08956231e+09
 1.08956240e+09 1.08956248e+09 1.08956257e+09 1.08956266e+09
 1.08956274e+09 1.08956283e+09 1.08956292e+09 1.08956300e+09
 1.08956309e+09 1.08956318e+09 1.08956326e+09 1.08956335e+09
 1.08956344e+09 1.08956352e+09 1.08956361e+09 1.08956369e+09
 1.08956378e+09 1.08956387e+09 1.08956395e+09 1.08956404e+09
 1.08956413e+09 1.08956421e+09 1.08956430e+09 1.08956439e+09
 1.08956447e+09 1.08956456e+09 1.08956465e+09 1.08956473e+09
 1.08956482e+09 1.08956491e+09 1.08956499e+09 1.08956508e+09
 1.08956517e+09 1.08956525e+09 1.08956534e+09 1.08956542e+09
 1.08956551e+09 1.08956560e+09 1.08956568e+09 1.08956577e+09
 1.08956586e+09 1.08956594e+09 1.08956603e+09 1.08956612e+09
 1.08956620e+09 1.08956629e+09 1.08956638e+09 1.08956646e+09
 1.08956655e+09 1.08956664e+09 1.08956672e+09 1.08956681e+09
 1.08956689e+09 1.08956698e+09 1.08956707e+09 1.08956715e+09
 1.08956724e+09 1.08956733e+09 1.08956741e+09 1.08956750e+09
 1.08956759e+09 1.08956767e+09 1.08956776e+09 1.08956785e+09
 1.08956793e+09 1.08956802e+09 1.08956811e+09 1.08956819e+09
 1.08956828e+09 1.08956837e+09 1.08956845e+09 1.08956854e+09
 1.08956862e+09 1.08956871e+09 1.08956880e+09 1.08956888e+09
 1.08956897e+09 1.08956906e+09 1.08956914e+09 1.08956923e+09
 1.08956932e+09 1.08956940e+09 1.08956949e+09 1.08956958e+09
 1.08956966e+09 1.08956975e+09 1.08956984e+09 1.08956992e+09
 1.08957001e+09 1.08957009e+09 1.08957018e+09 1.08957027e+09
 1.08957035e+09 1.08957044e+09 1.08957053e+09 1.08957061e+09
 1.08957070e+09 1.08957079e+09 1.08957087e+09 1.08957096e+09
 1.08957105e+09 1.08957113e+09 1.08957122e+09 1.08957131e+09
 1.08957139e+09 1.08957148e+09 1.08957157e+09 1.08957165e+09
 1.08957174e+09 1.08957182e+09 1.08957191e+09 1.08957200e+09
 1.08957208e+09 1.08957217e+09 1.08957226e+09 1.08957234e+09
 1.08957243e+09 1.08957252e+09 1.08957260e+09 1.08957269e+09
 1.08957278e+09 1.08957286e+09 1.08957295e+09 1.08957304e+09
 1.08957312e+09 1.08957321e+09 1.08957329e+09 1.08957338e+09
 1.08957347e+09 1.08957355e+09 1.08957364e+09 1.08957373e+09
 1.08957381e+09 1.08957390e+09 1.08957399e+09 1.08957407e+09
 1.08957416e+09 1.08957425e+09 1.08957433e+09 1.08957442e+09
 1.08957451e+09 1.08957459e+09 1.08957468e+09 1.08957477e+09
 1.08957485e+09 1.08957494e+09 1.08957502e+09 1.08957511e+09
 1.08957520e+09 1.08957528e+09 1.08957537e+09 1.08957546e+09
 1.08957554e+09 1.08957563e+09 1.08957572e+09 1.08957580e+09
 1.08957589e+09 1.08957598e+09 1.08957606e+09 1.08957615e+09
 1.08957624e+09 1.08957632e+09 1.08957641e+09 1.08957649e+09
 1.08957658e+09 1.08957667e+09 1.08957675e+09 1.08957684e+09
 1.08957693e+09 1.08957701e+09 1.08957710e+09 1.08957719e+09
 1.08957727e+09 1.08957736e+09 1.08957745e+09 1.08957753e+09
 1.08957762e+09 1.08957771e+09 1.08957779e+09 1.08957788e+09
 1.08957797e+09 1.08957805e+09 1.08957814e+09 1.08957822e+09
 1.08957831e+09 1.08957840e+09 1.08957848e+09 1.08957857e+09
 1.08957866e+09 1.08957874e+09 1.08957883e+09 1.08957892e+09
 1.08957900e+09 1.08957909e+09 1.08957918e+09 1.08957926e+09
 1.08957935e+09 1.08957944e+09 1.08957952e+09 1.08957961e+09
 1.08957969e+09 1.08957978e+09 1.08957987e+09 1.08957995e+09
 1.08958004e+09 1.08958013e+09 1.08958021e+09 1.08958030e+09
 1.08958039e+09 1.08958047e+09 1.08958056e+09 1.08958065e+09
 1.08958073e+09 1.08958082e+09 1.08958091e+09 1.08958099e+09
 1.08958108e+09 1.08958117e+09 1.08958125e+09 1.08958134e+09
 1.08958142e+09 1.08958151e+09 1.08958160e+09 1.08958168e+09
 1.08958177e+09 1.08958186e+09 1.08958194e+09 1.08958203e+09
 1.08958212e+09 1.08958220e+09 1.08958229e+09 1.08958238e+09
 1.08958246e+09 1.08958255e+09 1.08958264e+09 1.08958272e+09
 1.08958281e+09 1.08958289e+09 1.08958298e+09 1.08958307e+09
 1.08958315e+09 1.08958324e+09 1.08958333e+09 1.08958341e+09
 1.08958350e+09 1.08958359e+09 1.08958367e+09 1.08958376e+09
 1.08958385e+09 1.08958393e+09 1.08958402e+09 1.08958411e+09
 1.08958419e+09 1.08958428e+09 1.08958437e+09 1.08958445e+09
 1.08958454e+09 1.08958462e+09 1.08958471e+09 1.08958480e+09
 1.08958488e+09 1.08958497e+09 1.08958506e+09 1.08958514e+09
 1.08958523e+09 1.08958532e+09 1.08958540e+09 1.08958549e+09
 1.08958558e+09 1.08958566e+09 1.08958575e+09 1.08958584e+09
 1.08958592e+09 1.08958601e+09 1.08958609e+09 1.08958618e+09
 1.08958627e+09 1.08958635e+09 1.08958644e+09 1.08958653e+09
 1.08958661e+09 1.08958670e+09 1.08958679e+09 1.08958687e+09
 1.08958696e+09 1.08958705e+09 1.08958713e+09 1.08958722e+09
 1.08958731e+09 1.08958739e+09 1.08958748e+09 1.08958757e+09
 1.08958765e+09 1.08958774e+09 1.08958782e+09 1.08958791e+09
 1.08958800e+09 1.08958808e+09 1.08958817e+09 1.08958826e+09
 1.08958834e+09 1.08958843e+09 1.08958852e+09 1.08958860e+09
 1.08958869e+09 1.08958878e+09 1.08958886e+09 1.08958895e+09
 1.08958904e+09 1.08958912e+09 1.08958921e+09 1.08958929e+09
 1.08958938e+09 1.08958947e+09 1.08958955e+09 1.08958964e+09
 1.08958973e+09 1.08958981e+09 1.08958990e+09 1.08958999e+09
 1.08959007e+09 1.08959016e+09 1.08959025e+09 1.08959033e+09
 1.08959042e+09 1.08959051e+09 1.08959059e+09 1.08959068e+09
 1.08959077e+09 1.08959085e+09 1.08959094e+09 1.08959102e+09
 1.08959111e+09 1.08959120e+09 1.08959128e+09 1.08959137e+09
 1.08959146e+09 1.08959154e+09 1.08959163e+09 1.08959172e+09
 1.08959180e+09 1.08959189e+09 1.08959198e+09 1.08959206e+09
 1.08959215e+09 1.08959224e+09 1.08959232e+09 1.08959241e+09
 1.08959249e+09 1.08959258e+09 1.08959267e+09 1.08959275e+09
 1.08959284e+09 1.08959293e+09 1.08959301e+09 1.08959310e+09
 1.08959319e+09 1.08959327e+09 1.08959336e+09 1.08959345e+09
 1.08959353e+09 1.08959362e+09 1.08959371e+09 1.08959379e+09
 1.08959388e+09 1.08959397e+09 1.08959405e+09 1.08959414e+09
 1.08959422e+09 1.08959431e+09 1.08959440e+09 1.08959448e+09
 1.08959457e+09 1.08959466e+09 1.08959474e+09 1.08959483e+09
 1.08959492e+09 1.08959500e+09 1.08959509e+09 1.08959518e+09
 1.08959526e+09 1.08959535e+09 1.08959544e+09 1.08959552e+09
 1.08959561e+09 1.08959569e+09 1.08959578e+09 1.08959587e+09
 1.08959595e+09 1.08959604e+09 1.08959613e+09 1.08959621e+09
 1.08959630e+09 1.08959639e+09 1.08959647e+09 1.08959656e+09
 1.08959665e+09 1.08959673e+09 1.08959682e+09 1.08959691e+09
 1.08959699e+09 1.08959708e+09 1.08959717e+09 1.08959725e+09
 1.08959734e+09 1.08959742e+09 1.08959751e+09 1.08959760e+09
 1.08959768e+09 1.08959777e+09 1.08959786e+09 1.08959794e+09
 1.08959803e+09 1.08959812e+09 1.08959820e+09 1.08959829e+09
 1.08959838e+09 1.08959846e+09 1.08959855e+09 1.08959864e+09
 1.08959872e+09 1.08959881e+09 1.08959889e+09 1.08959898e+09
 1.08959907e+09 1.08959915e+09 1.08959924e+09 1.08959933e+09
 1.08959941e+09 1.08959950e+09 1.08959959e+09 1.08959967e+09
 1.08959976e+09 1.08959985e+09 1.08959993e+09 1.08960002e+09
 1.08960011e+09 1.08960019e+09 1.08960028e+09 1.08960037e+09
 1.08960045e+09 1.08960054e+09 1.08960062e+09 1.08960071e+09
 1.08960080e+09 1.08960088e+09 1.08960097e+09 1.08960106e+09
 1.08960114e+09 1.08960123e+09 1.08960132e+09 1.08960140e+09
 1.08960149e+09 1.08960158e+09 1.08960166e+09 1.08960175e+09
 1.08960184e+09 1.08960192e+09 1.08960201e+09 1.08960209e+09
 1.08960218e+09 1.08960227e+09 1.08960235e+09 1.08960244e+09
 1.08960253e+09 1.08960261e+09 1.08960270e+09 1.08960279e+09
 1.08960287e+09 1.08960296e+09 1.08960305e+09 1.08960313e+09
 1.08960322e+09 1.08960331e+09 1.08960339e+09 1.08960348e+09
 1.08960357e+09 1.08960365e+09 1.08960374e+09 1.08960382e+09
 1.08960391e+09 1.08960400e+09 1.08960408e+09 1.08960417e+09
 1.08960426e+09 1.08960434e+09 1.08960443e+09 1.08960452e+09
 1.08960460e+09 1.08960469e+09 1.08960478e+09 1.08960486e+09
 1.08960495e+09 1.08960504e+09 1.08960512e+09 1.08960521e+09
 1.08960529e+09 1.08960538e+09 1.08960547e+09 1.08960555e+09
 1.08960564e+09 1.08960573e+09 1.08960581e+09 1.08960590e+09
 1.08960599e+09 1.08960607e+09 1.08960616e+09 1.08960625e+09
 1.08960633e+09 1.08960642e+09 1.08960651e+09 1.08960659e+09
 1.08960668e+09 1.08960677e+09 1.08960685e+09 1.08960694e+09
 1.08960702e+09 1.08960711e+09 1.08960720e+09 1.08960728e+09
 1.08960737e+09 1.08960746e+09 1.08960754e+09 1.08960763e+09
 1.08960772e+09 1.08960780e+09 1.08960789e+09 1.08960798e+09
 1.08960806e+09 1.08960815e+09 1.08960824e+09 1.08960832e+09
 1.08960841e+09 1.08960849e+09 1.08960858e+09 1.08960867e+09
 1.08960875e+09 1.08960884e+09 1.08960893e+09 1.08960901e+09
 1.08960910e+09 1.08960919e+09 1.08960927e+09 1.08960936e+09
 1.08960945e+09 1.08960953e+09 1.08960962e+09 1.08960971e+09
 1.08960979e+09 1.08960988e+09 1.08960997e+09 1.08961005e+09
 1.08961014e+09 1.08961022e+09 1.08961031e+09 1.08961040e+09
 1.08961048e+09 1.08961057e+09 1.08961066e+09 1.08961074e+09
 1.08961083e+09 1.08961092e+09 1.08961100e+09 1.08961109e+09
 1.08961118e+09 1.08961126e+09 1.08961135e+09 1.08961144e+09
 1.08961152e+09 1.08961161e+09 1.08961169e+09 1.08961178e+09
 1.08961187e+09 1.08961195e+09 1.08961204e+09 1.08961213e+09
 1.08961221e+09 1.08961230e+09 1.08961239e+09 1.08961247e+09
 1.08961256e+09 1.08961265e+09 1.08961273e+09 1.08961282e+09
 1.08961291e+09 1.08961299e+09 1.08961308e+09 1.08961317e+09
 1.08961325e+09 1.08961334e+09 1.08961342e+09 1.08961351e+09
 1.08961360e+09 1.08961368e+09 1.08961377e+09 1.08961386e+09
 1.08961394e+09 1.08961403e+09 1.08961412e+09 1.08961420e+09
 1.08961429e+09 1.08961438e+09 1.08961446e+09 1.08961455e+09
 1.08961464e+09 1.08961472e+09 1.08961481e+09 1.08961489e+09
 1.08961498e+09 1.08961507e+09 1.08961515e+09 1.08961524e+09
 1.08961533e+09 1.08961541e+09 1.08961550e+09 1.08961559e+09
 1.08961567e+09 1.08961576e+09 1.08961585e+09 1.08961593e+09
 1.08961602e+09 1.08961611e+09 1.08961619e+09 1.08961628e+09
 1.08961637e+09 1.08961645e+09 1.08961654e+09 1.08961662e+09
 1.08961671e+09 1.08961680e+09 1.08961688e+09 1.08961697e+09
 1.08961706e+09 1.08961714e+09 1.08961723e+09 1.08961732e+09
 1.08961740e+09 1.08961749e+09 1.08961758e+09 1.08961766e+09
 1.08961775e+09 1.08961784e+09 1.08961792e+09 1.08961801e+09
 1.08961809e+09 1.08961818e+09 1.08961827e+09 1.08961835e+09
 1.08961844e+09 1.08961853e+09 1.08961861e+09 1.08961870e+09]
