name =JUICE_ROI_GAN_2_0_08
flyby = ['2034 SEP 07 06:03:51', '2034 SEP 08 06:03:51']
Observation TW = <SpiceCell dtype = 1, length = 0, size = 3200, card = 12, is_set = 1, adjust = 0, init = 1, base = 94628595236592, data = 94628595236640>
Res(t) = [1.31195394 1.3121783  1.31240269 1.31262711 1.31285157 1.31307606
 1.31330058 1.31352513 1.31374972 1.31397434 1.31419899 1.31442367
 1.31464838 1.31487312 1.3150979  1.31532271 1.31554754 1.31577241
 1.31599731 1.31622224 1.3164472  1.31667219 1.31689721 1.31712226
 1.31734734 1.31757245 1.31779759 1.31802276 1.31824796 1.31847319
 1.31869844 1.31892373 1.31914904 1.31937438 1.31959975 1.31982515
 1.32005057 1.32027603 1.32050151 1.32072702 1.32095255 1.32117812
 1.32140371 1.32162932 1.32185497 1.32208064 1.32230634 1.32253206
 1.32275781 1.32298358 1.32320939 1.32343521 1.32366107 1.32388694
 1.32411285 1.32433878 1.32456473 1.32479071 1.32501671 1.32524274
 1.32546879 1.32569487 1.32592097 1.32614709 1.32637324 1.32659941
 1.32682561 1.32705183 1.32727807 1.32750433 1.32773062 1.32795693
 1.32818326 1.32840962 1.328636   1.3288624  1.32908882 1.32931526
 1.32954173 1.32976822 1.32999473 1.33022126 1.33044781 1.33067438
 1.33090097 1.33112759 1.33135422 1.33158088 1.33180755 1.33203425
 1.33226096 1.3324877  1.33271446 1.33294123 1.33316802 1.33339484
 1.33362167 1.33384852 1.33407539 1.33430228 1.33452919 1.33475612
 1.33498306 1.33521002 1.335437   1.335664   1.33589102 1.33611805
 1.3363451  1.33657217 1.33679926 1.33702636 1.33725348 1.33748062
 1.33770777 1.33793494 1.33816212 1.33838932 1.33861654 1.33884378
 1.33907102 1.33929829 1.33952557 1.33975287 1.33998018 1.3402075
 1.34043484 1.3406622  1.34088957 1.34111695 1.34134435 1.34157176
 1.34179919 1.34202663 1.34225409 1.34248155 1.34270904 1.34293653
 1.34316404 1.34339156 1.34361909 1.34384664 1.3440742  1.34430177
 1.34452936 1.34475695 1.34498456 1.34521218 1.34543981 1.34566746
 1.34589511 1.34612278 1.34635046 1.34657815 1.34680585 1.34703356
 1.34726128 1.34748901 1.34771676 1.34794451 1.34817227 1.34840005
 1.34862783 1.34885562 1.34908343 1.34931124 1.34953906 1.34976689
 1.34999473 1.35022258 1.35045044 1.3506783  1.35090618 1.35113406
 1.35136195 1.35158985 1.35181776 1.35204567 1.3522736  1.35250153
 1.35272946 1.35295741 1.35318536 1.35341332 1.35364129 1.35386926
 1.35409724 1.35432522 1.35455322 1.35478122 1.35500922 1.35523723
 1.35546525 1.35569327 1.3559213  1.35614933 1.35637737 1.35660541
 1.35683346 1.35706152 1.35728957 1.35751764 1.3577457  1.35797378
 1.35820185 1.35842993 1.35865802 1.35888611 1.3591142  1.35934229
 1.35957039 1.35979849 1.3600266  1.36025471 1.36048282 1.36071093
 1.36093905 1.36116717 1.36139529 1.36162341 1.36185154 1.36207967
 1.3623078  1.36253593 1.36276406 1.3629922  1.36322033 1.36344847
 1.36367661 1.36390475 1.36413289 1.36436103 1.36458917 1.36481731
 1.36504546 1.3652736  1.36550174 1.36572988 1.36595803 1.36618617
 1.36641431 1.36664245 1.36687059 1.36709873 1.36732687 1.36755501
 1.36778314 1.36801128 1.36823941 1.36846754 1.36869567 1.3689238
 1.36915193 1.36938005 1.36960817 1.36983629 1.37006441 1.37029253
 1.37052064 1.37074875 1.37097685 1.37120496 1.37143305 1.37166115
 1.37188924 1.37211733 1.37234542 1.3725735  1.37280158 1.37302965
 1.37325772 1.37348579 1.37371385 1.3739419  1.37416995 1.374398
 1.37462604 1.37485408 1.37508211 1.37531014 1.37553816 1.37576617
 1.37599418 1.37622218 1.37645018 1.37667817 1.37690616 1.37713414
 1.37736211 1.37759007 1.37781803 1.37804599 1.37827393 1.37850187
 1.3787298  1.37895772 1.37918564 1.37941355 1.37964145 1.37986934
 1.38009723 1.38032511 1.38055298 1.38078084 1.38100869 1.38123653
 1.38146437 1.3816922  1.38192001 1.38214782 1.38237562 1.38260341
 1.3828312  1.38305897 1.38328673 1.38351448 1.38374223 1.38396996
 1.38419768 1.38442539 1.3846531  1.38488079 1.38510847 1.38533614
 1.3855638  1.38579145 1.38601909 1.38624672 1.38647433 1.38670194
 1.38692953 1.38715711 1.38738468 1.38761224 1.38783978 1.38806732
 1.38829484 1.38852235 1.38874985 1.38897733 1.3892048  1.38943226
 1.38965971 1.38988714 1.39011456 1.39034197 1.39056936 1.39079674
 1.39102411 1.39125147 1.3914788  1.39170613 1.39193344 1.39216074
 1.39238802 1.39261529 1.39284255 1.39306979 1.39329701 1.39352422
 1.39375142 1.3939786  1.39420576 1.39443291 1.39466005 1.39488717
 1.39511427 1.39534136 1.39556843 1.39579549 1.39602253 1.39624955
 1.39647656 1.39670355 1.39693052 1.39715748 1.39738442 1.39761135
 1.39783826 1.39806515 1.39829202 1.39851888 1.39874572 1.39897254
 1.39919934 1.39942613 1.3996529  1.39987965 1.40010638 1.40033309
 1.40055979 1.40078647 1.40101313 1.40123977 1.40146639 1.40169299
 1.40191958 1.40214614 1.40237269 1.40259922 1.40282572 1.40305221
 1.40327868 1.40350513 1.40373156 1.40395797 1.40418436 1.40441073
 1.40463707 1.4048634  1.40508971 1.405316   1.40554227 1.40576851
 1.40599474 1.40622094 1.40644713 1.40667329 1.40689943 1.40712555
 1.40735165 1.40757772 1.40780378 1.40802981 1.40825582 1.40848181
 1.40870778 1.40893373 1.40915965 1.40938555 1.40961143 1.40983728
 1.41006311 1.41028892 1.41051471 1.41074047 1.41096621 1.41119193
 1.41141762 1.41164329 1.41186894 1.41209456 1.41232016 1.41254574
 1.41277129 1.41299682 1.41322232 1.4134478  1.41367325 1.41389868
 1.41412409 1.41434947 1.41457482 1.41480016 1.41502546 1.41525074
 1.415476   1.41570123 1.41592643 1.41615161 1.41637677 1.4166019
 1.416827   1.41705207 1.41727713 1.41750215 1.41772715 1.41795212
 1.41817707 1.41840198 1.41862688 1.41885174 1.41907658 1.41930139
 1.41952618 1.41975094 1.41997567 1.42020037 1.42042505 1.4206497
 1.42087432 1.42109891 1.42132348 1.42154801 1.42177252 1.421997
 1.42222146 1.42244588 1.42267028 1.42289465 1.42311899 1.4233433
 1.42356758 1.42379183 1.42401606 1.42424025 1.42446442 1.42468856
 1.42491267 1.42513674 1.42536079 1.42558481 1.4258088  1.42603276
 1.42625669 1.42648059 1.42670446 1.4269283  1.42715211 1.42737589
 1.42759964 1.42782336 1.42804704 1.4282707  1.42849433 1.42871792
 1.42894148 1.42916502 1.42938852 1.42961199 1.42983543 1.43005883
 1.43028221 1.43050555 1.43072887 1.43095215 1.4311754  1.43139861
 1.4316218  1.43184495 1.43206807 1.43229115 1.43251421 1.43273723
 1.43296022 1.43318318 1.4334061  1.43362899 1.43385185 1.43407467
 1.43429747 1.43452022 1.43474295 1.43496564 1.4351883  1.43541092
 1.43563351 1.43585607 1.43607859 1.43630108 1.43652353 1.43674595
 1.43696834 1.43719069 1.43741301 1.43763529 1.43785754 1.43807975
 1.43830193 1.43852407 1.43874618 1.43896825 1.43919029 1.43941229
 1.43963426 1.43985619 1.44007809 1.44029995 1.44052177 1.44074356
 1.44096532 1.44118703 1.44140871 1.44163036 1.44185197 1.44207354
 1.44229508 1.44251658 1.44273804 1.44295947 1.44318086 1.44340221
 1.44362352 1.4438448  1.44406605 1.44428725 1.44450842 1.44472955
 1.44495064 1.4451717  1.44539271 1.44561369 1.44583464 1.44605554
 1.44627641 1.44649724 1.44671803 1.44693878 1.44715949 1.44738017
 1.44760081 1.44782141 1.44804197 1.44826249 1.44848297 1.44870341
 1.44892382 1.44914419 1.44936451 1.4495848  1.44980505 1.45002526
 1.45024543 1.45046556 1.45068565 1.4509057  1.45112571 1.45134569
 1.45156562 1.45178551 1.45200536 1.45222517 1.45244495 1.45266468
 1.45288437 1.45310402 1.45332363 1.4535432  1.45376273 1.45398222
 1.45420166 1.45442107 1.45464044 1.45485976 1.45507904 1.45529829
 1.45551749 1.45573665 1.45595576 1.45617484 1.45639388 1.45661287
 1.45683182 1.45705073 1.4572696  1.45748842 1.45770721 1.45792595
 1.45814465 1.4583633  1.45858192 1.45880049 1.45901902 1.45923751
 1.45945595 1.45967435 1.45989271 1.46011103 1.4603293  1.46054753
 1.46076572 1.46098386 1.46120196 1.46142002 1.46163803 1.461856
 1.46207393 1.46229181 1.46250965 1.46272745 1.4629452  1.46316291
 1.46338057 1.46359819 1.46381576 1.4640333  1.46425078 1.46446822
 1.46468562 1.46490298 1.46512028 1.46533755 1.46555477 1.46577194
 1.46598907 1.46620616 1.4664232  1.46664019 1.46685714 1.46707404
 1.4672909  1.46750772 1.46772449 1.46794121 1.46815788 1.46837452
 1.4685911  1.46880764 1.46902414 1.46924058 1.46945699 1.46967334
 1.46988965 1.47010591 1.47032213 1.4705383  1.47075443 1.47097051
 1.47118654 1.47140252 1.47161846 1.47183435 1.4720502  1.47226599
 1.47248174 1.47269745 1.4729131  1.47312871 1.47334427 1.47355979
 1.47377526 1.47399068 1.47420605 1.47442137 1.47463665 1.47485188
 1.47506706 1.4752822  1.47549728 1.47571232 1.47592731 1.47614225
 1.47635715 1.47657199 1.47678679 1.47700154 1.47721624 1.47743089
 1.47764549 1.47786005 1.47807455 1.47828901 1.47850342 1.47871778
 1.47893209 1.47914635 1.47936056 1.47957472 1.47978884 1.4800029
 1.48021692 1.48043088 1.4806448  1.48085867 1.48107249 1.48128625
 1.48149997 1.48171364 1.48192726 1.48214083 1.48235435 1.48256781
 1.48278123 1.4829946  1.48320792 1.48342119 1.48363441 1.48384757
 1.48406069 1.48427376 1.48448677 1.48469974 1.48491265 1.48512551
 1.48533833 1.48555109 1.4857638  1.48597646 1.48618907 1.48640163
 1.48661413 1.48682659 1.48703899 1.48725135 1.48746365 1.4876759
 1.4878881  1.48810024 1.48831234 1.48852438 1.48873637 1.48894831
 1.4891602  1.48937204 1.48958382 1.48979555 1.49000723 1.49021886
 1.49043044 1.49064196 1.49085343 1.49106485 1.49127621 1.49148753
 1.49169879 1.49191    1.49212115 1.49233225 1.4925433  1.4927543
 1.49296525 1.49317614 1.49338698 1.49359776 1.49380849 1.49401917
 1.4942298  1.49444037 1.49465089 1.49486136 1.49507177 1.49528213
 1.49549243 1.49570268 1.49591288 1.49612303 1.49633312 1.49654315
 1.49675313 1.49696306 1.49717294 1.49738276 1.49759253 1.49780224
 1.4980119  1.4982215  1.49843105 1.49864054 1.49884999 1.49905937
 1.4992687  1.49947798 1.4996872  1.49989637 1.50010548 1.50031454
 1.50052355 1.5007325  1.50094139 1.50115023 1.50135901 1.50156774
 1.50177641 1.50198503 1.50219359 1.5024021  1.50261056 1.50281895
 1.50302729 1.50323558 1.50344381 1.50365199 1.50386011 1.50406817
 1.50427618 1.50448413 1.50469203 1.50489987 1.50510765 1.50531538
 1.50552305 1.50573067 1.50593823 1.50614573 1.50635318 1.50656057
 1.50676791 1.50697519 1.50718241 1.50738957 1.50759668 1.50780374
 1.50801073 1.50821767 1.50842456 1.50863138 1.50883815 1.50904486
 1.50925152 1.50945812 1.50966466 1.50987115 1.51007757 1.51028394
 1.51049026 1.51069651 1.51090271 1.51110885 1.51131494 1.51152097
 1.51172693 1.51193285 1.5121387  1.5123445  1.51255024 1.51275592
 1.51296154 1.51316711 1.51337262 1.51357807 1.51378346 1.5139888
 1.51419407 1.51439929 1.51460445 1.51480956 1.5150146  1.51521959
 1.51542451 1.51562938 1.5158342  1.51603895 1.51624364 1.51644828
 1.51665286 1.51685738 1.51706184 1.51726624 1.51747058 1.51767487
 1.5178791  1.51808326 1.51828737 1.51849142 1.51869541 1.51889935
 1.51910322 1.51930703 1.51951079 1.51971448 1.51991812 1.5201217
 1.52032522 1.52052867 1.52073207 1.52093541 1.5211387  1.52134192
 1.52154508 1.52174818 1.52195123 1.52215421 1.52235713 1.52256
 1.5227628  1.52296555 1.52316823 1.52337086 1.52357342 1.52377593
 1.52397837 1.52418076 1.52438309 1.52458535 1.52478756 1.5249897
 1.52519179 1.52539381 1.52559578 1.52579768 1.52599953 1.52620131
 1.52640304 1.5266047  1.5268063  1.52700785 1.52720933 1.52741075
 1.52761211 1.52781341 1.52801465 1.52821583 1.52841695 1.528618
 1.528819   1.52901994 1.52922081 1.52942163 1.52962238 1.52982307
 1.5300237  1.53022427 1.53042478 1.53062523 1.53082562 1.53102594
 1.53122621 1.53142641 1.53162655 1.53182663]
t = [1.09456035e+09 1.09456037e+09 1.09456039e+09 1.09456041e+09
 1.09456043e+09 1.09456045e+09 1.09456047e+09 1.09456049e+09
 1.09456051e+09 1.09456053e+09 1.09456055e+09 1.09456057e+09
 1.09456059e+09 1.09456061e+09 1.09456063e+09 1.09456065e+09
 1.09456067e+09 1.09456069e+09 1.09456071e+09 1.09456073e+09
 1.09456075e+09 1.09456077e+09 1.09456079e+09 1.09456081e+09
 1.09456083e+09 1.09456085e+09 1.09456087e+09 1.09456089e+09
 1.09456091e+09 1.09456093e+09 1.09456095e+09 1.09456097e+09
 1.09456099e+09 1.09456101e+09 1.09456103e+09 1.09456105e+09
 1.09456107e+09 1.09456109e+09 1.09456111e+09 1.09456113e+09
 1.09456115e+09 1.09456117e+09 1.09456119e+09 1.09456121e+09
 1.09456123e+09 1.09456125e+09 1.09456127e+09 1.09456129e+09
 1.09456131e+09 1.09456133e+09 1.09456135e+09 1.09456137e+09
 1.09456139e+09 1.09456141e+09 1.09456143e+09 1.09456145e+09
 1.09456147e+09 1.09456149e+09 1.09456151e+09 1.09456153e+09
 1.09456155e+09 1.09456157e+09 1.09456159e+09 1.09456161e+09
 1.09456163e+09 1.09456165e+09 1.09456167e+09 1.09456169e+09
 1.09456171e+09 1.09456173e+09 1.09456175e+09 1.09456177e+09
 1.09456179e+09 1.09456181e+09 1.09456183e+09 1.09456185e+09
 1.09456187e+09 1.09456189e+09 1.09456191e+09 1.09456193e+09
 1.09456195e+09 1.09456197e+09 1.09456199e+09 1.09456201e+09
 1.09456203e+09 1.09456205e+09 1.09456207e+09 1.09456209e+09
 1.09456211e+09 1.09456213e+09 1.09456215e+09 1.09456217e+09
 1.09456219e+09 1.09456221e+09 1.09456223e+09 1.09456225e+09
 1.09456227e+09 1.09456229e+09 1.09456231e+09 1.09456233e+09
 1.09456235e+09 1.09456237e+09 1.09456239e+09 1.09456241e+09
 1.09456243e+09 1.09456245e+09 1.09456247e+09 1.09456249e+09
 1.09456251e+09 1.09456253e+09 1.09456255e+09 1.09456257e+09
 1.09456259e+09 1.09456261e+09 1.09456263e+09 1.09456265e+09
 1.09456267e+09 1.09456269e+09 1.09456271e+09 1.09456273e+09
 1.09456275e+09 1.09456277e+09 1.09456279e+09 1.09456281e+09
 1.09456283e+09 1.09456285e+09 1.09456287e+09 1.09456289e+09
 1.09456291e+09 1.09456293e+09 1.09456295e+09 1.09456297e+09
 1.09456299e+09 1.09456301e+09 1.09456303e+09 1.09456305e+09
 1.09456307e+09 1.09456309e+09 1.09456311e+09 1.09456313e+09
 1.09456315e+09 1.09456317e+09 1.09456319e+09 1.09456321e+09
 1.09456323e+09 1.09456325e+09 1.09456327e+09 1.09456329e+09
 1.09456331e+09 1.09456333e+09 1.09456335e+09 1.09456337e+09
 1.09456339e+09 1.09456341e+09 1.09456343e+09 1.09456345e+09
 1.09456347e+09 1.09456349e+09 1.09456351e+09 1.09456353e+09
 1.09456355e+09 1.09456357e+09 1.09456359e+09 1.09456361e+09
 1.09456363e+09 1.09456365e+09 1.09456367e+09 1.09456369e+09
 1.09456371e+09 1.09456373e+09 1.09456375e+09 1.09456377e+09
 1.09456379e+09 1.09456380e+09 1.09456382e+09 1.09456384e+09
 1.09456386e+09 1.09456388e+09 1.09456390e+09 1.09456392e+09
 1.09456394e+09 1.09456396e+09 1.09456398e+09 1.09456400e+09
 1.09456402e+09 1.09456404e+09 1.09456406e+09 1.09456408e+09
 1.09456410e+09 1.09456412e+09 1.09456414e+09 1.09456416e+09
 1.09456418e+09 1.09456420e+09 1.09456422e+09 1.09456424e+09
 1.09456426e+09 1.09456428e+09 1.09456430e+09 1.09456432e+09
 1.09456434e+09 1.09456436e+09 1.09456438e+09 1.09456440e+09
 1.09456442e+09 1.09456444e+09 1.09456446e+09 1.09456448e+09
 1.09456450e+09 1.09456452e+09 1.09456454e+09 1.09456456e+09
 1.09456458e+09 1.09456460e+09 1.09456462e+09 1.09456464e+09
 1.09456466e+09 1.09456468e+09 1.09456470e+09 1.09456472e+09
 1.09456474e+09 1.09456476e+09 1.09456478e+09 1.09456480e+09
 1.09456482e+09 1.09456484e+09 1.09456486e+09 1.09456488e+09
 1.09456490e+09 1.09456492e+09 1.09456494e+09 1.09456496e+09
 1.09456498e+09 1.09456500e+09 1.09456502e+09 1.09456504e+09
 1.09456506e+09 1.09456508e+09 1.09456510e+09 1.09456512e+09
 1.09456514e+09 1.09456516e+09 1.09456518e+09 1.09456520e+09
 1.09456522e+09 1.09456524e+09 1.09456526e+09 1.09456528e+09
 1.09456530e+09 1.09456532e+09 1.09456534e+09 1.09456536e+09
 1.09456538e+09 1.09456540e+09 1.09456542e+09 1.09456544e+09
 1.09456546e+09 1.09456548e+09 1.09456550e+09 1.09456552e+09
 1.09456554e+09 1.09456556e+09 1.09456558e+09 1.09456560e+09
 1.09456562e+09 1.09456564e+09 1.09456566e+09 1.09456568e+09
 1.09456570e+09 1.09456572e+09 1.09456574e+09 1.09456576e+09
 1.09456578e+09 1.09456580e+09 1.09456582e+09 1.09456584e+09
 1.09456586e+09 1.09456588e+09 1.09456590e+09 1.09456592e+09
 1.09456594e+09 1.09456596e+09 1.09456598e+09 1.09456600e+09
 1.09456602e+09 1.09456604e+09 1.09456606e+09 1.09456608e+09
 1.09456610e+09 1.09456612e+09 1.09456614e+09 1.09456616e+09
 1.09456618e+09 1.09456620e+09 1.09456622e+09 1.09456624e+09
 1.09456626e+09 1.09456628e+09 1.09456630e+09 1.09456632e+09
 1.09456634e+09 1.09456636e+09 1.09456638e+09 1.09456640e+09
 1.09456642e+09 1.09456644e+09 1.09456646e+09 1.09456648e+09
 1.09456650e+09 1.09456652e+09 1.09456654e+09 1.09456656e+09
 1.09456658e+09 1.09456660e+09 1.09456662e+09 1.09456664e+09
 1.09456666e+09 1.09456668e+09 1.09456670e+09 1.09456672e+09
 1.09456674e+09 1.09456676e+09 1.09456678e+09 1.09456680e+09
 1.09456682e+09 1.09456684e+09 1.09456686e+09 1.09456688e+09
 1.09456690e+09 1.09456692e+09 1.09456694e+09 1.09456696e+09
 1.09456698e+09 1.09456700e+09 1.09456702e+09 1.09456704e+09
 1.09456706e+09 1.09456708e+09 1.09456710e+09 1.09456712e+09
 1.09456714e+09 1.09456716e+09 1.09456718e+09 1.09456720e+09
 1.09456722e+09 1.09456724e+09 1.09456726e+09 1.09456728e+09
 1.09456730e+09 1.09456732e+09 1.09456734e+09 1.09456736e+09
 1.09456738e+09 1.09456740e+09 1.09456742e+09 1.09456744e+09
 1.09456746e+09 1.09456748e+09 1.09456750e+09 1.09456752e+09
 1.09456754e+09 1.09456756e+09 1.09456758e+09 1.09456760e+09
 1.09456762e+09 1.09456764e+09 1.09456766e+09 1.09456768e+09
 1.09456770e+09 1.09456772e+09 1.09456774e+09 1.09456776e+09
 1.09456778e+09 1.09456780e+09 1.09456782e+09 1.09456784e+09
 1.09456786e+09 1.09456788e+09 1.09456790e+09 1.09456792e+09
 1.09456794e+09 1.09456796e+09 1.09456798e+09 1.09456800e+09
 1.09456802e+09 1.09456804e+09 1.09456806e+09 1.09456808e+09
 1.09456810e+09 1.09456812e+09 1.09456814e+09 1.09456816e+09
 1.09456818e+09 1.09456820e+09 1.09456822e+09 1.09456824e+09
 1.09456826e+09 1.09456828e+09 1.09456830e+09 1.09456832e+09
 1.09456834e+09 1.09456836e+09 1.09456838e+09 1.09456840e+09
 1.09456842e+09 1.09456844e+09 1.09456846e+09 1.09456848e+09
 1.09456850e+09 1.09456852e+09 1.09456854e+09 1.09456856e+09
 1.09456858e+09 1.09456860e+09 1.09456862e+09 1.09456864e+09
 1.09456866e+09 1.09456868e+09 1.09456870e+09 1.09456872e+09
 1.09456874e+09 1.09456876e+09 1.09456878e+09 1.09456880e+09
 1.09456882e+09 1.09456884e+09 1.09456886e+09 1.09456888e+09
 1.09456890e+09 1.09456892e+09 1.09456894e+09 1.09456896e+09
 1.09456898e+09 1.09456900e+09 1.09456902e+09 1.09456904e+09
 1.09456906e+09 1.09456908e+09 1.09456910e+09 1.09456912e+09
 1.09456914e+09 1.09456916e+09 1.09456918e+09 1.09456920e+09
 1.09456922e+09 1.09456924e+09 1.09456926e+09 1.09456928e+09
 1.09456930e+09 1.09456932e+09 1.09456934e+09 1.09456936e+09
 1.09456938e+09 1.09456940e+09 1.09456942e+09 1.09456944e+09
 1.09456946e+09 1.09456948e+09 1.09456950e+09 1.09456952e+09
 1.09456954e+09 1.09456956e+09 1.09456958e+09 1.09456960e+09
 1.09456962e+09 1.09456964e+09 1.09456966e+09 1.09456968e+09
 1.09456970e+09 1.09456972e+09 1.09456974e+09 1.09456976e+09
 1.09456978e+09 1.09456980e+09 1.09456982e+09 1.09456984e+09
 1.09456986e+09 1.09456988e+09 1.09456990e+09 1.09456992e+09
 1.09456994e+09 1.09456996e+09 1.09456998e+09 1.09457000e+09
 1.09457002e+09 1.09457004e+09 1.09457006e+09 1.09457008e+09
 1.09457010e+09 1.09457012e+09 1.09457014e+09 1.09457016e+09
 1.09457018e+09 1.09457020e+09 1.09457022e+09 1.09457024e+09
 1.09457026e+09 1.09457028e+09 1.09457030e+09 1.09457032e+09
 1.09457034e+09 1.09457036e+09 1.09457038e+09 1.09457040e+09
 1.09457042e+09 1.09457044e+09 1.09457045e+09 1.09457047e+09
 1.09457049e+09 1.09457051e+09 1.09457053e+09 1.09457055e+09
 1.09457057e+09 1.09457059e+09 1.09457061e+09 1.09457063e+09
 1.09457065e+09 1.09457067e+09 1.09457069e+09 1.09457071e+09
 1.09457073e+09 1.09457075e+09 1.09457077e+09 1.09457079e+09
 1.09457081e+09 1.09457083e+09 1.09457085e+09 1.09457087e+09
 1.09457089e+09 1.09457091e+09 1.09457093e+09 1.09457095e+09
 1.09457097e+09 1.09457099e+09 1.09457101e+09 1.09457103e+09
 1.09457105e+09 1.09457107e+09 1.09457109e+09 1.09457111e+09
 1.09457113e+09 1.09457115e+09 1.09457117e+09 1.09457119e+09
 1.09457121e+09 1.09457123e+09 1.09457125e+09 1.09457127e+09
 1.09457129e+09 1.09457131e+09 1.09457133e+09 1.09457135e+09
 1.09457137e+09 1.09457139e+09 1.09457141e+09 1.09457143e+09
 1.09457145e+09 1.09457147e+09 1.09457149e+09 1.09457151e+09
 1.09457153e+09 1.09457155e+09 1.09457157e+09 1.09457159e+09
 1.09457161e+09 1.09457163e+09 1.09457165e+09 1.09457167e+09
 1.09457169e+09 1.09457171e+09 1.09457173e+09 1.09457175e+09
 1.09457177e+09 1.09457179e+09 1.09457181e+09 1.09457183e+09
 1.09457185e+09 1.09457187e+09 1.09457189e+09 1.09457191e+09
 1.09457193e+09 1.09457195e+09 1.09457197e+09 1.09457199e+09
 1.09457201e+09 1.09457203e+09 1.09457205e+09 1.09457207e+09
 1.09457209e+09 1.09457211e+09 1.09457213e+09 1.09457215e+09
 1.09457217e+09 1.09457219e+09 1.09457221e+09 1.09457223e+09
 1.09457225e+09 1.09457227e+09 1.09457229e+09 1.09457231e+09
 1.09457233e+09 1.09457235e+09 1.09457237e+09 1.09457239e+09
 1.09457241e+09 1.09457243e+09 1.09457245e+09 1.09457247e+09
 1.09457249e+09 1.09457251e+09 1.09457253e+09 1.09457255e+09
 1.09457257e+09 1.09457259e+09 1.09457261e+09 1.09457263e+09
 1.09457265e+09 1.09457267e+09 1.09457269e+09 1.09457271e+09
 1.09457273e+09 1.09457275e+09 1.09457277e+09 1.09457279e+09
 1.09457281e+09 1.09457283e+09 1.09457285e+09 1.09457287e+09
 1.09457289e+09 1.09457291e+09 1.09457293e+09 1.09457295e+09
 1.09457297e+09 1.09457299e+09 1.09457301e+09 1.09457303e+09
 1.09457305e+09 1.09457307e+09 1.09457309e+09 1.09457311e+09
 1.09457313e+09 1.09457315e+09 1.09457317e+09 1.09457319e+09
 1.09457321e+09 1.09457323e+09 1.09457325e+09 1.09457327e+09
 1.09457329e+09 1.09457331e+09 1.09457333e+09 1.09457335e+09
 1.09457337e+09 1.09457339e+09 1.09457341e+09 1.09457343e+09
 1.09457345e+09 1.09457347e+09 1.09457349e+09 1.09457351e+09
 1.09457353e+09 1.09457355e+09 1.09457357e+09 1.09457359e+09
 1.09457361e+09 1.09457363e+09 1.09457365e+09 1.09457367e+09
 1.09457369e+09 1.09457371e+09 1.09457373e+09 1.09457375e+09
 1.09457377e+09 1.09457379e+09 1.09457381e+09 1.09457383e+09
 1.09457385e+09 1.09457387e+09 1.09457389e+09 1.09457391e+09
 1.09457393e+09 1.09457395e+09 1.09457397e+09 1.09457399e+09
 1.09457401e+09 1.09457403e+09 1.09457405e+09 1.09457407e+09
 1.09457409e+09 1.09457411e+09 1.09457413e+09 1.09457415e+09
 1.09457417e+09 1.09457419e+09 1.09457421e+09 1.09457423e+09
 1.09457425e+09 1.09457427e+09 1.09457429e+09 1.09457431e+09
 1.09457433e+09 1.09457435e+09 1.09457437e+09 1.09457439e+09
 1.09457441e+09 1.09457443e+09 1.09457445e+09 1.09457447e+09
 1.09457449e+09 1.09457451e+09 1.09457453e+09 1.09457455e+09
 1.09457457e+09 1.09457459e+09 1.09457461e+09 1.09457463e+09
 1.09457465e+09 1.09457467e+09 1.09457469e+09 1.09457471e+09
 1.09457473e+09 1.09457475e+09 1.09457477e+09 1.09457479e+09
 1.09457481e+09 1.09457483e+09 1.09457485e+09 1.09457487e+09
 1.09457489e+09 1.09457491e+09 1.09457493e+09 1.09457495e+09
 1.09457497e+09 1.09457499e+09 1.09457501e+09 1.09457503e+09
 1.09457505e+09 1.09457507e+09 1.09457509e+09 1.09457511e+09
 1.09457513e+09 1.09457515e+09 1.09457517e+09 1.09457519e+09
 1.09457521e+09 1.09457523e+09 1.09457525e+09 1.09457527e+09
 1.09457529e+09 1.09457531e+09 1.09457533e+09 1.09457535e+09
 1.09457537e+09 1.09457539e+09 1.09457541e+09 1.09457543e+09
 1.09457545e+09 1.09457547e+09 1.09457549e+09 1.09457551e+09
 1.09457553e+09 1.09457555e+09 1.09457557e+09 1.09457559e+09
 1.09457561e+09 1.09457563e+09 1.09457565e+09 1.09457567e+09
 1.09457569e+09 1.09457571e+09 1.09457573e+09 1.09457575e+09
 1.09457577e+09 1.09457579e+09 1.09457581e+09 1.09457583e+09
 1.09457585e+09 1.09457587e+09 1.09457589e+09 1.09457591e+09
 1.09457593e+09 1.09457595e+09 1.09457597e+09 1.09457599e+09
 1.09457601e+09 1.09457603e+09 1.09457605e+09 1.09457607e+09
 1.09457609e+09 1.09457611e+09 1.09457613e+09 1.09457615e+09
 1.09457617e+09 1.09457619e+09 1.09457621e+09 1.09457623e+09
 1.09457625e+09 1.09457627e+09 1.09457629e+09 1.09457631e+09
 1.09457633e+09 1.09457635e+09 1.09457637e+09 1.09457639e+09
 1.09457641e+09 1.09457643e+09 1.09457645e+09 1.09457647e+09
 1.09457649e+09 1.09457651e+09 1.09457653e+09 1.09457655e+09
 1.09457657e+09 1.09457659e+09 1.09457661e+09 1.09457663e+09
 1.09457665e+09 1.09457667e+09 1.09457669e+09 1.09457671e+09
 1.09457673e+09 1.09457675e+09 1.09457677e+09 1.09457679e+09
 1.09457681e+09 1.09457683e+09 1.09457685e+09 1.09457687e+09
 1.09457689e+09 1.09457691e+09 1.09457693e+09 1.09457695e+09
 1.09457697e+09 1.09457699e+09 1.09457701e+09 1.09457703e+09
 1.09457705e+09 1.09457707e+09 1.09457709e+09 1.09457710e+09
 1.09457712e+09 1.09457714e+09 1.09457716e+09 1.09457718e+09
 1.09457720e+09 1.09457722e+09 1.09457724e+09 1.09457726e+09
 1.09457728e+09 1.09457730e+09 1.09457732e+09 1.09457734e+09
 1.09457736e+09 1.09457738e+09 1.09457740e+09 1.09457742e+09
 1.09457744e+09 1.09457746e+09 1.09457748e+09 1.09457750e+09
 1.09457752e+09 1.09457754e+09 1.09457756e+09 1.09457758e+09
 1.09457760e+09 1.09457762e+09 1.09457764e+09 1.09457766e+09
 1.09457768e+09 1.09457770e+09 1.09457772e+09 1.09457774e+09
 1.09457776e+09 1.09457778e+09 1.09457780e+09 1.09457782e+09
 1.09457784e+09 1.09457786e+09 1.09457788e+09 1.09457790e+09
 1.09457792e+09 1.09457794e+09 1.09457796e+09 1.09457798e+09
 1.09457800e+09 1.09457802e+09 1.09457804e+09 1.09457806e+09
 1.09457808e+09 1.09457810e+09 1.09457812e+09 1.09457814e+09
 1.09457816e+09 1.09457818e+09 1.09457820e+09 1.09457822e+09
 1.09457824e+09 1.09457826e+09 1.09457828e+09 1.09457830e+09
 1.09457832e+09 1.09457834e+09 1.09457836e+09 1.09457838e+09
 1.09457840e+09 1.09457842e+09 1.09457844e+09 1.09457846e+09
 1.09457848e+09 1.09457850e+09 1.09457852e+09 1.09457854e+09
 1.09457856e+09 1.09457858e+09 1.09457860e+09 1.09457862e+09
 1.09457864e+09 1.09457866e+09 1.09457868e+09 1.09457870e+09
 1.09457872e+09 1.09457874e+09 1.09457876e+09 1.09457878e+09
 1.09457880e+09 1.09457882e+09 1.09457884e+09 1.09457886e+09
 1.09457888e+09 1.09457890e+09 1.09457892e+09 1.09457894e+09
 1.09457896e+09 1.09457898e+09 1.09457900e+09 1.09457902e+09
 1.09457904e+09 1.09457906e+09 1.09457908e+09 1.09457910e+09
 1.09457912e+09 1.09457914e+09 1.09457916e+09 1.09457918e+09
 1.09457920e+09 1.09457922e+09 1.09457924e+09 1.09457926e+09
 1.09457928e+09 1.09457930e+09 1.09457932e+09 1.09457934e+09
 1.09457936e+09 1.09457938e+09 1.09457940e+09 1.09457942e+09
 1.09457944e+09 1.09457946e+09 1.09457948e+09 1.09457950e+09
 1.09457952e+09 1.09457954e+09 1.09457956e+09 1.09457958e+09
 1.09457960e+09 1.09457962e+09 1.09457964e+09 1.09457966e+09
 1.09457968e+09 1.09457970e+09 1.09457972e+09 1.09457974e+09
 1.09457976e+09 1.09457978e+09 1.09457980e+09 1.09457982e+09
 1.09457984e+09 1.09457986e+09 1.09457988e+09 1.09457990e+09
 1.09457992e+09 1.09457994e+09 1.09457996e+09 1.09457998e+09
 1.09458000e+09 1.09458002e+09 1.09458004e+09 1.09458006e+09
 1.09458008e+09 1.09458010e+09 1.09458012e+09 1.09458014e+09
 1.09458016e+09 1.09458018e+09 1.09458020e+09 1.09458022e+09
 1.09458024e+09 1.09458026e+09 1.09458028e+09 1.09458030e+09]
minRes = 1.3119539418338901
minResTime = [1.09456035e+09]
Cov(t) = [100 100 100 100 100 100 100 100 100 100 100 100 100 100 100 100 100 100
 100 100 100 100 100 100 100 100 100 100 100 100 100 100 100 100 100 100
 100 100 100 100 100 100 100 100 100 100 100 100 100 100 100 100 100 100
 100 100 100 100 100 100 100 100 100 100 100 100 100 100 100 100 100 100
 100 100 100 100 100 100 100 100 100 100 100 100 100 100 100 100 100 100
 100 100 100 100 100 100 100 100 100 100 100 100 100 100 100 100 100 100
 100 100 100 100 100 100 100 100 100 100 100 100 100 100 100 100 100 100
 100 100 100 100 100 100 100 100 100 100 100 100 100 100 100 100 100 100
 100 100 100 100 100 100 100 100 100 100 100 100 100 100 100 100 100 100
 100 100 100 100 100 100 100 100 100 100 100 100 100 100 100 100 100 100
 100 100 100 100 100 100 100 100 100 100 100 100 100 100 100 100 100 100
 100 100 100 100 100 100 100 100 100 100 100 100 100 100 100 100 100 100
 100 100 100 100 100 100 100 100 100 100 100 100 100 100 100 100 100 100
 100 100 100 100 100 100 100 100 100 100 100 100 100 100 100 100 100 100
 100 100 100 100 100 100 100 100 100 100 100 100 100 100 100 100 100 100
 100 100 100 100 100 100 100 100 100 100 100 100 100 100 100 100 100 100
 100 100 100 100 100 100 100 100 100 100 100 100 100 100 100 100 100 100
 100 100 100 100 100 100 100 100 100 100 100 100 100 100 100 100 100 100
 100 100 100 100 100 100 100 100 100 100 100 100 100 100 100 100 100 100
 100 100 100 100 100 100 100 100 100 100 100 100 100 100 100 100 100 100
 100 100 100 100 100 100 100 100 100 100 100 100 100 100 100 100 100 100
 100 100 100 100 100 100 100 100 100 100 100 100 100 100 100 100 100 100
 100 100 100 100 100 100 100 100 100 100 100 100 100 100 100 100 100 100
 100 100 100 100 100 100 100 100 100 100 100 100 100 100 100 100 100 100
 100 100 100 100 100 100 100 100 100 100 100 100 100 100 100 100 100 100
 100 100 100 100 100 100 100 100 100 100 100 100 100 100 100 100 100 100
 100 100 100 100 100 100 100 100 100 100 100 100 100 100 100 100 100 100
 100 100 100 100 100 100 100 100 100 100 100 100 100 100 100 100 100 100
 100 100 100 100 100 100 100 100 100 100 100 100 100 100 100 100 100 100
 100 100 100 100 100 100 100 100 100 100 100 100 100 100 100 100 100 100
 100 100 100 100 100 100 100 100 100 100 100 100 100 100 100 100 100 100
 100 100 100 100 100 100 100 100 100 100 100 100 100 100 100 100 100 100
 100 100 100 100 100 100 100 100 100 100 100 100 100 100 100 100 100 100
 100 100 100 100 100 100 100 100 100 100 100 100 100 100 100 100 100 100
 100 100 100 100 100 100 100 100 100 100 100 100 100 100 100 100 100 100
 100 100 100 100 100 100 100 100 100 100 100 100 100 100 100 100 100 100
 100 100 100 100 100 100 100 100 100 100 100 100 100 100 100 100 100 100
 100 100 100 100 100 100 100 100 100 100 100 100 100 100 100 100 100 100
 100 100 100 100 100 100 100 100 100 100 100 100 100 100 100 100 100 100
 100 100 100 100 100 100 100 100 100 100 100 100 100 100 100 100 100 100
 100 100 100 100 100 100 100 100 100 100 100 100 100 100 100 100 100 100
 100 100 100 100 100 100 100 100 100 100 100 100 100 100 100 100 100 100
 100 100 100 100 100 100 100 100 100 100 100 100 100 100 100 100 100 100
 100 100 100 100 100 100 100 100 100 100 100 100 100 100 100 100 100 100
 100 100 100 100 100 100 100 100 100 100 100 100 100 100 100 100 100 100
 100 100 100 100 100 100 100 100 100 100 100 100 100 100 100 100 100 100
 100 100 100 100 100 100 100 100 100 100 100 100 100 100 100 100 100 100
 100 100 100 100 100 100 100 100 100 100 100 100 100 100 100 100 100 100
 100 100 100 100 100 100 100 100 100 100 100 100 100 100 100 100 100 100
 100 100 100 100 100 100 100 100 100 100 100 100 100 100 100 100 100 100
 100 100 100 100 100 100 100 100 100 100 100 100 100 100 100 100 100 100
 100 100 100 100 100 100 100 100 100 100 100 100 100 100 100 100 100 100
 100 100 100 100 100 100 100 100 100 100 100 100 100 100 100 100 100 100
 100 100 100 100 100 100 100 100 100 100 100 100 100 100 100 100 100 100
 100 100 100 100 100 100 100 100 100 100 100 100 100 100 100 100 100 100
 100 100 100 100 100 100 100 100 100 100]
maxCov = 100
maxCovTime = [1.09456035e+09 1.09456037e+09 1.09456039e+09 1.09456041e+09
 1.09456043e+09 1.09456045e+09 1.09456047e+09 1.09456049e+09
 1.09456051e+09 1.09456053e+09 1.09456055e+09 1.09456057e+09
 1.09456059e+09 1.09456061e+09 1.09456063e+09 1.09456065e+09
 1.09456067e+09 1.09456069e+09 1.09456071e+09 1.09456073e+09
 1.09456075e+09 1.09456077e+09 1.09456079e+09 1.09456081e+09
 1.09456083e+09 1.09456085e+09 1.09456087e+09 1.09456089e+09
 1.09456091e+09 1.09456093e+09 1.09456095e+09 1.09456097e+09
 1.09456099e+09 1.09456101e+09 1.09456103e+09 1.09456105e+09
 1.09456107e+09 1.09456109e+09 1.09456111e+09 1.09456113e+09
 1.09456115e+09 1.09456117e+09 1.09456119e+09 1.09456121e+09
 1.09456123e+09 1.09456125e+09 1.09456127e+09 1.09456129e+09
 1.09456131e+09 1.09456133e+09 1.09456135e+09 1.09456137e+09
 1.09456139e+09 1.09456141e+09 1.09456143e+09 1.09456145e+09
 1.09456147e+09 1.09456149e+09 1.09456151e+09 1.09456153e+09
 1.09456155e+09 1.09456157e+09 1.09456159e+09 1.09456161e+09
 1.09456163e+09 1.09456165e+09 1.09456167e+09 1.09456169e+09
 1.09456171e+09 1.09456173e+09 1.09456175e+09 1.09456177e+09
 1.09456179e+09 1.09456181e+09 1.09456183e+09 1.09456185e+09
 1.09456187e+09 1.09456189e+09 1.09456191e+09 1.09456193e+09
 1.09456195e+09 1.09456197e+09 1.09456199e+09 1.09456201e+09
 1.09456203e+09 1.09456205e+09 1.09456207e+09 1.09456209e+09
 1.09456211e+09 1.09456213e+09 1.09456215e+09 1.09456217e+09
 1.09456219e+09 1.09456221e+09 1.09456223e+09 1.09456225e+09
 1.09456227e+09 1.09456229e+09 1.09456231e+09 1.09456233e+09
 1.09456235e+09 1.09456237e+09 1.09456239e+09 1.09456241e+09
 1.09456243e+09 1.09456245e+09 1.09456247e+09 1.09456249e+09
 1.09456251e+09 1.09456253e+09 1.09456255e+09 1.09456257e+09
 1.09456259e+09 1.09456261e+09 1.09456263e+09 1.09456265e+09
 1.09456267e+09 1.09456269e+09 1.09456271e+09 1.09456273e+09
 1.09456275e+09 1.09456277e+09 1.09456279e+09 1.09456281e+09
 1.09456283e+09 1.09456285e+09 1.09456287e+09 1.09456289e+09
 1.09456291e+09 1.09456293e+09 1.09456295e+09 1.09456297e+09
 1.09456299e+09 1.09456301e+09 1.09456303e+09 1.09456305e+09
 1.09456307e+09 1.09456309e+09 1.09456311e+09 1.09456313e+09
 1.09456315e+09 1.09456317e+09 1.09456319e+09 1.09456321e+09
 1.09456323e+09 1.09456325e+09 1.09456327e+09 1.09456329e+09
 1.09456331e+09 1.09456333e+09 1.09456335e+09 1.09456337e+09
 1.09456339e+09 1.09456341e+09 1.09456343e+09 1.09456345e+09
 1.09456347e+09 1.09456349e+09 1.09456351e+09 1.09456353e+09
 1.09456355e+09 1.09456357e+09 1.09456359e+09 1.09456361e+09
 1.09456363e+09 1.09456365e+09 1.09456367e+09 1.09456369e+09
 1.09456371e+09 1.09456373e+09 1.09456375e+09 1.09456377e+09
 1.09456379e+09 1.09456380e+09 1.09456382e+09 1.09456384e+09
 1.09456386e+09 1.09456388e+09 1.09456390e+09 1.09456392e+09
 1.09456394e+09 1.09456396e+09 1.09456398e+09 1.09456400e+09
 1.09456402e+09 1.09456404e+09 1.09456406e+09 1.09456408e+09
 1.09456410e+09 1.09456412e+09 1.09456414e+09 1.09456416e+09
 1.09456418e+09 1.09456420e+09 1.09456422e+09 1.09456424e+09
 1.09456426e+09 1.09456428e+09 1.09456430e+09 1.09456432e+09
 1.09456434e+09 1.09456436e+09 1.09456438e+09 1.09456440e+09
 1.09456442e+09 1.09456444e+09 1.09456446e+09 1.09456448e+09
 1.09456450e+09 1.09456452e+09 1.09456454e+09 1.09456456e+09
 1.09456458e+09 1.09456460e+09 1.09456462e+09 1.09456464e+09
 1.09456466e+09 1.09456468e+09 1.09456470e+09 1.09456472e+09
 1.09456474e+09 1.09456476e+09 1.09456478e+09 1.09456480e+09
 1.09456482e+09 1.09456484e+09 1.09456486e+09 1.09456488e+09
 1.09456490e+09 1.09456492e+09 1.09456494e+09 1.09456496e+09
 1.09456498e+09 1.09456500e+09 1.09456502e+09 1.09456504e+09
 1.09456506e+09 1.09456508e+09 1.09456510e+09 1.09456512e+09
 1.09456514e+09 1.09456516e+09 1.09456518e+09 1.09456520e+09
 1.09456522e+09 1.09456524e+09 1.09456526e+09 1.09456528e+09
 1.09456530e+09 1.09456532e+09 1.09456534e+09 1.09456536e+09
 1.09456538e+09 1.09456540e+09 1.09456542e+09 1.09456544e+09
 1.09456546e+09 1.09456548e+09 1.09456550e+09 1.09456552e+09
 1.09456554e+09 1.09456556e+09 1.09456558e+09 1.09456560e+09
 1.09456562e+09 1.09456564e+09 1.09456566e+09 1.09456568e+09
 1.09456570e+09 1.09456572e+09 1.09456574e+09 1.09456576e+09
 1.09456578e+09 1.09456580e+09 1.09456582e+09 1.09456584e+09
 1.09456586e+09 1.09456588e+09 1.09456590e+09 1.09456592e+09
 1.09456594e+09 1.09456596e+09 1.09456598e+09 1.09456600e+09
 1.09456602e+09 1.09456604e+09 1.09456606e+09 1.09456608e+09
 1.09456610e+09 1.09456612e+09 1.09456614e+09 1.09456616e+09
 1.09456618e+09 1.09456620e+09 1.09456622e+09 1.09456624e+09
 1.09456626e+09 1.09456628e+09 1.09456630e+09 1.09456632e+09
 1.09456634e+09 1.09456636e+09 1.09456638e+09 1.09456640e+09
 1.09456642e+09 1.09456644e+09 1.09456646e+09 1.09456648e+09
 1.09456650e+09 1.09456652e+09 1.09456654e+09 1.09456656e+09
 1.09456658e+09 1.09456660e+09 1.09456662e+09 1.09456664e+09
 1.09456666e+09 1.09456668e+09 1.09456670e+09 1.09456672e+09
 1.09456674e+09 1.09456676e+09 1.09456678e+09 1.09456680e+09
 1.09456682e+09 1.09456684e+09 1.09456686e+09 1.09456688e+09
 1.09456690e+09 1.09456692e+09 1.09456694e+09 1.09456696e+09
 1.09456698e+09 1.09456700e+09 1.09456702e+09 1.09456704e+09
 1.09456706e+09 1.09456708e+09 1.09456710e+09 1.09456712e+09
 1.09456714e+09 1.09456716e+09 1.09456718e+09 1.09456720e+09
 1.09456722e+09 1.09456724e+09 1.09456726e+09 1.09456728e+09
 1.09456730e+09 1.09456732e+09 1.09456734e+09 1.09456736e+09
 1.09456738e+09 1.09456740e+09 1.09456742e+09 1.09456744e+09
 1.09456746e+09 1.09456748e+09 1.09456750e+09 1.09456752e+09
 1.09456754e+09 1.09456756e+09 1.09456758e+09 1.09456760e+09
 1.09456762e+09 1.09456764e+09 1.09456766e+09 1.09456768e+09
 1.09456770e+09 1.09456772e+09 1.09456774e+09 1.09456776e+09
 1.09456778e+09 1.09456780e+09 1.09456782e+09 1.09456784e+09
 1.09456786e+09 1.09456788e+09 1.09456790e+09 1.09456792e+09
 1.09456794e+09 1.09456796e+09 1.09456798e+09 1.09456800e+09
 1.09456802e+09 1.09456804e+09 1.09456806e+09 1.09456808e+09
 1.09456810e+09 1.09456812e+09 1.09456814e+09 1.09456816e+09
 1.09456818e+09 1.09456820e+09 1.09456822e+09 1.09456824e+09
 1.09456826e+09 1.09456828e+09 1.09456830e+09 1.09456832e+09
 1.09456834e+09 1.09456836e+09 1.09456838e+09 1.09456840e+09
 1.09456842e+09 1.09456844e+09 1.09456846e+09 1.09456848e+09
 1.09456850e+09 1.09456852e+09 1.09456854e+09 1.09456856e+09
 1.09456858e+09 1.09456860e+09 1.09456862e+09 1.09456864e+09
 1.09456866e+09 1.09456868e+09 1.09456870e+09 1.09456872e+09
 1.09456874e+09 1.09456876e+09 1.09456878e+09 1.09456880e+09
 1.09456882e+09 1.09456884e+09 1.09456886e+09 1.09456888e+09
 1.09456890e+09 1.09456892e+09 1.09456894e+09 1.09456896e+09
 1.09456898e+09 1.09456900e+09 1.09456902e+09 1.09456904e+09
 1.09456906e+09 1.09456908e+09 1.09456910e+09 1.09456912e+09
 1.09456914e+09 1.09456916e+09 1.09456918e+09 1.09456920e+09
 1.09456922e+09 1.09456924e+09 1.09456926e+09 1.09456928e+09
 1.09456930e+09 1.09456932e+09 1.09456934e+09 1.09456936e+09
 1.09456938e+09 1.09456940e+09 1.09456942e+09 1.09456944e+09
 1.09456946e+09 1.09456948e+09 1.09456950e+09 1.09456952e+09
 1.09456954e+09 1.09456956e+09 1.09456958e+09 1.09456960e+09
 1.09456962e+09 1.09456964e+09 1.09456966e+09 1.09456968e+09
 1.09456970e+09 1.09456972e+09 1.09456974e+09 1.09456976e+09
 1.09456978e+09 1.09456980e+09 1.09456982e+09 1.09456984e+09
 1.09456986e+09 1.09456988e+09 1.09456990e+09 1.09456992e+09
 1.09456994e+09 1.09456996e+09 1.09456998e+09 1.09457000e+09
 1.09457002e+09 1.09457004e+09 1.09457006e+09 1.09457008e+09
 1.09457010e+09 1.09457012e+09 1.09457014e+09 1.09457016e+09
 1.09457018e+09 1.09457020e+09 1.09457022e+09 1.09457024e+09
 1.09457026e+09 1.09457028e+09 1.09457030e+09 1.09457032e+09
 1.09457034e+09 1.09457036e+09 1.09457038e+09 1.09457040e+09
 1.09457042e+09 1.09457044e+09 1.09457045e+09 1.09457047e+09
 1.09457049e+09 1.09457051e+09 1.09457053e+09 1.09457055e+09
 1.09457057e+09 1.09457059e+09 1.09457061e+09 1.09457063e+09
 1.09457065e+09 1.09457067e+09 1.09457069e+09 1.09457071e+09
 1.09457073e+09 1.09457075e+09 1.09457077e+09 1.09457079e+09
 1.09457081e+09 1.09457083e+09 1.09457085e+09 1.09457087e+09
 1.09457089e+09 1.09457091e+09 1.09457093e+09 1.09457095e+09
 1.09457097e+09 1.09457099e+09 1.09457101e+09 1.09457103e+09
 1.09457105e+09 1.09457107e+09 1.09457109e+09 1.09457111e+09
 1.09457113e+09 1.09457115e+09 1.09457117e+09 1.09457119e+09
 1.09457121e+09 1.09457123e+09 1.09457125e+09 1.09457127e+09
 1.09457129e+09 1.09457131e+09 1.09457133e+09 1.09457135e+09
 1.09457137e+09 1.09457139e+09 1.09457141e+09 1.09457143e+09
 1.09457145e+09 1.09457147e+09 1.09457149e+09 1.09457151e+09
 1.09457153e+09 1.09457155e+09 1.09457157e+09 1.09457159e+09
 1.09457161e+09 1.09457163e+09 1.09457165e+09 1.09457167e+09
 1.09457169e+09 1.09457171e+09 1.09457173e+09 1.09457175e+09
 1.09457177e+09 1.09457179e+09 1.09457181e+09 1.09457183e+09
 1.09457185e+09 1.09457187e+09 1.09457189e+09 1.09457191e+09
 1.09457193e+09 1.09457195e+09 1.09457197e+09 1.09457199e+09
 1.09457201e+09 1.09457203e+09 1.09457205e+09 1.09457207e+09
 1.09457209e+09 1.09457211e+09 1.09457213e+09 1.09457215e+09
 1.09457217e+09 1.09457219e+09 1.09457221e+09 1.09457223e+09
 1.09457225e+09 1.09457227e+09 1.09457229e+09 1.09457231e+09
 1.09457233e+09 1.09457235e+09 1.09457237e+09 1.09457239e+09
 1.09457241e+09 1.09457243e+09 1.09457245e+09 1.09457247e+09
 1.09457249e+09 1.09457251e+09 1.09457253e+09 1.09457255e+09
 1.09457257e+09 1.09457259e+09 1.09457261e+09 1.09457263e+09
 1.09457265e+09 1.09457267e+09 1.09457269e+09 1.09457271e+09
 1.09457273e+09 1.09457275e+09 1.09457277e+09 1.09457279e+09
 1.09457281e+09 1.09457283e+09 1.09457285e+09 1.09457287e+09
 1.09457289e+09 1.09457291e+09 1.09457293e+09 1.09457295e+09
 1.09457297e+09 1.09457299e+09 1.09457301e+09 1.09457303e+09
 1.09457305e+09 1.09457307e+09 1.09457309e+09 1.09457311e+09
 1.09457313e+09 1.09457315e+09 1.09457317e+09 1.09457319e+09
 1.09457321e+09 1.09457323e+09 1.09457325e+09 1.09457327e+09
 1.09457329e+09 1.09457331e+09 1.09457333e+09 1.09457335e+09
 1.09457337e+09 1.09457339e+09 1.09457341e+09 1.09457343e+09
 1.09457345e+09 1.09457347e+09 1.09457349e+09 1.09457351e+09
 1.09457353e+09 1.09457355e+09 1.09457357e+09 1.09457359e+09
 1.09457361e+09 1.09457363e+09 1.09457365e+09 1.09457367e+09
 1.09457369e+09 1.09457371e+09 1.09457373e+09 1.09457375e+09
 1.09457377e+09 1.09457379e+09 1.09457381e+09 1.09457383e+09
 1.09457385e+09 1.09457387e+09 1.09457389e+09 1.09457391e+09
 1.09457393e+09 1.09457395e+09 1.09457397e+09 1.09457399e+09
 1.09457401e+09 1.09457403e+09 1.09457405e+09 1.09457407e+09
 1.09457409e+09 1.09457411e+09 1.09457413e+09 1.09457415e+09
 1.09457417e+09 1.09457419e+09 1.09457421e+09 1.09457423e+09
 1.09457425e+09 1.09457427e+09 1.09457429e+09 1.09457431e+09
 1.09457433e+09 1.09457435e+09 1.09457437e+09 1.09457439e+09
 1.09457441e+09 1.09457443e+09 1.09457445e+09 1.09457447e+09
 1.09457449e+09 1.09457451e+09 1.09457453e+09 1.09457455e+09
 1.09457457e+09 1.09457459e+09 1.09457461e+09 1.09457463e+09
 1.09457465e+09 1.09457467e+09 1.09457469e+09 1.09457471e+09
 1.09457473e+09 1.09457475e+09 1.09457477e+09 1.09457479e+09
 1.09457481e+09 1.09457483e+09 1.09457485e+09 1.09457487e+09
 1.09457489e+09 1.09457491e+09 1.09457493e+09 1.09457495e+09
 1.09457497e+09 1.09457499e+09 1.09457501e+09 1.09457503e+09
 1.09457505e+09 1.09457507e+09 1.09457509e+09 1.09457511e+09
 1.09457513e+09 1.09457515e+09 1.09457517e+09 1.09457519e+09
 1.09457521e+09 1.09457523e+09 1.09457525e+09 1.09457527e+09
 1.09457529e+09 1.09457531e+09 1.09457533e+09 1.09457535e+09
 1.09457537e+09 1.09457539e+09 1.09457541e+09 1.09457543e+09
 1.09457545e+09 1.09457547e+09 1.09457549e+09 1.09457551e+09
 1.09457553e+09 1.09457555e+09 1.09457557e+09 1.09457559e+09
 1.09457561e+09 1.09457563e+09 1.09457565e+09 1.09457567e+09
 1.09457569e+09 1.09457571e+09 1.09457573e+09 1.09457575e+09
 1.09457577e+09 1.09457579e+09 1.09457581e+09 1.09457583e+09
 1.09457585e+09 1.09457587e+09 1.09457589e+09 1.09457591e+09
 1.09457593e+09 1.09457595e+09 1.09457597e+09 1.09457599e+09
 1.09457601e+09 1.09457603e+09 1.09457605e+09 1.09457607e+09
 1.09457609e+09 1.09457611e+09 1.09457613e+09 1.09457615e+09
 1.09457617e+09 1.09457619e+09 1.09457621e+09 1.09457623e+09
 1.09457625e+09 1.09457627e+09 1.09457629e+09 1.09457631e+09
 1.09457633e+09 1.09457635e+09 1.09457637e+09 1.09457639e+09
 1.09457641e+09 1.09457643e+09 1.09457645e+09 1.09457647e+09
 1.09457649e+09 1.09457651e+09 1.09457653e+09 1.09457655e+09
 1.09457657e+09 1.09457659e+09 1.09457661e+09 1.09457663e+09
 1.09457665e+09 1.09457667e+09 1.09457669e+09 1.09457671e+09
 1.09457673e+09 1.09457675e+09 1.09457677e+09 1.09457679e+09
 1.09457681e+09 1.09457683e+09 1.09457685e+09 1.09457687e+09
 1.09457689e+09 1.09457691e+09 1.09457693e+09 1.09457695e+09
 1.09457697e+09 1.09457699e+09 1.09457701e+09 1.09457703e+09
 1.09457705e+09 1.09457707e+09 1.09457709e+09 1.09457710e+09
 1.09457712e+09 1.09457714e+09 1.09457716e+09 1.09457718e+09
 1.09457720e+09 1.09457722e+09 1.09457724e+09 1.09457726e+09
 1.09457728e+09 1.09457730e+09 1.09457732e+09 1.09457734e+09
 1.09457736e+09 1.09457738e+09 1.09457740e+09 1.09457742e+09
 1.09457744e+09 1.09457746e+09 1.09457748e+09 1.09457750e+09
 1.09457752e+09 1.09457754e+09 1.09457756e+09 1.09457758e+09
 1.09457760e+09 1.09457762e+09 1.09457764e+09 1.09457766e+09
 1.09457768e+09 1.09457770e+09 1.09457772e+09 1.09457774e+09
 1.09457776e+09 1.09457778e+09 1.09457780e+09 1.09457782e+09
 1.09457784e+09 1.09457786e+09 1.09457788e+09 1.09457790e+09
 1.09457792e+09 1.09457794e+09 1.09457796e+09 1.09457798e+09
 1.09457800e+09 1.09457802e+09 1.09457804e+09 1.09457806e+09
 1.09457808e+09 1.09457810e+09 1.09457812e+09 1.09457814e+09
 1.09457816e+09 1.09457818e+09 1.09457820e+09 1.09457822e+09
 1.09457824e+09 1.09457826e+09 1.09457828e+09 1.09457830e+09
 1.09457832e+09 1.09457834e+09 1.09457836e+09 1.09457838e+09
 1.09457840e+09 1.09457842e+09 1.09457844e+09 1.09457846e+09
 1.09457848e+09 1.09457850e+09 1.09457852e+09 1.09457854e+09
 1.09457856e+09 1.09457858e+09 1.09457860e+09 1.09457862e+09
 1.09457864e+09 1.09457866e+09 1.09457868e+09 1.09457870e+09
 1.09457872e+09 1.09457874e+09 1.09457876e+09 1.09457878e+09
 1.09457880e+09 1.09457882e+09 1.09457884e+09 1.09457886e+09
 1.09457888e+09 1.09457890e+09 1.09457892e+09 1.09457894e+09
 1.09457896e+09 1.09457898e+09 1.09457900e+09 1.09457902e+09
 1.09457904e+09 1.09457906e+09 1.09457908e+09 1.09457910e+09
 1.09457912e+09 1.09457914e+09 1.09457916e+09 1.09457918e+09
 1.09457920e+09 1.09457922e+09 1.09457924e+09 1.09457926e+09
 1.09457928e+09 1.09457930e+09 1.09457932e+09 1.09457934e+09
 1.09457936e+09 1.09457938e+09 1.09457940e+09 1.09457942e+09
 1.09457944e+09 1.09457946e+09 1.09457948e+09 1.09457950e+09
 1.09457952e+09 1.09457954e+09 1.09457956e+09 1.09457958e+09
 1.09457960e+09 1.09457962e+09 1.09457964e+09 1.09457966e+09
 1.09457968e+09 1.09457970e+09 1.09457972e+09 1.09457974e+09
 1.09457976e+09 1.09457978e+09 1.09457980e+09 1.09457982e+09
 1.09457984e+09 1.09457986e+09 1.09457988e+09 1.09457990e+09
 1.09457992e+09 1.09457994e+09 1.09457996e+09 1.09457998e+09
 1.09458000e+09 1.09458002e+09 1.09458004e+09 1.09458006e+09
 1.09458008e+09 1.09458010e+09 1.09458012e+09 1.09458014e+09
 1.09458016e+09 1.09458018e+09 1.09458020e+09 1.09458022e+09
 1.09458024e+09 1.09458026e+09 1.09458028e+09 1.09458030e+09]
