name =JUICE_ROI_GAN_5_0_12
flyby = ['2034 SEP 28 18:48:51', '2034 SEP 29 18:48:51']
Observation TW = <SpiceCell dtype = 1, length = 0, size = 3000, card = 10, is_set = 1, adjust = 0, init = 1, base = 94138359300112, data = 94138359300160>
Res(t) = [2.06056899 2.05775963 2.05495775 2.05216334 2.04937642 2.04659696
 2.04382498 2.04106046 2.03830341 2.03555381 2.03281167 2.03007699
 2.02734976 2.02462996 2.02191762 2.0192127  2.01651523 2.01382518
 2.01114256 2.00846735 2.00579957 2.00313919 2.00048622 1.99784066
 1.99520249 1.99257172 1.98994833 1.98733233 1.98472371 1.98212246
 1.97952857 1.97694205 1.97436289 1.97179108 1.96922661 1.96666949
 1.9641197  1.96157723 1.9590421  1.95651428 1.95399377 1.95148056
 1.94897466 1.94647605 1.94398472 1.94150068 1.93902391 1.93655441
 1.93409217 1.93163718 1.92918944 1.92674894 1.92431568 1.92188965
 1.91947083 1.91705923 1.91465484 1.91225764 1.90986764 1.90748482
 1.90510918 1.90274071 1.90037941 1.89802526 1.89567826 1.89333839
 1.89100567 1.88868006 1.88636158 1.8840502  1.88174593 1.87944875
 1.87715866 1.87487564 1.87259969 1.87033081 1.86806898 1.8658142
 1.86356645 1.86132573 1.85909203 1.85686534 1.85464566 1.85243297
 1.85022727 1.84802855 1.84583679 1.843652   1.84147416 1.83930326
 1.8371393  1.83498226 1.83283214 1.83068892 1.82855261 1.82642318
 1.82430063 1.82218496 1.82007615 1.81797419 1.81587907 1.81379079
 1.81170933 1.80963469 1.80756686 1.80550582 1.80345157 1.8014041
 1.79936339 1.79732945 1.79530225 1.7932818  1.79126807 1.78926107
 1.78726077 1.78526718 1.78328028 1.78130006 1.77932651 1.77735962
 1.77539938 1.77344579 1.77149883 1.76955848 1.76762475 1.76569763
 1.76377709 1.76186313 1.75995575 1.75805493 1.75616066 1.75427292
 1.75239172 1.75051704 1.74864887 1.7467872  1.74493202 1.74308332
 1.74124109 1.73940531 1.73757598 1.73575309 1.73393663 1.73212658
 1.73032294 1.72852569 1.72673483 1.72495035 1.72317222 1.72140045
 1.71963503 1.71787593 1.71612316 1.7143767  1.71263653 1.71090266
 1.70917506 1.70745373 1.70573866 1.70402984 1.70232725 1.70063088
 1.69894073 1.69725679 1.69557903 1.69390746 1.69224205 1.69058281
 1.68892971 1.68728276 1.68564193 1.68400721 1.6823786  1.68075609
 1.67913966 1.6775293  1.675925   1.67432675 1.67273454 1.67114836
 1.6695682  1.66799404 1.66642588 1.66486371 1.6633075  1.66175726
 1.66021297 1.65867462 1.6571422  1.6556157  1.6540951  1.65258041
 1.65107159 1.64956865 1.64807157 1.64658034 1.64509496 1.6436154
 1.64214166 1.64067373 1.63921159 1.63775524 1.63630466 1.63485984
 1.63342078 1.63198746 1.63055986 1.62913798 1.62772181 1.62631134
 1.62490655 1.62350743 1.62211398 1.62072617 1.61934401 1.61796748
 1.61659656 1.61523125 1.61387154 1.6125174  1.61116885 1.60982585
 1.60848841 1.6071565  1.60583013 1.60450927 1.60319391 1.60188406
 1.60057968 1.59928078 1.59798734 1.59669936 1.59541681 1.59413969
 1.59286798 1.59160169 1.59034079 1.58908527 1.58783512 1.58659034
 1.58535091 1.58411682 1.58288805 1.58166461 1.58044647 1.57923362
 1.57802606 1.57682378 1.57562675 1.57443498 1.57324845 1.57206714
 1.57089106 1.56972018 1.5685545  1.567394   1.56623868 1.56508852
 1.56394351 1.56280364 1.56166891 1.56053929 1.55941478 1.55829537
 1.55718105 1.5560718  1.55496761 1.55386848 1.5527744  1.55168534
 1.5506013  1.54952228 1.54844826 1.54737922 1.54631516 1.54525607
 1.54420193 1.54315274 1.54210849 1.54106915 1.54003474 1.53900522
 1.53798059 1.53696085 1.53594597 1.53493595 1.53393079 1.53293046
 1.53193495 1.53094427 1.52995838 1.5289773  1.52800099 1.52702947
 1.5260627  1.52510069 1.52414342 1.52319088 1.52224306 1.52129995
 1.52036154 1.51942782 1.51849877 1.5175744  1.51665468 1.51573961
 1.51482918 1.51392337 1.51302218 1.51212559 1.5112336  1.51034619
 1.50946335 1.50858508 1.50771136 1.50684219 1.50597755 1.50511742
 1.50426181 1.50341071 1.50256409 1.50172195 1.50088428 1.50005108
 1.49922232 1.49839801 1.49757812 1.49676265 1.49595159 1.49514493
 1.49434266 1.49354477 1.49275124 1.49196208 1.49117726 1.49039678
 1.48962063 1.4888488  1.48808127 1.48731805 1.48655911 1.48580445
 1.48505406 1.48430792 1.48356604 1.48282839 1.48209497 1.48136577
 1.48064077 1.47991998 1.47920337 1.47849095 1.47778269 1.47707859
 1.47637864 1.47568283 1.47499115 1.47430359 1.47362014 1.4729408
 1.47226554 1.47159436 1.47092726 1.47026422 1.46960523 1.46895028
 1.46829937 1.46765248 1.4670096  1.46637073 1.46573585 1.46510496
 1.46447804 1.46385509 1.4632361  1.46262106 1.46200995 1.46140277
 1.46079951 1.46020016 1.45960471 1.45901315 1.45842548 1.45784167
 1.45726173 1.45668565 1.4561134  1.455545   1.45498041 1.45441965
 1.45386269 1.45330953 1.45276016 1.45221457 1.45167275 1.4511347
 1.45060039 1.45006983 1.44954301 1.44901991 1.44850052 1.44798484
 1.44747287 1.44696458 1.44645997 1.44595903 1.44546176 1.44496814
 1.44447816 1.44399182 1.44350911 1.44303001 1.44255453 1.44208264
 1.44161435 1.44114964 1.4406885  1.44023093 1.43977692 1.43932645
 1.43887952 1.43843613 1.43799625 1.43755989 1.43712703 1.43669768
 1.4362718  1.43584941 1.43543049 1.43501503 1.43460302 1.43419446
 1.43378933 1.43338763 1.43298935 1.43259448 1.43220302 1.43181495
 1.43143026 1.43104896 1.43067102 1.43029644 1.42992522 1.42955734
 1.42919279 1.42883157 1.42847368 1.42811909 1.42776781 1.42741982
 1.42707512 1.4267337  1.42639555 1.42606066 1.42572902 1.42540064
 1.42507549 1.42475357 1.42443487 1.42411938 1.42380711 1.42349803
 1.42319214 1.42288943 1.4225899  1.42229353 1.42200032 1.42171027
 1.42142335 1.42113957 1.42085892 1.42058139 1.42030697 1.42003565
 1.41976743 1.4195023  1.41924025 1.41898127 1.41872536 1.41847251
 1.4182227  1.41797594 1.41773221 1.41749151 1.41725383 1.41701917
 1.4167875  1.41655884 1.41633316 1.41611047 1.41589075 1.415674
 1.41546021 1.41524937 1.41504147 1.41483652 1.41463449 1.41443539
 1.4142392  1.41404592 1.41385555 1.41366806 1.41348347 1.41330175
 1.4131229  1.41294692 1.4127738  1.41260353 1.4124361  1.41227151
 1.41210975 1.41195081 1.41179468 1.41164137 1.41149085 1.41134313
 1.4111982  1.41105604 1.41091666 1.41078005 1.41064619 1.41051509
 1.41038673 1.41026111 1.41013822 1.41001806 1.40990061 1.40978588
 1.40967385 1.40956452 1.40945787 1.40935392 1.40925264 1.40915403
 1.40905808 1.40896479 1.40887416 1.40878616 1.40870081 1.40861808
 1.40853798 1.40846049 1.40838562 1.40831335 1.40824368 1.4081766
 1.40811211 1.40805019 1.40799085 1.40793407 1.40787985 1.40782818
 1.40777906 1.40773248 1.40768844 1.40764692 1.40760792 1.40757143
 1.40753746 1.40750599 1.40747701 1.40745052 1.40742651 1.40740499
 1.40738593 1.40736934 1.40735521 1.40734352 1.40733429 1.4073275
 1.40732314 1.4073212  1.40732169 1.4073246  1.40732992 1.40733764
 1.40734775 1.40736026 1.40737516 1.40739244 1.40741208 1.4074341
 1.40745848 1.40748522 1.40751431 1.40754574 1.40757951 1.40761562
 1.40765405 1.4076948  1.40773787 1.40778325 1.40783093 1.40788092
 1.40793319 1.40798775 1.4080446  1.40810372 1.4081651  1.40822876
 1.40829467 1.40836284 1.40843325 1.40850591 1.4085808  1.40865793
 1.40873728 1.40881885 1.40890263 1.40898863 1.40907682 1.40916722
 1.40925981 1.40935459 1.40945155 1.40955068 1.40965199 1.40975546
 1.4098611  1.40996889 1.41007883 1.41019091 1.41030514 1.41042149
 1.41053998 1.41066059 1.41078332 1.41090817 1.41103512 1.41116418
 1.41129533 1.41142858 1.41156391 1.41170133 1.41184083 1.41198239
 1.41212603 1.41227173 1.41241948 1.41256929 1.41272115 1.41287505
 1.41303098 1.41318895 1.41334895 1.41351097 1.413675   1.41384105
 1.41400911 1.41417917 1.41435123 1.41452529 1.41470133 1.41487936
 1.41505936 1.41524135 1.4154253  1.41561121 1.41579909 1.41598892
 1.4161807  1.41637443 1.4165701  1.41676771 1.41696725 1.41716872
 1.41737211 1.41757742 1.41778465 1.41799378 1.41820482 1.41841776
 1.41863259 1.41884931 1.41906793 1.41928842 1.41951079 1.41973504
 1.41996116 1.42018914 1.42041898 1.42065067 1.42088422 1.42111961
 1.42135685 1.42159593 1.42183684 1.42207958 1.42232414 1.42257053
 1.42281873 1.42306875 1.42332058 1.42357421 1.42382964 1.42408686
 1.42434588 1.42460668 1.42486927 1.42513364 1.42539978 1.4256677
 1.42593738 1.42620882 1.42648202 1.42675698 1.42703369 1.42731214
 1.42759234 1.42787428 1.42815795 1.42844335 1.42873048 1.42901933
 1.42930991 1.42960219 1.42989619 1.43019189 1.4304893  1.43078841
 1.43108921 1.43139171 1.43169589 1.43200176 1.4323093  1.43261853
 1.43292943 1.43324199 1.43355622 1.43387212 1.43418967 1.43450887
 1.43482973 1.43515223 1.43547638 1.43580217 1.43612959 1.43645864
 1.43678933 1.43712163 1.43745556 1.43779111 1.43812827 1.43846705
 1.43880743 1.43914941 1.439493   1.43983818 1.44018495 1.44053332
 1.44088327 1.4412348  1.44158792 1.44194261 1.44229887 1.4426567
 1.4430161  1.44337706 1.44373958 1.44410365 1.44446928 1.44483646
 1.44520518 1.44557545 1.44594726 1.4463206  1.44669547 1.44707188
 1.44744981 1.44782926 1.44821024 1.44859273 1.44897673 1.44936225
 1.44974927 1.4501378  1.45052783 1.45091935 1.45131237 1.45170689
 1.45210289 1.45250037 1.45289934 1.45329979 1.45370172 1.45410512
 1.45450999 1.45491633 1.45532413 1.45573339 1.45614411 1.45655629
 1.45696992 1.457385   1.45780153 1.4582195  1.45863891 1.45905976
 1.45948205 1.45990577 1.46033092 1.46075749 1.46118549 1.46161491
 1.46204575 1.46247801 1.46291168 1.46334675 1.46378324 1.46422113
 1.46466042 1.46510112 1.4655432  1.46598669 1.46643156 1.46687782
 1.46732547 1.4677745  1.46822492 1.46867671 1.46912988 1.46958441
 1.47004032 1.4704976  1.47095625 1.47141625 1.47187762 1.47234034
 1.47280442 1.47326985 1.47373663 1.47420476 1.47467424 1.47514505
 1.47561721 1.47609071 1.47656554 1.4770417  1.4775192  1.47799802
 1.47847817 1.47895965 1.47944244 1.47992656 1.48041199 1.48089873
 1.48138679 1.48187615 1.48236683 1.48285881 1.48335209 1.48384667
 1.48434255 1.48483973 1.4853382  1.48583797 1.48633902 1.48684136
 1.48734499 1.48784989 1.48835608 1.48886355 1.4893723  1.48988232
 1.49039361 1.49090618 1.49142001 1.4919351  1.49245147 1.49296909
 1.49348798 1.49400812 1.49452952 1.49505217 1.49557608 1.49610123
 1.49662763 1.49715528 1.49768418 1.49821431 1.49874569 1.49927831
 1.49981216 1.50034725 1.50088357 1.50142112 1.5019599  1.5024999
 1.50304113 1.50358359 1.50412727 1.50467217 1.50521828 1.50576561
 1.50631416 1.50686392 1.50741489 1.50796707 1.50852046 1.50907505
 1.50963085 1.51018785 1.51074605 1.51130545 1.51186605 1.51242784
 1.51299083 1.51355501 1.51412038 1.51468694 1.51525469 1.51582362
 1.51639374 1.51696504 1.51753753 1.51811119 1.51868603 1.51926205
 1.51983924 1.52041761 1.52099714 1.52157785 1.52215973 1.52274278
 1.52332699 1.52391237 1.52449891 1.52508661 1.52567547 1.5262655
 1.52685668 1.52744901 1.52804251 1.52863715 1.52923295 1.5298299
 1.530428   1.53102724 1.53162764 1.53222918 1.53283186 1.53343569
 1.53404065 1.53464676 1.53525401 1.5358624  1.53647192 1.53708258
 1.53769437 1.5383073  1.53892136 1.53953655 1.54015287 1.54077031
 1.54138889 1.54200859 1.54262942 1.54325137 1.54387444 1.54449863
 1.54512395 1.54575038 1.54637794 1.54700661 1.5476364  1.5482673
 1.54889932 1.54953245 1.55016669 1.55080204 1.55143851 1.55207608
 1.55271476 1.55335455 1.55399545 1.55463745 1.55528056 1.55592477
 1.55657008 1.5572165  1.55786401 1.55851263 1.55916235 1.55981316
 1.56046507 1.56111808 1.56177218 1.56242738 1.56308368 1.56374106
 1.56439955 1.56505912 1.56571978 1.56638153 1.56704438 1.56770831
 1.56837333 1.56903944 1.56970663 1.57037492]
t = [1.09637715e+09 1.09637721e+09 1.09637728e+09 1.09637734e+09
 1.09637740e+09 1.09637747e+09 1.09637753e+09 1.09637759e+09
 1.09637766e+09 1.09637772e+09 1.09637779e+09 1.09637785e+09
 1.09637791e+09 1.09637798e+09 1.09637804e+09 1.09637810e+09
 1.09637817e+09 1.09637823e+09 1.09637829e+09 1.09637836e+09
 1.09637842e+09 1.09637848e+09 1.09637855e+09 1.09637861e+09
 1.09637867e+09 1.09637874e+09 1.09637880e+09 1.09637887e+09
 1.09637893e+09 1.09637899e+09 1.09637906e+09 1.09637912e+09
 1.09637918e+09 1.09637925e+09 1.09637931e+09 1.09637937e+09
 1.09637944e+09 1.09637950e+09 1.09637956e+09 1.09637963e+09
 1.09637969e+09 1.09637975e+09 1.09637982e+09 1.09637988e+09
 1.09637994e+09 1.09638001e+09 1.09638007e+09 1.09638014e+09
 1.09638020e+09 1.09638026e+09 1.09638033e+09 1.09638039e+09
 1.09638045e+09 1.09638052e+09 1.09638058e+09 1.09638064e+09
 1.09638071e+09 1.09638077e+09 1.09638083e+09 1.09638090e+09
 1.09638096e+09 1.09638102e+09 1.09638109e+09 1.09638115e+09
 1.09638122e+09 1.09638128e+09 1.09638134e+09 1.09638141e+09
 1.09638147e+09 1.09638153e+09 1.09638160e+09 1.09638166e+09
 1.09638172e+09 1.09638179e+09 1.09638185e+09 1.09638191e+09
 1.09638198e+09 1.09638204e+09 1.09638210e+09 1.09638217e+09
 1.09638223e+09 1.09638229e+09 1.09638236e+09 1.09638242e+09
 1.09638249e+09 1.09638255e+09 1.09638261e+09 1.09638268e+09
 1.09638274e+09 1.09638280e+09 1.09638287e+09 1.09638293e+09
 1.09638299e+09 1.09638306e+09 1.09638312e+09 1.09638318e+09
 1.09638325e+09 1.09638331e+09 1.09638337e+09 1.09638344e+09
 1.09638350e+09 1.09638357e+09 1.09638363e+09 1.09638369e+09
 1.09638376e+09 1.09638382e+09 1.09638388e+09 1.09638395e+09
 1.09638401e+09 1.09638407e+09 1.09638414e+09 1.09638420e+09
 1.09638426e+09 1.09638433e+09 1.09638439e+09 1.09638445e+09
 1.09638452e+09 1.09638458e+09 1.09638464e+09 1.09638471e+09
 1.09638477e+09 1.09638484e+09 1.09638490e+09 1.09638496e+09
 1.09638503e+09 1.09638509e+09 1.09638515e+09 1.09638522e+09
 1.09638528e+09 1.09638534e+09 1.09638541e+09 1.09638547e+09
 1.09638553e+09 1.09638560e+09 1.09638566e+09 1.09638572e+09
 1.09638579e+09 1.09638585e+09 1.09638592e+09 1.09638598e+09
 1.09638604e+09 1.09638611e+09 1.09638617e+09 1.09638623e+09
 1.09638630e+09 1.09638636e+09 1.09638642e+09 1.09638649e+09
 1.09638655e+09 1.09638661e+09 1.09638668e+09 1.09638674e+09
 1.09638680e+09 1.09638687e+09 1.09638693e+09 1.09638699e+09
 1.09638706e+09 1.09638712e+09 1.09638719e+09 1.09638725e+09
 1.09638731e+09 1.09638738e+09 1.09638744e+09 1.09638750e+09
 1.09638757e+09 1.09638763e+09 1.09638769e+09 1.09638776e+09
 1.09638782e+09 1.09638788e+09 1.09638795e+09 1.09638801e+09
 1.09638807e+09 1.09638814e+09 1.09638820e+09 1.09638827e+09
 1.09638833e+09 1.09638839e+09 1.09638846e+09 1.09638852e+09
 1.09638858e+09 1.09638865e+09 1.09638871e+09 1.09638877e+09
 1.09638884e+09 1.09638890e+09 1.09638896e+09 1.09638903e+09
 1.09638909e+09 1.09638915e+09 1.09638922e+09 1.09638928e+09
 1.09638934e+09 1.09638941e+09 1.09638947e+09 1.09638954e+09
 1.09638960e+09 1.09638966e+09 1.09638973e+09 1.09638979e+09
 1.09638985e+09 1.09638992e+09 1.09638998e+09 1.09639004e+09
 1.09639011e+09 1.09639017e+09 1.09639023e+09 1.09639030e+09
 1.09639036e+09 1.09639042e+09 1.09639049e+09 1.09639055e+09
 1.09639062e+09 1.09639068e+09 1.09639074e+09 1.09639081e+09
 1.09639087e+09 1.09639093e+09 1.09639100e+09 1.09639106e+09
 1.09639112e+09 1.09639119e+09 1.09639125e+09 1.09639131e+09
 1.09639138e+09 1.09639144e+09 1.09639150e+09 1.09639157e+09
 1.09639163e+09 1.09639169e+09 1.09639176e+09 1.09639182e+09
 1.09639189e+09 1.09639195e+09 1.09639201e+09 1.09639208e+09
 1.09639214e+09 1.09639220e+09 1.09639227e+09 1.09639233e+09
 1.09639239e+09 1.09639246e+09 1.09639252e+09 1.09639258e+09
 1.09639265e+09 1.09639271e+09 1.09639277e+09 1.09639284e+09
 1.09639290e+09 1.09639297e+09 1.09639303e+09 1.09639309e+09
 1.09639316e+09 1.09639322e+09 1.09639328e+09 1.09639335e+09
 1.09639341e+09 1.09639347e+09 1.09639354e+09 1.09639360e+09
 1.09639366e+09 1.09639373e+09 1.09639379e+09 1.09639385e+09
 1.09639392e+09 1.09639398e+09 1.09639404e+09 1.09639411e+09
 1.09639417e+09 1.09639424e+09 1.09639430e+09 1.09639436e+09
 1.09639443e+09 1.09639449e+09 1.09639455e+09 1.09639462e+09
 1.09639468e+09 1.09639474e+09 1.09639481e+09 1.09639487e+09
 1.09639493e+09 1.09639500e+09 1.09639506e+09 1.09639512e+09
 1.09639519e+09 1.09639525e+09 1.09639532e+09 1.09639538e+09
 1.09639544e+09 1.09639551e+09 1.09639557e+09 1.09639563e+09
 1.09639570e+09 1.09639576e+09 1.09639582e+09 1.09639589e+09
 1.09639595e+09 1.09639601e+09 1.09639608e+09 1.09639614e+09
 1.09639620e+09 1.09639627e+09 1.09639633e+09 1.09639639e+09
 1.09639646e+09 1.09639652e+09 1.09639659e+09 1.09639665e+09
 1.09639671e+09 1.09639678e+09 1.09639684e+09 1.09639690e+09
 1.09639697e+09 1.09639703e+09 1.09639709e+09 1.09639716e+09
 1.09639722e+09 1.09639728e+09 1.09639735e+09 1.09639741e+09
 1.09639747e+09 1.09639754e+09 1.09639760e+09 1.09639767e+09
 1.09639773e+09 1.09639779e+09 1.09639786e+09 1.09639792e+09
 1.09639798e+09 1.09639805e+09 1.09639811e+09 1.09639817e+09
 1.09639824e+09 1.09639830e+09 1.09639836e+09 1.09639843e+09
 1.09639849e+09 1.09639855e+09 1.09639862e+09 1.09639868e+09
 1.09639874e+09 1.09639881e+09 1.09639887e+09 1.09639894e+09
 1.09639900e+09 1.09639906e+09 1.09639913e+09 1.09639919e+09
 1.09639925e+09 1.09639932e+09 1.09639938e+09 1.09639944e+09
 1.09639951e+09 1.09639957e+09 1.09639963e+09 1.09639970e+09
 1.09639976e+09 1.09639982e+09 1.09639989e+09 1.09639995e+09
 1.09640002e+09 1.09640008e+09 1.09640014e+09 1.09640021e+09
 1.09640027e+09 1.09640033e+09 1.09640040e+09 1.09640046e+09
 1.09640052e+09 1.09640059e+09 1.09640065e+09 1.09640071e+09
 1.09640078e+09 1.09640084e+09 1.09640090e+09 1.09640097e+09
 1.09640103e+09 1.09640109e+09 1.09640116e+09 1.09640122e+09
 1.09640129e+09 1.09640135e+09 1.09640141e+09 1.09640148e+09
 1.09640154e+09 1.09640160e+09 1.09640167e+09 1.09640173e+09
 1.09640179e+09 1.09640186e+09 1.09640192e+09 1.09640198e+09
 1.09640205e+09 1.09640211e+09 1.09640217e+09 1.09640224e+09
 1.09640230e+09 1.09640237e+09 1.09640243e+09 1.09640249e+09
 1.09640256e+09 1.09640262e+09 1.09640268e+09 1.09640275e+09
 1.09640281e+09 1.09640287e+09 1.09640294e+09 1.09640300e+09
 1.09640306e+09 1.09640313e+09 1.09640319e+09 1.09640325e+09
 1.09640332e+09 1.09640338e+09 1.09640344e+09 1.09640351e+09
 1.09640357e+09 1.09640364e+09 1.09640370e+09 1.09640376e+09
 1.09640383e+09 1.09640389e+09 1.09640395e+09 1.09640402e+09
 1.09640408e+09 1.09640414e+09 1.09640421e+09 1.09640427e+09
 1.09640433e+09 1.09640440e+09 1.09640446e+09 1.09640452e+09
 1.09640459e+09 1.09640465e+09 1.09640472e+09 1.09640478e+09
 1.09640484e+09 1.09640491e+09 1.09640497e+09 1.09640503e+09
 1.09640510e+09 1.09640516e+09 1.09640522e+09 1.09640529e+09
 1.09640535e+09 1.09640541e+09 1.09640548e+09 1.09640554e+09
 1.09640560e+09 1.09640567e+09 1.09640573e+09 1.09640579e+09
 1.09640586e+09 1.09640592e+09 1.09640599e+09 1.09640605e+09
 1.09640611e+09 1.09640618e+09 1.09640624e+09 1.09640630e+09
 1.09640637e+09 1.09640643e+09 1.09640649e+09 1.09640656e+09
 1.09640662e+09 1.09640668e+09 1.09640675e+09 1.09640681e+09
 1.09640687e+09 1.09640694e+09 1.09640700e+09 1.09640707e+09
 1.09640713e+09 1.09640719e+09 1.09640726e+09 1.09640732e+09
 1.09640738e+09 1.09640745e+09 1.09640751e+09 1.09640757e+09
 1.09640764e+09 1.09640770e+09 1.09640776e+09 1.09640783e+09
 1.09640789e+09 1.09640795e+09 1.09640802e+09 1.09640808e+09
 1.09640814e+09 1.09640821e+09 1.09640827e+09 1.09640834e+09
 1.09640840e+09 1.09640846e+09 1.09640853e+09 1.09640859e+09
 1.09640865e+09 1.09640872e+09 1.09640878e+09 1.09640884e+09
 1.09640891e+09 1.09640897e+09 1.09640903e+09 1.09640910e+09
 1.09640916e+09 1.09640922e+09 1.09640929e+09 1.09640935e+09
 1.09640942e+09 1.09640948e+09 1.09640954e+09 1.09640961e+09
 1.09640967e+09 1.09640973e+09 1.09640980e+09 1.09640986e+09
 1.09640992e+09 1.09640999e+09 1.09641005e+09 1.09641011e+09
 1.09641018e+09 1.09641024e+09 1.09641030e+09 1.09641037e+09
 1.09641043e+09 1.09641049e+09 1.09641056e+09 1.09641062e+09
 1.09641069e+09 1.09641075e+09 1.09641081e+09 1.09641088e+09
 1.09641094e+09 1.09641100e+09 1.09641107e+09 1.09641113e+09
 1.09641119e+09 1.09641126e+09 1.09641132e+09 1.09641138e+09
 1.09641145e+09 1.09641151e+09 1.09641157e+09 1.09641164e+09
 1.09641170e+09 1.09641177e+09 1.09641183e+09 1.09641189e+09
 1.09641196e+09 1.09641202e+09 1.09641208e+09 1.09641215e+09
 1.09641221e+09 1.09641227e+09 1.09641234e+09 1.09641240e+09
 1.09641246e+09 1.09641253e+09 1.09641259e+09 1.09641265e+09
 1.09641272e+09 1.09641278e+09 1.09641284e+09 1.09641291e+09
 1.09641297e+09 1.09641304e+09 1.09641310e+09 1.09641316e+09
 1.09641323e+09 1.09641329e+09 1.09641335e+09 1.09641342e+09
 1.09641348e+09 1.09641354e+09 1.09641361e+09 1.09641367e+09
 1.09641373e+09 1.09641380e+09 1.09641386e+09 1.09641392e+09
 1.09641399e+09 1.09641405e+09 1.09641412e+09 1.09641418e+09
 1.09641424e+09 1.09641431e+09 1.09641437e+09 1.09641443e+09
 1.09641450e+09 1.09641456e+09 1.09641462e+09 1.09641469e+09
 1.09641475e+09 1.09641481e+09 1.09641488e+09 1.09641494e+09
 1.09641500e+09 1.09641507e+09 1.09641513e+09 1.09641519e+09
 1.09641526e+09 1.09641532e+09 1.09641539e+09 1.09641545e+09
 1.09641551e+09 1.09641558e+09 1.09641564e+09 1.09641570e+09
 1.09641577e+09 1.09641583e+09 1.09641589e+09 1.09641596e+09
 1.09641602e+09 1.09641608e+09 1.09641615e+09 1.09641621e+09
 1.09641627e+09 1.09641634e+09 1.09641640e+09 1.09641647e+09
 1.09641653e+09 1.09641659e+09 1.09641666e+09 1.09641672e+09
 1.09641678e+09 1.09641685e+09 1.09641691e+09 1.09641697e+09
 1.09641704e+09 1.09641710e+09 1.09641716e+09 1.09641723e+09
 1.09641729e+09 1.09641735e+09 1.09641742e+09 1.09641748e+09
 1.09641754e+09 1.09641761e+09 1.09641767e+09 1.09641774e+09
 1.09641780e+09 1.09641786e+09 1.09641793e+09 1.09641799e+09
 1.09641805e+09 1.09641812e+09 1.09641818e+09 1.09641824e+09
 1.09641831e+09 1.09641837e+09 1.09641843e+09 1.09641850e+09
 1.09641856e+09 1.09641862e+09 1.09641869e+09 1.09641875e+09
 1.09641882e+09 1.09641888e+09 1.09641894e+09 1.09641901e+09
 1.09641907e+09 1.09641913e+09 1.09641920e+09 1.09641926e+09
 1.09641932e+09 1.09641939e+09 1.09641945e+09 1.09641951e+09
 1.09641958e+09 1.09641964e+09 1.09641970e+09 1.09641977e+09
 1.09641983e+09 1.09641989e+09 1.09641996e+09 1.09642002e+09
 1.09642009e+09 1.09642015e+09 1.09642021e+09 1.09642028e+09
 1.09642034e+09 1.09642040e+09 1.09642047e+09 1.09642053e+09
 1.09642059e+09 1.09642066e+09 1.09642072e+09 1.09642078e+09
 1.09642085e+09 1.09642091e+09 1.09642097e+09 1.09642104e+09
 1.09642110e+09 1.09642117e+09 1.09642123e+09 1.09642129e+09
 1.09642136e+09 1.09642142e+09 1.09642148e+09 1.09642155e+09
 1.09642161e+09 1.09642167e+09 1.09642174e+09 1.09642180e+09
 1.09642186e+09 1.09642193e+09 1.09642199e+09 1.09642205e+09
 1.09642212e+09 1.09642218e+09 1.09642224e+09 1.09642231e+09
 1.09642237e+09 1.09642244e+09 1.09642250e+09 1.09642256e+09
 1.09642263e+09 1.09642269e+09 1.09642275e+09 1.09642282e+09
 1.09642288e+09 1.09642294e+09 1.09642301e+09 1.09642307e+09
 1.09642313e+09 1.09642320e+09 1.09642326e+09 1.09642332e+09
 1.09642339e+09 1.09642345e+09 1.09642352e+09 1.09642358e+09
 1.09642364e+09 1.09642371e+09 1.09642377e+09 1.09642383e+09
 1.09642390e+09 1.09642396e+09 1.09642402e+09 1.09642409e+09
 1.09642415e+09 1.09642421e+09 1.09642428e+09 1.09642434e+09
 1.09642440e+09 1.09642447e+09 1.09642453e+09 1.09642459e+09
 1.09642466e+09 1.09642472e+09 1.09642479e+09 1.09642485e+09
 1.09642491e+09 1.09642498e+09 1.09642504e+09 1.09642510e+09
 1.09642517e+09 1.09642523e+09 1.09642529e+09 1.09642536e+09
 1.09642542e+09 1.09642548e+09 1.09642555e+09 1.09642561e+09
 1.09642567e+09 1.09642574e+09 1.09642580e+09 1.09642587e+09
 1.09642593e+09 1.09642599e+09 1.09642606e+09 1.09642612e+09
 1.09642618e+09 1.09642625e+09 1.09642631e+09 1.09642637e+09
 1.09642644e+09 1.09642650e+09 1.09642656e+09 1.09642663e+09
 1.09642669e+09 1.09642675e+09 1.09642682e+09 1.09642688e+09
 1.09642694e+09 1.09642701e+09 1.09642707e+09 1.09642714e+09
 1.09642720e+09 1.09642726e+09 1.09642733e+09 1.09642739e+09
 1.09642745e+09 1.09642752e+09 1.09642758e+09 1.09642764e+09
 1.09642771e+09 1.09642777e+09 1.09642783e+09 1.09642790e+09
 1.09642796e+09 1.09642802e+09 1.09642809e+09 1.09642815e+09
 1.09642822e+09 1.09642828e+09 1.09642834e+09 1.09642841e+09
 1.09642847e+09 1.09642853e+09 1.09642860e+09 1.09642866e+09
 1.09642872e+09 1.09642879e+09 1.09642885e+09 1.09642891e+09
 1.09642898e+09 1.09642904e+09 1.09642910e+09 1.09642917e+09
 1.09642923e+09 1.09642929e+09 1.09642936e+09 1.09642942e+09
 1.09642949e+09 1.09642955e+09 1.09642961e+09 1.09642968e+09
 1.09642974e+09 1.09642980e+09 1.09642987e+09 1.09642993e+09
 1.09642999e+09 1.09643006e+09 1.09643012e+09 1.09643018e+09
 1.09643025e+09 1.09643031e+09 1.09643037e+09 1.09643044e+09
 1.09643050e+09 1.09643057e+09 1.09643063e+09 1.09643069e+09
 1.09643076e+09 1.09643082e+09 1.09643088e+09 1.09643095e+09
 1.09643101e+09 1.09643107e+09 1.09643114e+09 1.09643120e+09
 1.09643126e+09 1.09643133e+09 1.09643139e+09 1.09643145e+09
 1.09643152e+09 1.09643158e+09 1.09643164e+09 1.09643171e+09
 1.09643177e+09 1.09643184e+09 1.09643190e+09 1.09643196e+09
 1.09643203e+09 1.09643209e+09 1.09643215e+09 1.09643222e+09
 1.09643228e+09 1.09643234e+09 1.09643241e+09 1.09643247e+09
 1.09643253e+09 1.09643260e+09 1.09643266e+09 1.09643272e+09
 1.09643279e+09 1.09643285e+09 1.09643292e+09 1.09643298e+09
 1.09643304e+09 1.09643311e+09 1.09643317e+09 1.09643323e+09
 1.09643330e+09 1.09643336e+09 1.09643342e+09 1.09643349e+09
 1.09643355e+09 1.09643361e+09 1.09643368e+09 1.09643374e+09
 1.09643380e+09 1.09643387e+09 1.09643393e+09 1.09643399e+09
 1.09643406e+09 1.09643412e+09 1.09643419e+09 1.09643425e+09
 1.09643431e+09 1.09643438e+09 1.09643444e+09 1.09643450e+09
 1.09643457e+09 1.09643463e+09 1.09643469e+09 1.09643476e+09
 1.09643482e+09 1.09643488e+09 1.09643495e+09 1.09643501e+09
 1.09643507e+09 1.09643514e+09 1.09643520e+09 1.09643527e+09
 1.09643533e+09 1.09643539e+09 1.09643546e+09 1.09643552e+09
 1.09643558e+09 1.09643565e+09 1.09643571e+09 1.09643577e+09
 1.09643584e+09 1.09643590e+09 1.09643596e+09 1.09643603e+09
 1.09643609e+09 1.09643615e+09 1.09643622e+09 1.09643628e+09
 1.09643634e+09 1.09643641e+09 1.09643647e+09 1.09643654e+09
 1.09643660e+09 1.09643666e+09 1.09643673e+09 1.09643679e+09
 1.09643685e+09 1.09643692e+09 1.09643698e+09 1.09643704e+09
 1.09643711e+09 1.09643717e+09 1.09643723e+09 1.09643730e+09
 1.09643736e+09 1.09643742e+09 1.09643749e+09 1.09643755e+09
 1.09643762e+09 1.09643768e+09 1.09643774e+09 1.09643781e+09
 1.09643787e+09 1.09643793e+09 1.09643800e+09 1.09643806e+09
 1.09643812e+09 1.09643819e+09 1.09643825e+09 1.09643831e+09
 1.09643838e+09 1.09643844e+09 1.09643850e+09 1.09643857e+09
 1.09643863e+09 1.09643869e+09 1.09643876e+09 1.09643882e+09
 1.09643889e+09 1.09643895e+09 1.09643901e+09 1.09643908e+09
 1.09643914e+09 1.09643920e+09 1.09643927e+09 1.09643933e+09
 1.09643939e+09 1.09643946e+09 1.09643952e+09 1.09643958e+09
 1.09643965e+09 1.09643971e+09 1.09643977e+09 1.09643984e+09
 1.09643990e+09 1.09643997e+09 1.09644003e+09 1.09644009e+09
 1.09644016e+09 1.09644022e+09 1.09644028e+09 1.09644035e+09
 1.09644041e+09 1.09644047e+09 1.09644054e+09 1.09644060e+09]
minRes = 1.4073212034660214
minResTime = [1.09641342e+09]
Cov(t) = [ 80.83658746  80.88931235  80.94178633  80.99401016  81.04598523
  81.09771197  81.14919159  81.20042473  81.25141249  80.69596512
  80.3187233   80.05967073  79.85565003  79.68442791  79.53561505
  79.40335752  79.28397158  79.17495885  79.07453444  78.98136935
  78.89444249  78.81294997  73.43935042  73.44870529  73.45808306
  73.46747997  73.4768922   73.13441398  72.96413605  72.83528231
  72.7266822   72.63073124  72.54365539  72.46325595  72.38811734
  72.31726487  72.24999434  72.18577524  72.12419826  72.06493811
  72.00773203 100.         100.         100.         100.
 100.         100.         100.         100.         100.
 100.         100.         100.         100.         100.
 100.         100.         100.         100.         100.
 100.         100.         100.         100.         100.
 100.         100.         100.         100.         100.
 100.         100.         100.         100.         100.
 100.         100.         100.         100.         100.
 100.         100.         100.         100.         100.
 100.         100.         100.         100.         100.
 100.         100.         100.         100.         100.
 100.         100.         100.         100.         100.
 100.         100.         100.         100.         100.
 100.         100.         100.         100.         100.
 100.         100.         100.         100.         100.
 100.         100.         100.         100.         100.
 100.         100.         100.         100.         100.
  94.98291401  94.9578879   94.93296184  94.90813391  94.88340269
 100.         100.         100.         100.         100.
 100.         100.         100.         100.         100.
 100.         100.         100.         100.         100.
 100.         100.         100.         100.         100.
 100.         100.         100.         100.         100.
 100.         100.         100.         100.         100.
 100.         100.         100.         100.         100.
 100.         100.         100.         100.         100.
 100.         100.         100.         100.         100.
 100.         100.         100.         100.         100.
 100.         100.         100.         100.         100.
 100.         100.         100.         100.         100.
 100.         100.         100.         100.         100.
 100.         100.         100.         100.         100.
 100.         100.         100.         100.         100.
 100.         100.         100.         100.         100.
 100.         100.         100.         100.         100.
 100.         100.         100.         100.         100.
 100.         100.         100.         100.         100.
 100.         100.         100.         100.         100.
 100.         100.         100.         100.         100.
 100.         100.         100.         100.         100.
 100.         100.         100.         100.         100.
 100.         100.         100.         100.         100.
 100.         100.         100.         100.         100.
 100.         100.         100.         100.         100.
 100.         100.         100.         100.         100.
 100.         100.         100.         100.         100.
 100.         100.         100.         100.         100.
 100.         100.         100.         100.         100.
 100.         100.         100.         100.         100.
 100.         100.         100.         100.         100.
 100.         100.         100.         100.         100.
 100.         100.         100.         100.         100.
 100.         100.         100.         100.         100.
 100.         100.         100.         100.         100.
 100.         100.         100.         100.         100.
 100.         100.         100.         100.         100.
 100.         100.         100.         100.         100.
 100.         100.         100.         100.         100.
 100.         100.         100.         100.         100.
 100.         100.         100.         100.         100.
 100.         100.         100.         100.         100.
 100.         100.         100.         100.         100.
 100.         100.         100.         100.         100.
 100.         100.         100.         100.         100.
 100.         100.         100.         100.         100.
 100.         100.         100.         100.         100.
 100.         100.         100.         100.         100.
 100.         100.         100.         100.         100.
 100.         100.         100.         100.         100.
 100.         100.         100.         100.         100.
 100.         100.         100.         100.         100.
 100.         100.         100.         100.         100.
 100.         100.         100.         100.         100.
 100.         100.         100.         100.         100.
 100.         100.         100.         100.         100.
 100.         100.         100.         100.         100.
 100.         100.         100.         100.         100.
 100.         100.         100.         100.         100.
 100.         100.         100.         100.         100.
 100.         100.         100.         100.         100.
 100.         100.         100.         100.         100.
 100.         100.         100.         100.         100.
 100.         100.         100.         100.         100.
 100.         100.         100.         100.         100.
 100.         100.         100.         100.         100.
 100.         100.         100.         100.         100.
 100.         100.         100.         100.         100.
 100.         100.         100.         100.         100.
 100.         100.         100.         100.         100.
 100.         100.         100.         100.         100.
 100.         100.         100.         100.         100.
 100.         100.         100.         100.         100.
 100.         100.         100.         100.         100.
 100.         100.         100.         100.         100.
 100.         100.         100.         100.         100.
 100.         100.         100.         100.         100.
 100.         100.         100.         100.         100.
 100.         100.         100.         100.         100.
 100.         100.         100.         100.         100.
 100.         100.         100.         100.         100.
 100.         100.         100.         100.         100.
 100.         100.         100.         100.         100.
 100.         100.         100.         100.         100.
 100.         100.         100.         100.         100.
 100.         100.         100.         100.         100.
 100.         100.         100.         100.         100.
 100.         100.         100.         100.         100.
 100.         100.         100.         100.         100.
 100.         100.         100.         100.         100.
 100.         100.         100.         100.         100.
 100.         100.         100.         100.         100.
 100.         100.         100.         100.         100.
 100.         100.         100.         100.         100.
 100.         100.         100.         100.         100.
 100.         100.         100.         100.         100.
 100.         100.         100.         100.         100.
 100.         100.         100.         100.         100.
 100.         100.         100.         100.         100.
 100.         100.         100.         100.         100.
 100.         100.         100.         100.         100.
 100.         100.         100.         100.         100.
 100.         100.         100.         100.         100.
 100.         100.         100.         100.         100.
 100.         100.         100.         100.         100.
 100.         100.         100.         100.         100.
 100.         100.         100.         100.         100.
 100.         100.         100.         100.         100.
 100.         100.         100.         100.         100.
 100.         100.         100.         100.         100.
 100.         100.         100.         100.         100.
 100.         100.         100.         100.         100.
 100.         100.         100.         100.         100.
 100.         100.         100.         100.         100.
 100.         100.         100.         100.         100.
 100.         100.         100.         100.         100.
 100.         100.         100.         100.         100.
 100.         100.         100.         100.         100.
 100.         100.         100.         100.         100.
 100.         100.         100.         100.         100.
 100.         100.         100.         100.         100.
 100.         100.         100.         100.         100.
 100.         100.         100.         100.         100.
 100.         100.         100.         100.         100.
 100.         100.         100.         100.         100.
 100.         100.         100.         100.         100.
 100.         100.         100.         100.         100.
 100.         100.         100.         100.         100.
 100.         100.         100.         100.         100.
 100.         100.         100.         100.         100.
 100.         100.         100.         100.         100.
 100.         100.         100.         100.         100.
 100.         100.         100.         100.         100.
 100.         100.         100.         100.         100.
 100.         100.         100.         100.         100.
 100.         100.         100.         100.         100.
 100.         100.         100.         100.         100.
 100.         100.         100.         100.         100.
 100.         100.         100.         100.         100.
 100.         100.         100.         100.         100.
 100.         100.         100.         100.         100.
 100.         100.         100.         100.         100.
 100.         100.         100.         100.         100.
 100.         100.         100.         100.         100.
 100.         100.         100.         100.         100.
 100.         100.         100.         100.         100.
 100.         100.         100.         100.         100.
 100.         100.         100.         100.         100.
 100.         100.         100.         100.         100.
 100.         100.         100.         100.         100.
 100.         100.         100.         100.         100.
 100.         100.         100.         100.         100.
 100.         100.         100.         100.         100.
 100.         100.         100.         100.         100.
 100.         100.         100.         100.         100.
 100.         100.         100.         100.         100.
 100.         100.         100.         100.         100.
 100.         100.         100.         100.         100.
 100.         100.         100.         100.         100.
 100.         100.         100.         100.         100.
 100.         100.         100.         100.         100.
 100.         100.         100.         100.         100.
 100.         100.         100.         100.         100.
 100.         100.         100.         100.         100.
 100.         100.         100.         100.         100.
 100.         100.         100.         100.         100.
 100.         100.         100.         100.         100.
 100.         100.         100.         100.         100.
 100.         100.         100.         100.         100.
 100.         100.         100.         100.         100.
 100.         100.         100.         100.         100.
 100.         100.         100.         100.         100.
 100.         100.         100.         100.         100.        ]
maxCov = 100.0
maxCovTime = [1.09637975e+09 1.09637982e+09 1.09637988e+09 1.09637994e+09
 1.09638001e+09 1.09638007e+09 1.09638014e+09 1.09638020e+09
 1.09638026e+09 1.09638033e+09 1.09638039e+09 1.09638045e+09
 1.09638052e+09 1.09638058e+09 1.09638064e+09 1.09638071e+09
 1.09638077e+09 1.09638083e+09 1.09638090e+09 1.09638096e+09
 1.09638102e+09 1.09638109e+09 1.09638115e+09 1.09638122e+09
 1.09638128e+09 1.09638134e+09 1.09638141e+09 1.09638147e+09
 1.09638153e+09 1.09638160e+09 1.09638166e+09 1.09638172e+09
 1.09638179e+09 1.09638185e+09 1.09638191e+09 1.09638198e+09
 1.09638204e+09 1.09638210e+09 1.09638217e+09 1.09638223e+09
 1.09638229e+09 1.09638236e+09 1.09638242e+09 1.09638249e+09
 1.09638255e+09 1.09638261e+09 1.09638268e+09 1.09638274e+09
 1.09638280e+09 1.09638287e+09 1.09638293e+09 1.09638299e+09
 1.09638306e+09 1.09638312e+09 1.09638318e+09 1.09638325e+09
 1.09638331e+09 1.09638337e+09 1.09638344e+09 1.09638350e+09
 1.09638357e+09 1.09638363e+09 1.09638369e+09 1.09638376e+09
 1.09638382e+09 1.09638388e+09 1.09638395e+09 1.09638401e+09
 1.09638407e+09 1.09638414e+09 1.09638420e+09 1.09638426e+09
 1.09638433e+09 1.09638439e+09 1.09638445e+09 1.09638452e+09
 1.09638458e+09 1.09638464e+09 1.09638471e+09 1.09638477e+09
 1.09638484e+09 1.09638490e+09 1.09638496e+09 1.09638503e+09
 1.09638541e+09 1.09638547e+09 1.09638553e+09 1.09638560e+09
 1.09638566e+09 1.09638572e+09 1.09638579e+09 1.09638585e+09
 1.09638592e+09 1.09638598e+09 1.09638604e+09 1.09638611e+09
 1.09638617e+09 1.09638623e+09 1.09638630e+09 1.09638636e+09
 1.09638642e+09 1.09638649e+09 1.09638655e+09 1.09638661e+09
 1.09638668e+09 1.09638674e+09 1.09638680e+09 1.09638687e+09
 1.09638693e+09 1.09638699e+09 1.09638706e+09 1.09638712e+09
 1.09638719e+09 1.09638725e+09 1.09638731e+09 1.09638738e+09
 1.09638744e+09 1.09638750e+09 1.09638757e+09 1.09638763e+09
 1.09638769e+09 1.09638776e+09 1.09638782e+09 1.09638788e+09
 1.09638795e+09 1.09638801e+09 1.09638807e+09 1.09638814e+09
 1.09638820e+09 1.09638827e+09 1.09638833e+09 1.09638839e+09
 1.09638846e+09 1.09638852e+09 1.09638858e+09 1.09638865e+09
 1.09638871e+09 1.09638877e+09 1.09638884e+09 1.09638890e+09
 1.09638896e+09 1.09638903e+09 1.09638909e+09 1.09638915e+09
 1.09638922e+09 1.09638928e+09 1.09638934e+09 1.09638941e+09
 1.09638947e+09 1.09638954e+09 1.09638960e+09 1.09638966e+09
 1.09638973e+09 1.09638979e+09 1.09638985e+09 1.09638992e+09
 1.09638998e+09 1.09639004e+09 1.09639011e+09 1.09639017e+09
 1.09639023e+09 1.09639030e+09 1.09639036e+09 1.09639042e+09
 1.09639049e+09 1.09639055e+09 1.09639062e+09 1.09639068e+09
 1.09639074e+09 1.09639081e+09 1.09639087e+09 1.09639093e+09
 1.09639100e+09 1.09639106e+09 1.09639112e+09 1.09639119e+09
 1.09639125e+09 1.09639131e+09 1.09639138e+09 1.09639144e+09
 1.09639150e+09 1.09639157e+09 1.09639163e+09 1.09639169e+09
 1.09639176e+09 1.09639182e+09 1.09639189e+09 1.09639195e+09
 1.09639201e+09 1.09639208e+09 1.09639214e+09 1.09639220e+09
 1.09639227e+09 1.09639233e+09 1.09639239e+09 1.09639246e+09
 1.09639252e+09 1.09639258e+09 1.09639265e+09 1.09639271e+09
 1.09639277e+09 1.09639284e+09 1.09639290e+09 1.09639297e+09
 1.09639303e+09 1.09639309e+09 1.09639316e+09 1.09639322e+09
 1.09639328e+09 1.09639335e+09 1.09639341e+09 1.09639347e+09
 1.09639354e+09 1.09639360e+09 1.09639366e+09 1.09639373e+09
 1.09639379e+09 1.09639385e+09 1.09639392e+09 1.09639398e+09
 1.09639404e+09 1.09639411e+09 1.09639417e+09 1.09639424e+09
 1.09639430e+09 1.09639436e+09 1.09639443e+09 1.09639449e+09
 1.09639455e+09 1.09639462e+09 1.09639468e+09 1.09639474e+09
 1.09639481e+09 1.09639487e+09 1.09639493e+09 1.09639500e+09
 1.09639506e+09 1.09639512e+09 1.09639519e+09 1.09639525e+09
 1.09639532e+09 1.09639538e+09 1.09639544e+09 1.09639551e+09
 1.09639557e+09 1.09639563e+09 1.09639570e+09 1.09639576e+09
 1.09639582e+09 1.09639589e+09 1.09639595e+09 1.09639601e+09
 1.09639608e+09 1.09639614e+09 1.09639620e+09 1.09639627e+09
 1.09639633e+09 1.09639639e+09 1.09639646e+09 1.09639652e+09
 1.09639659e+09 1.09639665e+09 1.09639671e+09 1.09639678e+09
 1.09639684e+09 1.09639690e+09 1.09639697e+09 1.09639703e+09
 1.09639709e+09 1.09639716e+09 1.09639722e+09 1.09639728e+09
 1.09639735e+09 1.09639741e+09 1.09639747e+09 1.09639754e+09
 1.09639760e+09 1.09639767e+09 1.09639773e+09 1.09639779e+09
 1.09639786e+09 1.09639792e+09 1.09639798e+09 1.09639805e+09
 1.09639811e+09 1.09639817e+09 1.09639824e+09 1.09639830e+09
 1.09639836e+09 1.09639843e+09 1.09639849e+09 1.09639855e+09
 1.09639862e+09 1.09639868e+09 1.09639874e+09 1.09639881e+09
 1.09639887e+09 1.09639894e+09 1.09639900e+09 1.09639906e+09
 1.09639913e+09 1.09639919e+09 1.09639925e+09 1.09639932e+09
 1.09639938e+09 1.09639944e+09 1.09639951e+09 1.09639957e+09
 1.09639963e+09 1.09639970e+09 1.09639976e+09 1.09639982e+09
 1.09639989e+09 1.09639995e+09 1.09640002e+09 1.09640008e+09
 1.09640014e+09 1.09640021e+09 1.09640027e+09 1.09640033e+09
 1.09640040e+09 1.09640046e+09 1.09640052e+09 1.09640059e+09
 1.09640065e+09 1.09640071e+09 1.09640078e+09 1.09640084e+09
 1.09640090e+09 1.09640097e+09 1.09640103e+09 1.09640109e+09
 1.09640116e+09 1.09640122e+09 1.09640129e+09 1.09640135e+09
 1.09640141e+09 1.09640148e+09 1.09640154e+09 1.09640160e+09
 1.09640167e+09 1.09640173e+09 1.09640179e+09 1.09640186e+09
 1.09640192e+09 1.09640198e+09 1.09640205e+09 1.09640211e+09
 1.09640217e+09 1.09640224e+09 1.09640230e+09 1.09640237e+09
 1.09640243e+09 1.09640249e+09 1.09640256e+09 1.09640262e+09
 1.09640268e+09 1.09640275e+09 1.09640281e+09 1.09640287e+09
 1.09640294e+09 1.09640300e+09 1.09640306e+09 1.09640313e+09
 1.09640319e+09 1.09640325e+09 1.09640332e+09 1.09640338e+09
 1.09640344e+09 1.09640351e+09 1.09640357e+09 1.09640364e+09
 1.09640370e+09 1.09640376e+09 1.09640383e+09 1.09640389e+09
 1.09640395e+09 1.09640402e+09 1.09640408e+09 1.09640414e+09
 1.09640421e+09 1.09640427e+09 1.09640433e+09 1.09640440e+09
 1.09640446e+09 1.09640452e+09 1.09640459e+09 1.09640465e+09
 1.09640472e+09 1.09640478e+09 1.09640484e+09 1.09640491e+09
 1.09640497e+09 1.09640503e+09 1.09640510e+09 1.09640516e+09
 1.09640522e+09 1.09640529e+09 1.09640535e+09 1.09640541e+09
 1.09640548e+09 1.09640554e+09 1.09640560e+09 1.09640567e+09
 1.09640573e+09 1.09640579e+09 1.09640586e+09 1.09640592e+09
 1.09640599e+09 1.09640605e+09 1.09640611e+09 1.09640618e+09
 1.09640624e+09 1.09640630e+09 1.09640637e+09 1.09640643e+09
 1.09640649e+09 1.09640656e+09 1.09640662e+09 1.09640668e+09
 1.09640675e+09 1.09640681e+09 1.09640687e+09 1.09640694e+09
 1.09640700e+09 1.09640707e+09 1.09640713e+09 1.09640719e+09
 1.09640726e+09 1.09640732e+09 1.09640738e+09 1.09640745e+09
 1.09640751e+09 1.09640757e+09 1.09640764e+09 1.09640770e+09
 1.09640776e+09 1.09640783e+09 1.09640789e+09 1.09640795e+09
 1.09640802e+09 1.09640808e+09 1.09640814e+09 1.09640821e+09
 1.09640827e+09 1.09640834e+09 1.09640840e+09 1.09640846e+09
 1.09640853e+09 1.09640859e+09 1.09640865e+09 1.09640872e+09
 1.09640878e+09 1.09640884e+09 1.09640891e+09 1.09640897e+09
 1.09640903e+09 1.09640910e+09 1.09640916e+09 1.09640922e+09
 1.09640929e+09 1.09640935e+09 1.09640942e+09 1.09640948e+09
 1.09640954e+09 1.09640961e+09 1.09640967e+09 1.09640973e+09
 1.09640980e+09 1.09640986e+09 1.09640992e+09 1.09640999e+09
 1.09641005e+09 1.09641011e+09 1.09641018e+09 1.09641024e+09
 1.09641030e+09 1.09641037e+09 1.09641043e+09 1.09641049e+09
 1.09641056e+09 1.09641062e+09 1.09641069e+09 1.09641075e+09
 1.09641081e+09 1.09641088e+09 1.09641094e+09 1.09641100e+09
 1.09641107e+09 1.09641113e+09 1.09641119e+09 1.09641126e+09
 1.09641132e+09 1.09641138e+09 1.09641145e+09 1.09641151e+09
 1.09641157e+09 1.09641164e+09 1.09641170e+09 1.09641177e+09
 1.09641183e+09 1.09641189e+09 1.09641196e+09 1.09641202e+09
 1.09641208e+09 1.09641215e+09 1.09641221e+09 1.09641227e+09
 1.09641234e+09 1.09641240e+09 1.09641246e+09 1.09641253e+09
 1.09641259e+09 1.09641265e+09 1.09641272e+09 1.09641278e+09
 1.09641284e+09 1.09641291e+09 1.09641297e+09 1.09641304e+09
 1.09641310e+09 1.09641316e+09 1.09641323e+09 1.09641329e+09
 1.09641335e+09 1.09641342e+09 1.09641348e+09 1.09641354e+09
 1.09641361e+09 1.09641367e+09 1.09641373e+09 1.09641380e+09
 1.09641386e+09 1.09641392e+09 1.09641399e+09 1.09641405e+09
 1.09641412e+09 1.09641418e+09 1.09641424e+09 1.09641431e+09
 1.09641437e+09 1.09641443e+09 1.09641450e+09 1.09641456e+09
 1.09641462e+09 1.09641469e+09 1.09641475e+09 1.09641481e+09
 1.09641488e+09 1.09641494e+09 1.09641500e+09 1.09641507e+09
 1.09641513e+09 1.09641519e+09 1.09641526e+09 1.09641532e+09
 1.09641539e+09 1.09641545e+09 1.09641551e+09 1.09641558e+09
 1.09641564e+09 1.09641570e+09 1.09641577e+09 1.09641583e+09
 1.09641589e+09 1.09641596e+09 1.09641602e+09 1.09641608e+09
 1.09641615e+09 1.09641621e+09 1.09641627e+09 1.09641634e+09
 1.09641640e+09 1.09641647e+09 1.09641653e+09 1.09641659e+09
 1.09641666e+09 1.09641672e+09 1.09641678e+09 1.09641685e+09
 1.09641691e+09 1.09641697e+09 1.09641704e+09 1.09641710e+09
 1.09641716e+09 1.09641723e+09 1.09641729e+09 1.09641735e+09
 1.09641742e+09 1.09641748e+09 1.09641754e+09 1.09641761e+09
 1.09641767e+09 1.09641774e+09 1.09641780e+09 1.09641786e+09
 1.09641793e+09 1.09641799e+09 1.09641805e+09 1.09641812e+09
 1.09641818e+09 1.09641824e+09 1.09641831e+09 1.09641837e+09
 1.09641843e+09 1.09641850e+09 1.09641856e+09 1.09641862e+09
 1.09641869e+09 1.09641875e+09 1.09641882e+09 1.09641888e+09
 1.09641894e+09 1.09641901e+09 1.09641907e+09 1.09641913e+09
 1.09641920e+09 1.09641926e+09 1.09641932e+09 1.09641939e+09
 1.09641945e+09 1.09641951e+09 1.09641958e+09 1.09641964e+09
 1.09641970e+09 1.09641977e+09 1.09641983e+09 1.09641989e+09
 1.09641996e+09 1.09642002e+09 1.09642009e+09 1.09642015e+09
 1.09642021e+09 1.09642028e+09 1.09642034e+09 1.09642040e+09
 1.09642047e+09 1.09642053e+09 1.09642059e+09 1.09642066e+09
 1.09642072e+09 1.09642078e+09 1.09642085e+09 1.09642091e+09
 1.09642097e+09 1.09642104e+09 1.09642110e+09 1.09642117e+09
 1.09642123e+09 1.09642129e+09 1.09642136e+09 1.09642142e+09
 1.09642148e+09 1.09642155e+09 1.09642161e+09 1.09642167e+09
 1.09642174e+09 1.09642180e+09 1.09642186e+09 1.09642193e+09
 1.09642199e+09 1.09642205e+09 1.09642212e+09 1.09642218e+09
 1.09642224e+09 1.09642231e+09 1.09642237e+09 1.09642244e+09
 1.09642250e+09 1.09642256e+09 1.09642263e+09 1.09642269e+09
 1.09642275e+09 1.09642282e+09 1.09642288e+09 1.09642294e+09
 1.09642301e+09 1.09642307e+09 1.09642313e+09 1.09642320e+09
 1.09642326e+09 1.09642332e+09 1.09642339e+09 1.09642345e+09
 1.09642352e+09 1.09642358e+09 1.09642364e+09 1.09642371e+09
 1.09642377e+09 1.09642383e+09 1.09642390e+09 1.09642396e+09
 1.09642402e+09 1.09642409e+09 1.09642415e+09 1.09642421e+09
 1.09642428e+09 1.09642434e+09 1.09642440e+09 1.09642447e+09
 1.09642453e+09 1.09642459e+09 1.09642466e+09 1.09642472e+09
 1.09642479e+09 1.09642485e+09 1.09642491e+09 1.09642498e+09
 1.09642504e+09 1.09642510e+09 1.09642517e+09 1.09642523e+09
 1.09642529e+09 1.09642536e+09 1.09642542e+09 1.09642548e+09
 1.09642555e+09 1.09642561e+09 1.09642567e+09 1.09642574e+09
 1.09642580e+09 1.09642587e+09 1.09642593e+09 1.09642599e+09
 1.09642606e+09 1.09642612e+09 1.09642618e+09 1.09642625e+09
 1.09642631e+09 1.09642637e+09 1.09642644e+09 1.09642650e+09
 1.09642656e+09 1.09642663e+09 1.09642669e+09 1.09642675e+09
 1.09642682e+09 1.09642688e+09 1.09642694e+09 1.09642701e+09
 1.09642707e+09 1.09642714e+09 1.09642720e+09 1.09642726e+09
 1.09642733e+09 1.09642739e+09 1.09642745e+09 1.09642752e+09
 1.09642758e+09 1.09642764e+09 1.09642771e+09 1.09642777e+09
 1.09642783e+09 1.09642790e+09 1.09642796e+09 1.09642802e+09
 1.09642809e+09 1.09642815e+09 1.09642822e+09 1.09642828e+09
 1.09642834e+09 1.09642841e+09 1.09642847e+09 1.09642853e+09
 1.09642860e+09 1.09642866e+09 1.09642872e+09 1.09642879e+09
 1.09642885e+09 1.09642891e+09 1.09642898e+09 1.09642904e+09
 1.09642910e+09 1.09642917e+09 1.09642923e+09 1.09642929e+09
 1.09642936e+09 1.09642942e+09 1.09642949e+09 1.09642955e+09
 1.09642961e+09 1.09642968e+09 1.09642974e+09 1.09642980e+09
 1.09642987e+09 1.09642993e+09 1.09642999e+09 1.09643006e+09
 1.09643012e+09 1.09643018e+09 1.09643025e+09 1.09643031e+09
 1.09643037e+09 1.09643044e+09 1.09643050e+09 1.09643057e+09
 1.09643063e+09 1.09643069e+09 1.09643076e+09 1.09643082e+09
 1.09643088e+09 1.09643095e+09 1.09643101e+09 1.09643107e+09
 1.09643114e+09 1.09643120e+09 1.09643126e+09 1.09643133e+09
 1.09643139e+09 1.09643145e+09 1.09643152e+09 1.09643158e+09
 1.09643164e+09 1.09643171e+09 1.09643177e+09 1.09643184e+09
 1.09643190e+09 1.09643196e+09 1.09643203e+09 1.09643209e+09
 1.09643215e+09 1.09643222e+09 1.09643228e+09 1.09643234e+09
 1.09643241e+09 1.09643247e+09 1.09643253e+09 1.09643260e+09
 1.09643266e+09 1.09643272e+09 1.09643279e+09 1.09643285e+09
 1.09643292e+09 1.09643298e+09 1.09643304e+09 1.09643311e+09
 1.09643317e+09 1.09643323e+09 1.09643330e+09 1.09643336e+09
 1.09643342e+09 1.09643349e+09 1.09643355e+09 1.09643361e+09
 1.09643368e+09 1.09643374e+09 1.09643380e+09 1.09643387e+09
 1.09643393e+09 1.09643399e+09 1.09643406e+09 1.09643412e+09
 1.09643419e+09 1.09643425e+09 1.09643431e+09 1.09643438e+09
 1.09643444e+09 1.09643450e+09 1.09643457e+09 1.09643463e+09
 1.09643469e+09 1.09643476e+09 1.09643482e+09 1.09643488e+09
 1.09643495e+09 1.09643501e+09 1.09643507e+09 1.09643514e+09
 1.09643520e+09 1.09643527e+09 1.09643533e+09 1.09643539e+09
 1.09643546e+09 1.09643552e+09 1.09643558e+09 1.09643565e+09
 1.09643571e+09 1.09643577e+09 1.09643584e+09 1.09643590e+09
 1.09643596e+09 1.09643603e+09 1.09643609e+09 1.09643615e+09
 1.09643622e+09 1.09643628e+09 1.09643634e+09 1.09643641e+09
 1.09643647e+09 1.09643654e+09 1.09643660e+09 1.09643666e+09
 1.09643673e+09 1.09643679e+09 1.09643685e+09 1.09643692e+09
 1.09643698e+09 1.09643704e+09 1.09643711e+09 1.09643717e+09
 1.09643723e+09 1.09643730e+09 1.09643736e+09 1.09643742e+09
 1.09643749e+09 1.09643755e+09 1.09643762e+09 1.09643768e+09
 1.09643774e+09 1.09643781e+09 1.09643787e+09 1.09643793e+09
 1.09643800e+09 1.09643806e+09 1.09643812e+09 1.09643819e+09
 1.09643825e+09 1.09643831e+09 1.09643838e+09 1.09643844e+09
 1.09643850e+09 1.09643857e+09 1.09643863e+09 1.09643869e+09
 1.09643876e+09 1.09643882e+09 1.09643889e+09 1.09643895e+09
 1.09643901e+09 1.09643908e+09 1.09643914e+09 1.09643920e+09
 1.09643927e+09 1.09643933e+09 1.09643939e+09 1.09643946e+09
 1.09643952e+09 1.09643958e+09 1.09643965e+09 1.09643971e+09
 1.09643977e+09 1.09643984e+09 1.09643990e+09 1.09643997e+09
 1.09644003e+09 1.09644009e+09 1.09644016e+09 1.09644022e+09
 1.09644028e+09 1.09644035e+09 1.09644041e+09 1.09644047e+09
 1.09644054e+09 1.09644060e+09]
