name =JUICE_ROI_GAN_3_0_02
flyby = ['2033 NOV 26 18:22:11', '2033 NOV 27 18:22:11']
Observation TW = <SpiceCell dtype = 1, length = 0, size = 2400, card = 4, is_set = 1, adjust = 0, init = 1, base = 94012221855472, data = 94012221855520>
Res(t) = [2.08010556 2.08111653 2.0821275  2.08313847 2.08414944 2.0851604
 2.08617136 2.08718232 2.08819327 2.08920422 2.09021517 2.09122611
 2.09223704 2.09324797 2.0942589  2.09526982 2.09628073 2.09729164
 2.09830254 2.09931344 2.10032433 2.10133521 2.10234608 2.10335695
 2.10436781 2.10537866 2.10638951 2.10740034 2.10841117 2.10942199
 2.1104328  2.1114436  2.11245439 2.11346518 2.11447595 2.11548671
 2.11649746 2.11750821 2.11851894 2.11952966 2.12054037 2.12155107
 2.12256175 2.12357243 2.12458309 2.12559375 2.12660439 2.12761501
 2.12862563 2.12963624 2.13064682 2.1316574  2.13266797 2.13367852
 2.13468905 2.13569958 2.13671009 2.13772058 2.13873107 2.13974153
 2.14075198 2.14176242 2.14277285 2.14378325 2.14479365 2.14580402
 2.14681439 2.14782473 2.14883506 2.14984538 2.15085568 2.15186596
 2.15287622 2.15388647 2.1548967  2.15590692 2.15691712 2.1579273
 2.15893746 2.15994761 2.16095774 2.16196785 2.16297795 2.16398802
 2.16499808 2.16600812 2.16701814 2.16802814 2.16903813 2.17004809
 2.17105804 2.17206797 2.17307788 2.17408777 2.17509764 2.17610749
 2.17711732 2.17812713 2.17913693 2.1801467  2.18115645 2.18216618
 2.18317589 2.18418559 2.18519526 2.18620491 2.18721454 2.18822415
 2.18923374 2.19024331 2.19125285 2.19226238 2.19327188 2.19428137
 2.19529083 2.19630027 2.19730969 2.19831909 2.19932847 2.20033782
 2.20134716 2.20235647 2.20336576 2.20437502 2.20538427 2.20639349
 2.20740269 2.20841187 2.20942103 2.21043016 2.21143927 2.21244836
 2.21345743 2.21446647 2.21547549 2.21648449 2.21749346 2.21850242
 2.21951134 2.22052025 2.22152913 2.22253799 2.22354683 2.22455564
 2.22556443 2.2265732  2.22758194 2.22859066 2.22959935 2.23060803
 2.23161668 2.2326253  2.2336339  2.23464248 2.23565103 2.23665956
 2.23766807 2.23867655 2.23968501 2.24069345 2.24170186 2.24271024
 2.24371861 2.24472694 2.24573526 2.24674355 2.24775182 2.24876006
 2.24976827 2.25077647 2.25178464 2.25279278 2.2538009  2.254809
 2.25581707 2.25682512 2.25783315 2.25884114 2.25984912 2.26085707
 2.261865   2.2628729  2.26388078 2.26488863 2.26589646 2.26690426
 2.26791204 2.2689198  2.26992753 2.27093524 2.27194292 2.27295058
 2.27395821 2.27496582 2.27597341 2.27698097 2.2779885  2.27899601
 2.2800035  2.28101096 2.2820184  2.28302582 2.28403321 2.28504057
 2.28604791 2.28705523 2.28806252 2.28906979 2.29007704 2.29108426
 2.29209145 2.29309863 2.29410577 2.2951129  2.29612    2.29712707
 2.29813412 2.29914115 2.30014815 2.30115513 2.30216209 2.30316902
 2.30417593 2.30518281 2.30618967 2.30719651 2.30820332 2.30921011
 2.31021687 2.31122361 2.31223033 2.31323703 2.3142437  2.31525034
 2.31625697 2.31726357 2.31827015 2.3192767  2.32028323 2.32128973
 2.32229622 2.32330268 2.32430912 2.32531553 2.32632192 2.32732829
 2.32833464 2.32934096 2.33034726 2.33135354 2.33235979 2.33336602
 2.33437223 2.33537842 2.33638458 2.33739072 2.33839684 2.33940294
 2.34040901 2.34141507 2.3424211  2.34342711 2.34443309 2.34543906
 2.346445   2.34745092 2.34845682 2.34946269 2.35046855 2.35147438
 2.3524802  2.35348599 2.35449176 2.35549751 2.35650323 2.35750894
 2.35851462 2.35952029 2.36052593 2.36153155 2.36253715 2.36354273
 2.36454829 2.36555383 2.36655935 2.36756485 2.36857033 2.36957579
 2.37058122 2.37158664 2.37259204 2.37359742 2.37460277 2.37560811
 2.37661343 2.37761873 2.37862401 2.37962927 2.38063451 2.38163973
 2.38264493 2.38365011 2.38465528 2.38566042 2.38666555 2.38767066
 2.38867574 2.38968082 2.39068587 2.3916909  2.39269591 2.39370091
 2.39470589 2.39571085 2.39671579 2.39772072 2.39872563 2.39973052
 2.40073539 2.40174024 2.40274508 2.4037499  2.4047547  2.40575949
 2.40676426 2.40776901 2.40877375 2.40977847 2.41078317 2.41178786
 2.41279253 2.41379718 2.41480182 2.41580644 2.41681104 2.41781563
 2.41882021 2.41982476 2.42082931 2.42183384 2.42283835 2.42384285
 2.42484733 2.42585179 2.42685625 2.42786069 2.42886511 2.42986952
 2.43087391 2.43187829 2.43288266 2.43388701 2.43489135 2.43589567
 2.43689998 2.43790428 2.43890856 2.43991283 2.44091709 2.44192133
 2.44292556 2.44392978 2.44493399 2.44593818 2.44694236 2.44794653
 2.44895068 2.44995482 2.45095895 2.45196307 2.45296718 2.45397128
 2.45497536 2.45597943 2.4569835  2.45798755 2.45899158 2.45999561
 2.46099963 2.46200364 2.46300763 2.46401162 2.46501559 2.46601956
 2.46702351 2.46802746 2.4690314  2.47003532 2.47103924 2.47204315
 2.47304704 2.47405093 2.47505481 2.47605868 2.47706254 2.4780664
 2.47907024 2.48007408 2.48107791 2.48208173 2.48308554 2.48408934
 2.48509314 2.48609693 2.48710071 2.48810449 2.48910825 2.49011201
 2.49111577 2.49211951 2.49312325 2.49412699 2.49513071 2.49613444
 2.49713815 2.49814186 2.49914556 2.50014926 2.50115295 2.50215664
 2.50316032 2.504164   2.50516767 2.50617134 2.507175   2.50817866
 2.50918231 2.51018596 2.5111896  2.51219324 2.51319688 2.51420051
 2.51520415 2.51620777 2.51721139 2.51821502 2.51921863 2.52022225
 2.52122586 2.52222947 2.52323308 2.52423668 2.52524028 2.52624389
 2.52724748 2.52825108 2.52925468 2.53025827 2.53126187 2.53226546
 2.53326905 2.53427264 2.53527623 2.53627982 2.53728341 2.538287
 2.53929059 2.54029418 2.54129777 2.54230136 2.54330496 2.54430855
 2.54531214 2.54631574 2.54731933 2.54832293 2.54932652 2.55033012
 2.55133373 2.55233733 2.55334094 2.55434455 2.55534816 2.55635177
 2.55735539 2.558359   2.55936263 2.56036625 2.56136988 2.56237351
 2.56337715 2.56438079 2.56538444 2.56638808 2.56739174 2.56839539
 2.56939905 2.57040272 2.57140639 2.57241007 2.57341375 2.57441744
 2.57542113 2.57642483 2.57742854 2.57843225 2.57943596 2.58043969
 2.58144342 2.58244715 2.58345089 2.58445465 2.5854584  2.58646217
 2.58746594 2.58846972 2.58947351 2.59047731 2.59148111 2.59248492
 2.59348874 2.59449257 2.59549641 2.59650026 2.59750412 2.59850798
 2.59951186 2.60051574 2.60151964 2.60252354 2.60352746 2.60453138
 2.60553532 2.60653927 2.60754322 2.60854719 2.60955117 2.61055516
 2.61155916 2.61256318 2.6135672  2.61457124 2.61557529 2.61657935
 2.61758342 2.61858751 2.61959161 2.62059572 2.62159985 2.62260398
 2.62360814 2.6246123  2.62561648 2.62662067 2.62762488 2.6286291
 2.62963334 2.63063759 2.63164186 2.63264614 2.63365043 2.63465474
 2.63565907 2.63666341 2.63766777 2.63867214 2.63967653 2.64068094
 2.64168536 2.6426898  2.64369426 2.64469873 2.64570322 2.64670773
 2.64771225 2.6487168  2.64972136 2.65072593 2.65173053 2.65273515
 2.65373978 2.65474443 2.6557491  2.65675379 2.6577585  2.65876323
 2.65976798 2.66077275 2.66177754 2.66278234 2.66378717 2.66479202
 2.66579689 2.66680178 2.66780669 2.66881162 2.66981658 2.67082155
 2.67182655 2.67283156 2.6738366  2.67484167 2.67584675 2.67685186
 2.67785699 2.67886214 2.67986731 2.68087251 2.68187773 2.68288298
 2.68388825 2.68489354 2.68589886 2.6869042  2.68790957 2.68891496
 2.68992037 2.69092581 2.69193128 2.69293677 2.69394228 2.69494782
 2.69595339 2.69695898 2.6979646  2.69897025 2.69997592 2.70098162
 2.70198734 2.7029931  2.70399888 2.70500468 2.70601052 2.70701638
 2.70802227 2.70902819 2.71003414 2.71104011 2.71204612 2.71305215
 2.71405821 2.7150643  2.71607042 2.71707657 2.71808275 2.71908896
 2.7200952  2.72110147 2.72210777 2.7231141  2.72412046 2.72512685
 2.72613327 2.72713973 2.72814621 2.72915273 2.73015928 2.73116586
 2.73217247 2.73317912 2.7341858  2.73519251 2.73619925 2.73720603
 2.73821284 2.73921968 2.74022656 2.74123347 2.74224041 2.74324739
 2.7442544  2.74526145 2.74626853 2.74727565 2.7482828  2.74928999
 2.75029721 2.75130447 2.75231176 2.75331909 2.75432646 2.75533386
 2.7563413  2.75734877 2.75835628 2.75936383 2.76037142 2.76137904
 2.7623867  2.7633944  2.76440214 2.76540991 2.76641772 2.76742558
 2.76843347 2.76944139 2.77044936 2.77145737 2.77246541 2.7734735
 2.77448162 2.77548979 2.77649799 2.77750624 2.77851452 2.77952285
 2.78053122 2.78153962 2.78254807 2.78355656 2.78456509 2.78557367
 2.78658228 2.78759094 2.78859964 2.78960838 2.79061717 2.79162599
 2.79263486 2.79364377 2.79465273 2.79566173 2.79667077 2.79767986
 2.79868899 2.79969816 2.80070738 2.80171665 2.80272596 2.80373531
 2.80474471 2.80575415 2.80676364 2.80777318 2.80878276 2.80979238
 2.81080206 2.81181178 2.81282154 2.81383136 2.81484121 2.81585112
 2.81686107 2.81787108 2.81888112 2.81989122 2.82090136 2.82191156
 2.8229218  2.82393209 2.82494242 2.82595281 2.82696325 2.82797373
 2.82898427 2.82999485 2.83100548 2.83201617 2.8330269  2.83403769
 2.83504852 2.83605941 2.83707034 2.83808133 2.83909237 2.84010346
 2.8411146  2.84212579 2.84313704 2.84414833 2.84515968 2.84617108
 2.84718254 2.84819405 2.84920561 2.85021722 2.85122889 2.85224061
 2.85325238 2.85426421 2.85527609 2.85628803 2.85730002 2.85831207
 2.85932417 2.86033632 2.86134853 2.8623608  2.86337312 2.8643855
 2.86539793 2.86641042 2.86742296 2.86843557 2.86944822 2.87046094
 2.87147371 2.87248654 2.87349943 2.87451237 2.87552537 2.87653843
 2.87755155 2.87856473 2.87957796 2.88059126 2.88160461 2.88261802
 2.88363149 2.88464502 2.88565861 2.88667226 2.88768596 2.88869973
 2.88971356 2.89072745 2.8917414  2.89275541 2.89376948 2.89478362
 2.89579781 2.89681207 2.89782638 2.89884076 2.8998552  2.90086971
 2.90188427 2.9028989  2.90391359 2.90492834 2.90594316 2.90695804
 2.90797299 2.90898799 2.91000306 2.9110182  2.9120334  2.91304866
 2.91406399 2.91507938 2.91609484 2.91711036 2.91812595 2.91914161
 2.92015733 2.92117311 2.92218896 2.92320488 2.92422086 2.92523691
 2.92625303 2.92726921 2.92828546 2.92930178 2.93031817 2.93133462
 2.93235114 2.93336773 2.93438439 2.93540111 2.9364179  2.93743477
 2.9384517  2.9394687  2.94048577 2.94150291 2.94252011 2.94353739
 2.94455474 2.94557216 2.94658965 2.94760721 2.94862483 2.94964254
 2.95066031 2.95167815 2.95269606 2.95371405 2.95473211 2.95575023
 2.95676843 2.95778671 2.95880505 2.95982347 2.96084196 2.96186053
 2.96287916 2.96389787 2.96491666 2.96593552 2.96695445 2.96797345
 2.96899253 2.97001169 2.97103091 2.97205022 2.9730696  2.97408905
 2.97510858 2.97612818 2.97714786 2.97816762 2.97918745 2.98020736
 2.98122734 2.9822474  2.98326754 2.98428775 2.98530804 2.98632841
 2.98734886 2.98836938 2.98938998 2.99041066 2.99143142 2.99245225
 2.99347317 2.99449416 2.99551523 2.99653638 2.99755761 2.99857892
 2.9996003  3.00062177 3.00164332 3.00266495 3.00368666 3.00470845
 3.00573031 3.00675226 3.00777429 3.0087964  3.0098186  3.01084087
 3.01186323 3.01288567 3.01390819 3.01493079 3.01595347 3.01697624
 3.01799909 3.01902202 3.02004504 3.02106814 3.02209132 3.02311458
 3.02413793 3.02516137 3.02618489 3.02720849 3.02823217 3.02925594
 3.0302798  3.03130374 3.03232777 3.03335188 3.03437607 3.03540036
 3.03642472 3.03744918 3.03847372 3.03949835 3.04052306 3.04154786
 3.04257274 3.04359772 3.04462278 3.04564793 3.04667316 3.04769849
 3.0487239  3.0497494  3.05077499 3.05180066 3.05282643 3.05385228
 3.05487823 3.05590426 3.05693038 3.05795659 3.05898289 3.06000928
 3.06103576 3.06206233 3.063089   3.06411575 3.06514259 3.06616952
 3.06719655 3.06822366 3.06925087 3.07027817 3.07130556 3.07233304
 3.07336062 3.07438828 3.07541604 3.07644389 3.07747184 3.07849988
 3.07952801 3.08055623 3.08158455 3.08261296 3.08364147 3.08467006
 3.08569876 3.08672755 3.08775643 3.0887854 ]
t = [1.06997945e+09 1.06997947e+09 1.06997949e+09 1.06997951e+09
 1.06997953e+09 1.06997956e+09 1.06997958e+09 1.06997960e+09
 1.06997962e+09 1.06997964e+09 1.06997966e+09 1.06997968e+09
 1.06997970e+09 1.06997973e+09 1.06997975e+09 1.06997977e+09
 1.06997979e+09 1.06997981e+09 1.06997983e+09 1.06997985e+09
 1.06997987e+09 1.06997989e+09 1.06997992e+09 1.06997994e+09
 1.06997996e+09 1.06997998e+09 1.06998000e+09 1.06998002e+09
 1.06998004e+09 1.06998006e+09 1.06998009e+09 1.06998011e+09
 1.06998013e+09 1.06998015e+09 1.06998017e+09 1.06998019e+09
 1.06998021e+09 1.06998023e+09 1.06998025e+09 1.06998028e+09
 1.06998030e+09 1.06998032e+09 1.06998034e+09 1.06998036e+09
 1.06998038e+09 1.06998040e+09 1.06998042e+09 1.06998045e+09
 1.06998047e+09 1.06998049e+09 1.06998051e+09 1.06998053e+09
 1.06998055e+09 1.06998057e+09 1.06998059e+09 1.06998061e+09
 1.06998064e+09 1.06998066e+09 1.06998068e+09 1.06998070e+09
 1.06998072e+09 1.06998074e+09 1.06998076e+09 1.06998078e+09
 1.06998081e+09 1.06998083e+09 1.06998085e+09 1.06998087e+09
 1.06998089e+09 1.06998091e+09 1.06998093e+09 1.06998095e+09
 1.06998097e+09 1.06998100e+09 1.06998102e+09 1.06998104e+09
 1.06998106e+09 1.06998108e+09 1.06998110e+09 1.06998112e+09
 1.06998114e+09 1.06998117e+09 1.06998119e+09 1.06998121e+09
 1.06998123e+09 1.06998125e+09 1.06998127e+09 1.06998129e+09
 1.06998131e+09 1.06998133e+09 1.06998136e+09 1.06998138e+09
 1.06998140e+09 1.06998142e+09 1.06998144e+09 1.06998146e+09
 1.06998148e+09 1.06998150e+09 1.06998152e+09 1.06998155e+09
 1.06998157e+09 1.06998159e+09 1.06998161e+09 1.06998163e+09
 1.06998165e+09 1.06998167e+09 1.06998169e+09 1.06998172e+09
 1.06998174e+09 1.06998176e+09 1.06998178e+09 1.06998180e+09
 1.06998182e+09 1.06998184e+09 1.06998186e+09 1.06998188e+09
 1.06998191e+09 1.06998193e+09 1.06998195e+09 1.06998197e+09
 1.06998199e+09 1.06998201e+09 1.06998203e+09 1.06998205e+09
 1.06998208e+09 1.06998210e+09 1.06998212e+09 1.06998214e+09
 1.06998216e+09 1.06998218e+09 1.06998220e+09 1.06998222e+09
 1.06998224e+09 1.06998227e+09 1.06998229e+09 1.06998231e+09
 1.06998233e+09 1.06998235e+09 1.06998237e+09 1.06998239e+09
 1.06998241e+09 1.06998244e+09 1.06998246e+09 1.06998248e+09
 1.06998250e+09 1.06998252e+09 1.06998254e+09 1.06998256e+09
 1.06998258e+09 1.06998260e+09 1.06998263e+09 1.06998265e+09
 1.06998267e+09 1.06998269e+09 1.06998271e+09 1.06998273e+09
 1.06998275e+09 1.06998277e+09 1.06998280e+09 1.06998282e+09
 1.06998284e+09 1.06998286e+09 1.06998288e+09 1.06998290e+09
 1.06998292e+09 1.06998294e+09 1.06998296e+09 1.06998299e+09
 1.06998301e+09 1.06998303e+09 1.06998305e+09 1.06998307e+09
 1.06998309e+09 1.06998311e+09 1.06998313e+09 1.06998316e+09
 1.06998318e+09 1.06998320e+09 1.06998322e+09 1.06998324e+09
 1.06998326e+09 1.06998328e+09 1.06998330e+09 1.06998332e+09
 1.06998335e+09 1.06998337e+09 1.06998339e+09 1.06998341e+09
 1.06998343e+09 1.06998345e+09 1.06998347e+09 1.06998349e+09
 1.06998352e+09 1.06998354e+09 1.06998356e+09 1.06998358e+09
 1.06998360e+09 1.06998362e+09 1.06998364e+09 1.06998366e+09
 1.06998368e+09 1.06998371e+09 1.06998373e+09 1.06998375e+09
 1.06998377e+09 1.06998379e+09 1.06998381e+09 1.06998383e+09
 1.06998385e+09 1.06998387e+09 1.06998390e+09 1.06998392e+09
 1.06998394e+09 1.06998396e+09 1.06998398e+09 1.06998400e+09
 1.06998402e+09 1.06998404e+09 1.06998407e+09 1.06998409e+09
 1.06998411e+09 1.06998413e+09 1.06998415e+09 1.06998417e+09
 1.06998419e+09 1.06998421e+09 1.06998423e+09 1.06998426e+09
 1.06998428e+09 1.06998430e+09 1.06998432e+09 1.06998434e+09
 1.06998436e+09 1.06998438e+09 1.06998440e+09 1.06998443e+09
 1.06998445e+09 1.06998447e+09 1.06998449e+09 1.06998451e+09
 1.06998453e+09 1.06998455e+09 1.06998457e+09 1.06998459e+09
 1.06998462e+09 1.06998464e+09 1.06998466e+09 1.06998468e+09
 1.06998470e+09 1.06998472e+09 1.06998474e+09 1.06998476e+09
 1.06998479e+09 1.06998481e+09 1.06998483e+09 1.06998485e+09
 1.06998487e+09 1.06998489e+09 1.06998491e+09 1.06998493e+09
 1.06998495e+09 1.06998498e+09 1.06998500e+09 1.06998502e+09
 1.06998504e+09 1.06998506e+09 1.06998508e+09 1.06998510e+09
 1.06998512e+09 1.06998515e+09 1.06998517e+09 1.06998519e+09
 1.06998521e+09 1.06998523e+09 1.06998525e+09 1.06998527e+09
 1.06998529e+09 1.06998531e+09 1.06998534e+09 1.06998536e+09
 1.06998538e+09 1.06998540e+09 1.06998542e+09 1.06998544e+09
 1.06998546e+09 1.06998548e+09 1.06998551e+09 1.06998553e+09
 1.06998555e+09 1.06998557e+09 1.06998559e+09 1.06998561e+09
 1.06998563e+09 1.06998565e+09 1.06998567e+09 1.06998570e+09
 1.06998572e+09 1.06998574e+09 1.06998576e+09 1.06998578e+09
 1.06998580e+09 1.06998582e+09 1.06998584e+09 1.06998587e+09
 1.06998589e+09 1.06998591e+09 1.06998593e+09 1.06998595e+09
 1.06998597e+09 1.06998599e+09 1.06998601e+09 1.06998603e+09
 1.06998606e+09 1.06998608e+09 1.06998610e+09 1.06998612e+09
 1.06998614e+09 1.06998616e+09 1.06998618e+09 1.06998620e+09
 1.06998622e+09 1.06998625e+09 1.06998627e+09 1.06998629e+09
 1.06998631e+09 1.06998633e+09 1.06998635e+09 1.06998637e+09
 1.06998639e+09 1.06998642e+09 1.06998644e+09 1.06998646e+09
 1.06998648e+09 1.06998650e+09 1.06998652e+09 1.06998654e+09
 1.06998656e+09 1.06998658e+09 1.06998661e+09 1.06998663e+09
 1.06998665e+09 1.06998667e+09 1.06998669e+09 1.06998671e+09
 1.06998673e+09 1.06998675e+09 1.06998678e+09 1.06998680e+09
 1.06998682e+09 1.06998684e+09 1.06998686e+09 1.06998688e+09
 1.06998690e+09 1.06998692e+09 1.06998694e+09 1.06998697e+09
 1.06998699e+09 1.06998701e+09 1.06998703e+09 1.06998705e+09
 1.06998707e+09 1.06998709e+09 1.06998711e+09 1.06998714e+09
 1.06998716e+09 1.06998718e+09 1.06998720e+09 1.06998722e+09
 1.06998724e+09 1.06998726e+09 1.06998728e+09 1.06998730e+09
 1.06998733e+09 1.06998735e+09 1.06998737e+09 1.06998739e+09
 1.06998741e+09 1.06998743e+09 1.06998745e+09 1.06998747e+09
 1.06998750e+09 1.06998752e+09 1.06998754e+09 1.06998756e+09
 1.06998758e+09 1.06998760e+09 1.06998762e+09 1.06998764e+09
 1.06998766e+09 1.06998769e+09 1.06998771e+09 1.06998773e+09
 1.06998775e+09 1.06998777e+09 1.06998779e+09 1.06998781e+09
 1.06998783e+09 1.06998786e+09 1.06998788e+09 1.06998790e+09
 1.06998792e+09 1.06998794e+09 1.06998796e+09 1.06998798e+09
 1.06998800e+09 1.06998802e+09 1.06998805e+09 1.06998807e+09
 1.06998809e+09 1.06998811e+09 1.06998813e+09 1.06998815e+09
 1.06998817e+09 1.06998819e+09 1.06998822e+09 1.06998824e+09
 1.06998826e+09 1.06998828e+09 1.06998830e+09 1.06998832e+09
 1.06998834e+09 1.06998836e+09 1.06998838e+09 1.06998841e+09
 1.06998843e+09 1.06998845e+09 1.06998847e+09 1.06998849e+09
 1.06998851e+09 1.06998853e+09 1.06998855e+09 1.06998857e+09
 1.06998860e+09 1.06998862e+09 1.06998864e+09 1.06998866e+09
 1.06998868e+09 1.06998870e+09 1.06998872e+09 1.06998874e+09
 1.06998877e+09 1.06998879e+09 1.06998881e+09 1.06998883e+09
 1.06998885e+09 1.06998887e+09 1.06998889e+09 1.06998891e+09
 1.06998893e+09 1.06998896e+09 1.06998898e+09 1.06998900e+09
 1.06998902e+09 1.06998904e+09 1.06998906e+09 1.06998908e+09
 1.06998910e+09 1.06998913e+09 1.06998915e+09 1.06998917e+09
 1.06998919e+09 1.06998921e+09 1.06998923e+09 1.06998925e+09
 1.06998927e+09 1.06998929e+09 1.06998932e+09 1.06998934e+09
 1.06998936e+09 1.06998938e+09 1.06998940e+09 1.06998942e+09
 1.06998944e+09 1.06998946e+09 1.06998949e+09 1.06998951e+09
 1.06998953e+09 1.06998955e+09 1.06998957e+09 1.06998959e+09
 1.06998961e+09 1.06998963e+09 1.06998965e+09 1.06998968e+09
 1.06998970e+09 1.06998972e+09 1.06998974e+09 1.06998976e+09
 1.06998978e+09 1.06998980e+09 1.06998982e+09 1.06998985e+09
 1.06998987e+09 1.06998989e+09 1.06998991e+09 1.06998993e+09
 1.06998995e+09 1.06998997e+09 1.06998999e+09 1.06999001e+09
 1.06999004e+09 1.06999006e+09 1.06999008e+09 1.06999010e+09
 1.06999012e+09 1.06999014e+09 1.06999016e+09 1.06999018e+09
 1.06999021e+09 1.06999023e+09 1.06999025e+09 1.06999027e+09
 1.06999029e+09 1.06999031e+09 1.06999033e+09 1.06999035e+09
 1.06999037e+09 1.06999040e+09 1.06999042e+09 1.06999044e+09
 1.06999046e+09 1.06999048e+09 1.06999050e+09 1.06999052e+09
 1.06999054e+09 1.06999057e+09 1.06999059e+09 1.06999061e+09
 1.06999063e+09 1.06999065e+09 1.06999067e+09 1.06999069e+09
 1.06999071e+09 1.06999073e+09 1.06999076e+09 1.06999078e+09
 1.06999080e+09 1.06999082e+09 1.06999084e+09 1.06999086e+09
 1.06999088e+09 1.06999090e+09 1.06999092e+09 1.06999095e+09
 1.06999097e+09 1.06999099e+09 1.06999101e+09 1.06999103e+09
 1.06999105e+09 1.06999107e+09 1.06999109e+09 1.06999112e+09
 1.06999114e+09 1.06999116e+09 1.06999118e+09 1.06999120e+09
 1.06999122e+09 1.06999124e+09 1.06999126e+09 1.06999128e+09
 1.06999131e+09 1.06999133e+09 1.06999135e+09 1.06999137e+09
 1.06999139e+09 1.06999141e+09 1.06999143e+09 1.06999145e+09
 1.06999148e+09 1.06999150e+09 1.06999152e+09 1.06999154e+09
 1.06999156e+09 1.06999158e+09 1.06999160e+09 1.06999162e+09
 1.06999164e+09 1.06999167e+09 1.06999169e+09 1.06999171e+09
 1.06999173e+09 1.06999175e+09 1.06999177e+09 1.06999179e+09
 1.06999181e+09 1.06999184e+09 1.06999186e+09 1.06999188e+09
 1.06999190e+09 1.06999192e+09 1.06999194e+09 1.06999196e+09
 1.06999198e+09 1.06999200e+09 1.06999203e+09 1.06999205e+09
 1.06999207e+09 1.06999209e+09 1.06999211e+09 1.06999213e+09
 1.06999215e+09 1.06999217e+09 1.06999220e+09 1.06999222e+09
 1.06999224e+09 1.06999226e+09 1.06999228e+09 1.06999230e+09
 1.06999232e+09 1.06999234e+09 1.06999236e+09 1.06999239e+09
 1.06999241e+09 1.06999243e+09 1.06999245e+09 1.06999247e+09
 1.06999249e+09 1.06999251e+09 1.06999253e+09 1.06999256e+09
 1.06999258e+09 1.06999260e+09 1.06999262e+09 1.06999264e+09
 1.06999266e+09 1.06999268e+09 1.06999270e+09 1.06999272e+09
 1.06999275e+09 1.06999277e+09 1.06999279e+09 1.06999281e+09
 1.06999283e+09 1.06999285e+09 1.06999287e+09 1.06999289e+09
 1.06999292e+09 1.06999294e+09 1.06999296e+09 1.06999298e+09
 1.06999300e+09 1.06999302e+09 1.06999304e+09 1.06999306e+09
 1.06999308e+09 1.06999311e+09 1.06999313e+09 1.06999315e+09
 1.06999317e+09 1.06999319e+09 1.06999321e+09 1.06999323e+09
 1.06999325e+09 1.06999327e+09 1.06999330e+09 1.06999332e+09
 1.06999334e+09 1.06999336e+09 1.06999338e+09 1.06999340e+09
 1.06999342e+09 1.06999344e+09 1.06999347e+09 1.06999349e+09
 1.06999351e+09 1.06999353e+09 1.06999355e+09 1.06999357e+09
 1.06999359e+09 1.06999361e+09 1.06999363e+09 1.06999366e+09
 1.06999368e+09 1.06999370e+09 1.06999372e+09 1.06999374e+09
 1.06999376e+09 1.06999378e+09 1.06999380e+09 1.06999383e+09
 1.06999385e+09 1.06999387e+09 1.06999389e+09 1.06999391e+09
 1.06999393e+09 1.06999395e+09 1.06999397e+09 1.06999399e+09
 1.06999402e+09 1.06999404e+09 1.06999406e+09 1.06999408e+09
 1.06999410e+09 1.06999412e+09 1.06999414e+09 1.06999416e+09
 1.06999419e+09 1.06999421e+09 1.06999423e+09 1.06999425e+09
 1.06999427e+09 1.06999429e+09 1.06999431e+09 1.06999433e+09
 1.06999435e+09 1.06999438e+09 1.06999440e+09 1.06999442e+09
 1.06999444e+09 1.06999446e+09 1.06999448e+09 1.06999450e+09
 1.06999452e+09 1.06999455e+09 1.06999457e+09 1.06999459e+09
 1.06999461e+09 1.06999463e+09 1.06999465e+09 1.06999467e+09
 1.06999469e+09 1.06999471e+09 1.06999474e+09 1.06999476e+09
 1.06999478e+09 1.06999480e+09 1.06999482e+09 1.06999484e+09
 1.06999486e+09 1.06999488e+09 1.06999491e+09 1.06999493e+09
 1.06999495e+09 1.06999497e+09 1.06999499e+09 1.06999501e+09
 1.06999503e+09 1.06999505e+09 1.06999507e+09 1.06999510e+09
 1.06999512e+09 1.06999514e+09 1.06999516e+09 1.06999518e+09
 1.06999520e+09 1.06999522e+09 1.06999524e+09 1.06999527e+09
 1.06999529e+09 1.06999531e+09 1.06999533e+09 1.06999535e+09
 1.06999537e+09 1.06999539e+09 1.06999541e+09 1.06999543e+09
 1.06999546e+09 1.06999548e+09 1.06999550e+09 1.06999552e+09
 1.06999554e+09 1.06999556e+09 1.06999558e+09 1.06999560e+09
 1.06999562e+09 1.06999565e+09 1.06999567e+09 1.06999569e+09
 1.06999571e+09 1.06999573e+09 1.06999575e+09 1.06999577e+09
 1.06999579e+09 1.06999582e+09 1.06999584e+09 1.06999586e+09
 1.06999588e+09 1.06999590e+09 1.06999592e+09 1.06999594e+09
 1.06999596e+09 1.06999598e+09 1.06999601e+09 1.06999603e+09
 1.06999605e+09 1.06999607e+09 1.06999609e+09 1.06999611e+09
 1.06999613e+09 1.06999615e+09 1.06999618e+09 1.06999620e+09
 1.06999622e+09 1.06999624e+09 1.06999626e+09 1.06999628e+09
 1.06999630e+09 1.06999632e+09 1.06999634e+09 1.06999637e+09
 1.06999639e+09 1.06999641e+09 1.06999643e+09 1.06999645e+09
 1.06999647e+09 1.06999649e+09 1.06999651e+09 1.06999654e+09
 1.06999656e+09 1.06999658e+09 1.06999660e+09 1.06999662e+09
 1.06999664e+09 1.06999666e+09 1.06999668e+09 1.06999670e+09
 1.06999673e+09 1.06999675e+09 1.06999677e+09 1.06999679e+09
 1.06999681e+09 1.06999683e+09 1.06999685e+09 1.06999687e+09
 1.06999690e+09 1.06999692e+09 1.06999694e+09 1.06999696e+09
 1.06999698e+09 1.06999700e+09 1.06999702e+09 1.06999704e+09
 1.06999706e+09 1.06999709e+09 1.06999711e+09 1.06999713e+09
 1.06999715e+09 1.06999717e+09 1.06999719e+09 1.06999721e+09
 1.06999723e+09 1.06999726e+09 1.06999728e+09 1.06999730e+09
 1.06999732e+09 1.06999734e+09 1.06999736e+09 1.06999738e+09
 1.06999740e+09 1.06999742e+09 1.06999745e+09 1.06999747e+09
 1.06999749e+09 1.06999751e+09 1.06999753e+09 1.06999755e+09
 1.06999757e+09 1.06999759e+09 1.06999762e+09 1.06999764e+09
 1.06999766e+09 1.06999768e+09 1.06999770e+09 1.06999772e+09
 1.06999774e+09 1.06999776e+09 1.06999778e+09 1.06999781e+09
 1.06999783e+09 1.06999785e+09 1.06999787e+09 1.06999789e+09
 1.06999791e+09 1.06999793e+09 1.06999795e+09 1.06999797e+09
 1.06999800e+09 1.06999802e+09 1.06999804e+09 1.06999806e+09
 1.06999808e+09 1.06999810e+09 1.06999812e+09 1.06999814e+09
 1.06999817e+09 1.06999819e+09 1.06999821e+09 1.06999823e+09
 1.06999825e+09 1.06999827e+09 1.06999829e+09 1.06999831e+09
 1.06999833e+09 1.06999836e+09 1.06999838e+09 1.06999840e+09
 1.06999842e+09 1.06999844e+09 1.06999846e+09 1.06999848e+09
 1.06999850e+09 1.06999853e+09 1.06999855e+09 1.06999857e+09
 1.06999859e+09 1.06999861e+09 1.06999863e+09 1.06999865e+09
 1.06999867e+09 1.06999869e+09 1.06999872e+09 1.06999874e+09
 1.06999876e+09 1.06999878e+09 1.06999880e+09 1.06999882e+09
 1.06999884e+09 1.06999886e+09 1.06999889e+09 1.06999891e+09
 1.06999893e+09 1.06999895e+09 1.06999897e+09 1.06999899e+09
 1.06999901e+09 1.06999903e+09 1.06999905e+09 1.06999908e+09
 1.06999910e+09 1.06999912e+09 1.06999914e+09 1.06999916e+09
 1.06999918e+09 1.06999920e+09 1.06999922e+09 1.06999925e+09
 1.06999927e+09 1.06999929e+09 1.06999931e+09 1.06999933e+09
 1.06999935e+09 1.06999937e+09 1.06999939e+09 1.06999941e+09
 1.06999944e+09 1.06999946e+09 1.06999948e+09 1.06999950e+09
 1.06999952e+09 1.06999954e+09 1.06999956e+09 1.06999958e+09
 1.06999961e+09 1.06999963e+09 1.06999965e+09 1.06999967e+09
 1.06999969e+09 1.06999971e+09 1.06999973e+09 1.06999975e+09
 1.06999977e+09 1.06999980e+09 1.06999982e+09 1.06999984e+09
 1.06999986e+09 1.06999988e+09 1.06999990e+09 1.06999992e+09
 1.06999994e+09 1.06999997e+09 1.06999999e+09 1.07000001e+09
 1.07000003e+09 1.07000005e+09 1.07000007e+09 1.07000009e+09
 1.07000011e+09 1.07000013e+09 1.07000016e+09 1.07000018e+09
 1.07000020e+09 1.07000022e+09 1.07000024e+09 1.07000026e+09
 1.07000028e+09 1.07000030e+09 1.07000032e+09 1.07000035e+09
 1.07000037e+09 1.07000039e+09 1.07000041e+09 1.07000043e+09
 1.07000045e+09 1.07000047e+09 1.07000049e+09 1.07000052e+09
 1.07000054e+09 1.07000056e+09 1.07000058e+09 1.07000060e+09]
minRes = 2.0801055556223567
minResTime = [1.06997945e+09]
Cov(t) = [ 71.18080622  71.17957354  71.17834528  71.17712149  71.17590186
  71.1746868   71.17347586  71.17226928  71.17106678  71.16986859
  71.16867419  71.16748442  71.16629851  71.16511668  71.16393895
  71.16276509  71.161595    71.16042892  71.15926679  71.15810832
  71.15695411  71.15580335  71.15465614  71.15351293  71.15237319
  71.15123702  71.1501047   71.14897582  71.1478507   71.14672893
  71.1456104   71.1444958   71.14338422  71.14227639  71.14117177
  71.14007028  71.13897248  71.13787773  71.13678635  71.13569805
  71.13461323  71.13353136  71.13245248  71.13137683  71.13030445
  71.1292351   71.12816859  71.12710531  71.12604501  71.12498766
  71.12393329  71.12288169  71.12183314  71.12078739  71.11974455
  71.11870445  71.11766703  71.11663237  71.11560085  71.11457196
  71.11354544  71.11252214  71.11150106  71.11048263  71.10946716
  71.10845381  71.10744366  71.10643563  71.10543039  70.91400217
  70.80446888  70.72263544  70.6536773   70.59260249  70.53699948
  70.48548332  70.43717243  70.39146352  70.34792364  70.30622712
  70.26612424  70.2274169   70.18994599  70.15358053  70.11821042
  70.08374424  70.05010334  70.01722038  69.98503644  69.95350059
  69.92256722  69.89219622  69.86235242  69.83300266  69.80411928
  69.77567589  69.74764838  69.72001553  69.6927583   69.66585727
  69.63929698  69.61306148  69.58713681  69.56151034  69.53616866
  69.51110176  69.48629821  69.46174852  69.43744372  69.41337396
  69.38953232  69.36590996  69.3425011   69.31929773  69.29629356
  69.27348306  69.25085975  69.22841876  69.20615445  69.18406164
  69.16213668  69.14037371  69.11876942  69.09731932  69.07601974
  69.05486627  69.03385682  69.01298632  68.99225231  68.9716515
  68.95118145  68.93083836  68.91061955  68.89052287  68.87054534
  68.85068492  68.83093881  68.81130462  68.79178054  68.77236417
  68.75305367  68.73384679  68.71474168  68.6957364   68.67682946
  68.65801844  68.63930227  68.62067903  68.6021473   68.58370559
  68.56535236  68.5470858   68.52890432  68.51080799  68.49279389
  68.47486148  68.45700948  68.43923611  68.42154105  68.40392249
  68.38637975  68.3689109   68.35151615  68.3341937   68.31694227
  68.29976136  68.28265047  68.26560754  68.2486321   68.23172311
  68.2148805   68.19810292  68.18138904  68.1647384   68.14815045
  68.13162441  68.11515918  68.09875415  68.0824088   68.06612198
  68.04989352  68.0337225   68.0176082   68.00154986  67.98554739
  67.96959933  67.95370555  67.93786556  67.92207847  67.906344
  67.89066152  67.87503012  67.85944982  67.84391972  67.82843933
  67.81300796  67.79762534  67.78229114  67.7670046   67.75176578
  67.73657334  67.72142767  67.70632729  67.69127269  67.67626316
  67.6612984   67.64637749  67.63150043  67.61666684  67.60187626
  67.58712805  67.57242241  67.55775823  67.5431357   67.52855415
  67.51401307  67.49951269  67.48505216  67.4706312   67.45624971
  67.44190722  67.42760341  67.41333788  67.39911026  67.38492067
  67.37076805  67.3566527   67.3425743   67.32853248  67.31452649
  67.30055669  67.28662226  67.27272347  67.25885989  67.24503073
  67.23123606  67.2174763   67.20375001  67.19005739  67.17639865
  67.16277308  67.14918029  67.13562035  67.1220934   67.10859834
  67.09513556  67.08170464  67.06830483  67.05493682  67.04159987
  67.02829415  67.01501916  67.00177395  66.98855992  66.97537566
  66.96222146  66.94909637  66.93600121  66.9229359   66.90989892
  66.89689098  66.88391209  66.87096143  66.85803921  66.84514538
  66.83227936  66.81944076  66.80663068  66.79384723  66.7810913
  66.76836265  66.75566046  66.74298571  66.73033736  66.71771535
  66.70511952  66.69255009  66.68000666  66.66748864  66.65499694
  66.64253008  66.63008893  66.61767282  66.60528207  66.5929159
  66.58057431  66.56825773  66.55596564  66.5436976   66.53145408
  66.51923419  66.50703877  66.49486696  66.48271868  66.47059415
  66.45849259  66.4464148   66.43436019  66.42232817  66.41031918
  66.3983329   66.38636931  66.37442824  66.36250997  66.35061331
  66.33873929  66.32688699  66.3150572   66.30324842  66.29146213
  66.27969701  66.26795314  66.25623133  66.24453026  66.2328506
  66.22119209  66.20955385  66.19793705  66.18634068  66.17476525
  66.16321005  66.1516754   66.14016084  66.12866715  66.11719289
  66.10573911  66.09430482  66.08289088  66.07149597  66.06012117
  66.048766    66.03742977  66.02611354  66.01481626  66.00353841
  65.99227959  65.9810396   65.96981831  65.95861652  65.94743286
  65.93626809  65.92512182  65.91399423  65.90288491  65.89179373
  65.88072112  65.86966661  65.85862965  65.84761126  65.83661065
  65.8256276   65.81466292  65.80371541  65.79278545  65.78187328
  65.77097836  65.76010093  65.74924067  65.73839778  65.72757202
  65.71676323  65.70597128  65.69519686  65.68443887  65.67369795
  65.6629734   65.65226571  65.64157429  65.6308995   65.62024165
  65.60959947  65.59897428  65.58836511  65.57777158  65.56719492
  65.55663372  65.54608867  65.53555955  65.52504639  65.51454888
  65.50406689  65.49360105  65.48315068  65.47271588  65.46229609
  65.45189236  65.44150324  65.43113038  65.42077216  65.41042915
  65.40010143  65.38978872  65.37949091  65.3692078   65.35894007
  65.34868707  65.33844883  65.32822527  65.31801621  65.30782196
  65.29764231  65.28747669  65.27732639  65.26718987  65.25706801
  65.24696012  65.23686663  65.22678737  65.21672223  65.20667123
  65.19663421  65.18661102  65.17660215  65.16660676  65.1566254
  65.14665801  65.13670392  65.12676347  65.11683712  65.10692397
  65.09702476  65.08713868  65.07726611  65.06740727  65.05756151
  65.0477292   65.03791011  65.02810424  65.01831143  65.00853186
  64.99876539  64.98901198  64.97927132  64.96954365  64.95982928
  64.9501276   64.94043836  64.93076255  64.92109909  64.91144828
  64.90181031  64.89218464  64.88257181  64.87297162  64.86338378
  64.85380819  64.84424532  64.83469473 100.         100.
 100.         100.         100.         100.         100.
 100.         100.         100.         100.         100.
 100.         100.         100.         100.         100.
 100.         100.         100.         100.         100.
 100.         100.         100.         100.         100.
 100.         100.         100.         100.         100.
 100.         100.         100.         100.         100.
 100.         100.         100.         100.         100.
 100.         100.         100.         100.         100.
 100.         100.         100.         100.         100.
 100.         100.         100.         100.         100.
 100.         100.         100.         100.         100.
 100.         100.         100.         100.         100.
 100.         100.         100.         100.         100.
 100.         100.         100.         100.         100.
 100.         100.         100.         100.         100.
 100.         100.         100.         100.         100.
 100.         100.         100.         100.         100.
 100.         100.         100.         100.         100.
 100.         100.         100.         100.         100.
 100.         100.         100.         100.         100.
 100.         100.         100.         100.         100.
 100.         100.         100.         100.         100.
 100.         100.         100.         100.         100.
 100.         100.         100.         100.         100.
 100.         100.         100.         100.         100.
 100.         100.         100.         100.         100.
 100.         100.         100.         100.         100.
 100.         100.         100.         100.         100.
 100.         100.         100.         100.         100.
 100.         100.         100.         100.         100.
 100.         100.         100.         100.         100.
 100.         100.         100.         100.         100.
 100.         100.         100.         100.         100.
 100.         100.         100.         100.         100.
 100.         100.         100.         100.         100.
 100.         100.         100.         100.         100.
 100.         100.         100.         100.         100.
 100.         100.         100.         100.         100.
 100.         100.         100.         100.         100.
 100.         100.         100.         100.         100.
 100.         100.         100.         100.         100.
 100.         100.         100.         100.         100.
 100.         100.         100.         100.         100.
 100.         100.         100.         100.         100.
 100.         100.         100.         100.         100.
 100.         100.         100.         100.         100.
 100.         100.         100.         100.         100.
 100.         100.         100.         100.         100.
 100.         100.         100.         100.         100.
 100.         100.         100.         100.         100.
 100.         100.         100.         100.         100.
 100.         100.         100.         100.         100.
 100.         100.         100.         100.         100.
 100.         100.         100.         100.         100.
 100.         100.         100.         100.         100.
 100.         100.         100.         100.         100.
 100.         100.         100.         100.         100.
 100.         100.         100.         100.         100.
 100.         100.         100.         100.         100.
 100.         100.         100.         100.         100.
 100.         100.         100.         100.         100.
 100.         100.         100.         100.         100.
 100.         100.         100.         100.         100.
 100.         100.         100.         100.         100.
 100.         100.         100.         100.         100.
 100.         100.         100.         100.         100.
 100.         100.         100.         100.         100.
 100.         100.         100.         100.         100.
 100.         100.         100.         100.         100.
 100.         100.         100.         100.         100.
 100.         100.         100.         100.         100.
 100.         100.         100.         100.         100.
 100.         100.         100.         100.         100.
 100.         100.         100.         100.         100.
 100.         100.         100.         100.         100.
 100.         100.         100.         100.         100.
 100.         100.         100.         100.         100.
 100.         100.         100.         100.         100.
 100.         100.         100.         100.         100.
 100.         100.         100.         100.         100.
 100.         100.         100.         100.         100.
 100.         100.         100.         100.         100.
 100.         100.         100.         100.         100.
 100.         100.         100.         100.         100.
 100.         100.         100.         100.         100.
 100.         100.         100.         100.         100.
 100.         100.         100.         100.         100.
 100.         100.         100.         100.         100.
 100.         100.         100.         100.         100.
 100.         100.         100.         100.         100.
 100.         100.         100.         100.         100.
 100.         100.         100.         100.         100.
 100.         100.         100.         100.         100.
 100.         100.         100.         100.         100.
 100.         100.         100.         100.         100.
 100.         100.         100.         100.         100.
 100.         100.         100.         100.         100.
 100.         100.         100.         100.         100.
 100.         100.         100.         100.         100.
 100.         100.         100.         100.         100.
 100.         100.         100.         100.         100.
 100.         100.         100.         100.         100.
 100.         100.         100.         100.         100.
 100.         100.         100.         100.         100.
 100.         100.         100.         100.         100.
 100.         100.         100.         100.         100.
 100.         100.         100.         100.         100.
 100.         100.         100.         100.         100.
 100.         100.         100.         100.         100.        ]
maxCov = 100.0
maxCovTime = [1.06998893e+09 1.06998896e+09 1.06998898e+09 1.06998900e+09
 1.06998902e+09 1.06998904e+09 1.06998906e+09 1.06998908e+09
 1.06998910e+09 1.06998913e+09 1.06998915e+09 1.06998917e+09
 1.06998919e+09 1.06998921e+09 1.06998923e+09 1.06998925e+09
 1.06998927e+09 1.06998929e+09 1.06998932e+09 1.06998934e+09
 1.06998936e+09 1.06998938e+09 1.06998940e+09 1.06998942e+09
 1.06998944e+09 1.06998946e+09 1.06998949e+09 1.06998951e+09
 1.06998953e+09 1.06998955e+09 1.06998957e+09 1.06998959e+09
 1.06998961e+09 1.06998963e+09 1.06998965e+09 1.06998968e+09
 1.06998970e+09 1.06998972e+09 1.06998974e+09 1.06998976e+09
 1.06998978e+09 1.06998980e+09 1.06998982e+09 1.06998985e+09
 1.06998987e+09 1.06998989e+09 1.06998991e+09 1.06998993e+09
 1.06998995e+09 1.06998997e+09 1.06998999e+09 1.06999001e+09
 1.06999004e+09 1.06999006e+09 1.06999008e+09 1.06999010e+09
 1.06999012e+09 1.06999014e+09 1.06999016e+09 1.06999018e+09
 1.06999021e+09 1.06999023e+09 1.06999025e+09 1.06999027e+09
 1.06999029e+09 1.06999031e+09 1.06999033e+09 1.06999035e+09
 1.06999037e+09 1.06999040e+09 1.06999042e+09 1.06999044e+09
 1.06999046e+09 1.06999048e+09 1.06999050e+09 1.06999052e+09
 1.06999054e+09 1.06999057e+09 1.06999059e+09 1.06999061e+09
 1.06999063e+09 1.06999065e+09 1.06999067e+09 1.06999069e+09
 1.06999071e+09 1.06999073e+09 1.06999076e+09 1.06999078e+09
 1.06999080e+09 1.06999082e+09 1.06999084e+09 1.06999086e+09
 1.06999088e+09 1.06999090e+09 1.06999092e+09 1.06999095e+09
 1.06999097e+09 1.06999099e+09 1.06999101e+09 1.06999103e+09
 1.06999105e+09 1.06999107e+09 1.06999109e+09 1.06999112e+09
 1.06999114e+09 1.06999116e+09 1.06999118e+09 1.06999120e+09
 1.06999122e+09 1.06999124e+09 1.06999126e+09 1.06999128e+09
 1.06999131e+09 1.06999133e+09 1.06999135e+09 1.06999137e+09
 1.06999139e+09 1.06999141e+09 1.06999143e+09 1.06999145e+09
 1.06999148e+09 1.06999150e+09 1.06999152e+09 1.06999154e+09
 1.06999156e+09 1.06999158e+09 1.06999160e+09 1.06999162e+09
 1.06999164e+09 1.06999167e+09 1.06999169e+09 1.06999171e+09
 1.06999173e+09 1.06999175e+09 1.06999177e+09 1.06999179e+09
 1.06999181e+09 1.06999184e+09 1.06999186e+09 1.06999188e+09
 1.06999190e+09 1.06999192e+09 1.06999194e+09 1.06999196e+09
 1.06999198e+09 1.06999200e+09 1.06999203e+09 1.06999205e+09
 1.06999207e+09 1.06999209e+09 1.06999211e+09 1.06999213e+09
 1.06999215e+09 1.06999217e+09 1.06999220e+09 1.06999222e+09
 1.06999224e+09 1.06999226e+09 1.06999228e+09 1.06999230e+09
 1.06999232e+09 1.06999234e+09 1.06999236e+09 1.06999239e+09
 1.06999241e+09 1.06999243e+09 1.06999245e+09 1.06999247e+09
 1.06999249e+09 1.06999251e+09 1.06999253e+09 1.06999256e+09
 1.06999258e+09 1.06999260e+09 1.06999262e+09 1.06999264e+09
 1.06999266e+09 1.06999268e+09 1.06999270e+09 1.06999272e+09
 1.06999275e+09 1.06999277e+09 1.06999279e+09 1.06999281e+09
 1.06999283e+09 1.06999285e+09 1.06999287e+09 1.06999289e+09
 1.06999292e+09 1.06999294e+09 1.06999296e+09 1.06999298e+09
 1.06999300e+09 1.06999302e+09 1.06999304e+09 1.06999306e+09
 1.06999308e+09 1.06999311e+09 1.06999313e+09 1.06999315e+09
 1.06999317e+09 1.06999319e+09 1.06999321e+09 1.06999323e+09
 1.06999325e+09 1.06999327e+09 1.06999330e+09 1.06999332e+09
 1.06999334e+09 1.06999336e+09 1.06999338e+09 1.06999340e+09
 1.06999342e+09 1.06999344e+09 1.06999347e+09 1.06999349e+09
 1.06999351e+09 1.06999353e+09 1.06999355e+09 1.06999357e+09
 1.06999359e+09 1.06999361e+09 1.06999363e+09 1.06999366e+09
 1.06999368e+09 1.06999370e+09 1.06999372e+09 1.06999374e+09
 1.06999376e+09 1.06999378e+09 1.06999380e+09 1.06999383e+09
 1.06999385e+09 1.06999387e+09 1.06999389e+09 1.06999391e+09
 1.06999393e+09 1.06999395e+09 1.06999397e+09 1.06999399e+09
 1.06999402e+09 1.06999404e+09 1.06999406e+09 1.06999408e+09
 1.06999410e+09 1.06999412e+09 1.06999414e+09 1.06999416e+09
 1.06999419e+09 1.06999421e+09 1.06999423e+09 1.06999425e+09
 1.06999427e+09 1.06999429e+09 1.06999431e+09 1.06999433e+09
 1.06999435e+09 1.06999438e+09 1.06999440e+09 1.06999442e+09
 1.06999444e+09 1.06999446e+09 1.06999448e+09 1.06999450e+09
 1.06999452e+09 1.06999455e+09 1.06999457e+09 1.06999459e+09
 1.06999461e+09 1.06999463e+09 1.06999465e+09 1.06999467e+09
 1.06999469e+09 1.06999471e+09 1.06999474e+09 1.06999476e+09
 1.06999478e+09 1.06999480e+09 1.06999482e+09 1.06999484e+09
 1.06999486e+09 1.06999488e+09 1.06999491e+09 1.06999493e+09
 1.06999495e+09 1.06999497e+09 1.06999499e+09 1.06999501e+09
 1.06999503e+09 1.06999505e+09 1.06999507e+09 1.06999510e+09
 1.06999512e+09 1.06999514e+09 1.06999516e+09 1.06999518e+09
 1.06999520e+09 1.06999522e+09 1.06999524e+09 1.06999527e+09
 1.06999529e+09 1.06999531e+09 1.06999533e+09 1.06999535e+09
 1.06999537e+09 1.06999539e+09 1.06999541e+09 1.06999543e+09
 1.06999546e+09 1.06999548e+09 1.06999550e+09 1.06999552e+09
 1.06999554e+09 1.06999556e+09 1.06999558e+09 1.06999560e+09
 1.06999562e+09 1.06999565e+09 1.06999567e+09 1.06999569e+09
 1.06999571e+09 1.06999573e+09 1.06999575e+09 1.06999577e+09
 1.06999579e+09 1.06999582e+09 1.06999584e+09 1.06999586e+09
 1.06999588e+09 1.06999590e+09 1.06999592e+09 1.06999594e+09
 1.06999596e+09 1.06999598e+09 1.06999601e+09 1.06999603e+09
 1.06999605e+09 1.06999607e+09 1.06999609e+09 1.06999611e+09
 1.06999613e+09 1.06999615e+09 1.06999618e+09 1.06999620e+09
 1.06999622e+09 1.06999624e+09 1.06999626e+09 1.06999628e+09
 1.06999630e+09 1.06999632e+09 1.06999634e+09 1.06999637e+09
 1.06999639e+09 1.06999641e+09 1.06999643e+09 1.06999645e+09
 1.06999647e+09 1.06999649e+09 1.06999651e+09 1.06999654e+09
 1.06999656e+09 1.06999658e+09 1.06999660e+09 1.06999662e+09
 1.06999664e+09 1.06999666e+09 1.06999668e+09 1.06999670e+09
 1.06999673e+09 1.06999675e+09 1.06999677e+09 1.06999679e+09
 1.06999681e+09 1.06999683e+09 1.06999685e+09 1.06999687e+09
 1.06999690e+09 1.06999692e+09 1.06999694e+09 1.06999696e+09
 1.06999698e+09 1.06999700e+09 1.06999702e+09 1.06999704e+09
 1.06999706e+09 1.06999709e+09 1.06999711e+09 1.06999713e+09
 1.06999715e+09 1.06999717e+09 1.06999719e+09 1.06999721e+09
 1.06999723e+09 1.06999726e+09 1.06999728e+09 1.06999730e+09
 1.06999732e+09 1.06999734e+09 1.06999736e+09 1.06999738e+09
 1.06999740e+09 1.06999742e+09 1.06999745e+09 1.06999747e+09
 1.06999749e+09 1.06999751e+09 1.06999753e+09 1.06999755e+09
 1.06999757e+09 1.06999759e+09 1.06999762e+09 1.06999764e+09
 1.06999766e+09 1.06999768e+09 1.06999770e+09 1.06999772e+09
 1.06999774e+09 1.06999776e+09 1.06999778e+09 1.06999781e+09
 1.06999783e+09 1.06999785e+09 1.06999787e+09 1.06999789e+09
 1.06999791e+09 1.06999793e+09 1.06999795e+09 1.06999797e+09
 1.06999800e+09 1.06999802e+09 1.06999804e+09 1.06999806e+09
 1.06999808e+09 1.06999810e+09 1.06999812e+09 1.06999814e+09
 1.06999817e+09 1.06999819e+09 1.06999821e+09 1.06999823e+09
 1.06999825e+09 1.06999827e+09 1.06999829e+09 1.06999831e+09
 1.06999833e+09 1.06999836e+09 1.06999838e+09 1.06999840e+09
 1.06999842e+09 1.06999844e+09 1.06999846e+09 1.06999848e+09
 1.06999850e+09 1.06999853e+09 1.06999855e+09 1.06999857e+09
 1.06999859e+09 1.06999861e+09 1.06999863e+09 1.06999865e+09
 1.06999867e+09 1.06999869e+09 1.06999872e+09 1.06999874e+09
 1.06999876e+09 1.06999878e+09 1.06999880e+09 1.06999882e+09
 1.06999884e+09 1.06999886e+09 1.06999889e+09 1.06999891e+09
 1.06999893e+09 1.06999895e+09 1.06999897e+09 1.06999899e+09
 1.06999901e+09 1.06999903e+09 1.06999905e+09 1.06999908e+09
 1.06999910e+09 1.06999912e+09 1.06999914e+09 1.06999916e+09
 1.06999918e+09 1.06999920e+09 1.06999922e+09 1.06999925e+09
 1.06999927e+09 1.06999929e+09 1.06999931e+09 1.06999933e+09
 1.06999935e+09 1.06999937e+09 1.06999939e+09 1.06999941e+09
 1.06999944e+09 1.06999946e+09 1.06999948e+09 1.06999950e+09
 1.06999952e+09 1.06999954e+09 1.06999956e+09 1.06999958e+09
 1.06999961e+09 1.06999963e+09 1.06999965e+09 1.06999967e+09
 1.06999969e+09 1.06999971e+09 1.06999973e+09 1.06999975e+09
 1.06999977e+09 1.06999980e+09 1.06999982e+09 1.06999984e+09
 1.06999986e+09 1.06999988e+09 1.06999990e+09 1.06999992e+09
 1.06999994e+09 1.06999997e+09 1.06999999e+09 1.07000001e+09
 1.07000003e+09 1.07000005e+09 1.07000007e+09 1.07000009e+09
 1.07000011e+09 1.07000013e+09 1.07000016e+09 1.07000018e+09
 1.07000020e+09 1.07000022e+09 1.07000024e+09 1.07000026e+09
 1.07000028e+09 1.07000030e+09 1.07000032e+09 1.07000035e+09
 1.07000037e+09 1.07000039e+09 1.07000041e+09 1.07000043e+09
 1.07000045e+09 1.07000047e+09 1.07000049e+09 1.07000052e+09
 1.07000054e+09 1.07000056e+09 1.07000058e+09 1.07000060e+09]
