name =JUICE_ROI_GAN_2_0_15
flyby = ['2033 NOV 26 18:22:11', '2033 NOV 27 18:22:11']
Observation TW = <SpiceCell dtype = 1, length = 0, size = 3400, card = 14, is_set = 1, adjust = 0, init = 1, base = 94105385429712, data = 94105385429760>
Res(t) = [0.10683861 0.10533941 0.10397754 0.10273776 0.10160751 0.10057627
 0.09963503 0.098776   0.09799256 0.09919216 0.09845842 0.09779392
 0.0971932  0.09665145 0.09616437 0.0957283  0.09533976 0.09499568
 0.09469329 0.09443006 0.0942037  0.09401211 0.09385334 0.09372562
 0.09362732 0.09355692 0.09217961 0.09220684 0.0922553  0.09232405
 0.09241224 0.09251904 0.0926437  0.09278548 0.0929437  0.0931177
 0.09330688 0.09351066 0.09372848 0.09395982 0.09420417 0.09446107
 0.09473005 0.09495301 0.09524154 0.09554115 0.09605738 0.09637194
 0.09669674 0.09703145 0.09737572 0.09772924 0.0980917  0.09846282
 0.0988423  0.09922989 0.09962533 0.10002837 0.10095767 0.10133969
 0.10174991 0.10216723 0.10259142 0.10302229 0.10345963 0.10390325
 0.10435296 0.10480858 0.10526994 0.10573687 0.10620922 0.10668683
 0.10716955 0.10765725 0.10814978 0.10864702 0.10914887 0.10965513
 0.11016573 0.11068054 0.11119947 0.1117224  0.11224923 0.11277986
 0.11331419 0.11385214 0.1143936  0.1149385  0.11548675 0.11603826
 0.11659296 0.11715077 0.11783049 0.11841149 0.11861366 0.11914667
 0.1197212  0.12029843 0.12087832 0.12146079 0.1220458  0.12263327
 0.12322317 0.12381543 0.12441    0.12500684 0.12560589 0.12620711
 0.12681046 0.12741587 0.12802332 0.12863277 0.12924416 0.12985746
 0.13047263 0.13108963 0.13170843 0.13232899 0.13295127 0.13403746
 0.1346649  0.13381878 0.13444307 0.13506895 0.13569639 0.13632535
 0.1369558  0.13758773 0.1382211  0.13885588 0.13741519 0.13805428
 0.13869467 0.13933633 0.13997923 0.14062337 0.14126871 0.14191523
 0.14256292 0.14321175 0.14386171 0.14451277 0.14516491 0.14581812
 0.14647238 0.14712767 0.14778398 0.14844128 0.14909957 0.14975882
 0.15041902 0.15108015 0.1517422  0.15240516 0.15306901 0.15373373
 0.15439931 0.15506574 0.15573301 0.1564011  0.15707    0.1577397
 0.1593574  0.16002413 0.16069162 0.16135985 0.16202881 0.16269849
 0.16336889 0.16403998 0.16471177 0.16538422 0.16605735 0.16673113
 0.16740556 0.16808062 0.16875631 0.16943261 0.17010952 0.17078703
 0.17146513 0.17214381 0.17282305 0.17350287 0.17418323 0.17486414
 0.17554559 0.17622757 0.17691007 0.17759309 0.17827661 0.17896063
 0.17964515 0.18033015 0.18101563 0.18170158 0.18238799 0.18307487
 0.1837622  0.18444997 0.18513818 0.18582683 0.1865159  0.18720539
 0.18789531 0.18858563 0.18927635 0.18996748 0.190659   0.1913509
 0.19204319 0.19273586 0.1934289  0.19412231 0.19481608 0.19551021
 0.1962047  0.19689953 0.19759471 0.19829023 0.19898609 0.19968227
 0.20037879 0.20107563 0.20177278 0.20247025 0.20316804 0.20386613
 0.20456452 0.20526321 0.2059622  0.20666148 0.20736105 0.20806091
 0.20876105 0.20946146 0.21016215 0.21086311 0.21156434 0.21226584
 0.2129676  0.21366961 0.21437188 0.21507441 0.21577718 0.2164802
 0.21718347 0.21788698 0.21859072 0.2192947  0.21999892 0.22070336
 0.22140803 0.22211293 0.22281805 0.22352339 0.22422895 0.22493472
 0.22564071 0.22634691 0.22705331 0.22775992 0.22846673 0.22917375
 0.22988097 0.23058838 0.23129599 0.23200379 0.23271178 0.23341996
 0.23412832 0.23483688 0.23554561 0.23625453 0.23696362 0.23767289
 0.23838234 0.23909196 0.23980176 0.24051172 0.24122185 0.24193215
 0.24264262 0.24335324 0.24406403 0.24477498 0.24548609 0.24619735
 0.24690877 0.24762035 0.24833207 0.24904395 0.24975598 0.25046815
 0.25118047 0.25189294 0.25260555 0.25331831 0.2540312  0.25474423
 0.25545741 0.25617072 0.25688416 0.25759774 0.25831146 0.25902531
 0.25973928 0.26045339 0.26116763 0.26188199 0.26259648 0.2633111
 0.26402584 0.2647407  0.26545569 0.26617079 0.26688602 0.26760136
 0.26831683 0.26903241 0.2697481  0.27046391 0.27117984 0.27189587
 0.27261202 0.27332828 0.27404465 0.27476113 0.27547772 0.27619442
 0.27691122 0.27762813 0.27834514 0.27906226 0.27977948 0.2804968
 0.28121422 0.28193175 0.28264937 0.28336709 0.28408492 0.28480284
 0.28552085 0.28623897 0.28695718 0.28767548 0.28839388 0.28911237
 0.28983095 0.29054962 0.29126839 0.29198725 0.2927062  0.29342523
 0.29414436 0.29486357 0.29558287 0.29630226 0.29702173 0.29774129
 0.29846093 0.29918066 0.29990047 0.30062037 0.30134035 0.30206041
 0.30278055 0.30350077 0.30422108 0.30494146 0.30566192 0.30638246
 0.30710308 0.30782378 0.30854456 0.30926541 0.30998634 0.31070734
 0.31142842 0.31214957 0.3128708  0.31359211 0.31431348 0.31503493
 0.31575646 0.31647805 0.31719972 0.31792146 0.31864327 0.31936515
 0.3200871  0.32080912 0.3215312  0.32225336 0.32297559 0.32369788
 0.32442025 0.32514268 0.32586517 0.32658774 0.32731037 0.32803306
 0.32875583 0.32947865 0.33020155 0.3309245  0.33164752 0.33237061
 0.33309376 0.33381697 0.33454024 0.33526358 0.33598698 0.33671044
 0.33743396 0.33815754 0.33888119 0.33960489 0.34032866 0.34105248
 0.34177637 0.34250032 0.34322432 0.34394839 0.34467251 0.34539669
 0.34612093 0.34684523 0.34756959 0.348294   0.34901847 0.349743
 0.35046758 0.35119222 0.35191692 0.35264168 0.35336649 0.35409135
 0.35481627 0.35554125 0.35626628 0.35699136 0.3577165  0.3584417
 0.35916695 0.35989225 0.36061761 0.36134302 0.36206848 0.36279399
 0.36351956 0.36424518 0.36497086 0.36569659 0.36642236 0.36714819
 0.36787408 0.36860001 0.369326   0.37005203 0.37077812 0.37150426
 0.37223045 0.37295669 0.37368298 0.37440932 0.37513571 0.37586215
 0.37658864 0.37731518 0.37804177 0.37876841 0.3794951  0.38022183
 0.38094862 0.38167546 0.38240234 0.38312927 0.38385625 0.38458328
 0.38531036 0.38603748 0.38676465 0.38749187 0.38821914 0.38894646
 0.38967382 0.39040123 0.39112868 0.39185619 0.39258374 0.39331134
 0.39403898 0.39476667 0.39549441 0.39622219 0.39695002 0.39767789
 0.39840582 0.39913378 0.3998618  0.40058986 0.40131796 0.40204611
 0.40277431 0.40350255 0.40423083 0.40495916 0.40568754 0.40641596
 0.40714443 0.40787294 0.40860149 0.40933009 0.41005874 0.41078743
 0.41151616 0.41224494 0.41297376 0.41370263 0.41443154 0.41516049
 0.41588949 0.41661853 0.41734762 0.41807675 0.41880592 0.41953514
 0.4202644  0.4209937  0.42172305 0.42245244 0.42318188 0.42391135
 0.42464087 0.42537044 0.42610004 0.42682969 0.42755939 0.42828912
 0.4290189  0.42974872 0.43047859 0.43120849 0.43193844 0.43266844
 0.43339847 0.43412855 0.43485867 0.43558883 0.43631903 0.43704928
 0.43777957 0.4385099  0.43924027 0.43997069 0.44070115 0.44143165
 0.44216219 0.44289277 0.4436234  0.44435407 0.44508478 0.44581553
 0.44654633 0.44727716 0.44800804 0.44873896 0.44946992 0.45020092
 0.45093197 0.45166305 0.45239418 0.45312535 0.45385656 0.45458781
 0.45531911 0.45605044 0.45678182 0.45751324 0.4582447  0.4589762
 0.45970775 0.46043933 0.46117096 0.46190262 0.46263433 0.46336608
 0.46409787 0.46482971 0.46556158 0.4662935  0.46702545 0.46775745
 0.46848949 0.46922157 0.46995369 0.47068585 0.47141806 0.4721503
 0.47288259 0.47361492 0.47434729 0.4750797  0.47581215 0.47654464
 0.47727718 0.47800975 0.47874237 0.47947502 0.48020772 0.48094046
 0.48167324 0.48240606 0.48313893 0.48387183 0.48460478 0.48533776
 0.48607079 0.48680386 0.48753697 0.48827012 0.48900331 0.48973655
 0.49046982 0.49120314 0.4919365  0.49266989 0.49340333 0.49413682
 0.49487034 0.4956039  0.4963375  0.49707115 0.49780484 0.49853857
 0.49927234 0.50000615 0.50074    0.50147389 0.50220783 0.5029418
 0.50367582 0.50440988 0.50514398 0.50587812 0.5066123  0.50734653
 0.50808079 0.5088151  0.50954945 0.51028384 0.51101827 0.51175274
 0.51248726 0.51322181 0.51395641 0.51469105 0.51542573 0.51616045
 0.51689522 0.51763002 0.51836487 0.51909976 0.51983469 0.52056966
 0.52130468 0.52203973 0.52277483 0.52350997 0.52424515 0.52498037
 0.52571564 0.52645094 0.52718629 0.52792168 0.52865712 0.52939259
 0.53012811 0.53086367 0.53159927 0.53233491 0.53307059 0.53380632
 0.53454209 0.5352779  0.53601376 0.53674965 0.53748559 0.53822157
 0.53895759 0.53969366 0.54042976 0.54116591 0.54190211 0.54263834
 0.54337462 0.54411094 0.5448473  0.5455837  0.54632015 0.54705664
 0.54779317 0.54852975 0.54926637 0.55000303 0.55073973 0.55147648
 0.55221327 0.5529501  0.55368697 0.55442389 0.55516085 0.55589786
 0.5566349  0.55737199 0.55810913 0.5588463  0.55958352 0.56032078
 0.56105809 0.56179544 0.56253283 0.56327027 0.56400775 0.56474527
 0.56548284 0.56622045 0.5669581  0.5676958  0.56843354 0.56917132
 0.56990915 0.57064702 0.57138493 0.57212289 0.5728609  0.57359894
 0.57433703 0.57507517 0.57581335 0.57655157 0.57728984 0.57802815
 0.5787665  0.5795049  0.58024334 0.58098183 0.58172036 0.58245894
 0.58319756 0.58393622 0.58467493 0.58541369 0.58615248 0.58689133
 0.58763021 0.58836915 0.58910812 0.58984715 0.59058621 0.59132532
 0.59206448 0.59280368 0.59354293 0.59428222 0.59502155 0.59576093
 0.59650036 0.59723983 0.59797935 0.59871891 0.59945852 0.60019817
 0.60093787 0.60167761 0.6024174  0.60315723 0.60389711 0.60463704
 0.60537701 0.60611703 0.60685709 0.6075972  0.60833735 0.60907755
 0.6098178  0.61055809 0.61129843 0.61203881 0.61277924 0.61351972
 0.61426024 0.61500081 0.61574142 0.61648208 0.61722279 0.61796354
 0.61870434 0.61944519 0.62018609 0.62092703 0.62166801 0.62240905
 0.62315013 0.62389125 0.62463243 0.62537365 0.62611492 0.62685623
 0.62759759 0.628339   0.62908046 0.62982196 0.63056351 0.63130511
 0.63204675 0.63278845 0.63353019 0.63427197 0.63501381 0.63575569
 0.63649762 0.6372396  0.63798163 0.6387237  0.63946582 0.64020799
 0.64095021 0.64169247 0.64243478 0.64317715 0.64391955 0.64466201
 0.64540452 0.64614707 0.64688967 0.64763232 0.64837502 0.64911777
 0.64986057 0.65060341 0.65134631 0.65208925 0.65283224 0.65357528
 0.65431837 0.65506151 0.65580469 0.65654793 0.65729121 0.65803455
 0.65877793 0.65952136 0.66026484 0.66100837 0.66175195 0.66249558
 0.66323926 0.66398299 0.66472677 0.6654706  0.66621447 0.6669584
 0.66770238 0.6684464  0.66919048 0.66993461 0.67067878 0.67142301
 0.67216729 0.67291162 0.67365599 0.67440042 0.6751449  0.67588943
 0.67663401 0.67737864 0.67812332 0.67886805 0.67961283 0.68035766
 0.68110254 0.68184748 0.68259246 0.6833375  0.68408258 0.68482772
 0.68557291 0.68631815 0.68706344 0.68780878 0.68855418 0.68929962
 0.69004512 0.69079067 0.69153627 0.69228192 0.69302762 0.69377337
 0.69451918 0.69526504 0.69601095 0.69675691 0.69750292 0.69824899
 0.69899511 0.69974128 0.7004875  0.70123378 0.7019801  0.70272648
 0.70347292 0.7042194  0.70496594 0.70571253 0.70645917 0.70720587
 0.70795261 0.70869942 0.70944627 0.71019318 0.71094014 0.71168715
 0.71243422 0.71318134 0.71392851 0.71467573 0.71542301 0.71617035
 0.71691773 0.71766517 0.71841267 0.71916021 0.71990781 0.72065547
 0.72140318 0.72215094 0.72289876 0.72364663 0.72439455 0.72514253
 0.72589056 0.72663865 0.72738679 0.72813499 0.72888324 0.72963154
 0.7303799  0.73112831 0.73187678 0.73262531 0.73337388 0.73412252
 0.7348712  0.73561995 0.73636874 0.7371176  0.73786651 0.73861547
 0.73936449 0.74011356 0.74086269 0.74161187 0.74236111 0.74311041
 0.74385976 0.74460917 0.74535863 0.74610815 0.74685772 0.74760735
 0.74835704 0.74910678 0.74985658 0.75060643 0.75135634 0.75210631
 0.75285634 0.75360641 0.75435655 0.75510674 0.75585699 0.7566073
 0.75735766 0.75810808 0.75885856 0.75960909 0.76035968 0.76111033
 0.76186103 0.76261179 0.76336261 0.76411349 0.76486442 0.76561541
 0.76636646 0.76711756 0.76786872 0.76861995]
t = [1.06995849e+09 1.06995850e+09 1.06995852e+09 1.06995853e+09
 1.06995855e+09 1.06995856e+09 1.06995858e+09 1.06995859e+09
 1.06995861e+09 1.06995862e+09 1.06995863e+09 1.06995865e+09
 1.06995866e+09 1.06995868e+09 1.06995869e+09 1.06995871e+09
 1.06995872e+09 1.06995873e+09 1.06995875e+09 1.06995876e+09
 1.06995878e+09 1.06995879e+09 1.06995881e+09 1.06995882e+09
 1.06995884e+09 1.06995885e+09 1.06995886e+09 1.06995888e+09
 1.06995889e+09 1.06995891e+09 1.06995892e+09 1.06995894e+09
 1.06995895e+09 1.06995896e+09 1.06995898e+09 1.06995899e+09
 1.06995901e+09 1.06995902e+09 1.06995904e+09 1.06995905e+09
 1.06995907e+09 1.06995908e+09 1.06995909e+09 1.06995911e+09
 1.06995912e+09 1.06995914e+09 1.06995915e+09 1.06995917e+09
 1.06995918e+09 1.06995919e+09 1.06995921e+09 1.06995922e+09
 1.06995924e+09 1.06995925e+09 1.06995927e+09 1.06995928e+09
 1.06995930e+09 1.06995931e+09 1.06995932e+09 1.06995934e+09
 1.06995935e+09 1.06995937e+09 1.06995938e+09 1.06995940e+09
 1.06995941e+09 1.06995942e+09 1.06995944e+09 1.06995945e+09
 1.06995947e+09 1.06995948e+09 1.06995950e+09 1.06995951e+09
 1.06995952e+09 1.06995954e+09 1.06995955e+09 1.06995957e+09
 1.06995958e+09 1.06995960e+09 1.06995961e+09 1.06995963e+09
 1.06995964e+09 1.06995965e+09 1.06995967e+09 1.06995968e+09
 1.06995970e+09 1.06995971e+09 1.06995973e+09 1.06995974e+09
 1.06995975e+09 1.06995977e+09 1.06995978e+09 1.06995980e+09
 1.06995981e+09 1.06995983e+09 1.06995984e+09 1.06995986e+09
 1.06995987e+09 1.06995988e+09 1.06995990e+09 1.06995991e+09
 1.06995993e+09 1.06995994e+09 1.06995996e+09 1.06995997e+09
 1.06995998e+09 1.06996000e+09 1.06996001e+09 1.06996003e+09
 1.06996004e+09 1.06996006e+09 1.06996007e+09 1.06996009e+09
 1.06996010e+09 1.06996011e+09 1.06996013e+09 1.06996014e+09
 1.06996016e+09 1.06996017e+09 1.06996019e+09 1.06996020e+09
 1.06996021e+09 1.06996023e+09 1.06996024e+09 1.06996026e+09
 1.06996027e+09 1.06996029e+09 1.06996030e+09 1.06996032e+09
 1.06996033e+09 1.06996034e+09 1.06996036e+09 1.06996037e+09
 1.06996039e+09 1.06996040e+09 1.06996042e+09 1.06996043e+09
 1.06996044e+09 1.06996046e+09 1.06996047e+09 1.06996049e+09
 1.06996050e+09 1.06996052e+09 1.06996053e+09 1.06996055e+09
 1.06996056e+09 1.06996057e+09 1.06996059e+09 1.06996060e+09
 1.06996062e+09 1.06996063e+09 1.06996065e+09 1.06996066e+09
 1.06996067e+09 1.06996069e+09 1.06996070e+09 1.06996072e+09
 1.06996073e+09 1.06996075e+09 1.06996076e+09 1.06996078e+09
 1.06996079e+09 1.06996080e+09 1.06996082e+09 1.06996083e+09
 1.06996085e+09 1.06996086e+09 1.06996088e+09 1.06996089e+09
 1.06996090e+09 1.06996092e+09 1.06996093e+09 1.06996095e+09
 1.06996096e+09 1.06996098e+09 1.06996099e+09 1.06996101e+09
 1.06996102e+09 1.06996103e+09 1.06996105e+09 1.06996106e+09
 1.06996108e+09 1.06996109e+09 1.06996111e+09 1.06996112e+09
 1.06996113e+09 1.06996115e+09 1.06996116e+09 1.06996118e+09
 1.06996119e+09 1.06996121e+09 1.06996122e+09 1.06996124e+09
 1.06996125e+09 1.06996126e+09 1.06996128e+09 1.06996129e+09
 1.06996131e+09 1.06996132e+09 1.06996134e+09 1.06996135e+09
 1.06996136e+09 1.06996138e+09 1.06996139e+09 1.06996141e+09
 1.06996142e+09 1.06996144e+09 1.06996145e+09 1.06996147e+09
 1.06996148e+09 1.06996149e+09 1.06996151e+09 1.06996152e+09
 1.06996154e+09 1.06996155e+09 1.06996157e+09 1.06996158e+09
 1.06996159e+09 1.06996161e+09 1.06996162e+09 1.06996164e+09
 1.06996165e+09 1.06996167e+09 1.06996168e+09 1.06996170e+09
 1.06996171e+09 1.06996172e+09 1.06996174e+09 1.06996175e+09
 1.06996177e+09 1.06996178e+09 1.06996180e+09 1.06996181e+09
 1.06996182e+09 1.06996184e+09 1.06996185e+09 1.06996187e+09
 1.06996188e+09 1.06996190e+09 1.06996191e+09 1.06996193e+09
 1.06996194e+09 1.06996195e+09 1.06996197e+09 1.06996198e+09
 1.06996200e+09 1.06996201e+09 1.06996203e+09 1.06996204e+09
 1.06996205e+09 1.06996207e+09 1.06996208e+09 1.06996210e+09
 1.06996211e+09 1.06996213e+09 1.06996214e+09 1.06996216e+09
 1.06996217e+09 1.06996218e+09 1.06996220e+09 1.06996221e+09
 1.06996223e+09 1.06996224e+09 1.06996226e+09 1.06996227e+09
 1.06996228e+09 1.06996230e+09 1.06996231e+09 1.06996233e+09
 1.06996234e+09 1.06996236e+09 1.06996237e+09 1.06996239e+09
 1.06996240e+09 1.06996241e+09 1.06996243e+09 1.06996244e+09
 1.06996246e+09 1.06996247e+09 1.06996249e+09 1.06996250e+09
 1.06996251e+09 1.06996253e+09 1.06996254e+09 1.06996256e+09
 1.06996257e+09 1.06996259e+09 1.06996260e+09 1.06996262e+09
 1.06996263e+09 1.06996264e+09 1.06996266e+09 1.06996267e+09
 1.06996269e+09 1.06996270e+09 1.06996272e+09 1.06996273e+09
 1.06996274e+09 1.06996276e+09 1.06996277e+09 1.06996279e+09
 1.06996280e+09 1.06996282e+09 1.06996283e+09 1.06996285e+09
 1.06996286e+09 1.06996287e+09 1.06996289e+09 1.06996290e+09
 1.06996292e+09 1.06996293e+09 1.06996295e+09 1.06996296e+09
 1.06996297e+09 1.06996299e+09 1.06996300e+09 1.06996302e+09
 1.06996303e+09 1.06996305e+09 1.06996306e+09 1.06996308e+09
 1.06996309e+09 1.06996310e+09 1.06996312e+09 1.06996313e+09
 1.06996315e+09 1.06996316e+09 1.06996318e+09 1.06996319e+09
 1.06996320e+09 1.06996322e+09 1.06996323e+09 1.06996325e+09
 1.06996326e+09 1.06996328e+09 1.06996329e+09 1.06996331e+09
 1.06996332e+09 1.06996333e+09 1.06996335e+09 1.06996336e+09
 1.06996338e+09 1.06996339e+09 1.06996341e+09 1.06996342e+09
 1.06996343e+09 1.06996345e+09 1.06996346e+09 1.06996348e+09
 1.06996349e+09 1.06996351e+09 1.06996352e+09 1.06996354e+09
 1.06996355e+09 1.06996356e+09 1.06996358e+09 1.06996359e+09
 1.06996361e+09 1.06996362e+09 1.06996364e+09 1.06996365e+09
 1.06996366e+09 1.06996368e+09 1.06996369e+09 1.06996371e+09
 1.06996372e+09 1.06996374e+09 1.06996375e+09 1.06996377e+09
 1.06996378e+09 1.06996379e+09 1.06996381e+09 1.06996382e+09
 1.06996384e+09 1.06996385e+09 1.06996387e+09 1.06996388e+09
 1.06996389e+09 1.06996391e+09 1.06996392e+09 1.06996394e+09
 1.06996395e+09 1.06996397e+09 1.06996398e+09 1.06996400e+09
 1.06996401e+09 1.06996402e+09 1.06996404e+09 1.06996405e+09
 1.06996407e+09 1.06996408e+09 1.06996410e+09 1.06996411e+09
 1.06996412e+09 1.06996414e+09 1.06996415e+09 1.06996417e+09
 1.06996418e+09 1.06996420e+09 1.06996421e+09 1.06996423e+09
 1.06996424e+09 1.06996425e+09 1.06996427e+09 1.06996428e+09
 1.06996430e+09 1.06996431e+09 1.06996433e+09 1.06996434e+09
 1.06996435e+09 1.06996437e+09 1.06996438e+09 1.06996440e+09
 1.06996441e+09 1.06996443e+09 1.06996444e+09 1.06996446e+09
 1.06996447e+09 1.06996448e+09 1.06996450e+09 1.06996451e+09
 1.06996453e+09 1.06996454e+09 1.06996456e+09 1.06996457e+09
 1.06996458e+09 1.06996460e+09 1.06996461e+09 1.06996463e+09
 1.06996464e+09 1.06996466e+09 1.06996467e+09 1.06996469e+09
 1.06996470e+09 1.06996471e+09 1.06996473e+09 1.06996474e+09
 1.06996476e+09 1.06996477e+09 1.06996479e+09 1.06996480e+09
 1.06996481e+09 1.06996483e+09 1.06996484e+09 1.06996486e+09
 1.06996487e+09 1.06996489e+09 1.06996490e+09 1.06996492e+09
 1.06996493e+09 1.06996494e+09 1.06996496e+09 1.06996497e+09
 1.06996499e+09 1.06996500e+09 1.06996502e+09 1.06996503e+09
 1.06996504e+09 1.06996506e+09 1.06996507e+09 1.06996509e+09
 1.06996510e+09 1.06996512e+09 1.06996513e+09 1.06996515e+09
 1.06996516e+09 1.06996517e+09 1.06996519e+09 1.06996520e+09
 1.06996522e+09 1.06996523e+09 1.06996525e+09 1.06996526e+09
 1.06996527e+09 1.06996529e+09 1.06996530e+09 1.06996532e+09
 1.06996533e+09 1.06996535e+09 1.06996536e+09 1.06996538e+09
 1.06996539e+09 1.06996540e+09 1.06996542e+09 1.06996543e+09
 1.06996545e+09 1.06996546e+09 1.06996548e+09 1.06996549e+09
 1.06996550e+09 1.06996552e+09 1.06996553e+09 1.06996555e+09
 1.06996556e+09 1.06996558e+09 1.06996559e+09 1.06996561e+09
 1.06996562e+09 1.06996563e+09 1.06996565e+09 1.06996566e+09
 1.06996568e+09 1.06996569e+09 1.06996571e+09 1.06996572e+09
 1.06996573e+09 1.06996575e+09 1.06996576e+09 1.06996578e+09
 1.06996579e+09 1.06996581e+09 1.06996582e+09 1.06996584e+09
 1.06996585e+09 1.06996586e+09 1.06996588e+09 1.06996589e+09
 1.06996591e+09 1.06996592e+09 1.06996594e+09 1.06996595e+09
 1.06996596e+09 1.06996598e+09 1.06996599e+09 1.06996601e+09
 1.06996602e+09 1.06996604e+09 1.06996605e+09 1.06996607e+09
 1.06996608e+09 1.06996609e+09 1.06996611e+09 1.06996612e+09
 1.06996614e+09 1.06996615e+09 1.06996617e+09 1.06996618e+09
 1.06996619e+09 1.06996621e+09 1.06996622e+09 1.06996624e+09
 1.06996625e+09 1.06996627e+09 1.06996628e+09 1.06996630e+09
 1.06996631e+09 1.06996632e+09 1.06996634e+09 1.06996635e+09
 1.06996637e+09 1.06996638e+09 1.06996640e+09 1.06996641e+09
 1.06996642e+09 1.06996644e+09 1.06996645e+09 1.06996647e+09
 1.06996648e+09 1.06996650e+09 1.06996651e+09 1.06996653e+09
 1.06996654e+09 1.06996655e+09 1.06996657e+09 1.06996658e+09
 1.06996660e+09 1.06996661e+09 1.06996663e+09 1.06996664e+09
 1.06996665e+09 1.06996667e+09 1.06996668e+09 1.06996670e+09
 1.06996671e+09 1.06996673e+09 1.06996674e+09 1.06996676e+09
 1.06996677e+09 1.06996678e+09 1.06996680e+09 1.06996681e+09
 1.06996683e+09 1.06996684e+09 1.06996686e+09 1.06996687e+09
 1.06996688e+09 1.06996690e+09 1.06996691e+09 1.06996693e+09
 1.06996694e+09 1.06996696e+09 1.06996697e+09 1.06996699e+09
 1.06996700e+09 1.06996701e+09 1.06996703e+09 1.06996704e+09
 1.06996706e+09 1.06996707e+09 1.06996709e+09 1.06996710e+09
 1.06996711e+09 1.06996713e+09 1.06996714e+09 1.06996716e+09
 1.06996717e+09 1.06996719e+09 1.06996720e+09 1.06996722e+09
 1.06996723e+09 1.06996724e+09 1.06996726e+09 1.06996727e+09
 1.06996729e+09 1.06996730e+09 1.06996732e+09 1.06996733e+09
 1.06996734e+09 1.06996736e+09 1.06996737e+09 1.06996739e+09
 1.06996740e+09 1.06996742e+09 1.06996743e+09 1.06996745e+09
 1.06996746e+09 1.06996747e+09 1.06996749e+09 1.06996750e+09
 1.06996752e+09 1.06996753e+09 1.06996755e+09 1.06996756e+09
 1.06996757e+09 1.06996759e+09 1.06996760e+09 1.06996762e+09
 1.06996763e+09 1.06996765e+09 1.06996766e+09 1.06996768e+09
 1.06996769e+09 1.06996770e+09 1.06996772e+09 1.06996773e+09
 1.06996775e+09 1.06996776e+09 1.06996778e+09 1.06996779e+09
 1.06996780e+09 1.06996782e+09 1.06996783e+09 1.06996785e+09
 1.06996786e+09 1.06996788e+09 1.06996789e+09 1.06996791e+09
 1.06996792e+09 1.06996793e+09 1.06996795e+09 1.06996796e+09
 1.06996798e+09 1.06996799e+09 1.06996801e+09 1.06996802e+09
 1.06996803e+09 1.06996805e+09 1.06996806e+09 1.06996808e+09
 1.06996809e+09 1.06996811e+09 1.06996812e+09 1.06996814e+09
 1.06996815e+09 1.06996816e+09 1.06996818e+09 1.06996819e+09
 1.06996821e+09 1.06996822e+09 1.06996824e+09 1.06996825e+09
 1.06996826e+09 1.06996828e+09 1.06996829e+09 1.06996831e+09
 1.06996832e+09 1.06996834e+09 1.06996835e+09 1.06996837e+09
 1.06996838e+09 1.06996839e+09 1.06996841e+09 1.06996842e+09
 1.06996844e+09 1.06996845e+09 1.06996847e+09 1.06996848e+09
 1.06996849e+09 1.06996851e+09 1.06996852e+09 1.06996854e+09
 1.06996855e+09 1.06996857e+09 1.06996858e+09 1.06996860e+09
 1.06996861e+09 1.06996862e+09 1.06996864e+09 1.06996865e+09
 1.06996867e+09 1.06996868e+09 1.06996870e+09 1.06996871e+09
 1.06996872e+09 1.06996874e+09 1.06996875e+09 1.06996877e+09
 1.06996878e+09 1.06996880e+09 1.06996881e+09 1.06996883e+09
 1.06996884e+09 1.06996885e+09 1.06996887e+09 1.06996888e+09
 1.06996890e+09 1.06996891e+09 1.06996893e+09 1.06996894e+09
 1.06996895e+09 1.06996897e+09 1.06996898e+09 1.06996900e+09
 1.06996901e+09 1.06996903e+09 1.06996904e+09 1.06996906e+09
 1.06996907e+09 1.06996908e+09 1.06996910e+09 1.06996911e+09
 1.06996913e+09 1.06996914e+09 1.06996916e+09 1.06996917e+09
 1.06996918e+09 1.06996920e+09 1.06996921e+09 1.06996923e+09
 1.06996924e+09 1.06996926e+09 1.06996927e+09 1.06996929e+09
 1.06996930e+09 1.06996931e+09 1.06996933e+09 1.06996934e+09
 1.06996936e+09 1.06996937e+09 1.06996939e+09 1.06996940e+09
 1.06996941e+09 1.06996943e+09 1.06996944e+09 1.06996946e+09
 1.06996947e+09 1.06996949e+09 1.06996950e+09 1.06996952e+09
 1.06996953e+09 1.06996954e+09 1.06996956e+09 1.06996957e+09
 1.06996959e+09 1.06996960e+09 1.06996962e+09 1.06996963e+09
 1.06996964e+09 1.06996966e+09 1.06996967e+09 1.06996969e+09
 1.06996970e+09 1.06996972e+09 1.06996973e+09 1.06996975e+09
 1.06996976e+09 1.06996977e+09 1.06996979e+09 1.06996980e+09
 1.06996982e+09 1.06996983e+09 1.06996985e+09 1.06996986e+09
 1.06996987e+09 1.06996989e+09 1.06996990e+09 1.06996992e+09
 1.06996993e+09 1.06996995e+09 1.06996996e+09 1.06996998e+09
 1.06996999e+09 1.06997000e+09 1.06997002e+09 1.06997003e+09
 1.06997005e+09 1.06997006e+09 1.06997008e+09 1.06997009e+09
 1.06997010e+09 1.06997012e+09 1.06997013e+09 1.06997015e+09
 1.06997016e+09 1.06997018e+09 1.06997019e+09 1.06997021e+09
 1.06997022e+09 1.06997023e+09 1.06997025e+09 1.06997026e+09
 1.06997028e+09 1.06997029e+09 1.06997031e+09 1.06997032e+09
 1.06997033e+09 1.06997035e+09 1.06997036e+09 1.06997038e+09
 1.06997039e+09 1.06997041e+09 1.06997042e+09 1.06997044e+09
 1.06997045e+09 1.06997046e+09 1.06997048e+09 1.06997049e+09
 1.06997051e+09 1.06997052e+09 1.06997054e+09 1.06997055e+09
 1.06997056e+09 1.06997058e+09 1.06997059e+09 1.06997061e+09
 1.06997062e+09 1.06997064e+09 1.06997065e+09 1.06997067e+09
 1.06997068e+09 1.06997069e+09 1.06997071e+09 1.06997072e+09
 1.06997074e+09 1.06997075e+09 1.06997077e+09 1.06997078e+09
 1.06997079e+09 1.06997081e+09 1.06997082e+09 1.06997084e+09
 1.06997085e+09 1.06997087e+09 1.06997088e+09 1.06997090e+09
 1.06997091e+09 1.06997092e+09 1.06997094e+09 1.06997095e+09
 1.06997097e+09 1.06997098e+09 1.06997100e+09 1.06997101e+09
 1.06997102e+09 1.06997104e+09 1.06997105e+09 1.06997107e+09
 1.06997108e+09 1.06997110e+09 1.06997111e+09 1.06997113e+09
 1.06997114e+09 1.06997115e+09 1.06997117e+09 1.06997118e+09
 1.06997120e+09 1.06997121e+09 1.06997123e+09 1.06997124e+09
 1.06997125e+09 1.06997127e+09 1.06997128e+09 1.06997130e+09
 1.06997131e+09 1.06997133e+09 1.06997134e+09 1.06997136e+09
 1.06997137e+09 1.06997138e+09 1.06997140e+09 1.06997141e+09
 1.06997143e+09 1.06997144e+09 1.06997146e+09 1.06997147e+09
 1.06997148e+09 1.06997150e+09 1.06997151e+09 1.06997153e+09
 1.06997154e+09 1.06997156e+09 1.06997157e+09 1.06997159e+09
 1.06997160e+09 1.06997161e+09 1.06997163e+09 1.06997164e+09
 1.06997166e+09 1.06997167e+09 1.06997169e+09 1.06997170e+09
 1.06997171e+09 1.06997173e+09 1.06997174e+09 1.06997176e+09
 1.06997177e+09 1.06997179e+09 1.06997180e+09 1.06997182e+09
 1.06997183e+09 1.06997184e+09 1.06997186e+09 1.06997187e+09
 1.06997189e+09 1.06997190e+09 1.06997192e+09 1.06997193e+09
 1.06997194e+09 1.06997196e+09 1.06997197e+09 1.06997199e+09
 1.06997200e+09 1.06997202e+09 1.06997203e+09 1.06997205e+09
 1.06997206e+09 1.06997207e+09 1.06997209e+09 1.06997210e+09
 1.06997212e+09 1.06997213e+09 1.06997215e+09 1.06997216e+09
 1.06997217e+09 1.06997219e+09 1.06997220e+09 1.06997222e+09
 1.06997223e+09 1.06997225e+09 1.06997226e+09 1.06997228e+09
 1.06997229e+09 1.06997230e+09 1.06997232e+09 1.06997233e+09
 1.06997235e+09 1.06997236e+09 1.06997238e+09 1.06997239e+09
 1.06997240e+09 1.06997242e+09 1.06997243e+09 1.06997245e+09
 1.06997246e+09 1.06997248e+09 1.06997249e+09 1.06997251e+09
 1.06997252e+09 1.06997253e+09 1.06997255e+09 1.06997256e+09
 1.06997258e+09 1.06997259e+09 1.06997261e+09 1.06997262e+09
 1.06997263e+09 1.06997265e+09 1.06997266e+09 1.06997268e+09
 1.06997269e+09 1.06997271e+09 1.06997272e+09 1.06997274e+09
 1.06997275e+09 1.06997276e+09 1.06997278e+09 1.06997279e+09
 1.06997281e+09 1.06997282e+09 1.06997284e+09 1.06997285e+09]
minRes = 0.09217961168520364
minResTime = [1.06995886e+09]
Cov(t) = [100 100 100 100 100 100 100 100 100 100 100 100 100 100 100 100 100 100
 100 100 100 100 100 100 100 100 100 100 100 100 100 100 100 100 100 100
 100 100 100 100 100 100 100 100 100 100 100 100 100 100 100 100 100 100
 100 100 100 100 100 100 100 100 100 100 100 100 100 100 100 100 100 100
 100 100 100 100 100 100 100 100 100 100 100 100 100 100 100 100 100 100
 100 100 100 100 100 100 100 100 100 100 100 100 100 100 100 100 100 100
 100 100 100 100 100 100 100 100 100 100 100 100 100 100 100 100 100 100
 100 100 100 100 100 100 100 100 100 100 100 100 100 100 100 100 100 100
 100 100 100 100 100 100 100 100 100 100 100 100 100 100 100 100 100 100
 100 100 100 100 100 100 100 100 100 100 100 100 100 100 100 100 100 100
 100 100 100 100 100 100 100 100 100 100 100 100 100 100 100 100 100 100
 100 100 100 100 100 100 100 100 100 100 100 100 100 100 100 100 100 100
 100 100 100 100 100 100 100 100 100 100 100 100 100 100 100 100 100 100
 100 100 100 100 100 100 100 100 100 100 100 100 100 100 100 100 100 100
 100 100 100 100 100 100 100 100 100 100 100 100 100 100 100 100 100 100
 100 100 100 100 100 100 100 100 100 100 100 100 100 100 100 100 100 100
 100 100 100 100 100 100 100 100 100 100 100 100 100 100 100 100 100 100
 100 100 100 100 100 100 100 100 100 100 100 100 100 100 100 100 100 100
 100 100 100 100 100 100 100 100 100 100 100 100 100 100 100 100 100 100
 100 100 100 100 100 100 100 100 100 100 100 100 100 100 100 100 100 100
 100 100 100 100 100 100 100 100 100 100 100 100 100 100 100 100 100 100
 100 100 100 100 100 100 100 100 100 100 100 100 100 100 100 100 100 100
 100 100 100 100 100 100 100 100 100 100 100 100 100 100 100 100 100 100
 100 100 100 100 100 100 100 100 100 100 100 100 100 100 100 100 100 100
 100 100 100 100 100 100 100 100 100 100 100 100 100 100 100 100 100 100
 100 100 100 100 100 100 100 100 100 100 100 100 100 100 100 100 100 100
 100 100 100 100 100 100 100 100 100 100 100 100 100 100 100 100 100 100
 100 100 100 100 100 100 100 100 100 100 100 100 100 100 100 100 100 100
 100 100 100 100 100 100 100 100 100 100 100 100 100 100 100 100 100 100
 100 100 100 100 100 100 100 100 100 100 100 100 100 100 100 100 100 100
 100 100 100 100 100 100 100 100 100 100 100 100 100 100 100 100 100 100
 100 100 100 100 100 100 100 100 100 100 100 100 100 100 100 100 100 100
 100 100 100 100 100 100 100 100 100 100 100 100 100 100 100 100 100 100
 100 100 100 100 100 100 100 100 100 100 100 100 100 100 100 100 100 100
 100 100 100 100 100 100 100 100 100 100 100 100 100 100 100 100 100 100
 100 100 100 100 100 100 100 100 100 100 100 100 100 100 100 100 100 100
 100 100 100 100 100 100 100 100 100 100 100 100 100 100 100 100 100 100
 100 100 100 100 100 100 100 100 100 100 100 100 100 100 100 100 100 100
 100 100 100 100 100 100 100 100 100 100 100 100 100 100 100 100 100 100
 100 100 100 100 100 100 100 100 100 100 100 100 100 100 100 100 100 100
 100 100 100 100 100 100 100 100 100 100 100 100 100 100 100 100 100 100
 100 100 100 100 100 100 100 100 100 100 100 100 100 100 100 100 100 100
 100 100 100 100 100 100 100 100 100 100 100 100 100 100 100 100 100 100
 100 100 100 100 100 100 100 100 100 100 100 100 100 100 100 100 100 100
 100 100 100 100 100 100 100 100 100 100 100 100 100 100 100 100 100 100
 100 100 100 100 100 100 100 100 100 100 100 100 100 100 100 100 100 100
 100 100 100 100 100 100 100 100 100 100 100 100 100 100 100 100 100 100
 100 100 100 100 100 100 100 100 100 100 100 100 100 100 100 100 100 100
 100 100 100 100 100 100 100 100 100 100 100 100 100 100 100 100 100 100
 100 100 100 100 100 100 100 100 100 100 100 100 100 100 100 100 100 100
 100 100 100 100 100 100 100 100 100 100 100 100 100 100 100 100 100 100
 100 100 100 100 100 100 100 100 100 100 100 100 100 100 100 100 100 100
 100 100 100 100 100 100 100 100 100 100 100 100 100 100 100 100 100 100
 100 100 100 100 100 100 100 100 100 100 100 100 100 100 100 100 100 100
 100 100 100 100 100 100 100 100 100 100 100 100 100 100 100 100 100 100
 100 100 100 100 100 100 100 100 100 100]
maxCov = 100
maxCovTime = [1.06995849e+09 1.06995850e+09 1.06995852e+09 1.06995853e+09
 1.06995855e+09 1.06995856e+09 1.06995858e+09 1.06995859e+09
 1.06995861e+09 1.06995862e+09 1.06995863e+09 1.06995865e+09
 1.06995866e+09 1.06995868e+09 1.06995869e+09 1.06995871e+09
 1.06995872e+09 1.06995873e+09 1.06995875e+09 1.06995876e+09
 1.06995878e+09 1.06995879e+09 1.06995881e+09 1.06995882e+09
 1.06995884e+09 1.06995885e+09 1.06995886e+09 1.06995888e+09
 1.06995889e+09 1.06995891e+09 1.06995892e+09 1.06995894e+09
 1.06995895e+09 1.06995896e+09 1.06995898e+09 1.06995899e+09
 1.06995901e+09 1.06995902e+09 1.06995904e+09 1.06995905e+09
 1.06995907e+09 1.06995908e+09 1.06995909e+09 1.06995911e+09
 1.06995912e+09 1.06995914e+09 1.06995915e+09 1.06995917e+09
 1.06995918e+09 1.06995919e+09 1.06995921e+09 1.06995922e+09
 1.06995924e+09 1.06995925e+09 1.06995927e+09 1.06995928e+09
 1.06995930e+09 1.06995931e+09 1.06995932e+09 1.06995934e+09
 1.06995935e+09 1.06995937e+09 1.06995938e+09 1.06995940e+09
 1.06995941e+09 1.06995942e+09 1.06995944e+09 1.06995945e+09
 1.06995947e+09 1.06995948e+09 1.06995950e+09 1.06995951e+09
 1.06995952e+09 1.06995954e+09 1.06995955e+09 1.06995957e+09
 1.06995958e+09 1.06995960e+09 1.06995961e+09 1.06995963e+09
 1.06995964e+09 1.06995965e+09 1.06995967e+09 1.06995968e+09
 1.06995970e+09 1.06995971e+09 1.06995973e+09 1.06995974e+09
 1.06995975e+09 1.06995977e+09 1.06995978e+09 1.06995980e+09
 1.06995981e+09 1.06995983e+09 1.06995984e+09 1.06995986e+09
 1.06995987e+09 1.06995988e+09 1.06995990e+09 1.06995991e+09
 1.06995993e+09 1.06995994e+09 1.06995996e+09 1.06995997e+09
 1.06995998e+09 1.06996000e+09 1.06996001e+09 1.06996003e+09
 1.06996004e+09 1.06996006e+09 1.06996007e+09 1.06996009e+09
 1.06996010e+09 1.06996011e+09 1.06996013e+09 1.06996014e+09
 1.06996016e+09 1.06996017e+09 1.06996019e+09 1.06996020e+09
 1.06996021e+09 1.06996023e+09 1.06996024e+09 1.06996026e+09
 1.06996027e+09 1.06996029e+09 1.06996030e+09 1.06996032e+09
 1.06996033e+09 1.06996034e+09 1.06996036e+09 1.06996037e+09
 1.06996039e+09 1.06996040e+09 1.06996042e+09 1.06996043e+09
 1.06996044e+09 1.06996046e+09 1.06996047e+09 1.06996049e+09
 1.06996050e+09 1.06996052e+09 1.06996053e+09 1.06996055e+09
 1.06996056e+09 1.06996057e+09 1.06996059e+09 1.06996060e+09
 1.06996062e+09 1.06996063e+09 1.06996065e+09 1.06996066e+09
 1.06996067e+09 1.06996069e+09 1.06996070e+09 1.06996072e+09
 1.06996073e+09 1.06996075e+09 1.06996076e+09 1.06996078e+09
 1.06996079e+09 1.06996080e+09 1.06996082e+09 1.06996083e+09
 1.06996085e+09 1.06996086e+09 1.06996088e+09 1.06996089e+09
 1.06996090e+09 1.06996092e+09 1.06996093e+09 1.06996095e+09
 1.06996096e+09 1.06996098e+09 1.06996099e+09 1.06996101e+09
 1.06996102e+09 1.06996103e+09 1.06996105e+09 1.06996106e+09
 1.06996108e+09 1.06996109e+09 1.06996111e+09 1.06996112e+09
 1.06996113e+09 1.06996115e+09 1.06996116e+09 1.06996118e+09
 1.06996119e+09 1.06996121e+09 1.06996122e+09 1.06996124e+09
 1.06996125e+09 1.06996126e+09 1.06996128e+09 1.06996129e+09
 1.06996131e+09 1.06996132e+09 1.06996134e+09 1.06996135e+09
 1.06996136e+09 1.06996138e+09 1.06996139e+09 1.06996141e+09
 1.06996142e+09 1.06996144e+09 1.06996145e+09 1.06996147e+09
 1.06996148e+09 1.06996149e+09 1.06996151e+09 1.06996152e+09
 1.06996154e+09 1.06996155e+09 1.06996157e+09 1.06996158e+09
 1.06996159e+09 1.06996161e+09 1.06996162e+09 1.06996164e+09
 1.06996165e+09 1.06996167e+09 1.06996168e+09 1.06996170e+09
 1.06996171e+09 1.06996172e+09 1.06996174e+09 1.06996175e+09
 1.06996177e+09 1.06996178e+09 1.06996180e+09 1.06996181e+09
 1.06996182e+09 1.06996184e+09 1.06996185e+09 1.06996187e+09
 1.06996188e+09 1.06996190e+09 1.06996191e+09 1.06996193e+09
 1.06996194e+09 1.06996195e+09 1.06996197e+09 1.06996198e+09
 1.06996200e+09 1.06996201e+09 1.06996203e+09 1.06996204e+09
 1.06996205e+09 1.06996207e+09 1.06996208e+09 1.06996210e+09
 1.06996211e+09 1.06996213e+09 1.06996214e+09 1.06996216e+09
 1.06996217e+09 1.06996218e+09 1.06996220e+09 1.06996221e+09
 1.06996223e+09 1.06996224e+09 1.06996226e+09 1.06996227e+09
 1.06996228e+09 1.06996230e+09 1.06996231e+09 1.06996233e+09
 1.06996234e+09 1.06996236e+09 1.06996237e+09 1.06996239e+09
 1.06996240e+09 1.06996241e+09 1.06996243e+09 1.06996244e+09
 1.06996246e+09 1.06996247e+09 1.06996249e+09 1.06996250e+09
 1.06996251e+09 1.06996253e+09 1.06996254e+09 1.06996256e+09
 1.06996257e+09 1.06996259e+09 1.06996260e+09 1.06996262e+09
 1.06996263e+09 1.06996264e+09 1.06996266e+09 1.06996267e+09
 1.06996269e+09 1.06996270e+09 1.06996272e+09 1.06996273e+09
 1.06996274e+09 1.06996276e+09 1.06996277e+09 1.06996279e+09
 1.06996280e+09 1.06996282e+09 1.06996283e+09 1.06996285e+09
 1.06996286e+09 1.06996287e+09 1.06996289e+09 1.06996290e+09
 1.06996292e+09 1.06996293e+09 1.06996295e+09 1.06996296e+09
 1.06996297e+09 1.06996299e+09 1.06996300e+09 1.06996302e+09
 1.06996303e+09 1.06996305e+09 1.06996306e+09 1.06996308e+09
 1.06996309e+09 1.06996310e+09 1.06996312e+09 1.06996313e+09
 1.06996315e+09 1.06996316e+09 1.06996318e+09 1.06996319e+09
 1.06996320e+09 1.06996322e+09 1.06996323e+09 1.06996325e+09
 1.06996326e+09 1.06996328e+09 1.06996329e+09 1.06996331e+09
 1.06996332e+09 1.06996333e+09 1.06996335e+09 1.06996336e+09
 1.06996338e+09 1.06996339e+09 1.06996341e+09 1.06996342e+09
 1.06996343e+09 1.06996345e+09 1.06996346e+09 1.06996348e+09
 1.06996349e+09 1.06996351e+09 1.06996352e+09 1.06996354e+09
 1.06996355e+09 1.06996356e+09 1.06996358e+09 1.06996359e+09
 1.06996361e+09 1.06996362e+09 1.06996364e+09 1.06996365e+09
 1.06996366e+09 1.06996368e+09 1.06996369e+09 1.06996371e+09
 1.06996372e+09 1.06996374e+09 1.06996375e+09 1.06996377e+09
 1.06996378e+09 1.06996379e+09 1.06996381e+09 1.06996382e+09
 1.06996384e+09 1.06996385e+09 1.06996387e+09 1.06996388e+09
 1.06996389e+09 1.06996391e+09 1.06996392e+09 1.06996394e+09
 1.06996395e+09 1.06996397e+09 1.06996398e+09 1.06996400e+09
 1.06996401e+09 1.06996402e+09 1.06996404e+09 1.06996405e+09
 1.06996407e+09 1.06996408e+09 1.06996410e+09 1.06996411e+09
 1.06996412e+09 1.06996414e+09 1.06996415e+09 1.06996417e+09
 1.06996418e+09 1.06996420e+09 1.06996421e+09 1.06996423e+09
 1.06996424e+09 1.06996425e+09 1.06996427e+09 1.06996428e+09
 1.06996430e+09 1.06996431e+09 1.06996433e+09 1.06996434e+09
 1.06996435e+09 1.06996437e+09 1.06996438e+09 1.06996440e+09
 1.06996441e+09 1.06996443e+09 1.06996444e+09 1.06996446e+09
 1.06996447e+09 1.06996448e+09 1.06996450e+09 1.06996451e+09
 1.06996453e+09 1.06996454e+09 1.06996456e+09 1.06996457e+09
 1.06996458e+09 1.06996460e+09 1.06996461e+09 1.06996463e+09
 1.06996464e+09 1.06996466e+09 1.06996467e+09 1.06996469e+09
 1.06996470e+09 1.06996471e+09 1.06996473e+09 1.06996474e+09
 1.06996476e+09 1.06996477e+09 1.06996479e+09 1.06996480e+09
 1.06996481e+09 1.06996483e+09 1.06996484e+09 1.06996486e+09
 1.06996487e+09 1.06996489e+09 1.06996490e+09 1.06996492e+09
 1.06996493e+09 1.06996494e+09 1.06996496e+09 1.06996497e+09
 1.06996499e+09 1.06996500e+09 1.06996502e+09 1.06996503e+09
 1.06996504e+09 1.06996506e+09 1.06996507e+09 1.06996509e+09
 1.06996510e+09 1.06996512e+09 1.06996513e+09 1.06996515e+09
 1.06996516e+09 1.06996517e+09 1.06996519e+09 1.06996520e+09
 1.06996522e+09 1.06996523e+09 1.06996525e+09 1.06996526e+09
 1.06996527e+09 1.06996529e+09 1.06996530e+09 1.06996532e+09
 1.06996533e+09 1.06996535e+09 1.06996536e+09 1.06996538e+09
 1.06996539e+09 1.06996540e+09 1.06996542e+09 1.06996543e+09
 1.06996545e+09 1.06996546e+09 1.06996548e+09 1.06996549e+09
 1.06996550e+09 1.06996552e+09 1.06996553e+09 1.06996555e+09
 1.06996556e+09 1.06996558e+09 1.06996559e+09 1.06996561e+09
 1.06996562e+09 1.06996563e+09 1.06996565e+09 1.06996566e+09
 1.06996568e+09 1.06996569e+09 1.06996571e+09 1.06996572e+09
 1.06996573e+09 1.06996575e+09 1.06996576e+09 1.06996578e+09
 1.06996579e+09 1.06996581e+09 1.06996582e+09 1.06996584e+09
 1.06996585e+09 1.06996586e+09 1.06996588e+09 1.06996589e+09
 1.06996591e+09 1.06996592e+09 1.06996594e+09 1.06996595e+09
 1.06996596e+09 1.06996598e+09 1.06996599e+09 1.06996601e+09
 1.06996602e+09 1.06996604e+09 1.06996605e+09 1.06996607e+09
 1.06996608e+09 1.06996609e+09 1.06996611e+09 1.06996612e+09
 1.06996614e+09 1.06996615e+09 1.06996617e+09 1.06996618e+09
 1.06996619e+09 1.06996621e+09 1.06996622e+09 1.06996624e+09
 1.06996625e+09 1.06996627e+09 1.06996628e+09 1.06996630e+09
 1.06996631e+09 1.06996632e+09 1.06996634e+09 1.06996635e+09
 1.06996637e+09 1.06996638e+09 1.06996640e+09 1.06996641e+09
 1.06996642e+09 1.06996644e+09 1.06996645e+09 1.06996647e+09
 1.06996648e+09 1.06996650e+09 1.06996651e+09 1.06996653e+09
 1.06996654e+09 1.06996655e+09 1.06996657e+09 1.06996658e+09
 1.06996660e+09 1.06996661e+09 1.06996663e+09 1.06996664e+09
 1.06996665e+09 1.06996667e+09 1.06996668e+09 1.06996670e+09
 1.06996671e+09 1.06996673e+09 1.06996674e+09 1.06996676e+09
 1.06996677e+09 1.06996678e+09 1.06996680e+09 1.06996681e+09
 1.06996683e+09 1.06996684e+09 1.06996686e+09 1.06996687e+09
 1.06996688e+09 1.06996690e+09 1.06996691e+09 1.06996693e+09
 1.06996694e+09 1.06996696e+09 1.06996697e+09 1.06996699e+09
 1.06996700e+09 1.06996701e+09 1.06996703e+09 1.06996704e+09
 1.06996706e+09 1.06996707e+09 1.06996709e+09 1.06996710e+09
 1.06996711e+09 1.06996713e+09 1.06996714e+09 1.06996716e+09
 1.06996717e+09 1.06996719e+09 1.06996720e+09 1.06996722e+09
 1.06996723e+09 1.06996724e+09 1.06996726e+09 1.06996727e+09
 1.06996729e+09 1.06996730e+09 1.06996732e+09 1.06996733e+09
 1.06996734e+09 1.06996736e+09 1.06996737e+09 1.06996739e+09
 1.06996740e+09 1.06996742e+09 1.06996743e+09 1.06996745e+09
 1.06996746e+09 1.06996747e+09 1.06996749e+09 1.06996750e+09
 1.06996752e+09 1.06996753e+09 1.06996755e+09 1.06996756e+09
 1.06996757e+09 1.06996759e+09 1.06996760e+09 1.06996762e+09
 1.06996763e+09 1.06996765e+09 1.06996766e+09 1.06996768e+09
 1.06996769e+09 1.06996770e+09 1.06996772e+09 1.06996773e+09
 1.06996775e+09 1.06996776e+09 1.06996778e+09 1.06996779e+09
 1.06996780e+09 1.06996782e+09 1.06996783e+09 1.06996785e+09
 1.06996786e+09 1.06996788e+09 1.06996789e+09 1.06996791e+09
 1.06996792e+09 1.06996793e+09 1.06996795e+09 1.06996796e+09
 1.06996798e+09 1.06996799e+09 1.06996801e+09 1.06996802e+09
 1.06996803e+09 1.06996805e+09 1.06996806e+09 1.06996808e+09
 1.06996809e+09 1.06996811e+09 1.06996812e+09 1.06996814e+09
 1.06996815e+09 1.06996816e+09 1.06996818e+09 1.06996819e+09
 1.06996821e+09 1.06996822e+09 1.06996824e+09 1.06996825e+09
 1.06996826e+09 1.06996828e+09 1.06996829e+09 1.06996831e+09
 1.06996832e+09 1.06996834e+09 1.06996835e+09 1.06996837e+09
 1.06996838e+09 1.06996839e+09 1.06996841e+09 1.06996842e+09
 1.06996844e+09 1.06996845e+09 1.06996847e+09 1.06996848e+09
 1.06996849e+09 1.06996851e+09 1.06996852e+09 1.06996854e+09
 1.06996855e+09 1.06996857e+09 1.06996858e+09 1.06996860e+09
 1.06996861e+09 1.06996862e+09 1.06996864e+09 1.06996865e+09
 1.06996867e+09 1.06996868e+09 1.06996870e+09 1.06996871e+09
 1.06996872e+09 1.06996874e+09 1.06996875e+09 1.06996877e+09
 1.06996878e+09 1.06996880e+09 1.06996881e+09 1.06996883e+09
 1.06996884e+09 1.06996885e+09 1.06996887e+09 1.06996888e+09
 1.06996890e+09 1.06996891e+09 1.06996893e+09 1.06996894e+09
 1.06996895e+09 1.06996897e+09 1.06996898e+09 1.06996900e+09
 1.06996901e+09 1.06996903e+09 1.06996904e+09 1.06996906e+09
 1.06996907e+09 1.06996908e+09 1.06996910e+09 1.06996911e+09
 1.06996913e+09 1.06996914e+09 1.06996916e+09 1.06996917e+09
 1.06996918e+09 1.06996920e+09 1.06996921e+09 1.06996923e+09
 1.06996924e+09 1.06996926e+09 1.06996927e+09 1.06996929e+09
 1.06996930e+09 1.06996931e+09 1.06996933e+09 1.06996934e+09
 1.06996936e+09 1.06996937e+09 1.06996939e+09 1.06996940e+09
 1.06996941e+09 1.06996943e+09 1.06996944e+09 1.06996946e+09
 1.06996947e+09 1.06996949e+09 1.06996950e+09 1.06996952e+09
 1.06996953e+09 1.06996954e+09 1.06996956e+09 1.06996957e+09
 1.06996959e+09 1.06996960e+09 1.06996962e+09 1.06996963e+09
 1.06996964e+09 1.06996966e+09 1.06996967e+09 1.06996969e+09
 1.06996970e+09 1.06996972e+09 1.06996973e+09 1.06996975e+09
 1.06996976e+09 1.06996977e+09 1.06996979e+09 1.06996980e+09
 1.06996982e+09 1.06996983e+09 1.06996985e+09 1.06996986e+09
 1.06996987e+09 1.06996989e+09 1.06996990e+09 1.06996992e+09
 1.06996993e+09 1.06996995e+09 1.06996996e+09 1.06996998e+09
 1.06996999e+09 1.06997000e+09 1.06997002e+09 1.06997003e+09
 1.06997005e+09 1.06997006e+09 1.06997008e+09 1.06997009e+09
 1.06997010e+09 1.06997012e+09 1.06997013e+09 1.06997015e+09
 1.06997016e+09 1.06997018e+09 1.06997019e+09 1.06997021e+09
 1.06997022e+09 1.06997023e+09 1.06997025e+09 1.06997026e+09
 1.06997028e+09 1.06997029e+09 1.06997031e+09 1.06997032e+09
 1.06997033e+09 1.06997035e+09 1.06997036e+09 1.06997038e+09
 1.06997039e+09 1.06997041e+09 1.06997042e+09 1.06997044e+09
 1.06997045e+09 1.06997046e+09 1.06997048e+09 1.06997049e+09
 1.06997051e+09 1.06997052e+09 1.06997054e+09 1.06997055e+09
 1.06997056e+09 1.06997058e+09 1.06997059e+09 1.06997061e+09
 1.06997062e+09 1.06997064e+09 1.06997065e+09 1.06997067e+09
 1.06997068e+09 1.06997069e+09 1.06997071e+09 1.06997072e+09
 1.06997074e+09 1.06997075e+09 1.06997077e+09 1.06997078e+09
 1.06997079e+09 1.06997081e+09 1.06997082e+09 1.06997084e+09
 1.06997085e+09 1.06997087e+09 1.06997088e+09 1.06997090e+09
 1.06997091e+09 1.06997092e+09 1.06997094e+09 1.06997095e+09
 1.06997097e+09 1.06997098e+09 1.06997100e+09 1.06997101e+09
 1.06997102e+09 1.06997104e+09 1.06997105e+09 1.06997107e+09
 1.06997108e+09 1.06997110e+09 1.06997111e+09 1.06997113e+09
 1.06997114e+09 1.06997115e+09 1.06997117e+09 1.06997118e+09
 1.06997120e+09 1.06997121e+09 1.06997123e+09 1.06997124e+09
 1.06997125e+09 1.06997127e+09 1.06997128e+09 1.06997130e+09
 1.06997131e+09 1.06997133e+09 1.06997134e+09 1.06997136e+09
 1.06997137e+09 1.06997138e+09 1.06997140e+09 1.06997141e+09
 1.06997143e+09 1.06997144e+09 1.06997146e+09 1.06997147e+09
 1.06997148e+09 1.06997150e+09 1.06997151e+09 1.06997153e+09
 1.06997154e+09 1.06997156e+09 1.06997157e+09 1.06997159e+09
 1.06997160e+09 1.06997161e+09 1.06997163e+09 1.06997164e+09
 1.06997166e+09 1.06997167e+09 1.06997169e+09 1.06997170e+09
 1.06997171e+09 1.06997173e+09 1.06997174e+09 1.06997176e+09
 1.06997177e+09 1.06997179e+09 1.06997180e+09 1.06997182e+09
 1.06997183e+09 1.06997184e+09 1.06997186e+09 1.06997187e+09
 1.06997189e+09 1.06997190e+09 1.06997192e+09 1.06997193e+09
 1.06997194e+09 1.06997196e+09 1.06997197e+09 1.06997199e+09
 1.06997200e+09 1.06997202e+09 1.06997203e+09 1.06997205e+09
 1.06997206e+09 1.06997207e+09 1.06997209e+09 1.06997210e+09
 1.06997212e+09 1.06997213e+09 1.06997215e+09 1.06997216e+09
 1.06997217e+09 1.06997219e+09 1.06997220e+09 1.06997222e+09
 1.06997223e+09 1.06997225e+09 1.06997226e+09 1.06997228e+09
 1.06997229e+09 1.06997230e+09 1.06997232e+09 1.06997233e+09
 1.06997235e+09 1.06997236e+09 1.06997238e+09 1.06997239e+09
 1.06997240e+09 1.06997242e+09 1.06997243e+09 1.06997245e+09
 1.06997246e+09 1.06997248e+09 1.06997249e+09 1.06997251e+09
 1.06997252e+09 1.06997253e+09 1.06997255e+09 1.06997256e+09
 1.06997258e+09 1.06997259e+09 1.06997261e+09 1.06997262e+09
 1.06997263e+09 1.06997265e+09 1.06997266e+09 1.06997268e+09
 1.06997269e+09 1.06997271e+09 1.06997272e+09 1.06997274e+09
 1.06997275e+09 1.06997276e+09 1.06997278e+09 1.06997279e+09
 1.06997281e+09 1.06997282e+09 1.06997284e+09 1.06997285e+09]
