name =JUICE_ROI_GAN_2_0_18
flyby = ['2034 JUL 11 19:50:31', '2034 JUL 12 19:50:31']
Observation TW = <SpiceCell dtype = 1, length = 0, size = 3200, card = 12, is_set = 1, adjust = 0, init = 1, base = 94563332861008, data = 94563332861056>
Res(t) = [2.84564734 2.8458013  2.84595522 2.84610909 2.84626293 2.84641672
 2.84657048 2.84672419 2.84687786 2.84703149 2.84718508 2.84733863
 2.84749214 2.84764561 2.84779903 2.84795241 2.84810576 2.84825906
 2.84841232 2.84856554 2.84871872 2.84887186 2.84902495 2.84917801
 2.84933102 2.849484   2.84963693 2.84978982 2.84994267 2.85009547
 2.85024824 2.85040096 2.85055365 2.85070629 2.85085889 2.85101145
 2.85116396 2.85131644 2.85146887 2.85162127 2.85177362 2.85192593
 2.85207819 2.85223042 2.8523826  2.85253475 2.85268685 2.85283891
 2.85299093 2.8531429  2.85329484 2.85344673 2.85359858 2.85375039
 2.85390216 2.85405388 2.85420556 2.85435721 2.85450881 2.85466036
 2.85481188 2.85496335 2.85511479 2.85526617 2.85541752 2.85556883
 2.85572009 2.85587131 2.85602249 2.85617363 2.85632473 2.85647578
 2.85662679 2.85677776 2.85692869 2.85707957 2.85723042 2.85738121
 2.85753197 2.85768269 2.85783336 2.85798399 2.85813458 2.85828513
 2.85843563 2.85858609 2.85873651 2.85888689 2.85903722 2.85918751
 2.85933776 2.85948797 2.85963813 2.85978826 2.85993834 2.86008837
 2.86023837 2.86038832 2.86053823 2.86068809 2.86083792 2.8609877
 2.86113744 2.86128713 2.86143678 2.86158639 2.86173596 2.86188548
 2.86203497 2.86218441 2.86233381 2.86248316 2.86263247 2.86278174
 2.86293096 2.86308014 2.86322928 2.86337838 2.86352743 2.86367644
 2.8638254  2.86397433 2.86412321 2.86427205 2.86442084 2.86456959
 2.8647183  2.86486697 2.86501559 2.86516417 2.86531271 2.8654612
 2.86560965 2.86575805 2.86590642 2.86605474 2.86620301 2.86635125
 2.86649944 2.86664759 2.86679569 2.86694375 2.86709176 2.86723974
 2.86738766 2.86753555 2.8676834  2.86783119 2.86797895 2.86812666
 2.86827433 2.86842196 2.86856954 2.86871708 2.86886457 2.86901202
 2.86915943 2.86930679 2.86945411 2.86960139 2.86974862 2.86989581
 2.87004296 2.87019006 2.87033712 2.87048413 2.8706311  2.87077803
 2.87092491 2.87107175 2.87121854 2.87136529 2.871512   2.87165866
 2.87180528 2.87195186 2.87209839 2.87224488 2.87239132 2.87253772
 2.87268408 2.87283039 2.87297666 2.87312288 2.87326906 2.87341519
 2.87356129 2.87370733 2.87385334 2.87399929 2.87414521 2.87429108
 2.87443691 2.87458269 2.87472843 2.87487412 2.87501977 2.87516537
 2.87531093 2.87545645 2.87560192 2.87574735 2.87589273 2.87603807
 2.87618336 2.87632862 2.87647382 2.87661898 2.8767641  2.87690917
 2.8770542  2.87719918 2.87734412 2.87748901 2.87763386 2.87777867
 2.87792343 2.87806814 2.87821282 2.87835744 2.87850202 2.87864656
 2.87879105 2.8789355  2.8790799  2.87922426 2.87936858 2.87951284
 2.87965707 2.87980125 2.87994538 2.88008947 2.88023351 2.88037751
 2.88052147 2.88066538 2.88080925 2.88095307 2.88109684 2.88124057
 2.88138426 2.88152789 2.88167149 2.88181504 2.88195855 2.88210201
 2.88224542 2.88238879 2.88253212 2.8826754  2.88281863 2.88296182
 2.88310497 2.88324807 2.88339112 2.88353413 2.88367709 2.88382001
 2.88396288 2.88410571 2.88424849 2.88439123 2.88453392 2.88467657
 2.88481917 2.88496172 2.88510424 2.8852467  2.88538912 2.8855315
 2.88567383 2.88581611 2.88595835 2.88610054 2.88624269 2.88638479
 2.88652685 2.88666886 2.88681082 2.88695274 2.88709461 2.88723644
 2.88737822 2.88751996 2.88766165 2.8878033  2.8879449  2.88808645
 2.88822796 2.88836942 2.88851084 2.88865221 2.88879354 2.88893482
 2.88907606 2.88921724 2.88935838 2.88949948 2.88964053 2.88978154
 2.8899225  2.89006341 2.89020428 2.8903451  2.89048587 2.8906266
 2.89076729 2.89090793 2.89104852 2.89118906 2.89132956 2.89147002
 2.89161043 2.89175079 2.8918911  2.89203137 2.8921716  2.89231177
 2.8924519  2.89259199 2.89273203 2.89287202 2.89301197 2.89315187
 2.89329172 2.89343153 2.89357129 2.893711   2.89385067 2.8939903
 2.89412987 2.8942694  2.89440888 2.89454832 2.89468772 2.89482706
 2.89496636 2.89510561 2.89524482 2.89538397 2.89552309 2.89566215
 2.89580117 2.89594014 2.89607907 2.89621795 2.89635679 2.89649557
 2.89663431 2.89677301 2.89691166 2.89705026 2.89718881 2.89732732
 2.89746578 2.89760419 2.89774256 2.89788088 2.89801916 2.89815738
 2.89829556 2.8984337  2.89857179 2.89870983 2.89884782 2.89898577
 2.89912367 2.89926152 2.89939933 2.89953709 2.8996748  2.89981247
 2.89995009 2.90008766 2.90022518 2.90036266 2.90050009 2.90063748
 2.90077482 2.90091211 2.90104935 2.90118655 2.9013237  2.9014608
 2.90159786 2.90173487 2.90187183 2.90200874 2.90214561 2.90228243
 2.9024192  2.90255593 2.90269261 2.90282924 2.90296582 2.90310236
 2.90323885 2.90337529 2.90351169 2.90364803 2.90378434 2.90392059
 2.9040568  2.90419296 2.90432907 2.90446514 2.90460115 2.90473712
 2.90487305 2.90500892 2.90514475 2.90528053 2.90541626 2.90555195
 2.90568758 2.90582317 2.90595872 2.90609422 2.90622966 2.90636506
 2.90650042 2.90663572 2.90677098 2.90690619 2.90704136 2.90717647
 2.90731154 2.90744656 2.90758153 2.90771646 2.90785134 2.90798617
 2.90812095 2.90825569 2.90839037 2.90852501 2.9086596  2.90879415
 2.90892864 2.9090631  2.90919749 2.90933185 2.90946615 2.90960041
 2.90973462 2.90986878 2.91000289 2.91013696 2.91027098 2.91040495
 2.91053887 2.91067275 2.91080657 2.91094035 2.91107408 2.91120777
 2.9113414  2.91147499 2.91160853 2.91174202 2.91187546 2.91200886
 2.9121422  2.9122755  2.91240875 2.91254196 2.91267511 2.91280822
 2.91294127 2.91307429 2.91320725 2.91334016 2.91347303 2.91360585
 2.91373862 2.91387134 2.91400401 2.91413664 2.91426921 2.91440174
 2.91453422 2.91466665 2.91479904 2.91493137 2.91506366 2.9151959
 2.91532809 2.91546023 2.91559233 2.91572437 2.91585637 2.91598832
 2.91612022 2.91625207 2.91638388 2.91651564 2.91664734 2.916779
 2.91691061 2.91704217 2.91717368 2.91730515 2.91743657 2.91756794
 2.91769925 2.91783052 2.91796175 2.91809292 2.91822405 2.91835512
 2.91848615 2.91861713 2.91874806 2.91887894 2.91900978 2.91914056
 2.9192713  2.91940198 2.91953262 2.91966321 2.91979375 2.91992425
 2.92005469 2.92018509 2.92031543 2.92044573 2.92057598 2.92070618
 2.92083633 2.92096644 2.92109649 2.92122649 2.92135645 2.92148636
 2.92161622 2.92174603 2.92187579 2.9220055  2.92213516 2.92226478
 2.92239434 2.92252386 2.92265332 2.92278274 2.92291211 2.92304143
 2.9231707  2.92329993 2.9234291  2.92355822 2.9236873  2.92381633
 2.92394531 2.92407423 2.92420311 2.92433194 2.92446072 2.92458946
 2.92471814 2.92484677 2.92497536 2.92510389 2.92523238 2.92536082
 2.9254892  2.92561754 2.92574583 2.92587407 2.92600226 2.9261304
 2.9262585  2.92638654 2.92651454 2.92664248 2.92677038 2.92689822
 2.92702602 2.92715377 2.92728147 2.92740912 2.92753671 2.92766426
 2.92779177 2.92791922 2.92804662 2.92817397 2.92830128 2.92842853
 2.92855574 2.92868289 2.92881    2.92893705 2.92906406 2.92919102
 2.92931793 2.92944479 2.92957159 2.92969835 2.92982506 2.92995172
 2.93007833 2.9302049  2.93033141 2.93045787 2.93058428 2.93071065
 2.93083696 2.93096322 2.93108944 2.9312156  2.93134172 2.93146778
 2.9315938  2.93171977 2.93184568 2.93197155 2.93209736 2.93222313
 2.93234885 2.93247452 2.93260013 2.9327257  2.93285122 2.93297669
 2.93310211 2.93322748 2.9333528  2.93347807 2.93360329 2.93372846
 2.93385358 2.93397865 2.93410367 2.93422864 2.93435356 2.93447843
 2.93460325 2.93472802 2.93485274 2.93497742 2.93510204 2.93522661
 2.93535113 2.9354756  2.93560002 2.93572439 2.93584872 2.93597299
 2.93609721 2.93622138 2.9363455  2.93646957 2.9365936  2.93671757
 2.93684149 2.93696536 2.93708918 2.93721295 2.93733667 2.93746034
 2.93758396 2.93770754 2.93783106 2.93795453 2.93807795 2.93820132
 2.93832464 2.93844791 2.93857113 2.9386943  2.93881741 2.93894049
 2.9390635  2.93918647 2.93930939 2.93943226 2.93955508 2.93967785
 2.93980056 2.93992323 2.94004585 2.94016841 2.94029093 2.9404134
 2.94053581 2.94065818 2.94078049 2.94090276 2.94102497 2.94114713
 2.94126925 2.94139131 2.94151332 2.94163529 2.9417572  2.94187906
 2.94200087 2.94212263 2.94224434 2.942366   2.94248761 2.94260917
 2.94273068 2.94285214 2.94297354 2.9430949  2.94321621 2.94333746
 2.94345867 2.94357982 2.94370092 2.94382198 2.94394298 2.94406394
 2.94418484 2.94430569 2.94442649 2.94454724 2.94466794 2.94478859
 2.94490919 2.94502974 2.94515023 2.94527068 2.94539107 2.94551142
 2.94563171 2.94575196 2.94587215 2.9459923  2.94611239 2.94623243
 2.94635242 2.94647236 2.94659225 2.94671208 2.94683187 2.94695161
 2.94707129 2.94719093 2.94731051 2.94743005 2.94754953 2.94766896
 2.94778834 2.94790767 2.94802695 2.94814618 2.94826536 2.94838449
 2.94850356 2.94862259 2.94874156 2.94886049 2.94897936 2.94909818
 2.94921695 2.94933567 2.94945434 2.94957296 2.94969152 2.94981004
 2.94992851 2.95004692 2.95016528 2.9502836  2.95040186 2.95052007
 2.95063822 2.95075634 2.95087439 2.9509924  2.95111035 2.95122826
 2.95134611 2.95146391 2.95158166 2.95169936 2.95181701 2.95193461
 2.95205216 2.95216965 2.9522871  2.95240449 2.95252183 2.95263912
 2.95275636 2.95287356 2.95299069 2.95310778 2.95322481 2.9533418
 2.95345873 2.95357561 2.95369245 2.95380922 2.95392595 2.95404263
 2.95415926 2.95427583 2.95439235 2.95450883 2.95462525 2.95474162
 2.95485794 2.9549742  2.95509042 2.95520658 2.9553227  2.95543876
 2.95555477 2.95567073 2.95578664 2.95590249 2.9560183  2.95613406
 2.95624976 2.95636541 2.95648101 2.95659656 2.95671206 2.9568275
 2.9569429  2.95705824 2.95717353 2.95728878 2.95740396 2.9575191
 2.95763419 2.95774923 2.95786421 2.95797914 2.95809402 2.95820885
 2.95832363 2.95843836 2.95855303 2.95866765 2.95878223 2.95889675
 2.95901121 2.95912563 2.95924    2.95935431 2.95946858 2.95958279
 2.95969695 2.95981106 2.95992511 2.96003912 2.96015307 2.96026697
 2.96038082 2.96049463 2.96060837 2.96072207 2.96083571 2.9609493
 2.96106285 2.96117634 2.96128977 2.96140316 2.96151649 2.96162978
 2.96174301 2.96185619 2.96196932 2.96208239 2.96219542 2.96230839
 2.96242131 2.96253418 2.962647   2.96275976 2.96287248 2.96298514
 2.96309775 2.96321031 2.96332282 2.96343528 2.96354768 2.96366003
 2.96377233 2.96388458 2.96399678 2.96410893 2.96422102 2.96433306
 2.96444505 2.96455699 2.96466888 2.96478071 2.9648925  2.96500423
 2.96511591 2.96522753 2.96533911 2.96545063 2.96556211 2.96567353
 2.96578489 2.96589621 2.96600748 2.96611869 2.96622985 2.96634096
 2.96645201 2.96656302 2.96667398 2.96678488 2.96689572 2.96700652
 2.96711727 2.96722796 2.96733861 2.96744919 2.96755973 2.96767022
 2.96778065 2.96789103 2.96800137 2.96811165 2.96822187 2.96833204
 2.96844217 2.96855224 2.96866226 2.96877222 2.96888214 2.968992
 2.96910181 2.96921157 2.96932127 2.96943093 2.96954053 2.96965008
 2.96975958 2.96986903 2.96997842 2.97008776 2.97019705 2.97030629
 2.97041548 2.97052461 2.97063369 2.97074272 2.9708517  2.97096063
 2.9710695  2.97117832 2.97128709 2.97139581 2.97150447 2.97161308
 2.97172164 2.97183015 2.97193861 2.97204702 2.97215537 2.97226367
 2.97237192 2.97248011 2.97258826 2.97269635 2.97280439 2.97291237
 2.97302031 2.97312819 2.97323602 2.9733438  2.97345152 2.9735592
 2.97366682 2.97377439 2.97388191 2.97398937 2.97409678 2.97420415
 2.97431146 2.97441871 2.97452591 2.97463307 2.97474017 2.97484721
 2.97495421 2.97506115 2.97516804 2.97527488 2.97538166 2.9754884
 2.97559508 2.97570171 2.97580829 2.97591481 2.97602128 2.9761277
 2.97623407 2.97634038 2.97644665 2.97655286]
t = [1.08960895e+09 1.08960896e+09 1.08960897e+09 1.08960898e+09
 1.08960899e+09 1.08960900e+09 1.08960901e+09 1.08960902e+09
 1.08960903e+09 1.08960904e+09 1.08960905e+09 1.08960906e+09
 1.08960907e+09 1.08960908e+09 1.08960909e+09 1.08960910e+09
 1.08960911e+09 1.08960912e+09 1.08960913e+09 1.08960914e+09
 1.08960915e+09 1.08960916e+09 1.08960916e+09 1.08960917e+09
 1.08960918e+09 1.08960919e+09 1.08960920e+09 1.08960921e+09
 1.08960922e+09 1.08960923e+09 1.08960924e+09 1.08960925e+09
 1.08960926e+09 1.08960927e+09 1.08960928e+09 1.08960929e+09
 1.08960930e+09 1.08960931e+09 1.08960932e+09 1.08960933e+09
 1.08960934e+09 1.08960935e+09 1.08960936e+09 1.08960937e+09
 1.08960938e+09 1.08960939e+09 1.08960940e+09 1.08960941e+09
 1.08960942e+09 1.08960943e+09 1.08960944e+09 1.08960945e+09
 1.08960946e+09 1.08960947e+09 1.08960948e+09 1.08960949e+09
 1.08960950e+09 1.08960951e+09 1.08960952e+09 1.08960953e+09
 1.08960954e+09 1.08960955e+09 1.08960956e+09 1.08960957e+09
 1.08960957e+09 1.08960958e+09 1.08960959e+09 1.08960960e+09
 1.08960961e+09 1.08960962e+09 1.08960963e+09 1.08960964e+09
 1.08960965e+09 1.08960966e+09 1.08960967e+09 1.08960968e+09
 1.08960969e+09 1.08960970e+09 1.08960971e+09 1.08960972e+09
 1.08960973e+09 1.08960974e+09 1.08960975e+09 1.08960976e+09
 1.08960977e+09 1.08960978e+09 1.08960979e+09 1.08960980e+09
 1.08960981e+09 1.08960982e+09 1.08960983e+09 1.08960984e+09
 1.08960985e+09 1.08960986e+09 1.08960987e+09 1.08960988e+09
 1.08960989e+09 1.08960990e+09 1.08960991e+09 1.08960992e+09
 1.08960993e+09 1.08960994e+09 1.08960995e+09 1.08960996e+09
 1.08960997e+09 1.08960997e+09 1.08960998e+09 1.08960999e+09
 1.08961000e+09 1.08961001e+09 1.08961002e+09 1.08961003e+09
 1.08961004e+09 1.08961005e+09 1.08961006e+09 1.08961007e+09
 1.08961008e+09 1.08961009e+09 1.08961010e+09 1.08961011e+09
 1.08961012e+09 1.08961013e+09 1.08961014e+09 1.08961015e+09
 1.08961016e+09 1.08961017e+09 1.08961018e+09 1.08961019e+09
 1.08961020e+09 1.08961021e+09 1.08961022e+09 1.08961023e+09
 1.08961024e+09 1.08961025e+09 1.08961026e+09 1.08961027e+09
 1.08961028e+09 1.08961029e+09 1.08961030e+09 1.08961031e+09
 1.08961032e+09 1.08961033e+09 1.08961034e+09 1.08961035e+09
 1.08961036e+09 1.08961037e+09 1.08961038e+09 1.08961038e+09
 1.08961039e+09 1.08961040e+09 1.08961041e+09 1.08961042e+09
 1.08961043e+09 1.08961044e+09 1.08961045e+09 1.08961046e+09
 1.08961047e+09 1.08961048e+09 1.08961049e+09 1.08961050e+09
 1.08961051e+09 1.08961052e+09 1.08961053e+09 1.08961054e+09
 1.08961055e+09 1.08961056e+09 1.08961057e+09 1.08961058e+09
 1.08961059e+09 1.08961060e+09 1.08961061e+09 1.08961062e+09
 1.08961063e+09 1.08961064e+09 1.08961065e+09 1.08961066e+09
 1.08961067e+09 1.08961068e+09 1.08961069e+09 1.08961070e+09
 1.08961071e+09 1.08961072e+09 1.08961073e+09 1.08961074e+09
 1.08961075e+09 1.08961076e+09 1.08961077e+09 1.08961078e+09
 1.08961079e+09 1.08961079e+09 1.08961080e+09 1.08961081e+09
 1.08961082e+09 1.08961083e+09 1.08961084e+09 1.08961085e+09
 1.08961086e+09 1.08961087e+09 1.08961088e+09 1.08961089e+09
 1.08961090e+09 1.08961091e+09 1.08961092e+09 1.08961093e+09
 1.08961094e+09 1.08961095e+09 1.08961096e+09 1.08961097e+09
 1.08961098e+09 1.08961099e+09 1.08961100e+09 1.08961101e+09
 1.08961102e+09 1.08961103e+09 1.08961104e+09 1.08961105e+09
 1.08961106e+09 1.08961107e+09 1.08961108e+09 1.08961109e+09
 1.08961110e+09 1.08961111e+09 1.08961112e+09 1.08961113e+09
 1.08961114e+09 1.08961115e+09 1.08961116e+09 1.08961117e+09
 1.08961118e+09 1.08961119e+09 1.08961119e+09 1.08961120e+09
 1.08961121e+09 1.08961122e+09 1.08961123e+09 1.08961124e+09
 1.08961125e+09 1.08961126e+09 1.08961127e+09 1.08961128e+09
 1.08961129e+09 1.08961130e+09 1.08961131e+09 1.08961132e+09
 1.08961133e+09 1.08961134e+09 1.08961135e+09 1.08961136e+09
 1.08961137e+09 1.08961138e+09 1.08961139e+09 1.08961140e+09
 1.08961141e+09 1.08961142e+09 1.08961143e+09 1.08961144e+09
 1.08961145e+09 1.08961146e+09 1.08961147e+09 1.08961148e+09
 1.08961149e+09 1.08961150e+09 1.08961151e+09 1.08961152e+09
 1.08961153e+09 1.08961154e+09 1.08961155e+09 1.08961156e+09
 1.08961157e+09 1.08961158e+09 1.08961159e+09 1.08961160e+09
 1.08961160e+09 1.08961161e+09 1.08961162e+09 1.08961163e+09
 1.08961164e+09 1.08961165e+09 1.08961166e+09 1.08961167e+09
 1.08961168e+09 1.08961169e+09 1.08961170e+09 1.08961171e+09
 1.08961172e+09 1.08961173e+09 1.08961174e+09 1.08961175e+09
 1.08961176e+09 1.08961177e+09 1.08961178e+09 1.08961179e+09
 1.08961180e+09 1.08961181e+09 1.08961182e+09 1.08961183e+09
 1.08961184e+09 1.08961185e+09 1.08961186e+09 1.08961187e+09
 1.08961188e+09 1.08961189e+09 1.08961190e+09 1.08961191e+09
 1.08961192e+09 1.08961193e+09 1.08961194e+09 1.08961195e+09
 1.08961196e+09 1.08961197e+09 1.08961198e+09 1.08961199e+09
 1.08961200e+09 1.08961200e+09 1.08961201e+09 1.08961202e+09
 1.08961203e+09 1.08961204e+09 1.08961205e+09 1.08961206e+09
 1.08961207e+09 1.08961208e+09 1.08961209e+09 1.08961210e+09
 1.08961211e+09 1.08961212e+09 1.08961213e+09 1.08961214e+09
 1.08961215e+09 1.08961216e+09 1.08961217e+09 1.08961218e+09
 1.08961219e+09 1.08961220e+09 1.08961221e+09 1.08961222e+09
 1.08961223e+09 1.08961224e+09 1.08961225e+09 1.08961226e+09
 1.08961227e+09 1.08961228e+09 1.08961229e+09 1.08961230e+09
 1.08961231e+09 1.08961232e+09 1.08961233e+09 1.08961234e+09
 1.08961235e+09 1.08961236e+09 1.08961237e+09 1.08961238e+09
 1.08961239e+09 1.08961240e+09 1.08961241e+09 1.08961241e+09
 1.08961242e+09 1.08961243e+09 1.08961244e+09 1.08961245e+09
 1.08961246e+09 1.08961247e+09 1.08961248e+09 1.08961249e+09
 1.08961250e+09 1.08961251e+09 1.08961252e+09 1.08961253e+09
 1.08961254e+09 1.08961255e+09 1.08961256e+09 1.08961257e+09
 1.08961258e+09 1.08961259e+09 1.08961260e+09 1.08961261e+09
 1.08961262e+09 1.08961263e+09 1.08961264e+09 1.08961265e+09
 1.08961266e+09 1.08961267e+09 1.08961268e+09 1.08961269e+09
 1.08961270e+09 1.08961271e+09 1.08961272e+09 1.08961273e+09
 1.08961274e+09 1.08961275e+09 1.08961276e+09 1.08961277e+09
 1.08961278e+09 1.08961279e+09 1.08961280e+09 1.08961281e+09
 1.08961282e+09 1.08961282e+09 1.08961283e+09 1.08961284e+09
 1.08961285e+09 1.08961286e+09 1.08961287e+09 1.08961288e+09
 1.08961289e+09 1.08961290e+09 1.08961291e+09 1.08961292e+09
 1.08961293e+09 1.08961294e+09 1.08961295e+09 1.08961296e+09
 1.08961297e+09 1.08961298e+09 1.08961299e+09 1.08961300e+09
 1.08961301e+09 1.08961302e+09 1.08961303e+09 1.08961304e+09
 1.08961305e+09 1.08961306e+09 1.08961307e+09 1.08961308e+09
 1.08961309e+09 1.08961310e+09 1.08961311e+09 1.08961312e+09
 1.08961313e+09 1.08961314e+09 1.08961315e+09 1.08961316e+09
 1.08961317e+09 1.08961318e+09 1.08961319e+09 1.08961320e+09
 1.08961321e+09 1.08961322e+09 1.08961322e+09 1.08961323e+09
 1.08961324e+09 1.08961325e+09 1.08961326e+09 1.08961327e+09
 1.08961328e+09 1.08961329e+09 1.08961330e+09 1.08961331e+09
 1.08961332e+09 1.08961333e+09 1.08961334e+09 1.08961335e+09
 1.08961336e+09 1.08961337e+09 1.08961338e+09 1.08961339e+09
 1.08961340e+09 1.08961341e+09 1.08961342e+09 1.08961343e+09
 1.08961344e+09 1.08961345e+09 1.08961346e+09 1.08961347e+09
 1.08961348e+09 1.08961349e+09 1.08961350e+09 1.08961351e+09
 1.08961352e+09 1.08961353e+09 1.08961354e+09 1.08961355e+09
 1.08961356e+09 1.08961357e+09 1.08961358e+09 1.08961359e+09
 1.08961360e+09 1.08961361e+09 1.08961362e+09 1.08961363e+09
 1.08961363e+09 1.08961364e+09 1.08961365e+09 1.08961366e+09
 1.08961367e+09 1.08961368e+09 1.08961369e+09 1.08961370e+09
 1.08961371e+09 1.08961372e+09 1.08961373e+09 1.08961374e+09
 1.08961375e+09 1.08961376e+09 1.08961377e+09 1.08961378e+09
 1.08961379e+09 1.08961380e+09 1.08961381e+09 1.08961382e+09
 1.08961383e+09 1.08961384e+09 1.08961385e+09 1.08961386e+09
 1.08961387e+09 1.08961388e+09 1.08961389e+09 1.08961390e+09
 1.08961391e+09 1.08961392e+09 1.08961393e+09 1.08961394e+09
 1.08961395e+09 1.08961396e+09 1.08961397e+09 1.08961398e+09
 1.08961399e+09 1.08961400e+09 1.08961401e+09 1.08961402e+09
 1.08961403e+09 1.08961404e+09 1.08961404e+09 1.08961405e+09
 1.08961406e+09 1.08961407e+09 1.08961408e+09 1.08961409e+09
 1.08961410e+09 1.08961411e+09 1.08961412e+09 1.08961413e+09
 1.08961414e+09 1.08961415e+09 1.08961416e+09 1.08961417e+09
 1.08961418e+09 1.08961419e+09 1.08961420e+09 1.08961421e+09
 1.08961422e+09 1.08961423e+09 1.08961424e+09 1.08961425e+09
 1.08961426e+09 1.08961427e+09 1.08961428e+09 1.08961429e+09
 1.08961430e+09 1.08961431e+09 1.08961432e+09 1.08961433e+09
 1.08961434e+09 1.08961435e+09 1.08961436e+09 1.08961437e+09
 1.08961438e+09 1.08961439e+09 1.08961440e+09 1.08961441e+09
 1.08961442e+09 1.08961443e+09 1.08961444e+09 1.08961444e+09
 1.08961445e+09 1.08961446e+09 1.08961447e+09 1.08961448e+09
 1.08961449e+09 1.08961450e+09 1.08961451e+09 1.08961452e+09
 1.08961453e+09 1.08961454e+09 1.08961455e+09 1.08961456e+09
 1.08961457e+09 1.08961458e+09 1.08961459e+09 1.08961460e+09
 1.08961461e+09 1.08961462e+09 1.08961463e+09 1.08961464e+09
 1.08961465e+09 1.08961466e+09 1.08961467e+09 1.08961468e+09
 1.08961469e+09 1.08961470e+09 1.08961471e+09 1.08961472e+09
 1.08961473e+09 1.08961474e+09 1.08961475e+09 1.08961476e+09
 1.08961477e+09 1.08961478e+09 1.08961479e+09 1.08961480e+09
 1.08961481e+09 1.08961482e+09 1.08961483e+09 1.08961484e+09
 1.08961485e+09 1.08961485e+09 1.08961486e+09 1.08961487e+09
 1.08961488e+09 1.08961489e+09 1.08961490e+09 1.08961491e+09
 1.08961492e+09 1.08961493e+09 1.08961494e+09 1.08961495e+09
 1.08961496e+09 1.08961497e+09 1.08961498e+09 1.08961499e+09
 1.08961500e+09 1.08961501e+09 1.08961502e+09 1.08961503e+09
 1.08961504e+09 1.08961505e+09 1.08961506e+09 1.08961507e+09
 1.08961508e+09 1.08961509e+09 1.08961510e+09 1.08961511e+09
 1.08961512e+09 1.08961513e+09 1.08961514e+09 1.08961515e+09
 1.08961516e+09 1.08961517e+09 1.08961518e+09 1.08961519e+09
 1.08961520e+09 1.08961521e+09 1.08961522e+09 1.08961523e+09
 1.08961524e+09 1.08961525e+09 1.08961525e+09 1.08961526e+09
 1.08961527e+09 1.08961528e+09 1.08961529e+09 1.08961530e+09
 1.08961531e+09 1.08961532e+09 1.08961533e+09 1.08961534e+09
 1.08961535e+09 1.08961536e+09 1.08961537e+09 1.08961538e+09
 1.08961539e+09 1.08961540e+09 1.08961541e+09 1.08961542e+09
 1.08961543e+09 1.08961544e+09 1.08961545e+09 1.08961546e+09
 1.08961547e+09 1.08961548e+09 1.08961549e+09 1.08961550e+09
 1.08961551e+09 1.08961552e+09 1.08961553e+09 1.08961554e+09
 1.08961555e+09 1.08961556e+09 1.08961557e+09 1.08961558e+09
 1.08961559e+09 1.08961560e+09 1.08961561e+09 1.08961562e+09
 1.08961563e+09 1.08961564e+09 1.08961565e+09 1.08961566e+09
 1.08961566e+09 1.08961567e+09 1.08961568e+09 1.08961569e+09
 1.08961570e+09 1.08961571e+09 1.08961572e+09 1.08961573e+09
 1.08961574e+09 1.08961575e+09 1.08961576e+09 1.08961577e+09
 1.08961578e+09 1.08961579e+09 1.08961580e+09 1.08961581e+09
 1.08961582e+09 1.08961583e+09 1.08961584e+09 1.08961585e+09
 1.08961586e+09 1.08961587e+09 1.08961588e+09 1.08961589e+09
 1.08961590e+09 1.08961591e+09 1.08961592e+09 1.08961593e+09
 1.08961594e+09 1.08961595e+09 1.08961596e+09 1.08961597e+09
 1.08961598e+09 1.08961599e+09 1.08961600e+09 1.08961601e+09
 1.08961602e+09 1.08961603e+09 1.08961604e+09 1.08961605e+09
 1.08961606e+09 1.08961607e+09 1.08961607e+09 1.08961608e+09
 1.08961609e+09 1.08961610e+09 1.08961611e+09 1.08961612e+09
 1.08961613e+09 1.08961614e+09 1.08961615e+09 1.08961616e+09
 1.08961617e+09 1.08961618e+09 1.08961619e+09 1.08961620e+09
 1.08961621e+09 1.08961622e+09 1.08961623e+09 1.08961624e+09
 1.08961625e+09 1.08961626e+09 1.08961627e+09 1.08961628e+09
 1.08961629e+09 1.08961630e+09 1.08961631e+09 1.08961632e+09
 1.08961633e+09 1.08961634e+09 1.08961635e+09 1.08961636e+09
 1.08961637e+09 1.08961638e+09 1.08961639e+09 1.08961640e+09
 1.08961641e+09 1.08961642e+09 1.08961643e+09 1.08961644e+09
 1.08961645e+09 1.08961646e+09 1.08961647e+09 1.08961647e+09
 1.08961648e+09 1.08961649e+09 1.08961650e+09 1.08961651e+09
 1.08961652e+09 1.08961653e+09 1.08961654e+09 1.08961655e+09
 1.08961656e+09 1.08961657e+09 1.08961658e+09 1.08961659e+09
 1.08961660e+09 1.08961661e+09 1.08961662e+09 1.08961663e+09
 1.08961664e+09 1.08961665e+09 1.08961666e+09 1.08961667e+09
 1.08961668e+09 1.08961669e+09 1.08961670e+09 1.08961671e+09
 1.08961672e+09 1.08961673e+09 1.08961674e+09 1.08961675e+09
 1.08961676e+09 1.08961677e+09 1.08961678e+09 1.08961679e+09
 1.08961680e+09 1.08961681e+09 1.08961682e+09 1.08961683e+09
 1.08961684e+09 1.08961685e+09 1.08961686e+09 1.08961687e+09
 1.08961688e+09 1.08961688e+09 1.08961689e+09 1.08961690e+09
 1.08961691e+09 1.08961692e+09 1.08961693e+09 1.08961694e+09
 1.08961695e+09 1.08961696e+09 1.08961697e+09 1.08961698e+09
 1.08961699e+09 1.08961700e+09 1.08961701e+09 1.08961702e+09
 1.08961703e+09 1.08961704e+09 1.08961705e+09 1.08961706e+09
 1.08961707e+09 1.08961708e+09 1.08961709e+09 1.08961710e+09
 1.08961711e+09 1.08961712e+09 1.08961713e+09 1.08961714e+09
 1.08961715e+09 1.08961716e+09 1.08961717e+09 1.08961718e+09
 1.08961719e+09 1.08961720e+09 1.08961721e+09 1.08961722e+09
 1.08961723e+09 1.08961724e+09 1.08961725e+09 1.08961726e+09
 1.08961727e+09 1.08961728e+09 1.08961729e+09 1.08961729e+09
 1.08961730e+09 1.08961731e+09 1.08961732e+09 1.08961733e+09
 1.08961734e+09 1.08961735e+09 1.08961736e+09 1.08961737e+09
 1.08961738e+09 1.08961739e+09 1.08961740e+09 1.08961741e+09
 1.08961742e+09 1.08961743e+09 1.08961744e+09 1.08961745e+09
 1.08961746e+09 1.08961747e+09 1.08961748e+09 1.08961749e+09
 1.08961750e+09 1.08961751e+09 1.08961752e+09 1.08961753e+09
 1.08961754e+09 1.08961755e+09 1.08961756e+09 1.08961757e+09
 1.08961758e+09 1.08961759e+09 1.08961760e+09 1.08961761e+09
 1.08961762e+09 1.08961763e+09 1.08961764e+09 1.08961765e+09
 1.08961766e+09 1.08961767e+09 1.08961768e+09 1.08961769e+09
 1.08961769e+09 1.08961770e+09 1.08961771e+09 1.08961772e+09
 1.08961773e+09 1.08961774e+09 1.08961775e+09 1.08961776e+09
 1.08961777e+09 1.08961778e+09 1.08961779e+09 1.08961780e+09
 1.08961781e+09 1.08961782e+09 1.08961783e+09 1.08961784e+09
 1.08961785e+09 1.08961786e+09 1.08961787e+09 1.08961788e+09
 1.08961789e+09 1.08961790e+09 1.08961791e+09 1.08961792e+09
 1.08961793e+09 1.08961794e+09 1.08961795e+09 1.08961796e+09
 1.08961797e+09 1.08961798e+09 1.08961799e+09 1.08961800e+09
 1.08961801e+09 1.08961802e+09 1.08961803e+09 1.08961804e+09
 1.08961805e+09 1.08961806e+09 1.08961807e+09 1.08961808e+09
 1.08961809e+09 1.08961810e+09 1.08961810e+09 1.08961811e+09
 1.08961812e+09 1.08961813e+09 1.08961814e+09 1.08961815e+09
 1.08961816e+09 1.08961817e+09 1.08961818e+09 1.08961819e+09
 1.08961820e+09 1.08961821e+09 1.08961822e+09 1.08961823e+09
 1.08961824e+09 1.08961825e+09 1.08961826e+09 1.08961827e+09
 1.08961828e+09 1.08961829e+09 1.08961830e+09 1.08961831e+09
 1.08961832e+09 1.08961833e+09 1.08961834e+09 1.08961835e+09
 1.08961836e+09 1.08961837e+09 1.08961838e+09 1.08961839e+09
 1.08961840e+09 1.08961841e+09 1.08961842e+09 1.08961843e+09
 1.08961844e+09 1.08961845e+09 1.08961846e+09 1.08961847e+09
 1.08961848e+09 1.08961849e+09 1.08961850e+09 1.08961850e+09
 1.08961851e+09 1.08961852e+09 1.08961853e+09 1.08961854e+09
 1.08961855e+09 1.08961856e+09 1.08961857e+09 1.08961858e+09
 1.08961859e+09 1.08961860e+09 1.08961861e+09 1.08961862e+09
 1.08961863e+09 1.08961864e+09 1.08961865e+09 1.08961866e+09
 1.08961867e+09 1.08961868e+09 1.08961869e+09 1.08961870e+09]
minRes = 2.8456473416081756
minResTime = [1.08960895e+09]
Cov(t) = [100 100 100 100 100 100 100 100 100 100 100 100 100 100 100 100 100 100
 100 100 100 100 100 100 100 100 100 100 100 100 100 100 100 100 100 100
 100 100 100 100 100 100 100 100 100 100 100 100 100 100 100 100 100 100
 100 100 100 100 100 100 100 100 100 100 100 100 100 100 100 100 100 100
 100 100 100 100 100 100 100 100 100 100 100 100 100 100 100 100 100 100
 100 100 100 100 100 100 100 100 100 100 100 100 100 100 100 100 100 100
 100 100 100 100 100 100 100 100 100 100 100 100 100 100 100 100 100 100
 100 100 100 100 100 100 100 100 100 100 100 100 100 100 100 100 100 100
 100 100 100 100 100 100 100 100 100 100 100 100 100 100 100 100 100 100
 100 100 100 100 100 100 100 100 100 100 100 100 100 100 100 100 100 100
 100 100 100 100 100 100 100 100 100 100 100 100 100 100 100 100 100 100
 100 100 100 100 100 100 100 100 100 100 100 100 100 100 100 100 100 100
 100 100 100 100 100 100 100 100 100 100 100 100 100 100 100 100 100 100
 100 100 100 100 100 100 100 100 100 100 100 100 100 100 100 100 100 100
 100 100 100 100 100 100 100 100 100 100 100 100 100 100 100 100 100 100
 100 100 100 100 100 100 100 100 100 100 100 100 100 100 100 100 100 100
 100 100 100 100 100 100 100 100 100 100 100 100 100 100 100 100 100 100
 100 100 100 100 100 100 100 100 100 100 100 100 100 100 100 100 100 100
 100 100 100 100 100 100 100 100 100 100 100 100 100 100 100 100 100 100
 100 100 100 100 100 100 100 100 100 100 100 100 100 100 100 100 100 100
 100 100 100 100 100 100 100 100 100 100 100 100 100 100 100 100 100 100
 100 100 100 100 100 100 100 100 100 100 100 100 100 100 100 100 100 100
 100 100 100 100 100 100 100 100 100 100 100 100 100 100 100 100 100 100
 100 100 100 100 100 100 100 100 100 100 100 100 100 100 100 100 100 100
 100 100 100 100 100 100 100 100 100 100 100 100 100 100 100 100 100 100
 100 100 100 100 100 100 100 100 100 100 100 100 100 100 100 100 100 100
 100 100 100 100 100 100 100 100 100 100 100 100 100 100 100 100 100 100
 100 100 100 100 100 100 100 100 100 100 100 100 100 100 100 100 100 100
 100 100 100 100 100 100 100 100 100 100 100 100 100 100 100 100 100 100
 100 100 100 100 100 100 100 100 100 100 100 100 100 100 100 100 100 100
 100 100 100 100 100 100 100 100 100 100 100 100 100 100 100 100 100 100
 100 100 100 100 100 100 100 100 100 100 100 100 100 100 100 100 100 100
 100 100 100 100 100 100 100 100 100 100 100 100 100 100 100 100 100 100
 100 100 100 100 100 100 100 100 100 100 100 100 100 100 100 100 100 100
 100 100 100 100 100 100 100 100 100 100 100 100 100 100 100 100 100 100
 100 100 100 100 100 100 100 100 100 100 100 100 100 100 100 100 100 100
 100 100 100 100 100 100 100 100 100 100 100 100 100 100 100 100 100 100
 100 100 100 100 100 100 100 100 100 100 100 100 100 100 100 100 100 100
 100 100 100 100 100 100 100 100 100 100 100 100 100 100 100 100 100 100
 100 100 100 100 100 100 100 100 100 100 100 100 100 100 100 100 100 100
 100 100 100 100 100 100 100 100 100 100 100 100 100 100 100 100 100 100
 100 100 100 100 100 100 100 100 100 100 100 100 100 100 100 100 100 100
 100 100 100 100 100 100 100 100 100 100 100 100 100 100 100 100 100 100
 100 100 100 100 100 100 100 100 100 100 100 100 100 100 100 100 100 100
 100 100 100 100 100 100 100 100 100 100 100 100 100 100 100 100 100 100
 100 100 100 100 100 100 100 100 100 100 100 100 100 100 100 100 100 100
 100 100 100 100 100 100 100 100 100 100 100 100 100 100 100 100 100 100
 100 100 100 100 100 100 100 100 100 100 100 100 100 100 100 100 100 100
 100 100 100 100 100 100 100 100 100 100 100 100 100 100 100 100 100 100
 100 100 100 100 100 100 100 100 100 100 100 100 100 100 100 100 100 100
 100 100 100 100 100 100 100 100 100 100 100 100 100 100 100 100 100 100
 100 100 100 100 100 100 100 100 100 100 100 100 100 100 100 100 100 100
 100 100 100 100 100 100 100 100 100 100 100 100 100 100 100 100 100 100
 100 100 100 100 100 100 100 100 100 100 100 100 100 100 100 100 100 100
 100 100 100 100 100 100 100 100 100 100 100 100 100 100 100 100 100 100
 100 100 100 100 100 100 100 100 100 100]
maxCov = 100
maxCovTime = [1.08960895e+09 1.08960896e+09 1.08960897e+09 1.08960898e+09
 1.08960899e+09 1.08960900e+09 1.08960901e+09 1.08960902e+09
 1.08960903e+09 1.08960904e+09 1.08960905e+09 1.08960906e+09
 1.08960907e+09 1.08960908e+09 1.08960909e+09 1.08960910e+09
 1.08960911e+09 1.08960912e+09 1.08960913e+09 1.08960914e+09
 1.08960915e+09 1.08960916e+09 1.08960916e+09 1.08960917e+09
 1.08960918e+09 1.08960919e+09 1.08960920e+09 1.08960921e+09
 1.08960922e+09 1.08960923e+09 1.08960924e+09 1.08960925e+09
 1.08960926e+09 1.08960927e+09 1.08960928e+09 1.08960929e+09
 1.08960930e+09 1.08960931e+09 1.08960932e+09 1.08960933e+09
 1.08960934e+09 1.08960935e+09 1.08960936e+09 1.08960937e+09
 1.08960938e+09 1.08960939e+09 1.08960940e+09 1.08960941e+09
 1.08960942e+09 1.08960943e+09 1.08960944e+09 1.08960945e+09
 1.08960946e+09 1.08960947e+09 1.08960948e+09 1.08960949e+09
 1.08960950e+09 1.08960951e+09 1.08960952e+09 1.08960953e+09
 1.08960954e+09 1.08960955e+09 1.08960956e+09 1.08960957e+09
 1.08960957e+09 1.08960958e+09 1.08960959e+09 1.08960960e+09
 1.08960961e+09 1.08960962e+09 1.08960963e+09 1.08960964e+09
 1.08960965e+09 1.08960966e+09 1.08960967e+09 1.08960968e+09
 1.08960969e+09 1.08960970e+09 1.08960971e+09 1.08960972e+09
 1.08960973e+09 1.08960974e+09 1.08960975e+09 1.08960976e+09
 1.08960977e+09 1.08960978e+09 1.08960979e+09 1.08960980e+09
 1.08960981e+09 1.08960982e+09 1.08960983e+09 1.08960984e+09
 1.08960985e+09 1.08960986e+09 1.08960987e+09 1.08960988e+09
 1.08960989e+09 1.08960990e+09 1.08960991e+09 1.08960992e+09
 1.08960993e+09 1.08960994e+09 1.08960995e+09 1.08960996e+09
 1.08960997e+09 1.08960997e+09 1.08960998e+09 1.08960999e+09
 1.08961000e+09 1.08961001e+09 1.08961002e+09 1.08961003e+09
 1.08961004e+09 1.08961005e+09 1.08961006e+09 1.08961007e+09
 1.08961008e+09 1.08961009e+09 1.08961010e+09 1.08961011e+09
 1.08961012e+09 1.08961013e+09 1.08961014e+09 1.08961015e+09
 1.08961016e+09 1.08961017e+09 1.08961018e+09 1.08961019e+09
 1.08961020e+09 1.08961021e+09 1.08961022e+09 1.08961023e+09
 1.08961024e+09 1.08961025e+09 1.08961026e+09 1.08961027e+09
 1.08961028e+09 1.08961029e+09 1.08961030e+09 1.08961031e+09
 1.08961032e+09 1.08961033e+09 1.08961034e+09 1.08961035e+09
 1.08961036e+09 1.08961037e+09 1.08961038e+09 1.08961038e+09
 1.08961039e+09 1.08961040e+09 1.08961041e+09 1.08961042e+09
 1.08961043e+09 1.08961044e+09 1.08961045e+09 1.08961046e+09
 1.08961047e+09 1.08961048e+09 1.08961049e+09 1.08961050e+09
 1.08961051e+09 1.08961052e+09 1.08961053e+09 1.08961054e+09
 1.08961055e+09 1.08961056e+09 1.08961057e+09 1.08961058e+09
 1.08961059e+09 1.08961060e+09 1.08961061e+09 1.08961062e+09
 1.08961063e+09 1.08961064e+09 1.08961065e+09 1.08961066e+09
 1.08961067e+09 1.08961068e+09 1.08961069e+09 1.08961070e+09
 1.08961071e+09 1.08961072e+09 1.08961073e+09 1.08961074e+09
 1.08961075e+09 1.08961076e+09 1.08961077e+09 1.08961078e+09
 1.08961079e+09 1.08961079e+09 1.08961080e+09 1.08961081e+09
 1.08961082e+09 1.08961083e+09 1.08961084e+09 1.08961085e+09
 1.08961086e+09 1.08961087e+09 1.08961088e+09 1.08961089e+09
 1.08961090e+09 1.08961091e+09 1.08961092e+09 1.08961093e+09
 1.08961094e+09 1.08961095e+09 1.08961096e+09 1.08961097e+09
 1.08961098e+09 1.08961099e+09 1.08961100e+09 1.08961101e+09
 1.08961102e+09 1.08961103e+09 1.08961104e+09 1.08961105e+09
 1.08961106e+09 1.08961107e+09 1.08961108e+09 1.08961109e+09
 1.08961110e+09 1.08961111e+09 1.08961112e+09 1.08961113e+09
 1.08961114e+09 1.08961115e+09 1.08961116e+09 1.08961117e+09
 1.08961118e+09 1.08961119e+09 1.08961119e+09 1.08961120e+09
 1.08961121e+09 1.08961122e+09 1.08961123e+09 1.08961124e+09
 1.08961125e+09 1.08961126e+09 1.08961127e+09 1.08961128e+09
 1.08961129e+09 1.08961130e+09 1.08961131e+09 1.08961132e+09
 1.08961133e+09 1.08961134e+09 1.08961135e+09 1.08961136e+09
 1.08961137e+09 1.08961138e+09 1.08961139e+09 1.08961140e+09
 1.08961141e+09 1.08961142e+09 1.08961143e+09 1.08961144e+09
 1.08961145e+09 1.08961146e+09 1.08961147e+09 1.08961148e+09
 1.08961149e+09 1.08961150e+09 1.08961151e+09 1.08961152e+09
 1.08961153e+09 1.08961154e+09 1.08961155e+09 1.08961156e+09
 1.08961157e+09 1.08961158e+09 1.08961159e+09 1.08961160e+09
 1.08961160e+09 1.08961161e+09 1.08961162e+09 1.08961163e+09
 1.08961164e+09 1.08961165e+09 1.08961166e+09 1.08961167e+09
 1.08961168e+09 1.08961169e+09 1.08961170e+09 1.08961171e+09
 1.08961172e+09 1.08961173e+09 1.08961174e+09 1.08961175e+09
 1.08961176e+09 1.08961177e+09 1.08961178e+09 1.08961179e+09
 1.08961180e+09 1.08961181e+09 1.08961182e+09 1.08961183e+09
 1.08961184e+09 1.08961185e+09 1.08961186e+09 1.08961187e+09
 1.08961188e+09 1.08961189e+09 1.08961190e+09 1.08961191e+09
 1.08961192e+09 1.08961193e+09 1.08961194e+09 1.08961195e+09
 1.08961196e+09 1.08961197e+09 1.08961198e+09 1.08961199e+09
 1.08961200e+09 1.08961200e+09 1.08961201e+09 1.08961202e+09
 1.08961203e+09 1.08961204e+09 1.08961205e+09 1.08961206e+09
 1.08961207e+09 1.08961208e+09 1.08961209e+09 1.08961210e+09
 1.08961211e+09 1.08961212e+09 1.08961213e+09 1.08961214e+09
 1.08961215e+09 1.08961216e+09 1.08961217e+09 1.08961218e+09
 1.08961219e+09 1.08961220e+09 1.08961221e+09 1.08961222e+09
 1.08961223e+09 1.08961224e+09 1.08961225e+09 1.08961226e+09
 1.08961227e+09 1.08961228e+09 1.08961229e+09 1.08961230e+09
 1.08961231e+09 1.08961232e+09 1.08961233e+09 1.08961234e+09
 1.08961235e+09 1.08961236e+09 1.08961237e+09 1.08961238e+09
 1.08961239e+09 1.08961240e+09 1.08961241e+09 1.08961241e+09
 1.08961242e+09 1.08961243e+09 1.08961244e+09 1.08961245e+09
 1.08961246e+09 1.08961247e+09 1.08961248e+09 1.08961249e+09
 1.08961250e+09 1.08961251e+09 1.08961252e+09 1.08961253e+09
 1.08961254e+09 1.08961255e+09 1.08961256e+09 1.08961257e+09
 1.08961258e+09 1.08961259e+09 1.08961260e+09 1.08961261e+09
 1.08961262e+09 1.08961263e+09 1.08961264e+09 1.08961265e+09
 1.08961266e+09 1.08961267e+09 1.08961268e+09 1.08961269e+09
 1.08961270e+09 1.08961271e+09 1.08961272e+09 1.08961273e+09
 1.08961274e+09 1.08961275e+09 1.08961276e+09 1.08961277e+09
 1.08961278e+09 1.08961279e+09 1.08961280e+09 1.08961281e+09
 1.08961282e+09 1.08961282e+09 1.08961283e+09 1.08961284e+09
 1.08961285e+09 1.08961286e+09 1.08961287e+09 1.08961288e+09
 1.08961289e+09 1.08961290e+09 1.08961291e+09 1.08961292e+09
 1.08961293e+09 1.08961294e+09 1.08961295e+09 1.08961296e+09
 1.08961297e+09 1.08961298e+09 1.08961299e+09 1.08961300e+09
 1.08961301e+09 1.08961302e+09 1.08961303e+09 1.08961304e+09
 1.08961305e+09 1.08961306e+09 1.08961307e+09 1.08961308e+09
 1.08961309e+09 1.08961310e+09 1.08961311e+09 1.08961312e+09
 1.08961313e+09 1.08961314e+09 1.08961315e+09 1.08961316e+09
 1.08961317e+09 1.08961318e+09 1.08961319e+09 1.08961320e+09
 1.08961321e+09 1.08961322e+09 1.08961322e+09 1.08961323e+09
 1.08961324e+09 1.08961325e+09 1.08961326e+09 1.08961327e+09
 1.08961328e+09 1.08961329e+09 1.08961330e+09 1.08961331e+09
 1.08961332e+09 1.08961333e+09 1.08961334e+09 1.08961335e+09
 1.08961336e+09 1.08961337e+09 1.08961338e+09 1.08961339e+09
 1.08961340e+09 1.08961341e+09 1.08961342e+09 1.08961343e+09
 1.08961344e+09 1.08961345e+09 1.08961346e+09 1.08961347e+09
 1.08961348e+09 1.08961349e+09 1.08961350e+09 1.08961351e+09
 1.08961352e+09 1.08961353e+09 1.08961354e+09 1.08961355e+09
 1.08961356e+09 1.08961357e+09 1.08961358e+09 1.08961359e+09
 1.08961360e+09 1.08961361e+09 1.08961362e+09 1.08961363e+09
 1.08961363e+09 1.08961364e+09 1.08961365e+09 1.08961366e+09
 1.08961367e+09 1.08961368e+09 1.08961369e+09 1.08961370e+09
 1.08961371e+09 1.08961372e+09 1.08961373e+09 1.08961374e+09
 1.08961375e+09 1.08961376e+09 1.08961377e+09 1.08961378e+09
 1.08961379e+09 1.08961380e+09 1.08961381e+09 1.08961382e+09
 1.08961383e+09 1.08961384e+09 1.08961385e+09 1.08961386e+09
 1.08961387e+09 1.08961388e+09 1.08961389e+09 1.08961390e+09
 1.08961391e+09 1.08961392e+09 1.08961393e+09 1.08961394e+09
 1.08961395e+09 1.08961396e+09 1.08961397e+09 1.08961398e+09
 1.08961399e+09 1.08961400e+09 1.08961401e+09 1.08961402e+09
 1.08961403e+09 1.08961404e+09 1.08961404e+09 1.08961405e+09
 1.08961406e+09 1.08961407e+09 1.08961408e+09 1.08961409e+09
 1.08961410e+09 1.08961411e+09 1.08961412e+09 1.08961413e+09
 1.08961414e+09 1.08961415e+09 1.08961416e+09 1.08961417e+09
 1.08961418e+09 1.08961419e+09 1.08961420e+09 1.08961421e+09
 1.08961422e+09 1.08961423e+09 1.08961424e+09 1.08961425e+09
 1.08961426e+09 1.08961427e+09 1.08961428e+09 1.08961429e+09
 1.08961430e+09 1.08961431e+09 1.08961432e+09 1.08961433e+09
 1.08961434e+09 1.08961435e+09 1.08961436e+09 1.08961437e+09
 1.08961438e+09 1.08961439e+09 1.08961440e+09 1.08961441e+09
 1.08961442e+09 1.08961443e+09 1.08961444e+09 1.08961444e+09
 1.08961445e+09 1.08961446e+09 1.08961447e+09 1.08961448e+09
 1.08961449e+09 1.08961450e+09 1.08961451e+09 1.08961452e+09
 1.08961453e+09 1.08961454e+09 1.08961455e+09 1.08961456e+09
 1.08961457e+09 1.08961458e+09 1.08961459e+09 1.08961460e+09
 1.08961461e+09 1.08961462e+09 1.08961463e+09 1.08961464e+09
 1.08961465e+09 1.08961466e+09 1.08961467e+09 1.08961468e+09
 1.08961469e+09 1.08961470e+09 1.08961471e+09 1.08961472e+09
 1.08961473e+09 1.08961474e+09 1.08961475e+09 1.08961476e+09
 1.08961477e+09 1.08961478e+09 1.08961479e+09 1.08961480e+09
 1.08961481e+09 1.08961482e+09 1.08961483e+09 1.08961484e+09
 1.08961485e+09 1.08961485e+09 1.08961486e+09 1.08961487e+09
 1.08961488e+09 1.08961489e+09 1.08961490e+09 1.08961491e+09
 1.08961492e+09 1.08961493e+09 1.08961494e+09 1.08961495e+09
 1.08961496e+09 1.08961497e+09 1.08961498e+09 1.08961499e+09
 1.08961500e+09 1.08961501e+09 1.08961502e+09 1.08961503e+09
 1.08961504e+09 1.08961505e+09 1.08961506e+09 1.08961507e+09
 1.08961508e+09 1.08961509e+09 1.08961510e+09 1.08961511e+09
 1.08961512e+09 1.08961513e+09 1.08961514e+09 1.08961515e+09
 1.08961516e+09 1.08961517e+09 1.08961518e+09 1.08961519e+09
 1.08961520e+09 1.08961521e+09 1.08961522e+09 1.08961523e+09
 1.08961524e+09 1.08961525e+09 1.08961525e+09 1.08961526e+09
 1.08961527e+09 1.08961528e+09 1.08961529e+09 1.08961530e+09
 1.08961531e+09 1.08961532e+09 1.08961533e+09 1.08961534e+09
 1.08961535e+09 1.08961536e+09 1.08961537e+09 1.08961538e+09
 1.08961539e+09 1.08961540e+09 1.08961541e+09 1.08961542e+09
 1.08961543e+09 1.08961544e+09 1.08961545e+09 1.08961546e+09
 1.08961547e+09 1.08961548e+09 1.08961549e+09 1.08961550e+09
 1.08961551e+09 1.08961552e+09 1.08961553e+09 1.08961554e+09
 1.08961555e+09 1.08961556e+09 1.08961557e+09 1.08961558e+09
 1.08961559e+09 1.08961560e+09 1.08961561e+09 1.08961562e+09
 1.08961563e+09 1.08961564e+09 1.08961565e+09 1.08961566e+09
 1.08961566e+09 1.08961567e+09 1.08961568e+09 1.08961569e+09
 1.08961570e+09 1.08961571e+09 1.08961572e+09 1.08961573e+09
 1.08961574e+09 1.08961575e+09 1.08961576e+09 1.08961577e+09
 1.08961578e+09 1.08961579e+09 1.08961580e+09 1.08961581e+09
 1.08961582e+09 1.08961583e+09 1.08961584e+09 1.08961585e+09
 1.08961586e+09 1.08961587e+09 1.08961588e+09 1.08961589e+09
 1.08961590e+09 1.08961591e+09 1.08961592e+09 1.08961593e+09
 1.08961594e+09 1.08961595e+09 1.08961596e+09 1.08961597e+09
 1.08961598e+09 1.08961599e+09 1.08961600e+09 1.08961601e+09
 1.08961602e+09 1.08961603e+09 1.08961604e+09 1.08961605e+09
 1.08961606e+09 1.08961607e+09 1.08961607e+09 1.08961608e+09
 1.08961609e+09 1.08961610e+09 1.08961611e+09 1.08961612e+09
 1.08961613e+09 1.08961614e+09 1.08961615e+09 1.08961616e+09
 1.08961617e+09 1.08961618e+09 1.08961619e+09 1.08961620e+09
 1.08961621e+09 1.08961622e+09 1.08961623e+09 1.08961624e+09
 1.08961625e+09 1.08961626e+09 1.08961627e+09 1.08961628e+09
 1.08961629e+09 1.08961630e+09 1.08961631e+09 1.08961632e+09
 1.08961633e+09 1.08961634e+09 1.08961635e+09 1.08961636e+09
 1.08961637e+09 1.08961638e+09 1.08961639e+09 1.08961640e+09
 1.08961641e+09 1.08961642e+09 1.08961643e+09 1.08961644e+09
 1.08961645e+09 1.08961646e+09 1.08961647e+09 1.08961647e+09
 1.08961648e+09 1.08961649e+09 1.08961650e+09 1.08961651e+09
 1.08961652e+09 1.08961653e+09 1.08961654e+09 1.08961655e+09
 1.08961656e+09 1.08961657e+09 1.08961658e+09 1.08961659e+09
 1.08961660e+09 1.08961661e+09 1.08961662e+09 1.08961663e+09
 1.08961664e+09 1.08961665e+09 1.08961666e+09 1.08961667e+09
 1.08961668e+09 1.08961669e+09 1.08961670e+09 1.08961671e+09
 1.08961672e+09 1.08961673e+09 1.08961674e+09 1.08961675e+09
 1.08961676e+09 1.08961677e+09 1.08961678e+09 1.08961679e+09
 1.08961680e+09 1.08961681e+09 1.08961682e+09 1.08961683e+09
 1.08961684e+09 1.08961685e+09 1.08961686e+09 1.08961687e+09
 1.08961688e+09 1.08961688e+09 1.08961689e+09 1.08961690e+09
 1.08961691e+09 1.08961692e+09 1.08961693e+09 1.08961694e+09
 1.08961695e+09 1.08961696e+09 1.08961697e+09 1.08961698e+09
 1.08961699e+09 1.08961700e+09 1.08961701e+09 1.08961702e+09
 1.08961703e+09 1.08961704e+09 1.08961705e+09 1.08961706e+09
 1.08961707e+09 1.08961708e+09 1.08961709e+09 1.08961710e+09
 1.08961711e+09 1.08961712e+09 1.08961713e+09 1.08961714e+09
 1.08961715e+09 1.08961716e+09 1.08961717e+09 1.08961718e+09
 1.08961719e+09 1.08961720e+09 1.08961721e+09 1.08961722e+09
 1.08961723e+09 1.08961724e+09 1.08961725e+09 1.08961726e+09
 1.08961727e+09 1.08961728e+09 1.08961729e+09 1.08961729e+09
 1.08961730e+09 1.08961731e+09 1.08961732e+09 1.08961733e+09
 1.08961734e+09 1.08961735e+09 1.08961736e+09 1.08961737e+09
 1.08961738e+09 1.08961739e+09 1.08961740e+09 1.08961741e+09
 1.08961742e+09 1.08961743e+09 1.08961744e+09 1.08961745e+09
 1.08961746e+09 1.08961747e+09 1.08961748e+09 1.08961749e+09
 1.08961750e+09 1.08961751e+09 1.08961752e+09 1.08961753e+09
 1.08961754e+09 1.08961755e+09 1.08961756e+09 1.08961757e+09
 1.08961758e+09 1.08961759e+09 1.08961760e+09 1.08961761e+09
 1.08961762e+09 1.08961763e+09 1.08961764e+09 1.08961765e+09
 1.08961766e+09 1.08961767e+09 1.08961768e+09 1.08961769e+09
 1.08961769e+09 1.08961770e+09 1.08961771e+09 1.08961772e+09
 1.08961773e+09 1.08961774e+09 1.08961775e+09 1.08961776e+09
 1.08961777e+09 1.08961778e+09 1.08961779e+09 1.08961780e+09
 1.08961781e+09 1.08961782e+09 1.08961783e+09 1.08961784e+09
 1.08961785e+09 1.08961786e+09 1.08961787e+09 1.08961788e+09
 1.08961789e+09 1.08961790e+09 1.08961791e+09 1.08961792e+09
 1.08961793e+09 1.08961794e+09 1.08961795e+09 1.08961796e+09
 1.08961797e+09 1.08961798e+09 1.08961799e+09 1.08961800e+09
 1.08961801e+09 1.08961802e+09 1.08961803e+09 1.08961804e+09
 1.08961805e+09 1.08961806e+09 1.08961807e+09 1.08961808e+09
 1.08961809e+09 1.08961810e+09 1.08961810e+09 1.08961811e+09
 1.08961812e+09 1.08961813e+09 1.08961814e+09 1.08961815e+09
 1.08961816e+09 1.08961817e+09 1.08961818e+09 1.08961819e+09
 1.08961820e+09 1.08961821e+09 1.08961822e+09 1.08961823e+09
 1.08961824e+09 1.08961825e+09 1.08961826e+09 1.08961827e+09
 1.08961828e+09 1.08961829e+09 1.08961830e+09 1.08961831e+09
 1.08961832e+09 1.08961833e+09 1.08961834e+09 1.08961835e+09
 1.08961836e+09 1.08961837e+09 1.08961838e+09 1.08961839e+09
 1.08961840e+09 1.08961841e+09 1.08961842e+09 1.08961843e+09
 1.08961844e+09 1.08961845e+09 1.08961846e+09 1.08961847e+09
 1.08961848e+09 1.08961849e+09 1.08961850e+09 1.08961850e+09
 1.08961851e+09 1.08961852e+09 1.08961853e+09 1.08961854e+09
 1.08961855e+09 1.08961856e+09 1.08961857e+09 1.08961858e+09
 1.08961859e+09 1.08961860e+09 1.08961861e+09 1.08961862e+09
 1.08961863e+09 1.08961864e+09 1.08961865e+09 1.08961866e+09
 1.08961867e+09 1.08961868e+09 1.08961869e+09 1.08961870e+09]
