name =JUICE_ROI_GAN_4_4_04
flyby = ['2034 SEP 28 18:48:51', '2034 SEP 29 18:48:51']
Observation TW = <SpiceCell dtype = 1, length = 0, size = 3400, card = 14, is_set = 1, adjust = 0, init = 1, base = 94198739057216, data = 94198739057264>
Res(t) = [1.09575876 1.09580732 1.09585712 1.09590815 1.09596043 1.09601394
 1.09606868 1.09612466 1.09618187 1.09624032 1.09629999 1.0963609
 1.09642303 1.09648639 1.09655098 1.0966168  1.09668384 1.0967521
 1.09682158 1.09689229 1.09696421 1.09703736 1.09711172 1.0971873
 1.09726409 1.0973421  1.09742132 1.09750175 1.0975834  1.09766625
 1.09775031 1.09783558 1.09792205 1.09800973 1.09809862 1.0981887
 1.09827999 1.09837247 1.09846616 1.09856104 1.09865712 1.09875439
 1.09885286 1.09895252 1.09905337 1.09915541 1.09925864 1.09936305
 1.09946866 1.09957544 1.09968342 1.09979257 1.0999029  1.10001442
 1.10012711 1.10024098 1.10035603 1.10047225 1.10058964 1.10070821
 1.10082795 1.10094885 1.10107093 1.10119417 1.10131857 1.10144414
 1.10157088 1.10169877 1.10182782 1.10195803 1.1020894  1.10222193
 1.10235561 1.10249044 1.10262642 1.10276356 1.10290184 1.10304127
 1.10318185 1.10332357 1.10346643 1.10361044 1.10375558 1.10390187
 1.10404929 1.10419785 1.10434754 1.10449837 1.10465033 1.10480341
 1.10495763 1.10511297 1.10526944 1.10542704 1.10558576 1.10574559
 1.10590655 1.10606863 1.10623182 1.10639613 1.10656156 1.10672809
 1.10689574 1.1070645  1.10723436 1.10740533 1.1075774  1.10775058
 1.10792486 1.10810024 1.10827672 1.1084543  1.10863297 1.10881274
 1.10899359 1.10917554 1.10935858 1.10954271 1.10972792 1.10991422
 1.1101016  1.11029006 1.1104796  1.11067022 1.11086191 1.11105468
 1.11124853 1.11144344 1.11163943 1.11183648 1.11203461 1.11223379
 1.11243404 1.11263535 1.11283773 1.11304116 1.11324565 1.11345119
 1.11365779 1.11386544 1.11407413 1.11428388 1.11449468 1.11470652
 1.1149194  1.11513333 1.11534829 1.1155643  1.11578134 1.11599942
 1.11621853 1.11643867 1.11665984 1.11688204 1.11710527 1.11732952
 1.1175548  1.11778109 1.11800841 1.11823674 1.11846609 1.11869645
 1.11892783 1.11916022 1.11939362 1.11962802 1.11986343 1.12009984
 1.12033726 1.12057568 1.12081509 1.1210555  1.12129691 1.12153931
 1.1217827  1.12202708 1.12227244 1.1225188  1.12276614 1.12301446
 1.12326376 1.12351403 1.12376529 1.12401752 1.12427073 1.1245249
 1.12478005 1.12503616 1.12529324 1.12555128 1.12581028 1.12607025
 1.12633117 1.12659305 1.12685588 1.12711967 1.12738441 1.1276501
 1.12791673 1.12818431 1.12845283 1.1287223  1.1289927  1.12926404
 1.12953632 1.12980953 1.13008367 1.13035875 1.13063475 1.13091167
 1.13118953 1.1314683  1.131748   1.13202861 1.13231014 1.13259259
 1.13287594 1.13316021 1.13344539 1.13373148 1.13401847 1.13430636
 1.13459515 1.13488485 1.13517544 1.13546692 1.1357593  1.13605257
 1.13634673 1.13664178 1.13693771 1.13723453 1.13753223 1.1378308
 1.13813026 1.13843059 1.13873179 1.13903387 1.13933681 1.13964062
 1.1399453  1.14025084 1.14055725 1.14086451 1.14117263 1.1414816
 1.14179143 1.14210211 1.14241364 1.14272602 1.14303924 1.14335331
 1.14366821 1.14398396 1.14430054 1.14461796 1.14493621 1.1452553
 1.14557521 1.14589595 1.14621751 1.1465399  1.14686311 1.14718713
 1.14751198 1.14783764 1.14816411 1.14849139 1.14881948 1.14914837
 1.14947807 1.14980858 1.15013988 1.15047198 1.15080488 1.15113857
 1.15147305 1.15180832 1.15214438 1.15248123 1.15281886 1.15315727
 1.15349646 1.15383643 1.15417717 1.15451868 1.15486097 1.15520403
 1.15554785 1.15589243 1.15623778 1.15658389 1.15693076 1.15727838
 1.15762676 1.15797589 1.15832577 1.15867639 1.15902776 1.15937988
 1.15973273 1.16008633 1.16044066 1.16079573 1.16115153 1.16150806
 1.16186532 1.1622233  1.16258201 1.16294144 1.16330159 1.16366246
 1.16402405 1.16438634 1.16474935 1.16511307 1.16547749 1.16584262
 1.16620845 1.16657499 1.16694222 1.16731014 1.16767876 1.16804808
 1.16841808 1.16878877 1.16916014 1.1695322  1.16990494 1.17027836
 1.17065245 1.17102722 1.17140266 1.17177877 1.17215555 1.17253299
 1.1729111  1.17328987 1.1736693  1.17404938 1.17443012 1.17481152
 1.17519356 1.17557625 1.17595959 1.17634357 1.17672819 1.17711346
 1.17749936 1.17788589 1.17827306 1.17866086 1.17904929 1.17943834
 1.17982802 1.18021832 1.18060924 1.18100077 1.18139293 1.18178569
 1.18217907 1.18257305 1.18296764 1.18336284 1.18375864 1.18415504
 1.18455203 1.18494962 1.18534781 1.18574658 1.18614595 1.1865459
 1.18694643 1.18734755 1.18774925 1.18815153 1.18855438 1.1889578
 1.1893618  1.18976637 1.1901715  1.19057719 1.19098345 1.19139027
 1.19179765 1.19220558 1.19261407 1.19302311 1.1934327  1.19384283
 1.19425351 1.19466473 1.19507649 1.19548879 1.19590163 1.196315
 1.1967289  1.19714333 1.19755828 1.19797376 1.19838977 1.19880629
 1.19922334 1.1996409  1.20005897 1.20047755 1.20089664 1.20131625
 1.20173635 1.20215696 1.20257807 1.20299967 1.20342178 1.20384437
 1.20426746 1.20469104 1.2051151  1.20553965 1.20596469 1.2063902
 1.20681619 1.20724266 1.2076696  1.20809701 1.2085249  1.20895325
 1.20938206 1.20981134 1.21024108 1.21067128 1.21110193 1.21153304
 1.2119646  1.21239661 1.21282906 1.21326196 1.21369531 1.2141291
 1.21456332 1.21499798 1.21543308 1.2158686  1.21630456 1.21674095
 1.21717776 1.21761499 1.21805265 1.21849072 1.21892921 1.21936812
 1.21980743 1.22024716 1.2206873  1.22112784 1.22156878 1.22201013
 1.22245187 1.22289402 1.22333655 1.22377948 1.2242228  1.22466651
 1.22511061 1.22555508 1.22599994 1.22644518 1.2268908  1.22733679
 1.22778316 1.2282299  1.228677   1.22912447 1.22957231 1.23002051
 1.23046907 1.23091798 1.23136725 1.23181688 1.23226685 1.23271718
 1.23316785 1.23361887 1.23407023 1.23452193 1.23497397 1.23542635
 1.23587906 1.2363321  1.23678547 1.23723917 1.23769319 1.23814754
 1.23860221 1.2390572  1.2395125  1.23996812 1.24042406 1.2408803
 1.24133685 1.24179371 1.24225087 1.24270834 1.2431661  1.24362416
 1.24408252 1.24454117 1.24500011 1.24545934 1.24591886 1.24637867
 1.24683875 1.24729912 1.24775977 1.24822069 1.24868188 1.24914335
 1.24960509 1.2500671  1.25052937 1.25099191 1.25145471 1.25191777
 1.25238109 1.25284466 1.25330849 1.25377256 1.25423689 1.25470146
 1.25516628 1.25563135 1.25609665 1.25656219 1.25702797 1.25749398
 1.25796023 1.25842671 1.25889341 1.25936034 1.2598275  1.26029488
 1.26076248 1.26123029 1.26169833 1.26216658 1.26263504 1.26310371
 1.26357258 1.26404167 1.26451095 1.26498044 1.26545013 1.26592002
 1.2663901  1.26686038 1.26733085 1.26780151 1.26827235 1.26874338
 1.2692146  1.26968599 1.27015757 1.27062932 1.27110125 1.27157336
 1.27204563 1.27251808 1.27299069 1.27346346 1.27393641 1.27440951
 1.27488277 1.27535619 1.27582977 1.27630349 1.27677737 1.27725141
 1.27772558 1.27819991 1.27867437 1.27914898 1.27962373 1.28009862
 1.28057364 1.2810488  1.28152409 1.28199951 1.28247505 1.28295073
 1.28342653 1.28390245 1.28437849 1.28485464 1.28533092 1.28580731
 1.28628381 1.28676042 1.28723714 1.28771397 1.28819091 1.28866794
 1.28914508 1.28962232 1.29009965 1.29057708 1.2910546  1.29153222
 1.29200992 1.29248771 1.29296559 1.29344355 1.2939216  1.29439972
 1.29487792 1.2953562  1.29583455 1.29631298 1.29679148 1.29727004
 1.29774868 1.29822738 1.29870614 1.29918496 1.29966385 1.30014279
 1.30062179 1.30110084 1.30157994 1.3020591  1.3025383  1.30301755
 1.30349685 1.30397618 1.30445556 1.30493498 1.30541444 1.30589394
 1.30637346 1.30685302 1.30733262 1.30781223 1.30829188 1.30877155
 1.30925125 1.30973097 1.3102107  1.31069046 1.31117023 1.31165001
 1.31212981 1.31260962 1.31308944 1.31356927 1.3140491  1.31452894
 1.31500877 1.31548861 1.31596845 1.31644828 1.31692811 1.31740794
 1.31788775 1.31836756 1.31884735 1.31932713 1.3198069  1.32028665
 1.32076637 1.32124608 1.32172577 1.32220544 1.32268507 1.32316469
 1.32364427 1.32412382 1.32460334 1.32508283 1.32556228 1.3260417
 1.32652107 1.32700041 1.3274797  1.32795895 1.32843815 1.32891731
 1.32939642 1.32987548 1.33035448 1.33083343 1.33131233 1.33179117
 1.33226995 1.33274867 1.33322733 1.33370593 1.33418446 1.33466292
 1.33514132 1.33561965 1.3360979  1.33657608 1.33705419 1.33753222
 1.33801018 1.33848805 1.33896584 1.33944355 1.33992118 1.34039872
 1.34087618 1.34135354 1.34183081 1.342308   1.34278509 1.34326208
 1.34373898 1.34421578 1.34469248 1.34516907 1.34564557 1.34612196
 1.34659825 1.34707443 1.3475505  1.34802646 1.3485023  1.34897804
 1.34945366 1.34992916 1.35040455 1.35087981 1.35135496 1.35182998
 1.35230488 1.35277966 1.3532543  1.35372882 1.35420321 1.35467747
 1.3551516  1.35562559 1.35609945 1.35657317 1.35704675 1.35752019
 1.35799349 1.35846665 1.35893966 1.35941253 1.35988525 1.36035783
 1.36083025 1.36130252 1.36177464 1.36224661 1.36271842 1.36319007
 1.36366157 1.36413291 1.36460408 1.3650751  1.36554595 1.36601663
 1.36648715 1.3669575  1.36742768 1.36789769 1.36836753 1.3688372
 1.36930669 1.369776   1.37024514 1.3707141  1.37118288 1.37165148
 1.3721199  1.37258813 1.37305618 1.37352404 1.37399171 1.3744592
 1.37492649 1.3753936  1.37586051 1.37632722 1.37679374 1.37726006
 1.37772619 1.37819211 1.37865784 1.37912336 1.37958868 1.3800538
 1.38051871 1.38098341 1.38144791 1.38191219 1.38237627 1.38284013
 1.38330378 1.38376722 1.38423044 1.38469344 1.38515623 1.38561879
 1.38608114 1.38654326 1.38700516 1.38746684 1.38792829 1.38838952
 1.38885052 1.38931129 1.38977183 1.39023214 1.39069221 1.39115206
 1.39161167 1.39207104 1.39253017 1.39298907 1.39344773 1.39390615
 1.39436433 1.39482226 1.39527995 1.3957374  1.3961946  1.39665155
 1.39710825 1.39756471 1.39802091 1.39847687 1.39893257 1.39938801
 1.3998432  1.40029814 1.40075282 1.40120724 1.4016614  1.4021153
 1.40256894 1.40302232 1.40347543 1.40392828 1.40438087 1.40483318
 1.40528523 1.40573701 1.40618852 1.40663976 1.40709073 1.40754143
 1.40799185 1.408442   1.40889187 1.40934146 1.40979078 1.41023981
 1.41068857 1.41113705 1.41158524 1.41203315 1.41248078 1.41292812
 1.41337518 1.41382195 1.41426843 1.41471463 1.41516053 1.41560614
 1.41605146 1.41649649 1.41694123 1.41738567 1.41782981 1.41827366
 1.41871721 1.41916047 1.41960342 1.42004607 1.42048843 1.42093048
 1.42137223 1.42181367 1.42225481 1.42269564 1.42313617 1.42357639
 1.42401631 1.42445591 1.4248952  1.42533418 1.42577285 1.42621121
 1.42664926 1.42708699 1.4275244  1.4279615  1.42839828 1.42883475
 1.42927089 1.42970672 1.43014223 1.43057741 1.43101227 1.43144682
 1.43188103 1.43231493 1.43274849 1.43318173 1.43361465 1.43404724
 1.43447949 1.43491142 1.43534302 1.43577429 1.43620523 1.43663583
 1.43706611 1.43749604 1.43792565 1.43835492 1.43878385 1.43921244
 1.4396407  1.44006862 1.4404962  1.44092344 1.44135034 1.4417769
 1.44220311 1.44262898 1.44305451 1.4434797  1.44390454 1.44432903
 1.44475318 1.44517698 1.44560043 1.44602354 1.44644629 1.4468687
 1.44729075 1.44771246 1.44813381 1.44855481 1.44897545 1.44939575
 1.44981568 1.45023527 1.45065449 1.45107336 1.45149187 1.45191003
 1.45232782 1.45274526 1.45316233 1.45357905 1.45399541 1.4544114
 1.45482703 1.4552423  1.4556572  1.45607174 1.45648592 1.45689973
 1.45731317 1.45772625 1.45813896 1.4585513  1.45896328 1.45937488
 1.45978612 1.46019698 1.46060748 1.4610176  1.46142735 1.46183673
 1.46224574 1.46265437 1.46306263 1.46347052 1.46387802 1.46428516
 1.46469192 1.4650983  1.4655043  1.46590993 1.46631517 1.46672004
 1.46712453 1.46752864 1.46793237 1.46833572 1.46873869 1.46914127
 1.46954347 1.46994529 1.47034673 1.47074778]
t = [1.09639065e+09 1.09639070e+09 1.09639075e+09 1.09639080e+09
 1.09639085e+09 1.09639090e+09 1.09639095e+09 1.09639100e+09
 1.09639105e+09 1.09639110e+09 1.09639115e+09 1.09639120e+09
 1.09639125e+09 1.09639130e+09 1.09639135e+09 1.09639140e+09
 1.09639145e+09 1.09639150e+09 1.09639155e+09 1.09639160e+09
 1.09639165e+09 1.09639170e+09 1.09639175e+09 1.09639180e+09
 1.09639185e+09 1.09639190e+09 1.09639195e+09 1.09639200e+09
 1.09639205e+09 1.09639210e+09 1.09639215e+09 1.09639220e+09
 1.09639225e+09 1.09639230e+09 1.09639235e+09 1.09639240e+09
 1.09639245e+09 1.09639250e+09 1.09639255e+09 1.09639260e+09
 1.09639265e+09 1.09639270e+09 1.09639275e+09 1.09639280e+09
 1.09639285e+09 1.09639290e+09 1.09639295e+09 1.09639300e+09
 1.09639305e+09 1.09639310e+09 1.09639315e+09 1.09639320e+09
 1.09639325e+09 1.09639330e+09 1.09639335e+09 1.09639340e+09
 1.09639345e+09 1.09639350e+09 1.09639355e+09 1.09639360e+09
 1.09639365e+09 1.09639370e+09 1.09639375e+09 1.09639380e+09
 1.09639385e+09 1.09639390e+09 1.09639395e+09 1.09639400e+09
 1.09639405e+09 1.09639410e+09 1.09639415e+09 1.09639420e+09
 1.09639425e+09 1.09639430e+09 1.09639435e+09 1.09639440e+09
 1.09639445e+09 1.09639450e+09 1.09639455e+09 1.09639460e+09
 1.09639465e+09 1.09639470e+09 1.09639475e+09 1.09639480e+09
 1.09639485e+09 1.09639490e+09 1.09639495e+09 1.09639500e+09
 1.09639505e+09 1.09639510e+09 1.09639515e+09 1.09639520e+09
 1.09639525e+09 1.09639530e+09 1.09639535e+09 1.09639540e+09
 1.09639545e+09 1.09639550e+09 1.09639555e+09 1.09639560e+09
 1.09639565e+09 1.09639570e+09 1.09639575e+09 1.09639580e+09
 1.09639585e+09 1.09639590e+09 1.09639595e+09 1.09639600e+09
 1.09639605e+09 1.09639610e+09 1.09639615e+09 1.09639620e+09
 1.09639625e+09 1.09639630e+09 1.09639635e+09 1.09639640e+09
 1.09639645e+09 1.09639650e+09 1.09639655e+09 1.09639660e+09
 1.09639665e+09 1.09639670e+09 1.09639675e+09 1.09639680e+09
 1.09639685e+09 1.09639690e+09 1.09639695e+09 1.09639700e+09
 1.09639705e+09 1.09639710e+09 1.09639715e+09 1.09639720e+09
 1.09639725e+09 1.09639730e+09 1.09639735e+09 1.09639740e+09
 1.09639745e+09 1.09639750e+09 1.09639755e+09 1.09639760e+09
 1.09639765e+09 1.09639770e+09 1.09639775e+09 1.09639780e+09
 1.09639785e+09 1.09639790e+09 1.09639795e+09 1.09639800e+09
 1.09639805e+09 1.09639810e+09 1.09639815e+09 1.09639820e+09
 1.09639825e+09 1.09639830e+09 1.09639835e+09 1.09639840e+09
 1.09639845e+09 1.09639850e+09 1.09639855e+09 1.09639860e+09
 1.09639865e+09 1.09639870e+09 1.09639875e+09 1.09639880e+09
 1.09639885e+09 1.09639890e+09 1.09639895e+09 1.09639900e+09
 1.09639905e+09 1.09639910e+09 1.09639915e+09 1.09639920e+09
 1.09639925e+09 1.09639930e+09 1.09639935e+09 1.09639940e+09
 1.09639945e+09 1.09639950e+09 1.09639955e+09 1.09639960e+09
 1.09639965e+09 1.09639970e+09 1.09639975e+09 1.09639980e+09
 1.09639985e+09 1.09639990e+09 1.09639995e+09 1.09640000e+09
 1.09640005e+09 1.09640010e+09 1.09640015e+09 1.09640020e+09
 1.09640025e+09 1.09640030e+09 1.09640035e+09 1.09640040e+09
 1.09640045e+09 1.09640050e+09 1.09640055e+09 1.09640060e+09
 1.09640065e+09 1.09640070e+09 1.09640075e+09 1.09640080e+09
 1.09640085e+09 1.09640090e+09 1.09640095e+09 1.09640100e+09
 1.09640105e+09 1.09640110e+09 1.09640115e+09 1.09640120e+09
 1.09640125e+09 1.09640130e+09 1.09640135e+09 1.09640140e+09
 1.09640145e+09 1.09640150e+09 1.09640155e+09 1.09640160e+09
 1.09640165e+09 1.09640170e+09 1.09640175e+09 1.09640180e+09
 1.09640185e+09 1.09640190e+09 1.09640195e+09 1.09640200e+09
 1.09640205e+09 1.09640210e+09 1.09640215e+09 1.09640220e+09
 1.09640225e+09 1.09640230e+09 1.09640235e+09 1.09640240e+09
 1.09640245e+09 1.09640250e+09 1.09640255e+09 1.09640260e+09
 1.09640265e+09 1.09640270e+09 1.09640275e+09 1.09640280e+09
 1.09640285e+09 1.09640290e+09 1.09640295e+09 1.09640300e+09
 1.09640305e+09 1.09640310e+09 1.09640315e+09 1.09640320e+09
 1.09640325e+09 1.09640330e+09 1.09640335e+09 1.09640340e+09
 1.09640345e+09 1.09640350e+09 1.09640355e+09 1.09640360e+09
 1.09640365e+09 1.09640370e+09 1.09640375e+09 1.09640380e+09
 1.09640385e+09 1.09640390e+09 1.09640395e+09 1.09640400e+09
 1.09640405e+09 1.09640410e+09 1.09640415e+09 1.09640420e+09
 1.09640425e+09 1.09640430e+09 1.09640435e+09 1.09640440e+09
 1.09640445e+09 1.09640450e+09 1.09640455e+09 1.09640460e+09
 1.09640465e+09 1.09640470e+09 1.09640475e+09 1.09640480e+09
 1.09640485e+09 1.09640490e+09 1.09640495e+09 1.09640500e+09
 1.09640505e+09 1.09640510e+09 1.09640515e+09 1.09640520e+09
 1.09640525e+09 1.09640530e+09 1.09640535e+09 1.09640540e+09
 1.09640545e+09 1.09640550e+09 1.09640555e+09 1.09640560e+09
 1.09640565e+09 1.09640570e+09 1.09640575e+09 1.09640580e+09
 1.09640585e+09 1.09640590e+09 1.09640595e+09 1.09640600e+09
 1.09640605e+09 1.09640610e+09 1.09640615e+09 1.09640620e+09
 1.09640625e+09 1.09640630e+09 1.09640635e+09 1.09640640e+09
 1.09640645e+09 1.09640650e+09 1.09640655e+09 1.09640660e+09
 1.09640665e+09 1.09640670e+09 1.09640675e+09 1.09640680e+09
 1.09640685e+09 1.09640690e+09 1.09640695e+09 1.09640700e+09
 1.09640705e+09 1.09640710e+09 1.09640715e+09 1.09640720e+09
 1.09640725e+09 1.09640730e+09 1.09640735e+09 1.09640740e+09
 1.09640745e+09 1.09640750e+09 1.09640755e+09 1.09640760e+09
 1.09640765e+09 1.09640770e+09 1.09640775e+09 1.09640780e+09
 1.09640785e+09 1.09640790e+09 1.09640795e+09 1.09640800e+09
 1.09640805e+09 1.09640810e+09 1.09640815e+09 1.09640820e+09
 1.09640825e+09 1.09640830e+09 1.09640835e+09 1.09640840e+09
 1.09640845e+09 1.09640850e+09 1.09640855e+09 1.09640860e+09
 1.09640865e+09 1.09640870e+09 1.09640875e+09 1.09640880e+09
 1.09640885e+09 1.09640890e+09 1.09640895e+09 1.09640900e+09
 1.09640905e+09 1.09640910e+09 1.09640915e+09 1.09640920e+09
 1.09640925e+09 1.09640930e+09 1.09640935e+09 1.09640940e+09
 1.09640945e+09 1.09640950e+09 1.09640955e+09 1.09640960e+09
 1.09640965e+09 1.09640970e+09 1.09640975e+09 1.09640980e+09
 1.09640985e+09 1.09640990e+09 1.09640995e+09 1.09641000e+09
 1.09641005e+09 1.09641010e+09 1.09641015e+09 1.09641020e+09
 1.09641025e+09 1.09641030e+09 1.09641035e+09 1.09641040e+09
 1.09641045e+09 1.09641050e+09 1.09641055e+09 1.09641060e+09
 1.09641065e+09 1.09641070e+09 1.09641075e+09 1.09641080e+09
 1.09641085e+09 1.09641090e+09 1.09641095e+09 1.09641100e+09
 1.09641105e+09 1.09641110e+09 1.09641115e+09 1.09641120e+09
 1.09641125e+09 1.09641130e+09 1.09641135e+09 1.09641140e+09
 1.09641145e+09 1.09641150e+09 1.09641155e+09 1.09641160e+09
 1.09641165e+09 1.09641170e+09 1.09641175e+09 1.09641180e+09
 1.09641185e+09 1.09641190e+09 1.09641195e+09 1.09641200e+09
 1.09641205e+09 1.09641210e+09 1.09641215e+09 1.09641220e+09
 1.09641225e+09 1.09641230e+09 1.09641235e+09 1.09641240e+09
 1.09641245e+09 1.09641250e+09 1.09641255e+09 1.09641260e+09
 1.09641265e+09 1.09641270e+09 1.09641275e+09 1.09641280e+09
 1.09641285e+09 1.09641290e+09 1.09641295e+09 1.09641300e+09
 1.09641305e+09 1.09641310e+09 1.09641315e+09 1.09641320e+09
 1.09641325e+09 1.09641330e+09 1.09641335e+09 1.09641340e+09
 1.09641345e+09 1.09641350e+09 1.09641355e+09 1.09641360e+09
 1.09641365e+09 1.09641370e+09 1.09641375e+09 1.09641380e+09
 1.09641385e+09 1.09641390e+09 1.09641395e+09 1.09641400e+09
 1.09641405e+09 1.09641410e+09 1.09641415e+09 1.09641420e+09
 1.09641425e+09 1.09641430e+09 1.09641435e+09 1.09641440e+09
 1.09641445e+09 1.09641450e+09 1.09641455e+09 1.09641460e+09
 1.09641465e+09 1.09641470e+09 1.09641475e+09 1.09641480e+09
 1.09641485e+09 1.09641490e+09 1.09641495e+09 1.09641500e+09
 1.09641505e+09 1.09641510e+09 1.09641515e+09 1.09641520e+09
 1.09641525e+09 1.09641530e+09 1.09641535e+09 1.09641540e+09
 1.09641545e+09 1.09641550e+09 1.09641555e+09 1.09641560e+09
 1.09641565e+09 1.09641570e+09 1.09641575e+09 1.09641580e+09
 1.09641585e+09 1.09641590e+09 1.09641595e+09 1.09641600e+09
 1.09641605e+09 1.09641610e+09 1.09641615e+09 1.09641620e+09
 1.09641625e+09 1.09641630e+09 1.09641635e+09 1.09641640e+09
 1.09641645e+09 1.09641650e+09 1.09641655e+09 1.09641660e+09
 1.09641665e+09 1.09641670e+09 1.09641675e+09 1.09641680e+09
 1.09641685e+09 1.09641690e+09 1.09641695e+09 1.09641700e+09
 1.09641705e+09 1.09641710e+09 1.09641715e+09 1.09641720e+09
 1.09641725e+09 1.09641730e+09 1.09641735e+09 1.09641740e+09
 1.09641745e+09 1.09641750e+09 1.09641755e+09 1.09641760e+09
 1.09641765e+09 1.09641770e+09 1.09641775e+09 1.09641780e+09
 1.09641785e+09 1.09641790e+09 1.09641795e+09 1.09641800e+09
 1.09641805e+09 1.09641810e+09 1.09641815e+09 1.09641820e+09
 1.09641825e+09 1.09641830e+09 1.09641835e+09 1.09641840e+09
 1.09641845e+09 1.09641850e+09 1.09641855e+09 1.09641860e+09
 1.09641865e+09 1.09641870e+09 1.09641875e+09 1.09641880e+09
 1.09641885e+09 1.09641890e+09 1.09641895e+09 1.09641900e+09
 1.09641905e+09 1.09641910e+09 1.09641915e+09 1.09641920e+09
 1.09641925e+09 1.09641930e+09 1.09641935e+09 1.09641940e+09
 1.09641945e+09 1.09641950e+09 1.09641955e+09 1.09641960e+09
 1.09641965e+09 1.09641970e+09 1.09641975e+09 1.09641980e+09
 1.09641985e+09 1.09641990e+09 1.09641995e+09 1.09642000e+09
 1.09642005e+09 1.09642010e+09 1.09642015e+09 1.09642020e+09
 1.09642025e+09 1.09642030e+09 1.09642035e+09 1.09642040e+09
 1.09642045e+09 1.09642050e+09 1.09642055e+09 1.09642060e+09
 1.09642065e+09 1.09642070e+09 1.09642075e+09 1.09642080e+09
 1.09642085e+09 1.09642090e+09 1.09642095e+09 1.09642100e+09
 1.09642105e+09 1.09642110e+09 1.09642115e+09 1.09642120e+09
 1.09642125e+09 1.09642130e+09 1.09642135e+09 1.09642140e+09
 1.09642145e+09 1.09642150e+09 1.09642155e+09 1.09642160e+09
 1.09642165e+09 1.09642170e+09 1.09642175e+09 1.09642180e+09
 1.09642185e+09 1.09642190e+09 1.09642195e+09 1.09642200e+09
 1.09642205e+09 1.09642210e+09 1.09642215e+09 1.09642220e+09
 1.09642225e+09 1.09642230e+09 1.09642235e+09 1.09642240e+09
 1.09642245e+09 1.09642250e+09 1.09642255e+09 1.09642260e+09
 1.09642265e+09 1.09642270e+09 1.09642275e+09 1.09642280e+09
 1.09642285e+09 1.09642290e+09 1.09642295e+09 1.09642300e+09
 1.09642305e+09 1.09642310e+09 1.09642315e+09 1.09642320e+09
 1.09642325e+09 1.09642330e+09 1.09642335e+09 1.09642340e+09
 1.09642345e+09 1.09642350e+09 1.09642355e+09 1.09642360e+09
 1.09642365e+09 1.09642370e+09 1.09642375e+09 1.09642380e+09
 1.09642385e+09 1.09642390e+09 1.09642395e+09 1.09642400e+09
 1.09642405e+09 1.09642410e+09 1.09642415e+09 1.09642420e+09
 1.09642425e+09 1.09642430e+09 1.09642435e+09 1.09642440e+09
 1.09642445e+09 1.09642450e+09 1.09642455e+09 1.09642460e+09
 1.09642465e+09 1.09642470e+09 1.09642475e+09 1.09642480e+09
 1.09642485e+09 1.09642490e+09 1.09642495e+09 1.09642500e+09
 1.09642505e+09 1.09642510e+09 1.09642515e+09 1.09642520e+09
 1.09642525e+09 1.09642530e+09 1.09642535e+09 1.09642540e+09
 1.09642545e+09 1.09642550e+09 1.09642555e+09 1.09642560e+09
 1.09642565e+09 1.09642570e+09 1.09642575e+09 1.09642580e+09
 1.09642585e+09 1.09642590e+09 1.09642595e+09 1.09642600e+09
 1.09642605e+09 1.09642610e+09 1.09642615e+09 1.09642620e+09
 1.09642625e+09 1.09642630e+09 1.09642635e+09 1.09642640e+09
 1.09642645e+09 1.09642650e+09 1.09642655e+09 1.09642660e+09
 1.09642665e+09 1.09642670e+09 1.09642675e+09 1.09642680e+09
 1.09642685e+09 1.09642690e+09 1.09642695e+09 1.09642700e+09
 1.09642705e+09 1.09642710e+09 1.09642715e+09 1.09642720e+09
 1.09642725e+09 1.09642730e+09 1.09642735e+09 1.09642740e+09
 1.09642745e+09 1.09642750e+09 1.09642755e+09 1.09642760e+09
 1.09642765e+09 1.09642770e+09 1.09642775e+09 1.09642780e+09
 1.09642785e+09 1.09642790e+09 1.09642795e+09 1.09642800e+09
 1.09642805e+09 1.09642810e+09 1.09642815e+09 1.09642820e+09
 1.09642825e+09 1.09642830e+09 1.09642835e+09 1.09642840e+09
 1.09642845e+09 1.09642850e+09 1.09642855e+09 1.09642860e+09
 1.09642865e+09 1.09642870e+09 1.09642875e+09 1.09642880e+09
 1.09642885e+09 1.09642890e+09 1.09642895e+09 1.09642900e+09
 1.09642905e+09 1.09642910e+09 1.09642915e+09 1.09642920e+09
 1.09642925e+09 1.09642930e+09 1.09642935e+09 1.09642940e+09
 1.09642945e+09 1.09642950e+09 1.09642955e+09 1.09642960e+09
 1.09642965e+09 1.09642970e+09 1.09642975e+09 1.09642980e+09
 1.09642985e+09 1.09642990e+09 1.09642995e+09 1.09643000e+09
 1.09643005e+09 1.09643010e+09 1.09643015e+09 1.09643020e+09
 1.09643025e+09 1.09643030e+09 1.09643035e+09 1.09643040e+09
 1.09643045e+09 1.09643050e+09 1.09643055e+09 1.09643060e+09
 1.09643065e+09 1.09643070e+09 1.09643075e+09 1.09643080e+09
 1.09643085e+09 1.09643090e+09 1.09643095e+09 1.09643100e+09
 1.09643105e+09 1.09643110e+09 1.09643115e+09 1.09643120e+09
 1.09643125e+09 1.09643130e+09 1.09643135e+09 1.09643140e+09
 1.09643145e+09 1.09643150e+09 1.09643155e+09 1.09643160e+09
 1.09643165e+09 1.09643170e+09 1.09643175e+09 1.09643180e+09
 1.09643185e+09 1.09643190e+09 1.09643195e+09 1.09643200e+09
 1.09643205e+09 1.09643210e+09 1.09643215e+09 1.09643220e+09
 1.09643225e+09 1.09643230e+09 1.09643235e+09 1.09643240e+09
 1.09643245e+09 1.09643250e+09 1.09643255e+09 1.09643260e+09
 1.09643265e+09 1.09643270e+09 1.09643275e+09 1.09643280e+09
 1.09643285e+09 1.09643290e+09 1.09643295e+09 1.09643300e+09
 1.09643305e+09 1.09643310e+09 1.09643315e+09 1.09643320e+09
 1.09643325e+09 1.09643330e+09 1.09643335e+09 1.09643340e+09
 1.09643345e+09 1.09643350e+09 1.09643355e+09 1.09643360e+09
 1.09643365e+09 1.09643370e+09 1.09643375e+09 1.09643380e+09
 1.09643385e+09 1.09643390e+09 1.09643395e+09 1.09643400e+09
 1.09643405e+09 1.09643410e+09 1.09643415e+09 1.09643420e+09
 1.09643425e+09 1.09643430e+09 1.09643435e+09 1.09643440e+09
 1.09643445e+09 1.09643450e+09 1.09643455e+09 1.09643460e+09
 1.09643465e+09 1.09643470e+09 1.09643475e+09 1.09643480e+09
 1.09643485e+09 1.09643490e+09 1.09643495e+09 1.09643500e+09
 1.09643505e+09 1.09643510e+09 1.09643515e+09 1.09643520e+09
 1.09643525e+09 1.09643530e+09 1.09643535e+09 1.09643540e+09
 1.09643545e+09 1.09643550e+09 1.09643555e+09 1.09643560e+09
 1.09643565e+09 1.09643570e+09 1.09643575e+09 1.09643580e+09
 1.09643585e+09 1.09643590e+09 1.09643595e+09 1.09643600e+09
 1.09643605e+09 1.09643610e+09 1.09643615e+09 1.09643620e+09
 1.09643625e+09 1.09643630e+09 1.09643635e+09 1.09643640e+09
 1.09643645e+09 1.09643650e+09 1.09643655e+09 1.09643660e+09
 1.09643665e+09 1.09643670e+09 1.09643675e+09 1.09643680e+09
 1.09643685e+09 1.09643690e+09 1.09643695e+09 1.09643700e+09
 1.09643705e+09 1.09643710e+09 1.09643715e+09 1.09643720e+09
 1.09643725e+09 1.09643730e+09 1.09643735e+09 1.09643740e+09
 1.09643745e+09 1.09643750e+09 1.09643755e+09 1.09643760e+09
 1.09643765e+09 1.09643770e+09 1.09643775e+09 1.09643780e+09
 1.09643785e+09 1.09643790e+09 1.09643795e+09 1.09643800e+09
 1.09643805e+09 1.09643810e+09 1.09643815e+09 1.09643820e+09
 1.09643825e+09 1.09643830e+09 1.09643835e+09 1.09643840e+09
 1.09643845e+09 1.09643850e+09 1.09643855e+09 1.09643860e+09
 1.09643865e+09 1.09643870e+09 1.09643875e+09 1.09643880e+09
 1.09643885e+09 1.09643890e+09 1.09643895e+09 1.09643900e+09
 1.09643905e+09 1.09643910e+09 1.09643915e+09 1.09643920e+09
 1.09643925e+09 1.09643930e+09 1.09643935e+09 1.09643940e+09
 1.09643945e+09 1.09643950e+09 1.09643955e+09 1.09643960e+09
 1.09643965e+09 1.09643970e+09 1.09643975e+09 1.09643980e+09
 1.09643985e+09 1.09643990e+09 1.09643995e+09 1.09644000e+09
 1.09644005e+09 1.09644010e+09 1.09644015e+09 1.09644020e+09
 1.09644025e+09 1.09644030e+09 1.09644035e+09 1.09644040e+09
 1.09644045e+09 1.09644050e+09 1.09644055e+09 1.09644060e+09]
minRes = 1.095758764133272
minResTime = [1.09639065e+09]
Cov(t) = [100 100 100 100 100 100 100 100 100 100 100 100 100 100 100 100 100 100
 100 100 100 100 100 100 100 100 100 100 100 100 100 100 100 100 100 100
 100 100 100 100 100 100 100 100 100 100 100 100 100 100 100 100 100 100
 100 100 100 100 100 100 100 100 100 100 100 100 100 100 100 100 100 100
 100 100 100 100 100 100 100 100 100 100 100 100 100 100 100 100 100 100
 100 100 100 100 100 100 100 100 100 100 100 100 100 100 100 100 100 100
 100 100 100 100 100 100 100 100 100 100 100 100 100 100 100 100 100 100
 100 100 100 100 100 100 100 100 100 100 100 100 100 100 100 100 100 100
 100 100 100 100 100 100 100 100 100 100 100 100 100 100 100 100 100 100
 100 100 100 100 100 100 100 100 100 100 100 100 100 100 100 100 100 100
 100 100 100 100 100 100 100 100 100 100 100 100 100 100 100 100 100 100
 100 100 100 100 100 100 100 100 100 100 100 100 100 100 100 100 100 100
 100 100 100 100 100 100 100 100 100 100 100 100 100 100 100 100 100 100
 100 100 100 100 100 100 100 100 100 100 100 100 100 100 100 100 100 100
 100 100 100 100 100 100 100 100 100 100 100 100 100 100 100 100 100 100
 100 100 100 100 100 100 100 100 100 100 100 100 100 100 100 100 100 100
 100 100 100 100 100 100 100 100 100 100 100 100 100 100 100 100 100 100
 100 100 100 100 100 100 100 100 100 100 100 100 100 100 100 100 100 100
 100 100 100 100 100 100 100 100 100 100 100 100 100 100 100 100 100 100
 100 100 100 100 100 100 100 100 100 100 100 100 100 100 100 100 100 100
 100 100 100 100 100 100 100 100 100 100 100 100 100 100 100 100 100 100
 100 100 100 100 100 100 100 100 100 100 100 100 100 100 100 100 100 100
 100 100 100 100 100 100 100 100 100 100 100 100 100 100 100 100 100 100
 100 100 100 100 100 100 100 100 100 100 100 100 100 100 100 100 100 100
 100 100 100 100 100 100 100 100 100 100 100 100 100 100 100 100 100 100
 100 100 100 100 100 100 100 100 100 100 100 100 100 100 100 100 100 100
 100 100 100 100 100 100 100 100 100 100 100 100 100 100 100 100 100 100
 100 100 100 100 100 100 100 100 100 100 100 100 100 100 100 100 100 100
 100 100 100 100 100 100 100 100 100 100 100 100 100 100 100 100 100 100
 100 100 100 100 100 100 100 100 100 100 100 100 100 100 100 100 100 100
 100 100 100 100 100 100 100 100 100 100 100 100 100 100 100 100 100 100
 100 100 100 100 100 100 100 100 100 100 100 100 100 100 100 100 100 100
 100 100 100 100 100 100 100 100 100 100 100 100 100 100 100 100 100 100
 100 100 100 100 100 100 100 100 100 100 100 100 100 100 100 100 100 100
 100 100 100 100 100 100 100 100 100 100 100 100 100 100 100 100 100 100
 100 100 100 100 100 100 100 100 100 100 100 100 100 100 100 100 100 100
 100 100 100 100 100 100 100 100 100 100 100 100 100 100 100 100 100 100
 100 100 100 100 100 100 100 100 100 100 100 100 100 100 100 100 100 100
 100 100 100 100 100 100 100 100 100 100 100 100 100 100 100 100 100 100
 100 100 100 100 100 100 100 100 100 100 100 100 100 100 100 100 100 100
 100 100 100 100 100 100 100 100 100 100 100 100 100 100 100 100 100 100
 100 100 100 100 100 100 100 100 100 100 100 100 100 100 100 100 100 100
 100 100 100 100 100 100 100 100 100 100 100 100 100 100 100 100 100 100
 100 100 100 100 100 100 100 100 100 100 100 100 100 100 100 100 100 100
 100 100 100 100 100 100 100 100 100 100 100 100 100 100 100 100 100 100
 100 100 100 100 100 100 100 100 100 100 100 100 100 100 100 100 100 100
 100 100 100 100 100 100 100 100 100 100 100 100 100 100 100 100 100 100
 100 100 100 100 100 100 100 100 100 100 100 100 100 100 100 100 100 100
 100 100 100 100 100 100 100 100 100 100 100 100 100 100 100 100 100 100
 100 100 100 100 100 100 100 100 100 100 100 100 100 100 100 100 100 100
 100 100 100 100 100 100 100 100 100 100 100 100 100 100 100 100 100 100
 100 100 100 100 100 100 100 100 100 100 100 100 100 100 100 100 100 100
 100 100 100 100 100 100 100 100 100 100 100 100 100 100 100 100 100 100
 100 100 100 100 100 100 100 100 100 100 100 100 100 100 100 100 100 100
 100 100 100 100 100 100 100 100 100 100 100 100 100 100 100 100 100 100
 100 100 100 100 100 100 100 100 100 100]
maxCov = 100
maxCovTime = [1.09639065e+09 1.09639070e+09 1.09639075e+09 1.09639080e+09
 1.09639085e+09 1.09639090e+09 1.09639095e+09 1.09639100e+09
 1.09639105e+09 1.09639110e+09 1.09639115e+09 1.09639120e+09
 1.09639125e+09 1.09639130e+09 1.09639135e+09 1.09639140e+09
 1.09639145e+09 1.09639150e+09 1.09639155e+09 1.09639160e+09
 1.09639165e+09 1.09639170e+09 1.09639175e+09 1.09639180e+09
 1.09639185e+09 1.09639190e+09 1.09639195e+09 1.09639200e+09
 1.09639205e+09 1.09639210e+09 1.09639215e+09 1.09639220e+09
 1.09639225e+09 1.09639230e+09 1.09639235e+09 1.09639240e+09
 1.09639245e+09 1.09639250e+09 1.09639255e+09 1.09639260e+09
 1.09639265e+09 1.09639270e+09 1.09639275e+09 1.09639280e+09
 1.09639285e+09 1.09639290e+09 1.09639295e+09 1.09639300e+09
 1.09639305e+09 1.09639310e+09 1.09639315e+09 1.09639320e+09
 1.09639325e+09 1.09639330e+09 1.09639335e+09 1.09639340e+09
 1.09639345e+09 1.09639350e+09 1.09639355e+09 1.09639360e+09
 1.09639365e+09 1.09639370e+09 1.09639375e+09 1.09639380e+09
 1.09639385e+09 1.09639390e+09 1.09639395e+09 1.09639400e+09
 1.09639405e+09 1.09639410e+09 1.09639415e+09 1.09639420e+09
 1.09639425e+09 1.09639430e+09 1.09639435e+09 1.09639440e+09
 1.09639445e+09 1.09639450e+09 1.09639455e+09 1.09639460e+09
 1.09639465e+09 1.09639470e+09 1.09639475e+09 1.09639480e+09
 1.09639485e+09 1.09639490e+09 1.09639495e+09 1.09639500e+09
 1.09639505e+09 1.09639510e+09 1.09639515e+09 1.09639520e+09
 1.09639525e+09 1.09639530e+09 1.09639535e+09 1.09639540e+09
 1.09639545e+09 1.09639550e+09 1.09639555e+09 1.09639560e+09
 1.09639565e+09 1.09639570e+09 1.09639575e+09 1.09639580e+09
 1.09639585e+09 1.09639590e+09 1.09639595e+09 1.09639600e+09
 1.09639605e+09 1.09639610e+09 1.09639615e+09 1.09639620e+09
 1.09639625e+09 1.09639630e+09 1.09639635e+09 1.09639640e+09
 1.09639645e+09 1.09639650e+09 1.09639655e+09 1.09639660e+09
 1.09639665e+09 1.09639670e+09 1.09639675e+09 1.09639680e+09
 1.09639685e+09 1.09639690e+09 1.09639695e+09 1.09639700e+09
 1.09639705e+09 1.09639710e+09 1.09639715e+09 1.09639720e+09
 1.09639725e+09 1.09639730e+09 1.09639735e+09 1.09639740e+09
 1.09639745e+09 1.09639750e+09 1.09639755e+09 1.09639760e+09
 1.09639765e+09 1.09639770e+09 1.09639775e+09 1.09639780e+09
 1.09639785e+09 1.09639790e+09 1.09639795e+09 1.09639800e+09
 1.09639805e+09 1.09639810e+09 1.09639815e+09 1.09639820e+09
 1.09639825e+09 1.09639830e+09 1.09639835e+09 1.09639840e+09
 1.09639845e+09 1.09639850e+09 1.09639855e+09 1.09639860e+09
 1.09639865e+09 1.09639870e+09 1.09639875e+09 1.09639880e+09
 1.09639885e+09 1.09639890e+09 1.09639895e+09 1.09639900e+09
 1.09639905e+09 1.09639910e+09 1.09639915e+09 1.09639920e+09
 1.09639925e+09 1.09639930e+09 1.09639935e+09 1.09639940e+09
 1.09639945e+09 1.09639950e+09 1.09639955e+09 1.09639960e+09
 1.09639965e+09 1.09639970e+09 1.09639975e+09 1.09639980e+09
 1.09639985e+09 1.09639990e+09 1.09639995e+09 1.09640000e+09
 1.09640005e+09 1.09640010e+09 1.09640015e+09 1.09640020e+09
 1.09640025e+09 1.09640030e+09 1.09640035e+09 1.09640040e+09
 1.09640045e+09 1.09640050e+09 1.09640055e+09 1.09640060e+09
 1.09640065e+09 1.09640070e+09 1.09640075e+09 1.09640080e+09
 1.09640085e+09 1.09640090e+09 1.09640095e+09 1.09640100e+09
 1.09640105e+09 1.09640110e+09 1.09640115e+09 1.09640120e+09
 1.09640125e+09 1.09640130e+09 1.09640135e+09 1.09640140e+09
 1.09640145e+09 1.09640150e+09 1.09640155e+09 1.09640160e+09
 1.09640165e+09 1.09640170e+09 1.09640175e+09 1.09640180e+09
 1.09640185e+09 1.09640190e+09 1.09640195e+09 1.09640200e+09
 1.09640205e+09 1.09640210e+09 1.09640215e+09 1.09640220e+09
 1.09640225e+09 1.09640230e+09 1.09640235e+09 1.09640240e+09
 1.09640245e+09 1.09640250e+09 1.09640255e+09 1.09640260e+09
 1.09640265e+09 1.09640270e+09 1.09640275e+09 1.09640280e+09
 1.09640285e+09 1.09640290e+09 1.09640295e+09 1.09640300e+09
 1.09640305e+09 1.09640310e+09 1.09640315e+09 1.09640320e+09
 1.09640325e+09 1.09640330e+09 1.09640335e+09 1.09640340e+09
 1.09640345e+09 1.09640350e+09 1.09640355e+09 1.09640360e+09
 1.09640365e+09 1.09640370e+09 1.09640375e+09 1.09640380e+09
 1.09640385e+09 1.09640390e+09 1.09640395e+09 1.09640400e+09
 1.09640405e+09 1.09640410e+09 1.09640415e+09 1.09640420e+09
 1.09640425e+09 1.09640430e+09 1.09640435e+09 1.09640440e+09
 1.09640445e+09 1.09640450e+09 1.09640455e+09 1.09640460e+09
 1.09640465e+09 1.09640470e+09 1.09640475e+09 1.09640480e+09
 1.09640485e+09 1.09640490e+09 1.09640495e+09 1.09640500e+09
 1.09640505e+09 1.09640510e+09 1.09640515e+09 1.09640520e+09
 1.09640525e+09 1.09640530e+09 1.09640535e+09 1.09640540e+09
 1.09640545e+09 1.09640550e+09 1.09640555e+09 1.09640560e+09
 1.09640565e+09 1.09640570e+09 1.09640575e+09 1.09640580e+09
 1.09640585e+09 1.09640590e+09 1.09640595e+09 1.09640600e+09
 1.09640605e+09 1.09640610e+09 1.09640615e+09 1.09640620e+09
 1.09640625e+09 1.09640630e+09 1.09640635e+09 1.09640640e+09
 1.09640645e+09 1.09640650e+09 1.09640655e+09 1.09640660e+09
 1.09640665e+09 1.09640670e+09 1.09640675e+09 1.09640680e+09
 1.09640685e+09 1.09640690e+09 1.09640695e+09 1.09640700e+09
 1.09640705e+09 1.09640710e+09 1.09640715e+09 1.09640720e+09
 1.09640725e+09 1.09640730e+09 1.09640735e+09 1.09640740e+09
 1.09640745e+09 1.09640750e+09 1.09640755e+09 1.09640760e+09
 1.09640765e+09 1.09640770e+09 1.09640775e+09 1.09640780e+09
 1.09640785e+09 1.09640790e+09 1.09640795e+09 1.09640800e+09
 1.09640805e+09 1.09640810e+09 1.09640815e+09 1.09640820e+09
 1.09640825e+09 1.09640830e+09 1.09640835e+09 1.09640840e+09
 1.09640845e+09 1.09640850e+09 1.09640855e+09 1.09640860e+09
 1.09640865e+09 1.09640870e+09 1.09640875e+09 1.09640880e+09
 1.09640885e+09 1.09640890e+09 1.09640895e+09 1.09640900e+09
 1.09640905e+09 1.09640910e+09 1.09640915e+09 1.09640920e+09
 1.09640925e+09 1.09640930e+09 1.09640935e+09 1.09640940e+09
 1.09640945e+09 1.09640950e+09 1.09640955e+09 1.09640960e+09
 1.09640965e+09 1.09640970e+09 1.09640975e+09 1.09640980e+09
 1.09640985e+09 1.09640990e+09 1.09640995e+09 1.09641000e+09
 1.09641005e+09 1.09641010e+09 1.09641015e+09 1.09641020e+09
 1.09641025e+09 1.09641030e+09 1.09641035e+09 1.09641040e+09
 1.09641045e+09 1.09641050e+09 1.09641055e+09 1.09641060e+09
 1.09641065e+09 1.09641070e+09 1.09641075e+09 1.09641080e+09
 1.09641085e+09 1.09641090e+09 1.09641095e+09 1.09641100e+09
 1.09641105e+09 1.09641110e+09 1.09641115e+09 1.09641120e+09
 1.09641125e+09 1.09641130e+09 1.09641135e+09 1.09641140e+09
 1.09641145e+09 1.09641150e+09 1.09641155e+09 1.09641160e+09
 1.09641165e+09 1.09641170e+09 1.09641175e+09 1.09641180e+09
 1.09641185e+09 1.09641190e+09 1.09641195e+09 1.09641200e+09
 1.09641205e+09 1.09641210e+09 1.09641215e+09 1.09641220e+09
 1.09641225e+09 1.09641230e+09 1.09641235e+09 1.09641240e+09
 1.09641245e+09 1.09641250e+09 1.09641255e+09 1.09641260e+09
 1.09641265e+09 1.09641270e+09 1.09641275e+09 1.09641280e+09
 1.09641285e+09 1.09641290e+09 1.09641295e+09 1.09641300e+09
 1.09641305e+09 1.09641310e+09 1.09641315e+09 1.09641320e+09
 1.09641325e+09 1.09641330e+09 1.09641335e+09 1.09641340e+09
 1.09641345e+09 1.09641350e+09 1.09641355e+09 1.09641360e+09
 1.09641365e+09 1.09641370e+09 1.09641375e+09 1.09641380e+09
 1.09641385e+09 1.09641390e+09 1.09641395e+09 1.09641400e+09
 1.09641405e+09 1.09641410e+09 1.09641415e+09 1.09641420e+09
 1.09641425e+09 1.09641430e+09 1.09641435e+09 1.09641440e+09
 1.09641445e+09 1.09641450e+09 1.09641455e+09 1.09641460e+09
 1.09641465e+09 1.09641470e+09 1.09641475e+09 1.09641480e+09
 1.09641485e+09 1.09641490e+09 1.09641495e+09 1.09641500e+09
 1.09641505e+09 1.09641510e+09 1.09641515e+09 1.09641520e+09
 1.09641525e+09 1.09641530e+09 1.09641535e+09 1.09641540e+09
 1.09641545e+09 1.09641550e+09 1.09641555e+09 1.09641560e+09
 1.09641565e+09 1.09641570e+09 1.09641575e+09 1.09641580e+09
 1.09641585e+09 1.09641590e+09 1.09641595e+09 1.09641600e+09
 1.09641605e+09 1.09641610e+09 1.09641615e+09 1.09641620e+09
 1.09641625e+09 1.09641630e+09 1.09641635e+09 1.09641640e+09
 1.09641645e+09 1.09641650e+09 1.09641655e+09 1.09641660e+09
 1.09641665e+09 1.09641670e+09 1.09641675e+09 1.09641680e+09
 1.09641685e+09 1.09641690e+09 1.09641695e+09 1.09641700e+09
 1.09641705e+09 1.09641710e+09 1.09641715e+09 1.09641720e+09
 1.09641725e+09 1.09641730e+09 1.09641735e+09 1.09641740e+09
 1.09641745e+09 1.09641750e+09 1.09641755e+09 1.09641760e+09
 1.09641765e+09 1.09641770e+09 1.09641775e+09 1.09641780e+09
 1.09641785e+09 1.09641790e+09 1.09641795e+09 1.09641800e+09
 1.09641805e+09 1.09641810e+09 1.09641815e+09 1.09641820e+09
 1.09641825e+09 1.09641830e+09 1.09641835e+09 1.09641840e+09
 1.09641845e+09 1.09641850e+09 1.09641855e+09 1.09641860e+09
 1.09641865e+09 1.09641870e+09 1.09641875e+09 1.09641880e+09
 1.09641885e+09 1.09641890e+09 1.09641895e+09 1.09641900e+09
 1.09641905e+09 1.09641910e+09 1.09641915e+09 1.09641920e+09
 1.09641925e+09 1.09641930e+09 1.09641935e+09 1.09641940e+09
 1.09641945e+09 1.09641950e+09 1.09641955e+09 1.09641960e+09
 1.09641965e+09 1.09641970e+09 1.09641975e+09 1.09641980e+09
 1.09641985e+09 1.09641990e+09 1.09641995e+09 1.09642000e+09
 1.09642005e+09 1.09642010e+09 1.09642015e+09 1.09642020e+09
 1.09642025e+09 1.09642030e+09 1.09642035e+09 1.09642040e+09
 1.09642045e+09 1.09642050e+09 1.09642055e+09 1.09642060e+09
 1.09642065e+09 1.09642070e+09 1.09642075e+09 1.09642080e+09
 1.09642085e+09 1.09642090e+09 1.09642095e+09 1.09642100e+09
 1.09642105e+09 1.09642110e+09 1.09642115e+09 1.09642120e+09
 1.09642125e+09 1.09642130e+09 1.09642135e+09 1.09642140e+09
 1.09642145e+09 1.09642150e+09 1.09642155e+09 1.09642160e+09
 1.09642165e+09 1.09642170e+09 1.09642175e+09 1.09642180e+09
 1.09642185e+09 1.09642190e+09 1.09642195e+09 1.09642200e+09
 1.09642205e+09 1.09642210e+09 1.09642215e+09 1.09642220e+09
 1.09642225e+09 1.09642230e+09 1.09642235e+09 1.09642240e+09
 1.09642245e+09 1.09642250e+09 1.09642255e+09 1.09642260e+09
 1.09642265e+09 1.09642270e+09 1.09642275e+09 1.09642280e+09
 1.09642285e+09 1.09642290e+09 1.09642295e+09 1.09642300e+09
 1.09642305e+09 1.09642310e+09 1.09642315e+09 1.09642320e+09
 1.09642325e+09 1.09642330e+09 1.09642335e+09 1.09642340e+09
 1.09642345e+09 1.09642350e+09 1.09642355e+09 1.09642360e+09
 1.09642365e+09 1.09642370e+09 1.09642375e+09 1.09642380e+09
 1.09642385e+09 1.09642390e+09 1.09642395e+09 1.09642400e+09
 1.09642405e+09 1.09642410e+09 1.09642415e+09 1.09642420e+09
 1.09642425e+09 1.09642430e+09 1.09642435e+09 1.09642440e+09
 1.09642445e+09 1.09642450e+09 1.09642455e+09 1.09642460e+09
 1.09642465e+09 1.09642470e+09 1.09642475e+09 1.09642480e+09
 1.09642485e+09 1.09642490e+09 1.09642495e+09 1.09642500e+09
 1.09642505e+09 1.09642510e+09 1.09642515e+09 1.09642520e+09
 1.09642525e+09 1.09642530e+09 1.09642535e+09 1.09642540e+09
 1.09642545e+09 1.09642550e+09 1.09642555e+09 1.09642560e+09
 1.09642565e+09 1.09642570e+09 1.09642575e+09 1.09642580e+09
 1.09642585e+09 1.09642590e+09 1.09642595e+09 1.09642600e+09
 1.09642605e+09 1.09642610e+09 1.09642615e+09 1.09642620e+09
 1.09642625e+09 1.09642630e+09 1.09642635e+09 1.09642640e+09
 1.09642645e+09 1.09642650e+09 1.09642655e+09 1.09642660e+09
 1.09642665e+09 1.09642670e+09 1.09642675e+09 1.09642680e+09
 1.09642685e+09 1.09642690e+09 1.09642695e+09 1.09642700e+09
 1.09642705e+09 1.09642710e+09 1.09642715e+09 1.09642720e+09
 1.09642725e+09 1.09642730e+09 1.09642735e+09 1.09642740e+09
 1.09642745e+09 1.09642750e+09 1.09642755e+09 1.09642760e+09
 1.09642765e+09 1.09642770e+09 1.09642775e+09 1.09642780e+09
 1.09642785e+09 1.09642790e+09 1.09642795e+09 1.09642800e+09
 1.09642805e+09 1.09642810e+09 1.09642815e+09 1.09642820e+09
 1.09642825e+09 1.09642830e+09 1.09642835e+09 1.09642840e+09
 1.09642845e+09 1.09642850e+09 1.09642855e+09 1.09642860e+09
 1.09642865e+09 1.09642870e+09 1.09642875e+09 1.09642880e+09
 1.09642885e+09 1.09642890e+09 1.09642895e+09 1.09642900e+09
 1.09642905e+09 1.09642910e+09 1.09642915e+09 1.09642920e+09
 1.09642925e+09 1.09642930e+09 1.09642935e+09 1.09642940e+09
 1.09642945e+09 1.09642950e+09 1.09642955e+09 1.09642960e+09
 1.09642965e+09 1.09642970e+09 1.09642975e+09 1.09642980e+09
 1.09642985e+09 1.09642990e+09 1.09642995e+09 1.09643000e+09
 1.09643005e+09 1.09643010e+09 1.09643015e+09 1.09643020e+09
 1.09643025e+09 1.09643030e+09 1.09643035e+09 1.09643040e+09
 1.09643045e+09 1.09643050e+09 1.09643055e+09 1.09643060e+09
 1.09643065e+09 1.09643070e+09 1.09643075e+09 1.09643080e+09
 1.09643085e+09 1.09643090e+09 1.09643095e+09 1.09643100e+09
 1.09643105e+09 1.09643110e+09 1.09643115e+09 1.09643120e+09
 1.09643125e+09 1.09643130e+09 1.09643135e+09 1.09643140e+09
 1.09643145e+09 1.09643150e+09 1.09643155e+09 1.09643160e+09
 1.09643165e+09 1.09643170e+09 1.09643175e+09 1.09643180e+09
 1.09643185e+09 1.09643190e+09 1.09643195e+09 1.09643200e+09
 1.09643205e+09 1.09643210e+09 1.09643215e+09 1.09643220e+09
 1.09643225e+09 1.09643230e+09 1.09643235e+09 1.09643240e+09
 1.09643245e+09 1.09643250e+09 1.09643255e+09 1.09643260e+09
 1.09643265e+09 1.09643270e+09 1.09643275e+09 1.09643280e+09
 1.09643285e+09 1.09643290e+09 1.09643295e+09 1.09643300e+09
 1.09643305e+09 1.09643310e+09 1.09643315e+09 1.09643320e+09
 1.09643325e+09 1.09643330e+09 1.09643335e+09 1.09643340e+09
 1.09643345e+09 1.09643350e+09 1.09643355e+09 1.09643360e+09
 1.09643365e+09 1.09643370e+09 1.09643375e+09 1.09643380e+09
 1.09643385e+09 1.09643390e+09 1.09643395e+09 1.09643400e+09
 1.09643405e+09 1.09643410e+09 1.09643415e+09 1.09643420e+09
 1.09643425e+09 1.09643430e+09 1.09643435e+09 1.09643440e+09
 1.09643445e+09 1.09643450e+09 1.09643455e+09 1.09643460e+09
 1.09643465e+09 1.09643470e+09 1.09643475e+09 1.09643480e+09
 1.09643485e+09 1.09643490e+09 1.09643495e+09 1.09643500e+09
 1.09643505e+09 1.09643510e+09 1.09643515e+09 1.09643520e+09
 1.09643525e+09 1.09643530e+09 1.09643535e+09 1.09643540e+09
 1.09643545e+09 1.09643550e+09 1.09643555e+09 1.09643560e+09
 1.09643565e+09 1.09643570e+09 1.09643575e+09 1.09643580e+09
 1.09643585e+09 1.09643590e+09 1.09643595e+09 1.09643600e+09
 1.09643605e+09 1.09643610e+09 1.09643615e+09 1.09643620e+09
 1.09643625e+09 1.09643630e+09 1.09643635e+09 1.09643640e+09
 1.09643645e+09 1.09643650e+09 1.09643655e+09 1.09643660e+09
 1.09643665e+09 1.09643670e+09 1.09643675e+09 1.09643680e+09
 1.09643685e+09 1.09643690e+09 1.09643695e+09 1.09643700e+09
 1.09643705e+09 1.09643710e+09 1.09643715e+09 1.09643720e+09
 1.09643725e+09 1.09643730e+09 1.09643735e+09 1.09643740e+09
 1.09643745e+09 1.09643750e+09 1.09643755e+09 1.09643760e+09
 1.09643765e+09 1.09643770e+09 1.09643775e+09 1.09643780e+09
 1.09643785e+09 1.09643790e+09 1.09643795e+09 1.09643800e+09
 1.09643805e+09 1.09643810e+09 1.09643815e+09 1.09643820e+09
 1.09643825e+09 1.09643830e+09 1.09643835e+09 1.09643840e+09
 1.09643845e+09 1.09643850e+09 1.09643855e+09 1.09643860e+09
 1.09643865e+09 1.09643870e+09 1.09643875e+09 1.09643880e+09
 1.09643885e+09 1.09643890e+09 1.09643895e+09 1.09643900e+09
 1.09643905e+09 1.09643910e+09 1.09643915e+09 1.09643920e+09
 1.09643925e+09 1.09643930e+09 1.09643935e+09 1.09643940e+09
 1.09643945e+09 1.09643950e+09 1.09643955e+09 1.09643960e+09
 1.09643965e+09 1.09643970e+09 1.09643975e+09 1.09643980e+09
 1.09643985e+09 1.09643990e+09 1.09643995e+09 1.09644000e+09
 1.09644005e+09 1.09644010e+09 1.09644015e+09 1.09644020e+09
 1.09644025e+09 1.09644030e+09 1.09644035e+09 1.09644040e+09
 1.09644045e+09 1.09644050e+09 1.09644055e+09 1.09644060e+09]
