name =JUICE_ROI_GAN_3_0_14
flyby = ['2034 NOV 18 09:58:51', '2034 NOV 19 09:58:51']
Observation TW = <SpiceCell dtype = 1, length = 0, size = 3200, card = 12, is_set = 1, adjust = 0, init = 1, base = 94729680150704, data = 94729680150752>
Res(t) = [0.98880053 0.98780141 0.98680655 0.98581591 0.98482948 0.98384725
 0.98286919 0.98189528 0.98092551 0.97995986 0.97899831 0.97804084
 0.97708743 0.97613807 0.97519274 0.97425142 0.9733141  0.97238075
 0.97145135 0.9705259  0.96960438 0.96868676 0.96777303 0.96686317
 0.96595717 0.96505501 0.96415668 0.96326215 0.96237141 0.96148445
 0.96060125 0.95972179 0.95884605 0.95797403 0.95710571 0.95624106
 0.95538008 0.95452275 0.95366905 0.95281897 0.9519725  0.95112961
 0.9502903  0.94945454 0.94862233 0.94779365 0.94696849 0.94614682
 0.94532865 0.94451394 0.94370269 0.94289488 0.94209051 0.94128955
 0.94049199 0.93969782 0.93890702 0.93811958 0.93733549 0.93655474
 0.9357773  0.93500317 0.93423233 0.93346478 0.93270049 0.93193945
 0.93118166 0.93042709 0.92967574 0.92892759 0.92818264 0.92744086
 0.92670224 0.92596678 0.92523446 0.92450527 0.92377919 0.92305622
 0.92233634 0.92161953 0.9209058  0.92019512 0.91948749 0.91878289
 0.91808131 0.91738273 0.91668716 0.91599457 0.91530496 0.91461831
 0.91393461 0.91325385 0.91257602 0.91190111 0.91122911 0.91056001
 0.90989379 0.90923044 0.90856996 0.90791234 0.90725755 0.9066056
 0.90595647 0.90531015 0.90466663 0.9040259  0.90338795 0.90275277
 0.90212035 0.90149068 0.90086375 0.90023955 0.89961807 0.89899929
 0.89838322 0.89776983 0.89715913 0.89655109 0.89594572 0.89534299
 0.89474291 0.89414546 0.89355063 0.89295841 0.8923688  0.89178178
 0.89119734 0.89061548 0.89003619 0.88945945 0.88888526 0.88831361
 0.8877445  0.8871779  0.88661381 0.88605223 0.88549314 0.88493654
 0.88438242 0.88383076 0.88328157 0.88273483 0.88219052 0.88164866
 0.88110922 0.88057219 0.88003758 0.87950537 0.87897555 0.87844811
 0.87792305 0.87740036 0.87688003 0.87636205 0.87584641 0.87533311
 0.87482214 0.87431349 0.87380715 0.87330311 0.87280137 0.87230192
 0.87180475 0.87130986 0.87081723 0.87032686 0.86983874 0.86935286
 0.86886922 0.86838781 0.86790862 0.86743164 0.86695687 0.86648429
 0.86601391 0.86554572 0.8650797  0.86461585 0.86415416 0.86369463
 0.86323725 0.86278201 0.86232891 0.86187793 0.86142908 0.86098234
 0.86053771 0.86009517 0.85965474 0.85921638 0.85878011 0.85834592
 0.85791379 0.85748372 0.8570557  0.85662973 0.85620581 0.85578391
 0.85536405 0.8549462  0.85453037 0.85411655 0.85370474 0.85329491
 0.85288708 0.85248123 0.85207736 0.85167546 0.85127553 0.85087755
 0.85048153 0.85008745 0.84969532 0.84930512 0.84891684 0.84853049
 0.84814606 0.84776354 0.84738292 0.8470042  0.84662738 0.84625244
 0.84587939 0.84550821 0.8451389  0.84477145 0.84440587 0.84404214
 0.84368025 0.84332021 0.842962   0.84260563 0.84225108 0.84189835
 0.84154744 0.84119833 0.84085103 0.84050553 0.84016182 0.8398199
 0.83947976 0.83914139 0.8388048  0.83846998 0.83813692 0.83780561
 0.83747605 0.83714824 0.83682217 0.83649784 0.83617524 0.83585436
 0.8355352  0.83521776 0.83490203 0.83458801 0.83427568 0.83396505
 0.83365611 0.83334886 0.83304329 0.8327394  0.83243717 0.83213661
 0.83183772 0.83154048 0.8312449  0.83095096 0.83065866 0.830368
 0.83007898 0.82979159 0.82950582 0.82922167 0.82893913 0.82865821
 0.82837889 0.82810117 0.82782505 0.82755053 0.82727759 0.82700623
 0.82673646 0.82646826 0.82620163 0.82593657 0.82567307 0.82541112
 0.82515073 0.82489189 0.82463459 0.82437884 0.82412462 0.82387193
 0.82362077 0.82337114 0.82312302 0.82287642 0.82263133 0.82238775
 0.82214567 0.82190509 0.82166601 0.82142841 0.82119231 0.82095768
 0.82072454 0.82049287 0.82026267 0.82003394 0.81980667 0.81958087
 0.81935651 0.81913361 0.81891216 0.81869215 0.81847358 0.81825645
 0.81804075 0.81782647 0.81761363 0.8174022  0.81719219 0.8169836
 0.81677642 0.81657064 0.81636626 0.81616329 0.81596171 0.81576152
 0.81556272 0.8153653  0.81516927 0.81497461 0.81478133 0.81458942
 0.81439887 0.81420969 0.81402187 0.81383541 0.81365029 0.81346653
 0.81328411 0.81310304 0.81292331 0.81274491 0.81256784 0.81239211
 0.8122177  0.81204461 0.81187284 0.81170239 0.81153325 0.81136542
 0.81119889 0.81103367 0.81086975 0.81070712 0.81054579 0.81038575
 0.81022699 0.81006952 0.80991333 0.80975841 0.80960477 0.8094524
 0.8093013  0.80915146 0.80900289 0.80885557 0.80870951 0.8085647
 0.80842114 0.80827883 0.80813776 0.80799793 0.80785934 0.80772198
 0.80758585 0.80745096 0.80731728 0.80718483 0.8070536  0.80692359
 0.80679479 0.8066672  0.80654082 0.80641565 0.80629168 0.80616891
 0.80604733 0.80592695 0.80580776 0.80568975 0.80557294 0.8054573
 0.80534285 0.80522957 0.80511747 0.80500654 0.80489677 0.80478818
 0.80468075 0.80457447 0.80446936 0.8043654  0.8042626  0.80416094
 0.80406044 0.80396108 0.80386286 0.80376578 0.80366983 0.80357503
 0.80348135 0.8033888  0.80329738 0.80320709 0.80311791 0.80302986
 0.80294292 0.8028571  0.80277238 0.80268878 0.80260628 0.80252489
 0.8024446  0.80236541 0.80228732 0.80221032 0.80213441 0.80205959
 0.80198586 0.80191322 0.80184165 0.80177117 0.80170176 0.80163343
 0.80156618 0.80149999 0.80143487 0.80137082 0.80130783 0.8012459
 0.80118503 0.80112522 0.80106646 0.80100876 0.8009521  0.8008965
 0.80084193 0.80078842 0.80073594 0.8006845  0.8006341  0.80058473
 0.80053639 0.80048909 0.80044281 0.80039756 0.80035333 0.80031012
 0.80026793 0.80022676 0.8001866  0.80014746 0.80010933 0.8000722
 0.80003608 0.80000097 0.79996686 0.79993374 0.79990163 0.79987051
 0.79984039 0.79981126 0.79978312 0.79975597 0.7997298  0.79970461
 0.79968041 0.79965719 0.79963495 0.79961368 0.79959339 0.79957406
 0.79955571 0.79953833 0.79952191 0.79950646 0.79949197 0.79947843
 0.79946586 0.79945425 0.79944358 0.79943388 0.79942512 0.79941731
 0.79941045 0.79940453 0.79939956 0.79939553 0.79939243 0.79939028
 0.79938906 0.79938878 0.79938943 0.799391   0.79939351 0.79939695
 0.79940131 0.79940659 0.79941279 0.79941992 0.79942796 0.79943692
 0.79944679 0.79945758 0.79946928 0.79948188 0.7994954  0.79950982
 0.79952514 0.79954137 0.7995585  0.79957652 0.79959545 0.79961527
 0.79963598 0.79965759 0.79968008 0.79970347 0.79972774 0.7997529
 0.79977895 0.79980587 0.79983368 0.79986237 0.79989193 0.79992237
 0.79995369 0.79998587 0.80001893 0.80005286 0.80008766 0.80012332
 0.80015985 0.80019724 0.80023549 0.80027461 0.80031458 0.80035541
 0.8003971  0.80043964 0.80048303 0.80052727 0.80057237 0.80061831
 0.8006651  0.80071273 0.80076121 0.80081053 0.80086069 0.80091169
 0.80096353 0.80101621 0.80106971 0.80112406 0.80117923 0.80123524
 0.80129207 0.80134974 0.80140823 0.80146754 0.80152768 0.80158864
 0.80165042 0.80171302 0.80177644 0.80184067 0.80190572 0.80197159
 0.80203826 0.80210575 0.80217405 0.80224316 0.80231307 0.80238379
 0.80245531 0.80252764 0.80260077 0.8026747  0.80274942 0.80282495
 0.80290127 0.80297839 0.8030563  0.80313501 0.8032145  0.80329479
 0.80337587 0.80345773 0.80354038 0.80362381 0.80370803 0.80379303
 0.80387881 0.80396538 0.80405272 0.80414084 0.80422973 0.8043194
 0.80440985 0.80450107 0.80459305 0.80468581 0.80477934 0.80487364
 0.8049687  0.80506453 0.80516113 0.80525848 0.8053566  0.80545548
 0.80555512 0.80565552 0.80575668 0.80585859 0.80596126 0.80606468
 0.80616885 0.80627378 0.80637946 0.80648588 0.80659306 0.80670098
 0.80680965 0.80691906 0.80702922 0.80714012 0.80725177 0.80736415
 0.80747727 0.80759114 0.80770574 0.80782107 0.80793715 0.80805395
 0.80817149 0.80828976 0.80840877 0.8085285  0.80864896 0.80877015
 0.80889207 0.80901472 0.80913809 0.80926218 0.809387   0.80951253
 0.80963879 0.80976577 0.80989347 0.81002189 0.81015102 0.81028087
 0.81041144 0.81054272 0.81067471 0.81080742 0.81094083 0.81107496
 0.81120979 0.81134534 0.81148159 0.81161855 0.81175621 0.81189458
 0.81203365 0.81217343 0.8123139  0.81245508 0.81259696 0.81273953
 0.81288281 0.81302678 0.81317145 0.81331681 0.81346287 0.81360962
 0.81375707 0.81390521 0.81405404 0.81420355 0.81435376 0.81450466
 0.81465624 0.81480851 0.81496147 0.81511511 0.81526944 0.81542445
 0.81558014 0.81573651 0.81589357 0.8160513  0.81620971 0.81636881
 0.81652858 0.81668902 0.81685014 0.81701194 0.81717441 0.81733756
 0.81750138 0.81766587 0.81783103 0.81799686 0.81816336 0.81833053
 0.81849837 0.81866687 0.81883604 0.81900588 0.81917638 0.81934755
 0.81951938 0.81969187 0.81986502 0.82003884 0.82021331 0.82038845
 0.82056424 0.8207407  0.82091781 0.82109557 0.821274   0.82145307
 0.82163281 0.82181319 0.82199423 0.82217593 0.82235827 0.82254127
 0.82272491 0.82290921 0.82309415 0.82327974 0.82346598 0.82365287
 0.82384041 0.82402858 0.82421741 0.82440688 0.82459699 0.82478775
 0.82497914 0.82517118 0.82536386 0.82555718 0.82575114 0.82594574
 0.82614098 0.82633685 0.82653337 0.82673052 0.8269283  0.82712672
 0.82732578 0.82752547 0.82772579 0.82792674 0.82812833 0.82833055
 0.8285334  0.82873688 0.82894099 0.82914573 0.8293511  0.8295571
 0.82976372 0.82997097 0.83017885 0.83038735 0.83059648 0.83080623
 0.83101661 0.83122761 0.83143923 0.83165148 0.83186435 0.83207784
 0.83229194 0.83250667 0.83272202 0.83293799 0.83315458 0.83337178
 0.83358961 0.83380805 0.8340271  0.83424677 0.83446706 0.83468796
 0.83490948 0.83513161 0.83535436 0.83557771 0.83580168 0.83602626
 0.83625145 0.83647726 0.83670367 0.8369307  0.83715833 0.83738657
 0.83761542 0.83784488 0.83807495 0.83830562 0.8385369  0.83876879
 0.83900128 0.83923438 0.83946808 0.83970238 0.83993729 0.84017281
 0.84040892 0.84064564 0.84088296 0.84112088 0.84135941 0.84159853
 0.84183826 0.84207858 0.84231951 0.84256103 0.84280315 0.84304587
 0.84328919 0.84353311 0.84377762 0.84402273 0.84426843 0.84451474
 0.84476163 0.84500912 0.84525721 0.84550589 0.84575517 0.84600503
 0.8462555  0.84650655 0.8467582  0.84701043 0.84726326 0.84751668
 0.8477707  0.8480253  0.84828049 0.84853627 0.84879265 0.84904961
 0.84930716 0.8495653  0.84982402 0.85008334 0.85034324 0.85060373
 0.8508648  0.85112646 0.85138871 0.85165154 0.85191496 0.85217896
 0.85244355 0.85270873 0.85297448 0.85324082 0.85350775 0.85377526
 0.85404335 0.85431202 0.85458127 0.85485111 0.85512153 0.85539253
 0.85566411 0.85593627 0.85620902 0.85648234 0.85675624 0.85703073
 0.85730579 0.85758143 0.85785765 0.85813445 0.85841183 0.85868978
 0.85896832 0.85924743 0.85952711 0.85980738 0.86008822 0.86036964
 0.86065164 0.86093421 0.86121735 0.86150108 0.86178537 0.86207025
 0.86235569 0.86264172 0.86292831 0.86321549 0.86350323 0.86379155
 0.86408044 0.86436991 0.86465995 0.86495056 0.86524174 0.8655335
 0.86582583 0.86611873 0.86641221 0.86670625 0.86700087 0.86729606
 0.86759182 0.86788815 0.86818505 0.86848252 0.86878056 0.86907918
 0.86937836 0.86967811 0.86997843 0.87027933 0.87058079 0.87088282
 0.87118542 0.87148858 0.87179232 0.87209663 0.8724015  0.87270694
 0.87301296 0.87331953 0.87362668 0.87393439 0.87424268 0.87455153
 0.87486094 0.87517093 0.87548148 0.87579259 0.87610428 0.87641653
 0.87672935 0.87704273 0.87735668 0.8776712  0.87798628 0.87830193
 0.87861815 0.87893493 0.87925227 0.87957018 0.87988866 0.8802077
 0.88052731 0.88084748 0.88116822 0.88148953 0.88181139 0.88213383
 0.88245682 0.88278039 0.88310451 0.88342921 0.88375446 0.88408028
 0.88440667 0.88473362 0.88506113 0.88538921 0.88571785 0.88604705
 0.88637682 0.88670716 0.88703805 0.88736952 0.88770154 0.88803413
 0.88836728 0.888701   0.88903528 0.88937012]
t = [1.10077658e+09 1.10077661e+09 1.10077665e+09 1.10077669e+09
 1.10077673e+09 1.10077677e+09 1.10077681e+09 1.10077685e+09
 1.10077688e+09 1.10077692e+09 1.10077696e+09 1.10077700e+09
 1.10077704e+09 1.10077708e+09 1.10077712e+09 1.10077716e+09
 1.10077719e+09 1.10077723e+09 1.10077727e+09 1.10077731e+09
 1.10077735e+09 1.10077739e+09 1.10077743e+09 1.10077746e+09
 1.10077750e+09 1.10077754e+09 1.10077758e+09 1.10077762e+09
 1.10077766e+09 1.10077770e+09 1.10077774e+09 1.10077777e+09
 1.10077781e+09 1.10077785e+09 1.10077789e+09 1.10077793e+09
 1.10077797e+09 1.10077801e+09 1.10077804e+09 1.10077808e+09
 1.10077812e+09 1.10077816e+09 1.10077820e+09 1.10077824e+09
 1.10077828e+09 1.10077832e+09 1.10077835e+09 1.10077839e+09
 1.10077843e+09 1.10077847e+09 1.10077851e+09 1.10077855e+09
 1.10077859e+09 1.10077862e+09 1.10077866e+09 1.10077870e+09
 1.10077874e+09 1.10077878e+09 1.10077882e+09 1.10077886e+09
 1.10077890e+09 1.10077893e+09 1.10077897e+09 1.10077901e+09
 1.10077905e+09 1.10077909e+09 1.10077913e+09 1.10077917e+09
 1.10077920e+09 1.10077924e+09 1.10077928e+09 1.10077932e+09
 1.10077936e+09 1.10077940e+09 1.10077944e+09 1.10077947e+09
 1.10077951e+09 1.10077955e+09 1.10077959e+09 1.10077963e+09
 1.10077967e+09 1.10077971e+09 1.10077975e+09 1.10077978e+09
 1.10077982e+09 1.10077986e+09 1.10077990e+09 1.10077994e+09
 1.10077998e+09 1.10078002e+09 1.10078005e+09 1.10078009e+09
 1.10078013e+09 1.10078017e+09 1.10078021e+09 1.10078025e+09
 1.10078029e+09 1.10078033e+09 1.10078036e+09 1.10078040e+09
 1.10078044e+09 1.10078048e+09 1.10078052e+09 1.10078056e+09
 1.10078060e+09 1.10078063e+09 1.10078067e+09 1.10078071e+09
 1.10078075e+09 1.10078079e+09 1.10078083e+09 1.10078087e+09
 1.10078091e+09 1.10078094e+09 1.10078098e+09 1.10078102e+09
 1.10078106e+09 1.10078110e+09 1.10078114e+09 1.10078118e+09
 1.10078121e+09 1.10078125e+09 1.10078129e+09 1.10078133e+09
 1.10078137e+09 1.10078141e+09 1.10078145e+09 1.10078149e+09
 1.10078152e+09 1.10078156e+09 1.10078160e+09 1.10078164e+09
 1.10078168e+09 1.10078172e+09 1.10078176e+09 1.10078179e+09
 1.10078183e+09 1.10078187e+09 1.10078191e+09 1.10078195e+09
 1.10078199e+09 1.10078203e+09 1.10078207e+09 1.10078210e+09
 1.10078214e+09 1.10078218e+09 1.10078222e+09 1.10078226e+09
 1.10078230e+09 1.10078234e+09 1.10078237e+09 1.10078241e+09
 1.10078245e+09 1.10078249e+09 1.10078253e+09 1.10078257e+09
 1.10078261e+09 1.10078265e+09 1.10078268e+09 1.10078272e+09
 1.10078276e+09 1.10078280e+09 1.10078284e+09 1.10078288e+09
 1.10078292e+09 1.10078295e+09 1.10078299e+09 1.10078303e+09
 1.10078307e+09 1.10078311e+09 1.10078315e+09 1.10078319e+09
 1.10078323e+09 1.10078326e+09 1.10078330e+09 1.10078334e+09
 1.10078338e+09 1.10078342e+09 1.10078346e+09 1.10078350e+09
 1.10078353e+09 1.10078357e+09 1.10078361e+09 1.10078365e+09
 1.10078369e+09 1.10078373e+09 1.10078377e+09 1.10078381e+09
 1.10078384e+09 1.10078388e+09 1.10078392e+09 1.10078396e+09
 1.10078400e+09 1.10078404e+09 1.10078408e+09 1.10078411e+09
 1.10078415e+09 1.10078419e+09 1.10078423e+09 1.10078427e+09
 1.10078431e+09 1.10078435e+09 1.10078439e+09 1.10078442e+09
 1.10078446e+09 1.10078450e+09 1.10078454e+09 1.10078458e+09
 1.10078462e+09 1.10078466e+09 1.10078469e+09 1.10078473e+09
 1.10078477e+09 1.10078481e+09 1.10078485e+09 1.10078489e+09
 1.10078493e+09 1.10078497e+09 1.10078500e+09 1.10078504e+09
 1.10078508e+09 1.10078512e+09 1.10078516e+09 1.10078520e+09
 1.10078524e+09 1.10078527e+09 1.10078531e+09 1.10078535e+09
 1.10078539e+09 1.10078543e+09 1.10078547e+09 1.10078551e+09
 1.10078555e+09 1.10078558e+09 1.10078562e+09 1.10078566e+09
 1.10078570e+09 1.10078574e+09 1.10078578e+09 1.10078582e+09
 1.10078585e+09 1.10078589e+09 1.10078593e+09 1.10078597e+09
 1.10078601e+09 1.10078605e+09 1.10078609e+09 1.10078613e+09
 1.10078616e+09 1.10078620e+09 1.10078624e+09 1.10078628e+09
 1.10078632e+09 1.10078636e+09 1.10078640e+09 1.10078643e+09
 1.10078647e+09 1.10078651e+09 1.10078655e+09 1.10078659e+09
 1.10078663e+09 1.10078667e+09 1.10078671e+09 1.10078674e+09
 1.10078678e+09 1.10078682e+09 1.10078686e+09 1.10078690e+09
 1.10078694e+09 1.10078698e+09 1.10078701e+09 1.10078705e+09
 1.10078709e+09 1.10078713e+09 1.10078717e+09 1.10078721e+09
 1.10078725e+09 1.10078729e+09 1.10078732e+09 1.10078736e+09
 1.10078740e+09 1.10078744e+09 1.10078748e+09 1.10078752e+09
 1.10078756e+09 1.10078759e+09 1.10078763e+09 1.10078767e+09
 1.10078771e+09 1.10078775e+09 1.10078779e+09 1.10078783e+09
 1.10078786e+09 1.10078790e+09 1.10078794e+09 1.10078798e+09
 1.10078802e+09 1.10078806e+09 1.10078810e+09 1.10078814e+09
 1.10078817e+09 1.10078821e+09 1.10078825e+09 1.10078829e+09
 1.10078833e+09 1.10078837e+09 1.10078841e+09 1.10078844e+09
 1.10078848e+09 1.10078852e+09 1.10078856e+09 1.10078860e+09
 1.10078864e+09 1.10078868e+09 1.10078872e+09 1.10078875e+09
 1.10078879e+09 1.10078883e+09 1.10078887e+09 1.10078891e+09
 1.10078895e+09 1.10078899e+09 1.10078902e+09 1.10078906e+09
 1.10078910e+09 1.10078914e+09 1.10078918e+09 1.10078922e+09
 1.10078926e+09 1.10078930e+09 1.10078933e+09 1.10078937e+09
 1.10078941e+09 1.10078945e+09 1.10078949e+09 1.10078953e+09
 1.10078957e+09 1.10078960e+09 1.10078964e+09 1.10078968e+09
 1.10078972e+09 1.10078976e+09 1.10078980e+09 1.10078984e+09
 1.10078988e+09 1.10078991e+09 1.10078995e+09 1.10078999e+09
 1.10079003e+09 1.10079007e+09 1.10079011e+09 1.10079015e+09
 1.10079018e+09 1.10079022e+09 1.10079026e+09 1.10079030e+09
 1.10079034e+09 1.10079038e+09 1.10079042e+09 1.10079046e+09
 1.10079049e+09 1.10079053e+09 1.10079057e+09 1.10079061e+09
 1.10079065e+09 1.10079069e+09 1.10079073e+09 1.10079076e+09
 1.10079080e+09 1.10079084e+09 1.10079088e+09 1.10079092e+09
 1.10079096e+09 1.10079100e+09 1.10079104e+09 1.10079107e+09
 1.10079111e+09 1.10079115e+09 1.10079119e+09 1.10079123e+09
 1.10079127e+09 1.10079131e+09 1.10079134e+09 1.10079138e+09
 1.10079142e+09 1.10079146e+09 1.10079150e+09 1.10079154e+09
 1.10079158e+09 1.10079162e+09 1.10079165e+09 1.10079169e+09
 1.10079173e+09 1.10079177e+09 1.10079181e+09 1.10079185e+09
 1.10079189e+09 1.10079192e+09 1.10079196e+09 1.10079200e+09
 1.10079204e+09 1.10079208e+09 1.10079212e+09 1.10079216e+09
 1.10079220e+09 1.10079223e+09 1.10079227e+09 1.10079231e+09
 1.10079235e+09 1.10079239e+09 1.10079243e+09 1.10079247e+09
 1.10079250e+09 1.10079254e+09 1.10079258e+09 1.10079262e+09
 1.10079266e+09 1.10079270e+09 1.10079274e+09 1.10079278e+09
 1.10079281e+09 1.10079285e+09 1.10079289e+09 1.10079293e+09
 1.10079297e+09 1.10079301e+09 1.10079305e+09 1.10079308e+09
 1.10079312e+09 1.10079316e+09 1.10079320e+09 1.10079324e+09
 1.10079328e+09 1.10079332e+09 1.10079336e+09 1.10079339e+09
 1.10079343e+09 1.10079347e+09 1.10079351e+09 1.10079355e+09
 1.10079359e+09 1.10079363e+09 1.10079366e+09 1.10079370e+09
 1.10079374e+09 1.10079378e+09 1.10079382e+09 1.10079386e+09
 1.10079390e+09 1.10079394e+09 1.10079397e+09 1.10079401e+09
 1.10079405e+09 1.10079409e+09 1.10079413e+09 1.10079417e+09
 1.10079421e+09 1.10079424e+09 1.10079428e+09 1.10079432e+09
 1.10079436e+09 1.10079440e+09 1.10079444e+09 1.10079448e+09
 1.10079452e+09 1.10079455e+09 1.10079459e+09 1.10079463e+09
 1.10079467e+09 1.10079471e+09 1.10079475e+09 1.10079479e+09
 1.10079482e+09 1.10079486e+09 1.10079490e+09 1.10079494e+09
 1.10079498e+09 1.10079502e+09 1.10079506e+09 1.10079510e+09
 1.10079513e+09 1.10079517e+09 1.10079521e+09 1.10079525e+09
 1.10079529e+09 1.10079533e+09 1.10079537e+09 1.10079540e+09
 1.10079544e+09 1.10079548e+09 1.10079552e+09 1.10079556e+09
 1.10079560e+09 1.10079564e+09 1.10079568e+09 1.10079571e+09
 1.10079575e+09 1.10079579e+09 1.10079583e+09 1.10079587e+09
 1.10079591e+09 1.10079595e+09 1.10079598e+09 1.10079602e+09
 1.10079606e+09 1.10079610e+09 1.10079614e+09 1.10079618e+09
 1.10079622e+09 1.10079625e+09 1.10079629e+09 1.10079633e+09
 1.10079637e+09 1.10079641e+09 1.10079645e+09 1.10079649e+09
 1.10079653e+09 1.10079656e+09 1.10079660e+09 1.10079664e+09
 1.10079668e+09 1.10079672e+09 1.10079676e+09 1.10079680e+09
 1.10079683e+09 1.10079687e+09 1.10079691e+09 1.10079695e+09
 1.10079699e+09 1.10079703e+09 1.10079707e+09 1.10079711e+09
 1.10079714e+09 1.10079718e+09 1.10079722e+09 1.10079726e+09
 1.10079730e+09 1.10079734e+09 1.10079738e+09 1.10079741e+09
 1.10079745e+09 1.10079749e+09 1.10079753e+09 1.10079757e+09
 1.10079761e+09 1.10079765e+09 1.10079769e+09 1.10079772e+09
 1.10079776e+09 1.10079780e+09 1.10079784e+09 1.10079788e+09
 1.10079792e+09 1.10079796e+09 1.10079799e+09 1.10079803e+09
 1.10079807e+09 1.10079811e+09 1.10079815e+09 1.10079819e+09
 1.10079823e+09 1.10079827e+09 1.10079830e+09 1.10079834e+09
 1.10079838e+09 1.10079842e+09 1.10079846e+09 1.10079850e+09
 1.10079854e+09 1.10079857e+09 1.10079861e+09 1.10079865e+09
 1.10079869e+09 1.10079873e+09 1.10079877e+09 1.10079881e+09
 1.10079885e+09 1.10079888e+09 1.10079892e+09 1.10079896e+09
 1.10079900e+09 1.10079904e+09 1.10079908e+09 1.10079912e+09
 1.10079915e+09 1.10079919e+09 1.10079923e+09 1.10079927e+09
 1.10079931e+09 1.10079935e+09 1.10079939e+09 1.10079943e+09
 1.10079946e+09 1.10079950e+09 1.10079954e+09 1.10079958e+09
 1.10079962e+09 1.10079966e+09 1.10079970e+09 1.10079973e+09
 1.10079977e+09 1.10079981e+09 1.10079985e+09 1.10079989e+09
 1.10079993e+09 1.10079997e+09 1.10080001e+09 1.10080004e+09
 1.10080008e+09 1.10080012e+09 1.10080016e+09 1.10080020e+09
 1.10080024e+09 1.10080028e+09 1.10080031e+09 1.10080035e+09
 1.10080039e+09 1.10080043e+09 1.10080047e+09 1.10080051e+09
 1.10080055e+09 1.10080059e+09 1.10080062e+09 1.10080066e+09
 1.10080070e+09 1.10080074e+09 1.10080078e+09 1.10080082e+09
 1.10080086e+09 1.10080089e+09 1.10080093e+09 1.10080097e+09
 1.10080101e+09 1.10080105e+09 1.10080109e+09 1.10080113e+09
 1.10080117e+09 1.10080120e+09 1.10080124e+09 1.10080128e+09
 1.10080132e+09 1.10080136e+09 1.10080140e+09 1.10080144e+09
 1.10080147e+09 1.10080151e+09 1.10080155e+09 1.10080159e+09
 1.10080163e+09 1.10080167e+09 1.10080171e+09 1.10080175e+09
 1.10080178e+09 1.10080182e+09 1.10080186e+09 1.10080190e+09
 1.10080194e+09 1.10080198e+09 1.10080202e+09 1.10080205e+09
 1.10080209e+09 1.10080213e+09 1.10080217e+09 1.10080221e+09
 1.10080225e+09 1.10080229e+09 1.10080233e+09 1.10080236e+09
 1.10080240e+09 1.10080244e+09 1.10080248e+09 1.10080252e+09
 1.10080256e+09 1.10080260e+09 1.10080263e+09 1.10080267e+09
 1.10080271e+09 1.10080275e+09 1.10080279e+09 1.10080283e+09
 1.10080287e+09 1.10080291e+09 1.10080294e+09 1.10080298e+09
 1.10080302e+09 1.10080306e+09 1.10080310e+09 1.10080314e+09
 1.10080318e+09 1.10080321e+09 1.10080325e+09 1.10080329e+09
 1.10080333e+09 1.10080337e+09 1.10080341e+09 1.10080345e+09
 1.10080349e+09 1.10080352e+09 1.10080356e+09 1.10080360e+09
 1.10080364e+09 1.10080368e+09 1.10080372e+09 1.10080376e+09
 1.10080379e+09 1.10080383e+09 1.10080387e+09 1.10080391e+09
 1.10080395e+09 1.10080399e+09 1.10080403e+09 1.10080407e+09
 1.10080410e+09 1.10080414e+09 1.10080418e+09 1.10080422e+09
 1.10080426e+09 1.10080430e+09 1.10080434e+09 1.10080437e+09
 1.10080441e+09 1.10080445e+09 1.10080449e+09 1.10080453e+09
 1.10080457e+09 1.10080461e+09 1.10080465e+09 1.10080468e+09
 1.10080472e+09 1.10080476e+09 1.10080480e+09 1.10080484e+09
 1.10080488e+09 1.10080492e+09 1.10080495e+09 1.10080499e+09
 1.10080503e+09 1.10080507e+09 1.10080511e+09 1.10080515e+09
 1.10080519e+09 1.10080522e+09 1.10080526e+09 1.10080530e+09
 1.10080534e+09 1.10080538e+09 1.10080542e+09 1.10080546e+09
 1.10080550e+09 1.10080553e+09 1.10080557e+09 1.10080561e+09
 1.10080565e+09 1.10080569e+09 1.10080573e+09 1.10080577e+09
 1.10080580e+09 1.10080584e+09 1.10080588e+09 1.10080592e+09
 1.10080596e+09 1.10080600e+09 1.10080604e+09 1.10080608e+09
 1.10080611e+09 1.10080615e+09 1.10080619e+09 1.10080623e+09
 1.10080627e+09 1.10080631e+09 1.10080635e+09 1.10080638e+09
 1.10080642e+09 1.10080646e+09 1.10080650e+09 1.10080654e+09
 1.10080658e+09 1.10080662e+09 1.10080666e+09 1.10080669e+09
 1.10080673e+09 1.10080677e+09 1.10080681e+09 1.10080685e+09
 1.10080689e+09 1.10080693e+09 1.10080696e+09 1.10080700e+09
 1.10080704e+09 1.10080708e+09 1.10080712e+09 1.10080716e+09
 1.10080720e+09 1.10080724e+09 1.10080727e+09 1.10080731e+09
 1.10080735e+09 1.10080739e+09 1.10080743e+09 1.10080747e+09
 1.10080751e+09 1.10080754e+09 1.10080758e+09 1.10080762e+09
 1.10080766e+09 1.10080770e+09 1.10080774e+09 1.10080778e+09
 1.10080782e+09 1.10080785e+09 1.10080789e+09 1.10080793e+09
 1.10080797e+09 1.10080801e+09 1.10080805e+09 1.10080809e+09
 1.10080812e+09 1.10080816e+09 1.10080820e+09 1.10080824e+09
 1.10080828e+09 1.10080832e+09 1.10080836e+09 1.10080840e+09
 1.10080843e+09 1.10080847e+09 1.10080851e+09 1.10080855e+09
 1.10080859e+09 1.10080863e+09 1.10080867e+09 1.10080870e+09
 1.10080874e+09 1.10080878e+09 1.10080882e+09 1.10080886e+09
 1.10080890e+09 1.10080894e+09 1.10080898e+09 1.10080901e+09
 1.10080905e+09 1.10080909e+09 1.10080913e+09 1.10080917e+09
 1.10080921e+09 1.10080925e+09 1.10080928e+09 1.10080932e+09
 1.10080936e+09 1.10080940e+09 1.10080944e+09 1.10080948e+09
 1.10080952e+09 1.10080956e+09 1.10080959e+09 1.10080963e+09
 1.10080967e+09 1.10080971e+09 1.10080975e+09 1.10080979e+09
 1.10080983e+09 1.10080986e+09 1.10080990e+09 1.10080994e+09
 1.10080998e+09 1.10081002e+09 1.10081006e+09 1.10081010e+09
 1.10081014e+09 1.10081017e+09 1.10081021e+09 1.10081025e+09
 1.10081029e+09 1.10081033e+09 1.10081037e+09 1.10081041e+09
 1.10081044e+09 1.10081048e+09 1.10081052e+09 1.10081056e+09
 1.10081060e+09 1.10081064e+09 1.10081068e+09 1.10081072e+09
 1.10081075e+09 1.10081079e+09 1.10081083e+09 1.10081087e+09
 1.10081091e+09 1.10081095e+09 1.10081099e+09 1.10081102e+09
 1.10081106e+09 1.10081110e+09 1.10081114e+09 1.10081118e+09
 1.10081122e+09 1.10081126e+09 1.10081130e+09 1.10081133e+09
 1.10081137e+09 1.10081141e+09 1.10081145e+09 1.10081149e+09
 1.10081153e+09 1.10081157e+09 1.10081160e+09 1.10081164e+09
 1.10081168e+09 1.10081172e+09 1.10081176e+09 1.10081180e+09
 1.10081184e+09 1.10081188e+09 1.10081191e+09 1.10081195e+09
 1.10081199e+09 1.10081203e+09 1.10081207e+09 1.10081211e+09
 1.10081215e+09 1.10081218e+09 1.10081222e+09 1.10081226e+09
 1.10081230e+09 1.10081234e+09 1.10081238e+09 1.10081242e+09
 1.10081246e+09 1.10081249e+09 1.10081253e+09 1.10081257e+09
 1.10081261e+09 1.10081265e+09 1.10081269e+09 1.10081273e+09
 1.10081276e+09 1.10081280e+09 1.10081284e+09 1.10081288e+09
 1.10081292e+09 1.10081296e+09 1.10081300e+09 1.10081304e+09
 1.10081307e+09 1.10081311e+09 1.10081315e+09 1.10081319e+09
 1.10081323e+09 1.10081327e+09 1.10081331e+09 1.10081334e+09
 1.10081338e+09 1.10081342e+09 1.10081346e+09 1.10081350e+09
 1.10081354e+09 1.10081358e+09 1.10081361e+09 1.10081365e+09
 1.10081369e+09 1.10081373e+09 1.10081377e+09 1.10081381e+09
 1.10081385e+09 1.10081389e+09 1.10081392e+09 1.10081396e+09
 1.10081400e+09 1.10081404e+09 1.10081408e+09 1.10081412e+09
 1.10081416e+09 1.10081419e+09 1.10081423e+09 1.10081427e+09
 1.10081431e+09 1.10081435e+09 1.10081439e+09 1.10081443e+09
 1.10081447e+09 1.10081450e+09 1.10081454e+09 1.10081458e+09
 1.10081462e+09 1.10081466e+09 1.10081470e+09 1.10081474e+09
 1.10081477e+09 1.10081481e+09 1.10081485e+09 1.10081489e+09
 1.10081493e+09 1.10081497e+09 1.10081501e+09 1.10081505e+09
 1.10081508e+09 1.10081512e+09 1.10081516e+09 1.10081520e+09]
minRes = 0.7993887769232049
minResTime = [1.1007961e+09]
Cov(t) = [100 100 100 100 100 100 100 100 100 100 100 100 100 100 100 100 100 100
 100 100 100 100 100 100 100 100 100 100 100 100 100 100 100 100 100 100
 100 100 100 100 100 100 100 100 100 100 100 100 100 100 100 100 100 100
 100 100 100 100 100 100 100 100 100 100 100 100 100 100 100 100 100 100
 100 100 100 100 100 100 100 100 100 100 100 100 100 100 100 100 100 100
 100 100 100 100 100 100 100 100 100 100 100 100 100 100 100 100 100 100
 100 100 100 100 100 100 100 100 100 100 100 100 100 100 100 100 100 100
 100 100 100 100 100 100 100 100 100 100 100 100 100 100 100 100 100 100
 100 100 100 100 100 100 100 100 100 100 100 100 100 100 100 100 100 100
 100 100 100 100 100 100 100 100 100 100 100 100 100 100 100 100 100 100
 100 100 100 100 100 100 100 100 100 100 100 100 100 100 100 100 100 100
 100 100 100 100 100 100 100 100 100 100 100 100 100 100 100 100 100 100
 100 100 100 100 100 100 100 100 100 100 100 100 100 100 100 100 100 100
 100 100 100 100 100 100 100 100 100 100 100 100 100 100 100 100 100 100
 100 100 100 100 100 100 100 100 100 100 100 100 100 100 100 100 100 100
 100 100 100 100 100 100 100 100 100 100 100 100 100 100 100 100 100 100
 100 100 100 100 100 100 100 100 100 100 100 100 100 100 100 100 100 100
 100 100 100 100 100 100 100 100 100 100 100 100 100 100 100 100 100 100
 100 100 100 100 100 100 100 100 100 100 100 100 100 100 100 100 100 100
 100 100 100 100 100 100 100 100 100 100 100 100 100 100 100 100 100 100
 100 100 100 100 100 100 100 100 100 100 100 100 100 100 100 100 100 100
 100 100 100 100 100 100 100 100 100 100 100 100 100 100 100 100 100 100
 100 100 100 100 100 100 100 100 100 100 100 100 100 100 100 100 100 100
 100 100 100 100 100 100 100 100 100 100 100 100 100 100 100 100 100 100
 100 100 100 100 100 100 100 100 100 100 100 100 100 100 100 100 100 100
 100 100 100 100 100 100 100 100 100 100 100 100 100 100 100 100 100 100
 100 100 100 100 100 100 100 100 100 100 100 100 100 100 100 100 100 100
 100 100 100 100 100 100 100 100 100 100 100 100 100 100 100 100 100 100
 100 100 100 100 100 100 100 100 100 100 100 100 100 100 100 100 100 100
 100 100 100 100 100 100 100 100 100 100 100 100 100 100 100 100 100 100
 100 100 100 100 100 100 100 100 100 100 100 100 100 100 100 100 100 100
 100 100 100 100 100 100 100 100 100 100 100 100 100 100 100 100 100 100
 100 100 100 100 100 100 100 100 100 100 100 100 100 100 100 100 100 100
 100 100 100 100 100 100 100 100 100 100 100 100 100 100 100 100 100 100
 100 100 100 100 100 100 100 100 100 100 100 100 100 100 100 100 100 100
 100 100 100 100 100 100 100 100 100 100 100 100 100 100 100 100 100 100
 100 100 100 100 100 100 100 100 100 100 100 100 100 100 100 100 100 100
 100 100 100 100 100 100 100 100 100 100 100 100 100 100 100 100 100 100
 100 100 100 100 100 100 100 100 100 100 100 100 100 100 100 100 100 100
 100 100 100 100 100 100 100 100 100 100 100 100 100 100 100 100 100 100
 100 100 100 100 100 100 100 100 100 100 100 100 100 100 100 100 100 100
 100 100 100 100 100 100 100 100 100 100 100 100 100 100 100 100 100 100
 100 100 100 100 100 100 100 100 100 100 100 100 100 100 100 100 100 100
 100 100 100 100 100 100 100 100 100 100 100 100 100 100 100 100 100 100
 100 100 100 100 100 100 100 100 100 100 100 100 100 100 100 100 100 100
 100 100 100 100 100 100 100 100 100 100 100 100 100 100 100 100 100 100
 100 100 100 100 100 100 100 100 100 100 100 100 100 100 100 100 100 100
 100 100 100 100 100 100 100 100 100 100 100 100 100 100 100 100 100 100
 100 100 100 100 100 100 100 100 100 100 100 100 100 100 100 100 100 100
 100 100 100 100 100 100 100 100 100 100 100 100 100 100 100 100 100 100
 100 100 100 100 100 100 100 100 100 100 100 100 100 100 100 100 100 100
 100 100 100 100 100 100 100 100 100 100 100 100 100 100 100 100 100 100
 100 100 100 100 100 100 100 100 100 100 100 100 100 100 100 100 100 100
 100 100 100 100 100 100 100 100 100 100 100 100 100 100 100 100 100 100
 100 100 100 100 100 100 100 100 100 100 100 100 100 100 100 100 100 100
 100 100 100 100 100 100 100 100 100 100]
maxCov = 100
maxCovTime = [1.10077658e+09 1.10077661e+09 1.10077665e+09 1.10077669e+09
 1.10077673e+09 1.10077677e+09 1.10077681e+09 1.10077685e+09
 1.10077688e+09 1.10077692e+09 1.10077696e+09 1.10077700e+09
 1.10077704e+09 1.10077708e+09 1.10077712e+09 1.10077716e+09
 1.10077719e+09 1.10077723e+09 1.10077727e+09 1.10077731e+09
 1.10077735e+09 1.10077739e+09 1.10077743e+09 1.10077746e+09
 1.10077750e+09 1.10077754e+09 1.10077758e+09 1.10077762e+09
 1.10077766e+09 1.10077770e+09 1.10077774e+09 1.10077777e+09
 1.10077781e+09 1.10077785e+09 1.10077789e+09 1.10077793e+09
 1.10077797e+09 1.10077801e+09 1.10077804e+09 1.10077808e+09
 1.10077812e+09 1.10077816e+09 1.10077820e+09 1.10077824e+09
 1.10077828e+09 1.10077832e+09 1.10077835e+09 1.10077839e+09
 1.10077843e+09 1.10077847e+09 1.10077851e+09 1.10077855e+09
 1.10077859e+09 1.10077862e+09 1.10077866e+09 1.10077870e+09
 1.10077874e+09 1.10077878e+09 1.10077882e+09 1.10077886e+09
 1.10077890e+09 1.10077893e+09 1.10077897e+09 1.10077901e+09
 1.10077905e+09 1.10077909e+09 1.10077913e+09 1.10077917e+09
 1.10077920e+09 1.10077924e+09 1.10077928e+09 1.10077932e+09
 1.10077936e+09 1.10077940e+09 1.10077944e+09 1.10077947e+09
 1.10077951e+09 1.10077955e+09 1.10077959e+09 1.10077963e+09
 1.10077967e+09 1.10077971e+09 1.10077975e+09 1.10077978e+09
 1.10077982e+09 1.10077986e+09 1.10077990e+09 1.10077994e+09
 1.10077998e+09 1.10078002e+09 1.10078005e+09 1.10078009e+09
 1.10078013e+09 1.10078017e+09 1.10078021e+09 1.10078025e+09
 1.10078029e+09 1.10078033e+09 1.10078036e+09 1.10078040e+09
 1.10078044e+09 1.10078048e+09 1.10078052e+09 1.10078056e+09
 1.10078060e+09 1.10078063e+09 1.10078067e+09 1.10078071e+09
 1.10078075e+09 1.10078079e+09 1.10078083e+09 1.10078087e+09
 1.10078091e+09 1.10078094e+09 1.10078098e+09 1.10078102e+09
 1.10078106e+09 1.10078110e+09 1.10078114e+09 1.10078118e+09
 1.10078121e+09 1.10078125e+09 1.10078129e+09 1.10078133e+09
 1.10078137e+09 1.10078141e+09 1.10078145e+09 1.10078149e+09
 1.10078152e+09 1.10078156e+09 1.10078160e+09 1.10078164e+09
 1.10078168e+09 1.10078172e+09 1.10078176e+09 1.10078179e+09
 1.10078183e+09 1.10078187e+09 1.10078191e+09 1.10078195e+09
 1.10078199e+09 1.10078203e+09 1.10078207e+09 1.10078210e+09
 1.10078214e+09 1.10078218e+09 1.10078222e+09 1.10078226e+09
 1.10078230e+09 1.10078234e+09 1.10078237e+09 1.10078241e+09
 1.10078245e+09 1.10078249e+09 1.10078253e+09 1.10078257e+09
 1.10078261e+09 1.10078265e+09 1.10078268e+09 1.10078272e+09
 1.10078276e+09 1.10078280e+09 1.10078284e+09 1.10078288e+09
 1.10078292e+09 1.10078295e+09 1.10078299e+09 1.10078303e+09
 1.10078307e+09 1.10078311e+09 1.10078315e+09 1.10078319e+09
 1.10078323e+09 1.10078326e+09 1.10078330e+09 1.10078334e+09
 1.10078338e+09 1.10078342e+09 1.10078346e+09 1.10078350e+09
 1.10078353e+09 1.10078357e+09 1.10078361e+09 1.10078365e+09
 1.10078369e+09 1.10078373e+09 1.10078377e+09 1.10078381e+09
 1.10078384e+09 1.10078388e+09 1.10078392e+09 1.10078396e+09
 1.10078400e+09 1.10078404e+09 1.10078408e+09 1.10078411e+09
 1.10078415e+09 1.10078419e+09 1.10078423e+09 1.10078427e+09
 1.10078431e+09 1.10078435e+09 1.10078439e+09 1.10078442e+09
 1.10078446e+09 1.10078450e+09 1.10078454e+09 1.10078458e+09
 1.10078462e+09 1.10078466e+09 1.10078469e+09 1.10078473e+09
 1.10078477e+09 1.10078481e+09 1.10078485e+09 1.10078489e+09
 1.10078493e+09 1.10078497e+09 1.10078500e+09 1.10078504e+09
 1.10078508e+09 1.10078512e+09 1.10078516e+09 1.10078520e+09
 1.10078524e+09 1.10078527e+09 1.10078531e+09 1.10078535e+09
 1.10078539e+09 1.10078543e+09 1.10078547e+09 1.10078551e+09
 1.10078555e+09 1.10078558e+09 1.10078562e+09 1.10078566e+09
 1.10078570e+09 1.10078574e+09 1.10078578e+09 1.10078582e+09
 1.10078585e+09 1.10078589e+09 1.10078593e+09 1.10078597e+09
 1.10078601e+09 1.10078605e+09 1.10078609e+09 1.10078613e+09
 1.10078616e+09 1.10078620e+09 1.10078624e+09 1.10078628e+09
 1.10078632e+09 1.10078636e+09 1.10078640e+09 1.10078643e+09
 1.10078647e+09 1.10078651e+09 1.10078655e+09 1.10078659e+09
 1.10078663e+09 1.10078667e+09 1.10078671e+09 1.10078674e+09
 1.10078678e+09 1.10078682e+09 1.10078686e+09 1.10078690e+09
 1.10078694e+09 1.10078698e+09 1.10078701e+09 1.10078705e+09
 1.10078709e+09 1.10078713e+09 1.10078717e+09 1.10078721e+09
 1.10078725e+09 1.10078729e+09 1.10078732e+09 1.10078736e+09
 1.10078740e+09 1.10078744e+09 1.10078748e+09 1.10078752e+09
 1.10078756e+09 1.10078759e+09 1.10078763e+09 1.10078767e+09
 1.10078771e+09 1.10078775e+09 1.10078779e+09 1.10078783e+09
 1.10078786e+09 1.10078790e+09 1.10078794e+09 1.10078798e+09
 1.10078802e+09 1.10078806e+09 1.10078810e+09 1.10078814e+09
 1.10078817e+09 1.10078821e+09 1.10078825e+09 1.10078829e+09
 1.10078833e+09 1.10078837e+09 1.10078841e+09 1.10078844e+09
 1.10078848e+09 1.10078852e+09 1.10078856e+09 1.10078860e+09
 1.10078864e+09 1.10078868e+09 1.10078872e+09 1.10078875e+09
 1.10078879e+09 1.10078883e+09 1.10078887e+09 1.10078891e+09
 1.10078895e+09 1.10078899e+09 1.10078902e+09 1.10078906e+09
 1.10078910e+09 1.10078914e+09 1.10078918e+09 1.10078922e+09
 1.10078926e+09 1.10078930e+09 1.10078933e+09 1.10078937e+09
 1.10078941e+09 1.10078945e+09 1.10078949e+09 1.10078953e+09
 1.10078957e+09 1.10078960e+09 1.10078964e+09 1.10078968e+09
 1.10078972e+09 1.10078976e+09 1.10078980e+09 1.10078984e+09
 1.10078988e+09 1.10078991e+09 1.10078995e+09 1.10078999e+09
 1.10079003e+09 1.10079007e+09 1.10079011e+09 1.10079015e+09
 1.10079018e+09 1.10079022e+09 1.10079026e+09 1.10079030e+09
 1.10079034e+09 1.10079038e+09 1.10079042e+09 1.10079046e+09
 1.10079049e+09 1.10079053e+09 1.10079057e+09 1.10079061e+09
 1.10079065e+09 1.10079069e+09 1.10079073e+09 1.10079076e+09
 1.10079080e+09 1.10079084e+09 1.10079088e+09 1.10079092e+09
 1.10079096e+09 1.10079100e+09 1.10079104e+09 1.10079107e+09
 1.10079111e+09 1.10079115e+09 1.10079119e+09 1.10079123e+09
 1.10079127e+09 1.10079131e+09 1.10079134e+09 1.10079138e+09
 1.10079142e+09 1.10079146e+09 1.10079150e+09 1.10079154e+09
 1.10079158e+09 1.10079162e+09 1.10079165e+09 1.10079169e+09
 1.10079173e+09 1.10079177e+09 1.10079181e+09 1.10079185e+09
 1.10079189e+09 1.10079192e+09 1.10079196e+09 1.10079200e+09
 1.10079204e+09 1.10079208e+09 1.10079212e+09 1.10079216e+09
 1.10079220e+09 1.10079223e+09 1.10079227e+09 1.10079231e+09
 1.10079235e+09 1.10079239e+09 1.10079243e+09 1.10079247e+09
 1.10079250e+09 1.10079254e+09 1.10079258e+09 1.10079262e+09
 1.10079266e+09 1.10079270e+09 1.10079274e+09 1.10079278e+09
 1.10079281e+09 1.10079285e+09 1.10079289e+09 1.10079293e+09
 1.10079297e+09 1.10079301e+09 1.10079305e+09 1.10079308e+09
 1.10079312e+09 1.10079316e+09 1.10079320e+09 1.10079324e+09
 1.10079328e+09 1.10079332e+09 1.10079336e+09 1.10079339e+09
 1.10079343e+09 1.10079347e+09 1.10079351e+09 1.10079355e+09
 1.10079359e+09 1.10079363e+09 1.10079366e+09 1.10079370e+09
 1.10079374e+09 1.10079378e+09 1.10079382e+09 1.10079386e+09
 1.10079390e+09 1.10079394e+09 1.10079397e+09 1.10079401e+09
 1.10079405e+09 1.10079409e+09 1.10079413e+09 1.10079417e+09
 1.10079421e+09 1.10079424e+09 1.10079428e+09 1.10079432e+09
 1.10079436e+09 1.10079440e+09 1.10079444e+09 1.10079448e+09
 1.10079452e+09 1.10079455e+09 1.10079459e+09 1.10079463e+09
 1.10079467e+09 1.10079471e+09 1.10079475e+09 1.10079479e+09
 1.10079482e+09 1.10079486e+09 1.10079490e+09 1.10079494e+09
 1.10079498e+09 1.10079502e+09 1.10079506e+09 1.10079510e+09
 1.10079513e+09 1.10079517e+09 1.10079521e+09 1.10079525e+09
 1.10079529e+09 1.10079533e+09 1.10079537e+09 1.10079540e+09
 1.10079544e+09 1.10079548e+09 1.10079552e+09 1.10079556e+09
 1.10079560e+09 1.10079564e+09 1.10079568e+09 1.10079571e+09
 1.10079575e+09 1.10079579e+09 1.10079583e+09 1.10079587e+09
 1.10079591e+09 1.10079595e+09 1.10079598e+09 1.10079602e+09
 1.10079606e+09 1.10079610e+09 1.10079614e+09 1.10079618e+09
 1.10079622e+09 1.10079625e+09 1.10079629e+09 1.10079633e+09
 1.10079637e+09 1.10079641e+09 1.10079645e+09 1.10079649e+09
 1.10079653e+09 1.10079656e+09 1.10079660e+09 1.10079664e+09
 1.10079668e+09 1.10079672e+09 1.10079676e+09 1.10079680e+09
 1.10079683e+09 1.10079687e+09 1.10079691e+09 1.10079695e+09
 1.10079699e+09 1.10079703e+09 1.10079707e+09 1.10079711e+09
 1.10079714e+09 1.10079718e+09 1.10079722e+09 1.10079726e+09
 1.10079730e+09 1.10079734e+09 1.10079738e+09 1.10079741e+09
 1.10079745e+09 1.10079749e+09 1.10079753e+09 1.10079757e+09
 1.10079761e+09 1.10079765e+09 1.10079769e+09 1.10079772e+09
 1.10079776e+09 1.10079780e+09 1.10079784e+09 1.10079788e+09
 1.10079792e+09 1.10079796e+09 1.10079799e+09 1.10079803e+09
 1.10079807e+09 1.10079811e+09 1.10079815e+09 1.10079819e+09
 1.10079823e+09 1.10079827e+09 1.10079830e+09 1.10079834e+09
 1.10079838e+09 1.10079842e+09 1.10079846e+09 1.10079850e+09
 1.10079854e+09 1.10079857e+09 1.10079861e+09 1.10079865e+09
 1.10079869e+09 1.10079873e+09 1.10079877e+09 1.10079881e+09
 1.10079885e+09 1.10079888e+09 1.10079892e+09 1.10079896e+09
 1.10079900e+09 1.10079904e+09 1.10079908e+09 1.10079912e+09
 1.10079915e+09 1.10079919e+09 1.10079923e+09 1.10079927e+09
 1.10079931e+09 1.10079935e+09 1.10079939e+09 1.10079943e+09
 1.10079946e+09 1.10079950e+09 1.10079954e+09 1.10079958e+09
 1.10079962e+09 1.10079966e+09 1.10079970e+09 1.10079973e+09
 1.10079977e+09 1.10079981e+09 1.10079985e+09 1.10079989e+09
 1.10079993e+09 1.10079997e+09 1.10080001e+09 1.10080004e+09
 1.10080008e+09 1.10080012e+09 1.10080016e+09 1.10080020e+09
 1.10080024e+09 1.10080028e+09 1.10080031e+09 1.10080035e+09
 1.10080039e+09 1.10080043e+09 1.10080047e+09 1.10080051e+09
 1.10080055e+09 1.10080059e+09 1.10080062e+09 1.10080066e+09
 1.10080070e+09 1.10080074e+09 1.10080078e+09 1.10080082e+09
 1.10080086e+09 1.10080089e+09 1.10080093e+09 1.10080097e+09
 1.10080101e+09 1.10080105e+09 1.10080109e+09 1.10080113e+09
 1.10080117e+09 1.10080120e+09 1.10080124e+09 1.10080128e+09
 1.10080132e+09 1.10080136e+09 1.10080140e+09 1.10080144e+09
 1.10080147e+09 1.10080151e+09 1.10080155e+09 1.10080159e+09
 1.10080163e+09 1.10080167e+09 1.10080171e+09 1.10080175e+09
 1.10080178e+09 1.10080182e+09 1.10080186e+09 1.10080190e+09
 1.10080194e+09 1.10080198e+09 1.10080202e+09 1.10080205e+09
 1.10080209e+09 1.10080213e+09 1.10080217e+09 1.10080221e+09
 1.10080225e+09 1.10080229e+09 1.10080233e+09 1.10080236e+09
 1.10080240e+09 1.10080244e+09 1.10080248e+09 1.10080252e+09
 1.10080256e+09 1.10080260e+09 1.10080263e+09 1.10080267e+09
 1.10080271e+09 1.10080275e+09 1.10080279e+09 1.10080283e+09
 1.10080287e+09 1.10080291e+09 1.10080294e+09 1.10080298e+09
 1.10080302e+09 1.10080306e+09 1.10080310e+09 1.10080314e+09
 1.10080318e+09 1.10080321e+09 1.10080325e+09 1.10080329e+09
 1.10080333e+09 1.10080337e+09 1.10080341e+09 1.10080345e+09
 1.10080349e+09 1.10080352e+09 1.10080356e+09 1.10080360e+09
 1.10080364e+09 1.10080368e+09 1.10080372e+09 1.10080376e+09
 1.10080379e+09 1.10080383e+09 1.10080387e+09 1.10080391e+09
 1.10080395e+09 1.10080399e+09 1.10080403e+09 1.10080407e+09
 1.10080410e+09 1.10080414e+09 1.10080418e+09 1.10080422e+09
 1.10080426e+09 1.10080430e+09 1.10080434e+09 1.10080437e+09
 1.10080441e+09 1.10080445e+09 1.10080449e+09 1.10080453e+09
 1.10080457e+09 1.10080461e+09 1.10080465e+09 1.10080468e+09
 1.10080472e+09 1.10080476e+09 1.10080480e+09 1.10080484e+09
 1.10080488e+09 1.10080492e+09 1.10080495e+09 1.10080499e+09
 1.10080503e+09 1.10080507e+09 1.10080511e+09 1.10080515e+09
 1.10080519e+09 1.10080522e+09 1.10080526e+09 1.10080530e+09
 1.10080534e+09 1.10080538e+09 1.10080542e+09 1.10080546e+09
 1.10080550e+09 1.10080553e+09 1.10080557e+09 1.10080561e+09
 1.10080565e+09 1.10080569e+09 1.10080573e+09 1.10080577e+09
 1.10080580e+09 1.10080584e+09 1.10080588e+09 1.10080592e+09
 1.10080596e+09 1.10080600e+09 1.10080604e+09 1.10080608e+09
 1.10080611e+09 1.10080615e+09 1.10080619e+09 1.10080623e+09
 1.10080627e+09 1.10080631e+09 1.10080635e+09 1.10080638e+09
 1.10080642e+09 1.10080646e+09 1.10080650e+09 1.10080654e+09
 1.10080658e+09 1.10080662e+09 1.10080666e+09 1.10080669e+09
 1.10080673e+09 1.10080677e+09 1.10080681e+09 1.10080685e+09
 1.10080689e+09 1.10080693e+09 1.10080696e+09 1.10080700e+09
 1.10080704e+09 1.10080708e+09 1.10080712e+09 1.10080716e+09
 1.10080720e+09 1.10080724e+09 1.10080727e+09 1.10080731e+09
 1.10080735e+09 1.10080739e+09 1.10080743e+09 1.10080747e+09
 1.10080751e+09 1.10080754e+09 1.10080758e+09 1.10080762e+09
 1.10080766e+09 1.10080770e+09 1.10080774e+09 1.10080778e+09
 1.10080782e+09 1.10080785e+09 1.10080789e+09 1.10080793e+09
 1.10080797e+09 1.10080801e+09 1.10080805e+09 1.10080809e+09
 1.10080812e+09 1.10080816e+09 1.10080820e+09 1.10080824e+09
 1.10080828e+09 1.10080832e+09 1.10080836e+09 1.10080840e+09
 1.10080843e+09 1.10080847e+09 1.10080851e+09 1.10080855e+09
 1.10080859e+09 1.10080863e+09 1.10080867e+09 1.10080870e+09
 1.10080874e+09 1.10080878e+09 1.10080882e+09 1.10080886e+09
 1.10080890e+09 1.10080894e+09 1.10080898e+09 1.10080901e+09
 1.10080905e+09 1.10080909e+09 1.10080913e+09 1.10080917e+09
 1.10080921e+09 1.10080925e+09 1.10080928e+09 1.10080932e+09
 1.10080936e+09 1.10080940e+09 1.10080944e+09 1.10080948e+09
 1.10080952e+09 1.10080956e+09 1.10080959e+09 1.10080963e+09
 1.10080967e+09 1.10080971e+09 1.10080975e+09 1.10080979e+09
 1.10080983e+09 1.10080986e+09 1.10080990e+09 1.10080994e+09
 1.10080998e+09 1.10081002e+09 1.10081006e+09 1.10081010e+09
 1.10081014e+09 1.10081017e+09 1.10081021e+09 1.10081025e+09
 1.10081029e+09 1.10081033e+09 1.10081037e+09 1.10081041e+09
 1.10081044e+09 1.10081048e+09 1.10081052e+09 1.10081056e+09
 1.10081060e+09 1.10081064e+09 1.10081068e+09 1.10081072e+09
 1.10081075e+09 1.10081079e+09 1.10081083e+09 1.10081087e+09
 1.10081091e+09 1.10081095e+09 1.10081099e+09 1.10081102e+09
 1.10081106e+09 1.10081110e+09 1.10081114e+09 1.10081118e+09
 1.10081122e+09 1.10081126e+09 1.10081130e+09 1.10081133e+09
 1.10081137e+09 1.10081141e+09 1.10081145e+09 1.10081149e+09
 1.10081153e+09 1.10081157e+09 1.10081160e+09 1.10081164e+09
 1.10081168e+09 1.10081172e+09 1.10081176e+09 1.10081180e+09
 1.10081184e+09 1.10081188e+09 1.10081191e+09 1.10081195e+09
 1.10081199e+09 1.10081203e+09 1.10081207e+09 1.10081211e+09
 1.10081215e+09 1.10081218e+09 1.10081222e+09 1.10081226e+09
 1.10081230e+09 1.10081234e+09 1.10081238e+09 1.10081242e+09
 1.10081246e+09 1.10081249e+09 1.10081253e+09 1.10081257e+09
 1.10081261e+09 1.10081265e+09 1.10081269e+09 1.10081273e+09
 1.10081276e+09 1.10081280e+09 1.10081284e+09 1.10081288e+09
 1.10081292e+09 1.10081296e+09 1.10081300e+09 1.10081304e+09
 1.10081307e+09 1.10081311e+09 1.10081315e+09 1.10081319e+09
 1.10081323e+09 1.10081327e+09 1.10081331e+09 1.10081334e+09
 1.10081338e+09 1.10081342e+09 1.10081346e+09 1.10081350e+09
 1.10081354e+09 1.10081358e+09 1.10081361e+09 1.10081365e+09
 1.10081369e+09 1.10081373e+09 1.10081377e+09 1.10081381e+09
 1.10081385e+09 1.10081389e+09 1.10081392e+09 1.10081396e+09
 1.10081400e+09 1.10081404e+09 1.10081408e+09 1.10081412e+09
 1.10081416e+09 1.10081419e+09 1.10081423e+09 1.10081427e+09
 1.10081431e+09 1.10081435e+09 1.10081439e+09 1.10081443e+09
 1.10081447e+09 1.10081450e+09 1.10081454e+09 1.10081458e+09
 1.10081462e+09 1.10081466e+09 1.10081470e+09 1.10081474e+09
 1.10081477e+09 1.10081481e+09 1.10081485e+09 1.10081489e+09
 1.10081493e+09 1.10081497e+09 1.10081501e+09 1.10081505e+09
 1.10081508e+09 1.10081512e+09 1.10081516e+09 1.10081520e+09]
