name =JUICE_ROI_GAN_7_0_01
flyby = ['2034 NOV 18 09:58:51', '2034 NOV 19 09:58:51']
Observation TW = <SpiceCell dtype = 1, length = 0, size = 3400, card = 14, is_set = 1, adjust = 0, init = 1, base = 94044852753952, data = 94044852754000>
Res(t) = [0.92393648 0.92276734 0.92159845 0.92042982 0.91926145 0.91809334
 0.91692551 0.91575795 0.91459066 0.91342366 0.91225696 0.91109054
 0.90992442 0.90875861 0.90759311 0.90642792 0.90526305 0.90409851
 0.90293429 0.90177041 0.90060687 0.89944368 0.89828083 0.89711834
 0.89595622 0.89479446 0.89363307 0.89247207 0.89131144 0.89015121
 0.88899137 0.88783193 0.8866729  0.88551428 0.88435607 0.8831983
 0.88204095 0.88088404 0.87972756 0.87857154 0.87741597 0.87626086
 0.87510622 0.87395204 0.87279835 0.87164514 0.87049242 0.86934019
 0.86818847 0.86703726 0.86588657 0.86473639 0.86358675 0.86243764
 0.86128907 0.86014105 0.85899359 0.85784668 0.85670034 0.85555458
 0.8544094  0.85326481 0.85212081 0.85097741 0.84983462 0.84869245
 0.84755089 0.84640997 0.84526968 0.84413004 0.84299104 0.8418527
 0.84071503 0.83957802 0.8384417  0.83730606 0.83617111 0.83503686
 0.83390332 0.83277049 0.83163838 0.830507   0.82937636 0.82824646
 0.82711731 0.82598892 0.82486129 0.82373444 0.82260837 0.82148309
 0.8203586  0.81923491 0.81811204 0.81698998 0.81586875 0.81474836
 0.8136288  0.8125101  0.81139225 0.81027526 0.80915915 0.80804392
 0.80692958 0.80581613 0.80470358 0.80359195 0.80248124 0.80137145
 0.8002626  0.79915469 0.79804774 0.79694174 0.79583671 0.79473266
 0.79362959 0.79252751 0.79142643 0.79032636 0.78922731 0.78812927
 0.78703228 0.78593632 0.78484141 0.78374756 0.78265477 0.78156306
 0.78047242 0.77938288 0.77829444 0.7772071  0.77612088 0.77503578
 0.77395181 0.77286898 0.7717873  0.77070678 0.76962742 0.76854924
 0.76747224 0.76639643 0.76532181 0.76424841 0.76317622 0.76210525
 0.76103552 0.75996703 0.75889979 0.75783381 0.75676909 0.75570565
 0.75464349 0.75358263 0.75252306 0.75146481 0.75040787 0.74935226
 0.74829799 0.74724505 0.74619348 0.74514326 0.74409441 0.74304694
 0.74200086 0.74095617 0.73991288 0.73887101 0.73783056 0.73679154
 0.73575396 0.73471782 0.73368314 0.73264993 0.73161819 0.73058793
 0.72955915 0.72853188 0.72750612 0.72648187 0.72545914 0.72443795
 0.7234183  0.7224002  0.72138366 0.72036869 0.71935529 0.71834348
 0.71733326 0.71632464 0.71531764 0.71431225 0.71330849 0.71230637
 0.71130589 0.71030706 0.7093099  0.70831441 0.70732059 0.70632847
 0.70533803 0.70434931 0.70336229 0.702377   0.70139344 0.70041161
 0.69943154 0.69845321 0.69747666 0.69650187 0.69552886 0.69455765
 0.69358823 0.69262061 0.69165481 0.69069083 0.68972869 0.68876838
 0.68780992 0.68685331 0.68589857 0.6849457  0.68399471 0.68304561
 0.68209841 0.68115311 0.68020972 0.67926826 0.67832872 0.67739113
 0.67645547 0.67552178 0.67459004 0.67366027 0.67273249 0.67180668
 0.67088287 0.66996107 0.66904127 0.66812349 0.66720774 0.66629402
 0.66538234 0.66447271 0.66356514 0.66265963 0.6617562  0.66085484
 0.65995558 0.65905841 0.65816334 0.65727039 0.65637955 0.65549084
 0.65460427 0.65371983 0.65283755 0.65195742 0.65107946 0.65020367
 0.64933005 0.64845863 0.6475894  0.64672236 0.64585754 0.64499494
 0.64413455 0.6432764  0.64242049 0.64156682 0.6407154  0.63986624
 0.63901935 0.63817473 0.63733239 0.63649234 0.63565459 0.63481913
 0.63398599 0.63315516 0.63232665 0.63150047 0.63067663 0.62985512
 0.62903597 0.62821918 0.62740474 0.62659268 0.62578299 0.62497569
 0.62417077 0.62336825 0.62256813 0.62177042 0.62097512 0.62018225
 0.6193918  0.61860379 0.61781821 0.61703509 0.61625441 0.6154762
 0.61470044 0.61392716 0.61315636 0.61238804 0.6116222  0.61085887
 0.61009803 0.6093397  0.60858388 0.60783058 0.6070798  0.60633155
 0.60558584 0.60484266 0.60410204 0.60336396 0.60262845 0.60189549
 0.60116511 0.6004373  0.59971206 0.59898941 0.59826935 0.59755189
 0.59683703 0.59612477 0.59541512 0.59470808 0.59400367 0.59330188
 0.59260273 0.5919062  0.59121232 0.59052109 0.5898325  0.58914657
 0.58846329 0.58778268 0.58710474 0.58642947 0.58575688 0.58508697
 0.58441975 0.58375522 0.58309338 0.58243425 0.58177781 0.58112409
 0.58047308 0.57982478 0.57917921 0.57853636 0.57789624 0.57725885
 0.57662419 0.57599228 0.57536311 0.57473669 0.57411302 0.57349211
 0.57287396 0.57225857 0.57164594 0.57103609 0.57042901 0.56982471
 0.56922318 0.56862444 0.56802849 0.56743533 0.56684496 0.56625738
 0.56567261 0.56509064 0.56451147 0.56393512 0.56336158 0.56279085
 0.56222294 0.56165784 0.56109558 0.56053613 0.55997952 0.55942574
 0.55887479 0.55832668 0.55778141 0.55723897 0.55669939 0.55616264
 0.55562875 0.55509771 0.55456952 0.55404418 0.55352171 0.55300209
 0.55248533 0.55197144 0.55146041 0.55095225 0.55044696 0.54994454
 0.54944499 0.54894831 0.54845452 0.5479636  0.54747556 0.5469904
 0.54650812 0.54602873 0.54555222 0.5450786  0.54460786 0.54414002
 0.54367506 0.543213   0.54275383 0.54229756 0.54184418 0.54139369
 0.5409461  0.54050142 0.54005962 0.53962073 0.53918474 0.53875165
 0.53832147 0.53789418 0.5374698  0.53704832 0.53662975 0.53621408
 0.53580131 0.53539145 0.5349845  0.53458045 0.53417931 0.53378108
 0.53338575 0.53299333 0.53260382 0.53221721 0.53183351 0.53145272
 0.53107484 0.53069986 0.53032779 0.52995862 0.52959236 0.52922901
 0.52886856 0.52851102 0.52815638 0.52780465 0.52745582 0.52710989
 0.52676687 0.52642675 0.52608952 0.5257552  0.52542378 0.52509526
 0.52476964 0.52444691 0.52412708 0.52381015 0.52349611 0.52318496
 0.5228767  0.52257134 0.52226887 0.52196928 0.52167258 0.52137877
 0.52108784 0.5207998  0.52051464 0.52023236 0.51995296 0.51967644
 0.51940279 0.51913202 0.51886412 0.51859909 0.51833693 0.51807764
 0.51782122 0.51756765 0.51731696 0.51706912 0.51682414 0.51658202
 0.51634275 0.51610633 0.51587277 0.51564205 0.51541418 0.51518916
 0.51496697 0.51474763 0.51453112 0.51431745 0.51410661 0.5138986
 0.51369341 0.51349106 0.51329152 0.51309481 0.51290091 0.51270983
 0.51252156 0.5123361  0.51215345 0.51197361 0.51179656 0.51162231
 0.51145086 0.51128221 0.51111634 0.51095326 0.51079296 0.51063545
 0.51048071 0.51032875 0.51017957 0.51003315 0.5098895  0.50974861
 0.50961048 0.5094751  0.50934248 0.50921261 0.50908549 0.50896111
 0.50883947 0.50872057 0.5086044  0.50849096 0.50838024 0.50827225
 0.50816698 0.50806442 0.50796457 0.50786744 0.50777301 0.50768128
 0.50759224 0.5075059  0.50742225 0.50734129 0.50726301 0.50718741
 0.50711448 0.50704422 0.50697663 0.50691171 0.50684944 0.50678983
 0.50673286 0.50667855 0.50662688 0.50657785 0.50653145 0.50648769
 0.50644655 0.50640803 0.50637213 0.50633885 0.50630818 0.50628011
 0.50625464 0.50623177 0.5062115  0.50619381 0.50617871 0.50616619
 0.50615624 0.50614887 0.50614406 0.50614181 0.50614213 0.50614499
 0.50615041 0.50615837 0.50616887 0.5061819  0.50619747 0.50621556
 0.50623618 0.50625931 0.50628496 0.50631311 0.50634377 0.50637692
 0.50641257 0.50645071 0.50649133 0.50653444 0.50658002 0.50662807
 0.50667858 0.50673156 0.50678699 0.50684487 0.5069052  0.50696798
 0.50703319 0.50710083 0.50717089 0.50724339 0.50731829 0.50739561
 0.50747534 0.50755747 0.507642   0.50772892 0.50781823 0.50790992
 0.508004   0.50810044 0.50819925 0.50830042 0.50840396 0.50850984
 0.50861807 0.50872865 0.50884156 0.50895681 0.50907438 0.50919428
 0.5093165  0.50944102 0.50956786 0.50969699 0.50982843 0.50996215
 0.51009817 0.51023646 0.51037703 0.51051988 0.51066498 0.51081236
 0.51096198 0.51111386 0.51126798 0.51142435 0.51158295 0.51174378
 0.51190683 0.51207211 0.5122396  0.5124093  0.5125812  0.5127553
 0.5129316  0.51311009 0.51329076 0.5134736  0.51365862 0.51384581
 0.51403517 0.51422667 0.51442034 0.51461615 0.5148141  0.51501418
 0.5152164  0.51542075 0.51562722 0.5158358  0.51604649 0.51625929
 0.51647419 0.51669118 0.51691027 0.51713143 0.51735468 0.51758
 0.51780739 0.51803685 0.51826836 0.51850193 0.51873754 0.5189752
 0.5192149  0.51945662 0.51970038 0.51994616 0.52019395 0.52044376
 0.52069557 0.52094939 0.5212052  0.521463   0.52172279 0.52198456
 0.5222483  0.52251402 0.5227817  0.52305134 0.52332294 0.52359649
 0.52387198 0.52414941 0.52442878 0.52471007 0.5249933  0.52527844
 0.52556549 0.52585446 0.52614533 0.52643809 0.52673276 0.52702931
 0.52732774 0.52762806 0.52793024 0.5282343  0.52854022 0.528848
 0.52915764 0.52946912 0.52978245 0.53009762 0.53041462 0.53073345
 0.5310541  0.53137657 0.53170086 0.53202696 0.53235486 0.53268456
 0.53301606 0.53334934 0.53368441 0.53402126 0.53435989 0.53470028
 0.53504244 0.53538637 0.53573204 0.53607947 0.53642865 0.53677957
 0.53713222 0.53748661 0.53784272 0.53820055 0.53856011 0.53892137
 0.53928435 0.53964903 0.54001541 0.54038348 0.54075324 0.54112469
 0.54149781 0.54187262 0.54224909 0.54262723 0.54300703 0.54338849
 0.54377161 0.54415637 0.54454278 0.54493082 0.5453205  0.54571181
 0.54610475 0.5464993  0.54689548 0.54729326 0.54769266 0.54809366
 0.54849625 0.54890045 0.54930623 0.5497136  0.55012255 0.55053308
 0.55094518 0.55135885 0.55177408 0.55219088 0.55260923 0.55302913
 0.55345058 0.55387357 0.55429811 0.55472417 0.55515177 0.5555809
 0.55601154 0.55644371 0.55687739 0.55731258 0.55774927 0.55818747
 0.55862717 0.55906836 0.55951104 0.5599552  0.56040085 0.56084797
 0.56129657 0.56174664 0.56219817 0.56265117 0.56310562 0.56356153
 0.56401889 0.5644777  0.56493795 0.56539963 0.56586276 0.56632731
 0.56679329 0.5672607  0.56772952 0.56819976 0.56867142 0.56914448
 0.56961895 0.57009482 0.57057209 0.57105075 0.5715308  0.57201224
 0.57249506 0.57297927 0.57346485 0.5739518  0.57444012 0.57492981
 0.57542086 0.57591327 0.57640704 0.57690216 0.57739862 0.57789644
 0.57839559 0.57889608 0.57939791 0.57990107 0.58040556 0.58091137
 0.58141851 0.58192697 0.58243674 0.58294782 0.58346021 0.58397391
 0.58448891 0.58500521 0.58552281 0.5860417  0.58656189 0.58708335
 0.58760611 0.58813014 0.58865546 0.58918205 0.58970991 0.59023904
 0.59076943 0.59130109 0.59183401 0.59236819 0.59290362 0.59344031
 0.59397824 0.59451742 0.59505784 0.59559951 0.59614241 0.59668654
 0.59723191 0.59777851 0.59832634 0.59887539 0.59942566 0.59997715
 0.60052985 0.60108377 0.6016389  0.60219524 0.60275279 0.60331154
 0.60387149 0.60443263 0.60499498 0.60555852 0.60612324 0.60668916
 0.60725626 0.60782455 0.60839402 0.60896466 0.60953649 0.61010949
 0.61068366 0.611259   0.6118355  0.61241317 0.61299201 0.61357201
 0.61415316 0.61473547 0.61531894 0.61590356 0.61648932 0.61707624
 0.6176643  0.61825351 0.61884385 0.61943534 0.62002796 0.62062172
 0.62121662 0.62181264 0.6224098  0.62300808 0.62360749 0.62420802
 0.62480968 0.62541245 0.62601635 0.62662136 0.62722748 0.62783472
 0.62844307 0.62905253 0.6296631  0.63027477 0.63088755 0.63150143
 0.63211642 0.6327325  0.63334968 0.63396796 0.63458733 0.63520779
 0.63582935 0.636452   0.63707573 0.63770056 0.63832647 0.63895346
 0.63958154 0.64021069 0.64084093 0.64147225 0.64210464 0.64273811
 0.64337265 0.64400827 0.64464496 0.64528272 0.64592155 0.64656145
 0.64720242 0.64784445 0.64848755 0.64913171 0.64977693 0.65042321
 0.65107056 0.65171896 0.65236842 0.65301894 0.65367051 0.65432314
 0.65497683 0.65563156 0.65628735 0.65694419 0.65760208 0.65826102
 0.658921   0.65958204 0.66024412 0.66090725 0.66157142 0.66223663
 0.66290289 0.6635702  0.66423854 0.66490793 0.66557835 0.66624982
 0.66692232 0.66759586 0.66827044 0.66894606 0.66962271 0.6703004
 0.67097913 0.67165889 0.67233968 0.67302151]
t = [1.10072880e+09 1.10072889e+09 1.10072897e+09 1.10072906e+09
 1.10072915e+09 1.10072923e+09 1.10072932e+09 1.10072941e+09
 1.10072949e+09 1.10072958e+09 1.10072967e+09 1.10072975e+09
 1.10072984e+09 1.10072992e+09 1.10073001e+09 1.10073010e+09
 1.10073018e+09 1.10073027e+09 1.10073036e+09 1.10073044e+09
 1.10073053e+09 1.10073062e+09 1.10073070e+09 1.10073079e+09
 1.10073088e+09 1.10073096e+09 1.10073105e+09 1.10073114e+09
 1.10073122e+09 1.10073131e+09 1.10073139e+09 1.10073148e+09
 1.10073157e+09 1.10073165e+09 1.10073174e+09 1.10073183e+09
 1.10073191e+09 1.10073200e+09 1.10073209e+09 1.10073217e+09
 1.10073226e+09 1.10073235e+09 1.10073243e+09 1.10073252e+09
 1.10073261e+09 1.10073269e+09 1.10073278e+09 1.10073287e+09
 1.10073295e+09 1.10073304e+09 1.10073312e+09 1.10073321e+09
 1.10073330e+09 1.10073338e+09 1.10073347e+09 1.10073356e+09
 1.10073364e+09 1.10073373e+09 1.10073382e+09 1.10073390e+09
 1.10073399e+09 1.10073408e+09 1.10073416e+09 1.10073425e+09
 1.10073434e+09 1.10073442e+09 1.10073451e+09 1.10073459e+09
 1.10073468e+09 1.10073477e+09 1.10073485e+09 1.10073494e+09
 1.10073503e+09 1.10073511e+09 1.10073520e+09 1.10073529e+09
 1.10073537e+09 1.10073546e+09 1.10073555e+09 1.10073563e+09
 1.10073572e+09 1.10073581e+09 1.10073589e+09 1.10073598e+09
 1.10073607e+09 1.10073615e+09 1.10073624e+09 1.10073632e+09
 1.10073641e+09 1.10073650e+09 1.10073658e+09 1.10073667e+09
 1.10073676e+09 1.10073684e+09 1.10073693e+09 1.10073702e+09
 1.10073710e+09 1.10073719e+09 1.10073728e+09 1.10073736e+09
 1.10073745e+09 1.10073754e+09 1.10073762e+09 1.10073771e+09
 1.10073779e+09 1.10073788e+09 1.10073797e+09 1.10073805e+09
 1.10073814e+09 1.10073823e+09 1.10073831e+09 1.10073840e+09
 1.10073849e+09 1.10073857e+09 1.10073866e+09 1.10073875e+09
 1.10073883e+09 1.10073892e+09 1.10073901e+09 1.10073909e+09
 1.10073918e+09 1.10073927e+09 1.10073935e+09 1.10073944e+09
 1.10073952e+09 1.10073961e+09 1.10073970e+09 1.10073978e+09
 1.10073987e+09 1.10073996e+09 1.10074004e+09 1.10074013e+09
 1.10074022e+09 1.10074030e+09 1.10074039e+09 1.10074048e+09
 1.10074056e+09 1.10074065e+09 1.10074074e+09 1.10074082e+09
 1.10074091e+09 1.10074099e+09 1.10074108e+09 1.10074117e+09
 1.10074125e+09 1.10074134e+09 1.10074143e+09 1.10074151e+09
 1.10074160e+09 1.10074169e+09 1.10074177e+09 1.10074186e+09
 1.10074195e+09 1.10074203e+09 1.10074212e+09 1.10074221e+09
 1.10074229e+09 1.10074238e+09 1.10074247e+09 1.10074255e+09
 1.10074264e+09 1.10074272e+09 1.10074281e+09 1.10074290e+09
 1.10074298e+09 1.10074307e+09 1.10074316e+09 1.10074324e+09
 1.10074333e+09 1.10074342e+09 1.10074350e+09 1.10074359e+09
 1.10074368e+09 1.10074376e+09 1.10074385e+09 1.10074394e+09
 1.10074402e+09 1.10074411e+09 1.10074419e+09 1.10074428e+09
 1.10074437e+09 1.10074445e+09 1.10074454e+09 1.10074463e+09
 1.10074471e+09 1.10074480e+09 1.10074489e+09 1.10074497e+09
 1.10074506e+09 1.10074515e+09 1.10074523e+09 1.10074532e+09
 1.10074541e+09 1.10074549e+09 1.10074558e+09 1.10074567e+09
 1.10074575e+09 1.10074584e+09 1.10074592e+09 1.10074601e+09
 1.10074610e+09 1.10074618e+09 1.10074627e+09 1.10074636e+09
 1.10074644e+09 1.10074653e+09 1.10074662e+09 1.10074670e+09
 1.10074679e+09 1.10074688e+09 1.10074696e+09 1.10074705e+09
 1.10074714e+09 1.10074722e+09 1.10074731e+09 1.10074739e+09
 1.10074748e+09 1.10074757e+09 1.10074765e+09 1.10074774e+09
 1.10074783e+09 1.10074791e+09 1.10074800e+09 1.10074809e+09
 1.10074817e+09 1.10074826e+09 1.10074835e+09 1.10074843e+09
 1.10074852e+09 1.10074861e+09 1.10074869e+09 1.10074878e+09
 1.10074887e+09 1.10074895e+09 1.10074904e+09 1.10074912e+09
 1.10074921e+09 1.10074930e+09 1.10074938e+09 1.10074947e+09
 1.10074956e+09 1.10074964e+09 1.10074973e+09 1.10074982e+09
 1.10074990e+09 1.10074999e+09 1.10075008e+09 1.10075016e+09
 1.10075025e+09 1.10075034e+09 1.10075042e+09 1.10075051e+09
 1.10075059e+09 1.10075068e+09 1.10075077e+09 1.10075085e+09
 1.10075094e+09 1.10075103e+09 1.10075111e+09 1.10075120e+09
 1.10075129e+09 1.10075137e+09 1.10075146e+09 1.10075155e+09
 1.10075163e+09 1.10075172e+09 1.10075181e+09 1.10075189e+09
 1.10075198e+09 1.10075207e+09 1.10075215e+09 1.10075224e+09
 1.10075232e+09 1.10075241e+09 1.10075250e+09 1.10075258e+09
 1.10075267e+09 1.10075276e+09 1.10075284e+09 1.10075293e+09
 1.10075302e+09 1.10075310e+09 1.10075319e+09 1.10075328e+09
 1.10075336e+09 1.10075345e+09 1.10075354e+09 1.10075362e+09
 1.10075371e+09 1.10075379e+09 1.10075388e+09 1.10075397e+09
 1.10075405e+09 1.10075414e+09 1.10075423e+09 1.10075431e+09
 1.10075440e+09 1.10075449e+09 1.10075457e+09 1.10075466e+09
 1.10075475e+09 1.10075483e+09 1.10075492e+09 1.10075501e+09
 1.10075509e+09 1.10075518e+09 1.10075527e+09 1.10075535e+09
 1.10075544e+09 1.10075552e+09 1.10075561e+09 1.10075570e+09
 1.10075578e+09 1.10075587e+09 1.10075596e+09 1.10075604e+09
 1.10075613e+09 1.10075622e+09 1.10075630e+09 1.10075639e+09
 1.10075648e+09 1.10075656e+09 1.10075665e+09 1.10075674e+09
 1.10075682e+09 1.10075691e+09 1.10075699e+09 1.10075708e+09
 1.10075717e+09 1.10075725e+09 1.10075734e+09 1.10075743e+09
 1.10075751e+09 1.10075760e+09 1.10075769e+09 1.10075777e+09
 1.10075786e+09 1.10075795e+09 1.10075803e+09 1.10075812e+09
 1.10075821e+09 1.10075829e+09 1.10075838e+09 1.10075847e+09
 1.10075855e+09 1.10075864e+09 1.10075872e+09 1.10075881e+09
 1.10075890e+09 1.10075898e+09 1.10075907e+09 1.10075916e+09
 1.10075924e+09 1.10075933e+09 1.10075942e+09 1.10075950e+09
 1.10075959e+09 1.10075968e+09 1.10075976e+09 1.10075985e+09
 1.10075994e+09 1.10076002e+09 1.10076011e+09 1.10076019e+09
 1.10076028e+09 1.10076037e+09 1.10076045e+09 1.10076054e+09
 1.10076063e+09 1.10076071e+09 1.10076080e+09 1.10076089e+09
 1.10076097e+09 1.10076106e+09 1.10076115e+09 1.10076123e+09
 1.10076132e+09 1.10076141e+09 1.10076149e+09 1.10076158e+09
 1.10076167e+09 1.10076175e+09 1.10076184e+09 1.10076192e+09
 1.10076201e+09 1.10076210e+09 1.10076218e+09 1.10076227e+09
 1.10076236e+09 1.10076244e+09 1.10076253e+09 1.10076262e+09
 1.10076270e+09 1.10076279e+09 1.10076288e+09 1.10076296e+09
 1.10076305e+09 1.10076314e+09 1.10076322e+09 1.10076331e+09
 1.10076339e+09 1.10076348e+09 1.10076357e+09 1.10076365e+09
 1.10076374e+09 1.10076383e+09 1.10076391e+09 1.10076400e+09
 1.10076409e+09 1.10076417e+09 1.10076426e+09 1.10076435e+09
 1.10076443e+09 1.10076452e+09 1.10076461e+09 1.10076469e+09
 1.10076478e+09 1.10076487e+09 1.10076495e+09 1.10076504e+09
 1.10076512e+09 1.10076521e+09 1.10076530e+09 1.10076538e+09
 1.10076547e+09 1.10076556e+09 1.10076564e+09 1.10076573e+09
 1.10076582e+09 1.10076590e+09 1.10076599e+09 1.10076608e+09
 1.10076616e+09 1.10076625e+09 1.10076634e+09 1.10076642e+09
 1.10076651e+09 1.10076659e+09 1.10076668e+09 1.10076677e+09
 1.10076685e+09 1.10076694e+09 1.10076703e+09 1.10076711e+09
 1.10076720e+09 1.10076729e+09 1.10076737e+09 1.10076746e+09
 1.10076755e+09 1.10076763e+09 1.10076772e+09 1.10076781e+09
 1.10076789e+09 1.10076798e+09 1.10076807e+09 1.10076815e+09
 1.10076824e+09 1.10076832e+09 1.10076841e+09 1.10076850e+09
 1.10076858e+09 1.10076867e+09 1.10076876e+09 1.10076884e+09
 1.10076893e+09 1.10076902e+09 1.10076910e+09 1.10076919e+09
 1.10076928e+09 1.10076936e+09 1.10076945e+09 1.10076954e+09
 1.10076962e+09 1.10076971e+09 1.10076979e+09 1.10076988e+09
 1.10076997e+09 1.10077005e+09 1.10077014e+09 1.10077023e+09
 1.10077031e+09 1.10077040e+09 1.10077049e+09 1.10077057e+09
 1.10077066e+09 1.10077075e+09 1.10077083e+09 1.10077092e+09
 1.10077101e+09 1.10077109e+09 1.10077118e+09 1.10077127e+09
 1.10077135e+09 1.10077144e+09 1.10077152e+09 1.10077161e+09
 1.10077170e+09 1.10077178e+09 1.10077187e+09 1.10077196e+09
 1.10077204e+09 1.10077213e+09 1.10077222e+09 1.10077230e+09
 1.10077239e+09 1.10077248e+09 1.10077256e+09 1.10077265e+09
 1.10077274e+09 1.10077282e+09 1.10077291e+09 1.10077299e+09
 1.10077308e+09 1.10077317e+09 1.10077325e+09 1.10077334e+09
 1.10077343e+09 1.10077351e+09 1.10077360e+09 1.10077369e+09
 1.10077377e+09 1.10077386e+09 1.10077395e+09 1.10077403e+09
 1.10077412e+09 1.10077421e+09 1.10077429e+09 1.10077438e+09
 1.10077447e+09 1.10077455e+09 1.10077464e+09 1.10077472e+09
 1.10077481e+09 1.10077490e+09 1.10077498e+09 1.10077507e+09
 1.10077516e+09 1.10077524e+09 1.10077533e+09 1.10077542e+09
 1.10077550e+09 1.10077559e+09 1.10077568e+09 1.10077576e+09
 1.10077585e+09 1.10077594e+09 1.10077602e+09 1.10077611e+09
 1.10077619e+09 1.10077628e+09 1.10077637e+09 1.10077645e+09
 1.10077654e+09 1.10077663e+09 1.10077671e+09 1.10077680e+09
 1.10077689e+09 1.10077697e+09 1.10077706e+09 1.10077715e+09
 1.10077723e+09 1.10077732e+09 1.10077741e+09 1.10077749e+09
 1.10077758e+09 1.10077767e+09 1.10077775e+09 1.10077784e+09
 1.10077792e+09 1.10077801e+09 1.10077810e+09 1.10077818e+09
 1.10077827e+09 1.10077836e+09 1.10077844e+09 1.10077853e+09
 1.10077862e+09 1.10077870e+09 1.10077879e+09 1.10077888e+09
 1.10077896e+09 1.10077905e+09 1.10077914e+09 1.10077922e+09
 1.10077931e+09 1.10077939e+09 1.10077948e+09 1.10077957e+09
 1.10077965e+09 1.10077974e+09 1.10077983e+09 1.10077991e+09
 1.10078000e+09 1.10078009e+09 1.10078017e+09 1.10078026e+09
 1.10078035e+09 1.10078043e+09 1.10078052e+09 1.10078061e+09
 1.10078069e+09 1.10078078e+09 1.10078087e+09 1.10078095e+09
 1.10078104e+09 1.10078112e+09 1.10078121e+09 1.10078130e+09
 1.10078138e+09 1.10078147e+09 1.10078156e+09 1.10078164e+09
 1.10078173e+09 1.10078182e+09 1.10078190e+09 1.10078199e+09
 1.10078208e+09 1.10078216e+09 1.10078225e+09 1.10078234e+09
 1.10078242e+09 1.10078251e+09 1.10078259e+09 1.10078268e+09
 1.10078277e+09 1.10078285e+09 1.10078294e+09 1.10078303e+09
 1.10078311e+09 1.10078320e+09 1.10078329e+09 1.10078337e+09
 1.10078346e+09 1.10078355e+09 1.10078363e+09 1.10078372e+09
 1.10078381e+09 1.10078389e+09 1.10078398e+09 1.10078407e+09
 1.10078415e+09 1.10078424e+09 1.10078432e+09 1.10078441e+09
 1.10078450e+09 1.10078458e+09 1.10078467e+09 1.10078476e+09
 1.10078484e+09 1.10078493e+09 1.10078502e+09 1.10078510e+09
 1.10078519e+09 1.10078528e+09 1.10078536e+09 1.10078545e+09
 1.10078554e+09 1.10078562e+09 1.10078571e+09 1.10078579e+09
 1.10078588e+09 1.10078597e+09 1.10078605e+09 1.10078614e+09
 1.10078623e+09 1.10078631e+09 1.10078640e+09 1.10078649e+09
 1.10078657e+09 1.10078666e+09 1.10078675e+09 1.10078683e+09
 1.10078692e+09 1.10078701e+09 1.10078709e+09 1.10078718e+09
 1.10078727e+09 1.10078735e+09 1.10078744e+09 1.10078752e+09
 1.10078761e+09 1.10078770e+09 1.10078778e+09 1.10078787e+09
 1.10078796e+09 1.10078804e+09 1.10078813e+09 1.10078822e+09
 1.10078830e+09 1.10078839e+09 1.10078848e+09 1.10078856e+09
 1.10078865e+09 1.10078874e+09 1.10078882e+09 1.10078891e+09
 1.10078899e+09 1.10078908e+09 1.10078917e+09 1.10078925e+09
 1.10078934e+09 1.10078943e+09 1.10078951e+09 1.10078960e+09
 1.10078969e+09 1.10078977e+09 1.10078986e+09 1.10078995e+09
 1.10079003e+09 1.10079012e+09 1.10079021e+09 1.10079029e+09
 1.10079038e+09 1.10079047e+09 1.10079055e+09 1.10079064e+09
 1.10079072e+09 1.10079081e+09 1.10079090e+09 1.10079098e+09
 1.10079107e+09 1.10079116e+09 1.10079124e+09 1.10079133e+09
 1.10079142e+09 1.10079150e+09 1.10079159e+09 1.10079168e+09
 1.10079176e+09 1.10079185e+09 1.10079194e+09 1.10079202e+09
 1.10079211e+09 1.10079219e+09 1.10079228e+09 1.10079237e+09
 1.10079245e+09 1.10079254e+09 1.10079263e+09 1.10079271e+09
 1.10079280e+09 1.10079289e+09 1.10079297e+09 1.10079306e+09
 1.10079315e+09 1.10079323e+09 1.10079332e+09 1.10079341e+09
 1.10079349e+09 1.10079358e+09 1.10079367e+09 1.10079375e+09
 1.10079384e+09 1.10079392e+09 1.10079401e+09 1.10079410e+09
 1.10079418e+09 1.10079427e+09 1.10079436e+09 1.10079444e+09
 1.10079453e+09 1.10079462e+09 1.10079470e+09 1.10079479e+09
 1.10079488e+09 1.10079496e+09 1.10079505e+09 1.10079514e+09
 1.10079522e+09 1.10079531e+09 1.10079539e+09 1.10079548e+09
 1.10079557e+09 1.10079565e+09 1.10079574e+09 1.10079583e+09
 1.10079591e+09 1.10079600e+09 1.10079609e+09 1.10079617e+09
 1.10079626e+09 1.10079635e+09 1.10079643e+09 1.10079652e+09
 1.10079661e+09 1.10079669e+09 1.10079678e+09 1.10079687e+09
 1.10079695e+09 1.10079704e+09 1.10079712e+09 1.10079721e+09
 1.10079730e+09 1.10079738e+09 1.10079747e+09 1.10079756e+09
 1.10079764e+09 1.10079773e+09 1.10079782e+09 1.10079790e+09
 1.10079799e+09 1.10079808e+09 1.10079816e+09 1.10079825e+09
 1.10079834e+09 1.10079842e+09 1.10079851e+09 1.10079859e+09
 1.10079868e+09 1.10079877e+09 1.10079885e+09 1.10079894e+09
 1.10079903e+09 1.10079911e+09 1.10079920e+09 1.10079929e+09
 1.10079937e+09 1.10079946e+09 1.10079955e+09 1.10079963e+09
 1.10079972e+09 1.10079981e+09 1.10079989e+09 1.10079998e+09
 1.10080007e+09 1.10080015e+09 1.10080024e+09 1.10080032e+09
 1.10080041e+09 1.10080050e+09 1.10080058e+09 1.10080067e+09
 1.10080076e+09 1.10080084e+09 1.10080093e+09 1.10080102e+09
 1.10080110e+09 1.10080119e+09 1.10080128e+09 1.10080136e+09
 1.10080145e+09 1.10080154e+09 1.10080162e+09 1.10080171e+09
 1.10080179e+09 1.10080188e+09 1.10080197e+09 1.10080205e+09
 1.10080214e+09 1.10080223e+09 1.10080231e+09 1.10080240e+09
 1.10080249e+09 1.10080257e+09 1.10080266e+09 1.10080275e+09
 1.10080283e+09 1.10080292e+09 1.10080301e+09 1.10080309e+09
 1.10080318e+09 1.10080327e+09 1.10080335e+09 1.10080344e+09
 1.10080352e+09 1.10080361e+09 1.10080370e+09 1.10080378e+09
 1.10080387e+09 1.10080396e+09 1.10080404e+09 1.10080413e+09
 1.10080422e+09 1.10080430e+09 1.10080439e+09 1.10080448e+09
 1.10080456e+09 1.10080465e+09 1.10080474e+09 1.10080482e+09
 1.10080491e+09 1.10080499e+09 1.10080508e+09 1.10080517e+09
 1.10080525e+09 1.10080534e+09 1.10080543e+09 1.10080551e+09
 1.10080560e+09 1.10080569e+09 1.10080577e+09 1.10080586e+09
 1.10080595e+09 1.10080603e+09 1.10080612e+09 1.10080621e+09
 1.10080629e+09 1.10080638e+09 1.10080647e+09 1.10080655e+09
 1.10080664e+09 1.10080672e+09 1.10080681e+09 1.10080690e+09
 1.10080698e+09 1.10080707e+09 1.10080716e+09 1.10080724e+09
 1.10080733e+09 1.10080742e+09 1.10080750e+09 1.10080759e+09
 1.10080768e+09 1.10080776e+09 1.10080785e+09 1.10080794e+09
 1.10080802e+09 1.10080811e+09 1.10080819e+09 1.10080828e+09
 1.10080837e+09 1.10080845e+09 1.10080854e+09 1.10080863e+09
 1.10080871e+09 1.10080880e+09 1.10080889e+09 1.10080897e+09
 1.10080906e+09 1.10080915e+09 1.10080923e+09 1.10080932e+09
 1.10080941e+09 1.10080949e+09 1.10080958e+09 1.10080967e+09
 1.10080975e+09 1.10080984e+09 1.10080992e+09 1.10081001e+09
 1.10081010e+09 1.10081018e+09 1.10081027e+09 1.10081036e+09
 1.10081044e+09 1.10081053e+09 1.10081062e+09 1.10081070e+09
 1.10081079e+09 1.10081088e+09 1.10081096e+09 1.10081105e+09
 1.10081114e+09 1.10081122e+09 1.10081131e+09 1.10081139e+09
 1.10081148e+09 1.10081157e+09 1.10081165e+09 1.10081174e+09
 1.10081183e+09 1.10081191e+09 1.10081200e+09 1.10081209e+09
 1.10081217e+09 1.10081226e+09 1.10081235e+09 1.10081243e+09
 1.10081252e+09 1.10081261e+09 1.10081269e+09 1.10081278e+09
 1.10081287e+09 1.10081295e+09 1.10081304e+09 1.10081312e+09
 1.10081321e+09 1.10081330e+09 1.10081338e+09 1.10081347e+09
 1.10081356e+09 1.10081364e+09 1.10081373e+09 1.10081382e+09
 1.10081390e+09 1.10081399e+09 1.10081408e+09 1.10081416e+09
 1.10081425e+09 1.10081434e+09 1.10081442e+09 1.10081451e+09
 1.10081459e+09 1.10081468e+09 1.10081477e+09 1.10081485e+09
 1.10081494e+09 1.10081503e+09 1.10081511e+09 1.10081520e+09]
minRes = 0.5061418124050475
minResTime = [1.10077888e+09]
Cov(t) = [100 100 100 100 100 100 100 100 100 100 100 100 100 100 100 100 100 100
 100 100 100 100 100 100 100 100 100 100 100 100 100 100 100 100 100 100
 100 100 100 100 100 100 100 100 100 100 100 100 100 100 100 100 100 100
 100 100 100 100 100 100 100 100 100 100 100 100 100 100 100 100 100 100
 100 100 100 100 100 100 100 100 100 100 100 100 100 100 100 100 100 100
 100 100 100 100 100 100 100 100 100 100 100 100 100 100 100 100 100 100
 100 100 100 100 100 100 100 100 100 100 100 100 100 100 100 100 100 100
 100 100 100 100 100 100 100 100 100 100 100 100 100 100 100 100 100 100
 100 100 100 100 100 100 100 100 100 100 100 100 100 100 100 100 100 100
 100 100 100 100 100 100 100 100 100 100 100 100 100 100 100 100 100 100
 100 100 100 100 100 100 100 100 100 100 100 100 100 100 100 100 100 100
 100 100 100 100 100 100 100 100 100 100 100 100 100 100 100 100 100 100
 100 100 100 100 100 100 100 100 100 100 100 100 100 100 100 100 100 100
 100 100 100 100 100 100 100 100 100 100 100 100 100 100 100 100 100 100
 100 100 100 100 100 100 100 100 100 100 100 100 100 100 100 100 100 100
 100 100 100 100 100 100 100 100 100 100 100 100 100 100 100 100 100 100
 100 100 100 100 100 100 100 100 100 100 100 100 100 100 100 100 100 100
 100 100 100 100 100 100 100 100 100 100 100 100 100 100 100 100 100 100
 100 100 100 100 100 100 100 100 100 100 100 100 100 100 100 100 100 100
 100 100 100 100 100 100 100 100 100 100 100 100 100 100 100 100 100 100
 100 100 100 100 100 100 100 100 100 100 100 100 100 100 100 100 100 100
 100 100 100 100 100 100 100 100 100 100 100 100 100 100 100 100 100 100
 100 100 100 100 100 100 100 100 100 100 100 100 100 100 100 100 100 100
 100 100 100 100 100 100 100 100 100 100 100 100 100 100 100 100 100 100
 100 100 100 100 100 100 100 100 100 100 100 100 100 100 100 100 100 100
 100 100 100 100 100 100 100 100 100 100 100 100 100 100 100 100 100 100
 100 100 100 100 100 100 100 100 100 100 100 100 100 100 100 100 100 100
 100 100 100 100 100 100 100 100 100 100 100 100 100 100 100 100 100 100
 100 100 100 100 100 100 100 100 100 100 100 100 100 100 100 100 100 100
 100 100 100 100 100 100 100 100 100 100 100 100 100 100 100 100 100 100
 100 100 100 100 100 100 100 100 100 100 100 100 100 100 100 100 100 100
 100 100 100 100 100 100 100 100 100 100 100 100 100 100 100 100 100 100
 100 100 100 100 100 100 100 100 100 100 100 100 100 100 100 100 100 100
 100 100 100 100 100 100 100 100 100 100 100 100 100 100 100 100 100 100
 100 100 100 100 100 100 100 100 100 100 100 100 100 100 100 100 100 100
 100 100 100 100 100 100 100 100 100 100 100 100 100 100 100 100 100 100
 100 100 100 100 100 100 100 100 100 100 100 100 100 100 100 100 100 100
 100 100 100 100 100 100 100 100 100 100 100 100 100 100 100 100 100 100
 100 100 100 100 100 100 100 100 100 100 100 100 100 100 100 100 100 100
 100 100 100 100 100 100 100 100 100 100 100 100 100 100 100 100 100 100
 100 100 100 100 100 100 100 100 100 100 100 100 100 100 100 100 100 100
 100 100 100 100 100 100 100 100 100 100 100 100 100 100 100 100 100 100
 100 100 100 100 100 100 100 100 100 100 100 100 100 100 100 100 100 100
 100 100 100 100 100 100 100 100 100 100 100 100 100 100 100 100 100 100
 100 100 100 100 100 100 100 100 100 100 100 100 100 100 100 100 100 100
 100 100 100 100 100 100 100 100 100 100 100 100 100 100 100 100 100 100
 100 100 100 100 100 100 100 100 100 100 100 100 100 100 100 100 100 100
 100 100 100 100 100 100 100 100 100 100 100 100 100 100 100 100 100 100
 100 100 100 100 100 100 100 100 100 100 100 100 100 100 100 100 100 100
 100 100 100 100 100 100 100 100 100 100 100 100 100 100 100 100 100 100
 100 100 100 100 100 100 100 100 100 100 100 100 100 100 100 100 100 100
 100 100 100 100 100 100 100 100 100 100 100 100 100 100 100 100 100 100
 100 100 100 100 100 100 100 100 100 100 100 100 100 100 100 100 100 100
 100 100 100 100 100 100 100 100 100 100 100 100 100 100 100 100 100 100
 100 100 100 100 100 100 100 100 100 100 100 100 100 100 100 100 100 100
 100 100 100 100 100 100 100 100 100 100]
maxCov = 100
maxCovTime = [1.10072880e+09 1.10072889e+09 1.10072897e+09 1.10072906e+09
 1.10072915e+09 1.10072923e+09 1.10072932e+09 1.10072941e+09
 1.10072949e+09 1.10072958e+09 1.10072967e+09 1.10072975e+09
 1.10072984e+09 1.10072992e+09 1.10073001e+09 1.10073010e+09
 1.10073018e+09 1.10073027e+09 1.10073036e+09 1.10073044e+09
 1.10073053e+09 1.10073062e+09 1.10073070e+09 1.10073079e+09
 1.10073088e+09 1.10073096e+09 1.10073105e+09 1.10073114e+09
 1.10073122e+09 1.10073131e+09 1.10073139e+09 1.10073148e+09
 1.10073157e+09 1.10073165e+09 1.10073174e+09 1.10073183e+09
 1.10073191e+09 1.10073200e+09 1.10073209e+09 1.10073217e+09
 1.10073226e+09 1.10073235e+09 1.10073243e+09 1.10073252e+09
 1.10073261e+09 1.10073269e+09 1.10073278e+09 1.10073287e+09
 1.10073295e+09 1.10073304e+09 1.10073312e+09 1.10073321e+09
 1.10073330e+09 1.10073338e+09 1.10073347e+09 1.10073356e+09
 1.10073364e+09 1.10073373e+09 1.10073382e+09 1.10073390e+09
 1.10073399e+09 1.10073408e+09 1.10073416e+09 1.10073425e+09
 1.10073434e+09 1.10073442e+09 1.10073451e+09 1.10073459e+09
 1.10073468e+09 1.10073477e+09 1.10073485e+09 1.10073494e+09
 1.10073503e+09 1.10073511e+09 1.10073520e+09 1.10073529e+09
 1.10073537e+09 1.10073546e+09 1.10073555e+09 1.10073563e+09
 1.10073572e+09 1.10073581e+09 1.10073589e+09 1.10073598e+09
 1.10073607e+09 1.10073615e+09 1.10073624e+09 1.10073632e+09
 1.10073641e+09 1.10073650e+09 1.10073658e+09 1.10073667e+09
 1.10073676e+09 1.10073684e+09 1.10073693e+09 1.10073702e+09
 1.10073710e+09 1.10073719e+09 1.10073728e+09 1.10073736e+09
 1.10073745e+09 1.10073754e+09 1.10073762e+09 1.10073771e+09
 1.10073779e+09 1.10073788e+09 1.10073797e+09 1.10073805e+09
 1.10073814e+09 1.10073823e+09 1.10073831e+09 1.10073840e+09
 1.10073849e+09 1.10073857e+09 1.10073866e+09 1.10073875e+09
 1.10073883e+09 1.10073892e+09 1.10073901e+09 1.10073909e+09
 1.10073918e+09 1.10073927e+09 1.10073935e+09 1.10073944e+09
 1.10073952e+09 1.10073961e+09 1.10073970e+09 1.10073978e+09
 1.10073987e+09 1.10073996e+09 1.10074004e+09 1.10074013e+09
 1.10074022e+09 1.10074030e+09 1.10074039e+09 1.10074048e+09
 1.10074056e+09 1.10074065e+09 1.10074074e+09 1.10074082e+09
 1.10074091e+09 1.10074099e+09 1.10074108e+09 1.10074117e+09
 1.10074125e+09 1.10074134e+09 1.10074143e+09 1.10074151e+09
 1.10074160e+09 1.10074169e+09 1.10074177e+09 1.10074186e+09
 1.10074195e+09 1.10074203e+09 1.10074212e+09 1.10074221e+09
 1.10074229e+09 1.10074238e+09 1.10074247e+09 1.10074255e+09
 1.10074264e+09 1.10074272e+09 1.10074281e+09 1.10074290e+09
 1.10074298e+09 1.10074307e+09 1.10074316e+09 1.10074324e+09
 1.10074333e+09 1.10074342e+09 1.10074350e+09 1.10074359e+09
 1.10074368e+09 1.10074376e+09 1.10074385e+09 1.10074394e+09
 1.10074402e+09 1.10074411e+09 1.10074419e+09 1.10074428e+09
 1.10074437e+09 1.10074445e+09 1.10074454e+09 1.10074463e+09
 1.10074471e+09 1.10074480e+09 1.10074489e+09 1.10074497e+09
 1.10074506e+09 1.10074515e+09 1.10074523e+09 1.10074532e+09
 1.10074541e+09 1.10074549e+09 1.10074558e+09 1.10074567e+09
 1.10074575e+09 1.10074584e+09 1.10074592e+09 1.10074601e+09
 1.10074610e+09 1.10074618e+09 1.10074627e+09 1.10074636e+09
 1.10074644e+09 1.10074653e+09 1.10074662e+09 1.10074670e+09
 1.10074679e+09 1.10074688e+09 1.10074696e+09 1.10074705e+09
 1.10074714e+09 1.10074722e+09 1.10074731e+09 1.10074739e+09
 1.10074748e+09 1.10074757e+09 1.10074765e+09 1.10074774e+09
 1.10074783e+09 1.10074791e+09 1.10074800e+09 1.10074809e+09
 1.10074817e+09 1.10074826e+09 1.10074835e+09 1.10074843e+09
 1.10074852e+09 1.10074861e+09 1.10074869e+09 1.10074878e+09
 1.10074887e+09 1.10074895e+09 1.10074904e+09 1.10074912e+09
 1.10074921e+09 1.10074930e+09 1.10074938e+09 1.10074947e+09
 1.10074956e+09 1.10074964e+09 1.10074973e+09 1.10074982e+09
 1.10074990e+09 1.10074999e+09 1.10075008e+09 1.10075016e+09
 1.10075025e+09 1.10075034e+09 1.10075042e+09 1.10075051e+09
 1.10075059e+09 1.10075068e+09 1.10075077e+09 1.10075085e+09
 1.10075094e+09 1.10075103e+09 1.10075111e+09 1.10075120e+09
 1.10075129e+09 1.10075137e+09 1.10075146e+09 1.10075155e+09
 1.10075163e+09 1.10075172e+09 1.10075181e+09 1.10075189e+09
 1.10075198e+09 1.10075207e+09 1.10075215e+09 1.10075224e+09
 1.10075232e+09 1.10075241e+09 1.10075250e+09 1.10075258e+09
 1.10075267e+09 1.10075276e+09 1.10075284e+09 1.10075293e+09
 1.10075302e+09 1.10075310e+09 1.10075319e+09 1.10075328e+09
 1.10075336e+09 1.10075345e+09 1.10075354e+09 1.10075362e+09
 1.10075371e+09 1.10075379e+09 1.10075388e+09 1.10075397e+09
 1.10075405e+09 1.10075414e+09 1.10075423e+09 1.10075431e+09
 1.10075440e+09 1.10075449e+09 1.10075457e+09 1.10075466e+09
 1.10075475e+09 1.10075483e+09 1.10075492e+09 1.10075501e+09
 1.10075509e+09 1.10075518e+09 1.10075527e+09 1.10075535e+09
 1.10075544e+09 1.10075552e+09 1.10075561e+09 1.10075570e+09
 1.10075578e+09 1.10075587e+09 1.10075596e+09 1.10075604e+09
 1.10075613e+09 1.10075622e+09 1.10075630e+09 1.10075639e+09
 1.10075648e+09 1.10075656e+09 1.10075665e+09 1.10075674e+09
 1.10075682e+09 1.10075691e+09 1.10075699e+09 1.10075708e+09
 1.10075717e+09 1.10075725e+09 1.10075734e+09 1.10075743e+09
 1.10075751e+09 1.10075760e+09 1.10075769e+09 1.10075777e+09
 1.10075786e+09 1.10075795e+09 1.10075803e+09 1.10075812e+09
 1.10075821e+09 1.10075829e+09 1.10075838e+09 1.10075847e+09
 1.10075855e+09 1.10075864e+09 1.10075872e+09 1.10075881e+09
 1.10075890e+09 1.10075898e+09 1.10075907e+09 1.10075916e+09
 1.10075924e+09 1.10075933e+09 1.10075942e+09 1.10075950e+09
 1.10075959e+09 1.10075968e+09 1.10075976e+09 1.10075985e+09
 1.10075994e+09 1.10076002e+09 1.10076011e+09 1.10076019e+09
 1.10076028e+09 1.10076037e+09 1.10076045e+09 1.10076054e+09
 1.10076063e+09 1.10076071e+09 1.10076080e+09 1.10076089e+09
 1.10076097e+09 1.10076106e+09 1.10076115e+09 1.10076123e+09
 1.10076132e+09 1.10076141e+09 1.10076149e+09 1.10076158e+09
 1.10076167e+09 1.10076175e+09 1.10076184e+09 1.10076192e+09
 1.10076201e+09 1.10076210e+09 1.10076218e+09 1.10076227e+09
 1.10076236e+09 1.10076244e+09 1.10076253e+09 1.10076262e+09
 1.10076270e+09 1.10076279e+09 1.10076288e+09 1.10076296e+09
 1.10076305e+09 1.10076314e+09 1.10076322e+09 1.10076331e+09
 1.10076339e+09 1.10076348e+09 1.10076357e+09 1.10076365e+09
 1.10076374e+09 1.10076383e+09 1.10076391e+09 1.10076400e+09
 1.10076409e+09 1.10076417e+09 1.10076426e+09 1.10076435e+09
 1.10076443e+09 1.10076452e+09 1.10076461e+09 1.10076469e+09
 1.10076478e+09 1.10076487e+09 1.10076495e+09 1.10076504e+09
 1.10076512e+09 1.10076521e+09 1.10076530e+09 1.10076538e+09
 1.10076547e+09 1.10076556e+09 1.10076564e+09 1.10076573e+09
 1.10076582e+09 1.10076590e+09 1.10076599e+09 1.10076608e+09
 1.10076616e+09 1.10076625e+09 1.10076634e+09 1.10076642e+09
 1.10076651e+09 1.10076659e+09 1.10076668e+09 1.10076677e+09
 1.10076685e+09 1.10076694e+09 1.10076703e+09 1.10076711e+09
 1.10076720e+09 1.10076729e+09 1.10076737e+09 1.10076746e+09
 1.10076755e+09 1.10076763e+09 1.10076772e+09 1.10076781e+09
 1.10076789e+09 1.10076798e+09 1.10076807e+09 1.10076815e+09
 1.10076824e+09 1.10076832e+09 1.10076841e+09 1.10076850e+09
 1.10076858e+09 1.10076867e+09 1.10076876e+09 1.10076884e+09
 1.10076893e+09 1.10076902e+09 1.10076910e+09 1.10076919e+09
 1.10076928e+09 1.10076936e+09 1.10076945e+09 1.10076954e+09
 1.10076962e+09 1.10076971e+09 1.10076979e+09 1.10076988e+09
 1.10076997e+09 1.10077005e+09 1.10077014e+09 1.10077023e+09
 1.10077031e+09 1.10077040e+09 1.10077049e+09 1.10077057e+09
 1.10077066e+09 1.10077075e+09 1.10077083e+09 1.10077092e+09
 1.10077101e+09 1.10077109e+09 1.10077118e+09 1.10077127e+09
 1.10077135e+09 1.10077144e+09 1.10077152e+09 1.10077161e+09
 1.10077170e+09 1.10077178e+09 1.10077187e+09 1.10077196e+09
 1.10077204e+09 1.10077213e+09 1.10077222e+09 1.10077230e+09
 1.10077239e+09 1.10077248e+09 1.10077256e+09 1.10077265e+09
 1.10077274e+09 1.10077282e+09 1.10077291e+09 1.10077299e+09
 1.10077308e+09 1.10077317e+09 1.10077325e+09 1.10077334e+09
 1.10077343e+09 1.10077351e+09 1.10077360e+09 1.10077369e+09
 1.10077377e+09 1.10077386e+09 1.10077395e+09 1.10077403e+09
 1.10077412e+09 1.10077421e+09 1.10077429e+09 1.10077438e+09
 1.10077447e+09 1.10077455e+09 1.10077464e+09 1.10077472e+09
 1.10077481e+09 1.10077490e+09 1.10077498e+09 1.10077507e+09
 1.10077516e+09 1.10077524e+09 1.10077533e+09 1.10077542e+09
 1.10077550e+09 1.10077559e+09 1.10077568e+09 1.10077576e+09
 1.10077585e+09 1.10077594e+09 1.10077602e+09 1.10077611e+09
 1.10077619e+09 1.10077628e+09 1.10077637e+09 1.10077645e+09
 1.10077654e+09 1.10077663e+09 1.10077671e+09 1.10077680e+09
 1.10077689e+09 1.10077697e+09 1.10077706e+09 1.10077715e+09
 1.10077723e+09 1.10077732e+09 1.10077741e+09 1.10077749e+09
 1.10077758e+09 1.10077767e+09 1.10077775e+09 1.10077784e+09
 1.10077792e+09 1.10077801e+09 1.10077810e+09 1.10077818e+09
 1.10077827e+09 1.10077836e+09 1.10077844e+09 1.10077853e+09
 1.10077862e+09 1.10077870e+09 1.10077879e+09 1.10077888e+09
 1.10077896e+09 1.10077905e+09 1.10077914e+09 1.10077922e+09
 1.10077931e+09 1.10077939e+09 1.10077948e+09 1.10077957e+09
 1.10077965e+09 1.10077974e+09 1.10077983e+09 1.10077991e+09
 1.10078000e+09 1.10078009e+09 1.10078017e+09 1.10078026e+09
 1.10078035e+09 1.10078043e+09 1.10078052e+09 1.10078061e+09
 1.10078069e+09 1.10078078e+09 1.10078087e+09 1.10078095e+09
 1.10078104e+09 1.10078112e+09 1.10078121e+09 1.10078130e+09
 1.10078138e+09 1.10078147e+09 1.10078156e+09 1.10078164e+09
 1.10078173e+09 1.10078182e+09 1.10078190e+09 1.10078199e+09
 1.10078208e+09 1.10078216e+09 1.10078225e+09 1.10078234e+09
 1.10078242e+09 1.10078251e+09 1.10078259e+09 1.10078268e+09
 1.10078277e+09 1.10078285e+09 1.10078294e+09 1.10078303e+09
 1.10078311e+09 1.10078320e+09 1.10078329e+09 1.10078337e+09
 1.10078346e+09 1.10078355e+09 1.10078363e+09 1.10078372e+09
 1.10078381e+09 1.10078389e+09 1.10078398e+09 1.10078407e+09
 1.10078415e+09 1.10078424e+09 1.10078432e+09 1.10078441e+09
 1.10078450e+09 1.10078458e+09 1.10078467e+09 1.10078476e+09
 1.10078484e+09 1.10078493e+09 1.10078502e+09 1.10078510e+09
 1.10078519e+09 1.10078528e+09 1.10078536e+09 1.10078545e+09
 1.10078554e+09 1.10078562e+09 1.10078571e+09 1.10078579e+09
 1.10078588e+09 1.10078597e+09 1.10078605e+09 1.10078614e+09
 1.10078623e+09 1.10078631e+09 1.10078640e+09 1.10078649e+09
 1.10078657e+09 1.10078666e+09 1.10078675e+09 1.10078683e+09
 1.10078692e+09 1.10078701e+09 1.10078709e+09 1.10078718e+09
 1.10078727e+09 1.10078735e+09 1.10078744e+09 1.10078752e+09
 1.10078761e+09 1.10078770e+09 1.10078778e+09 1.10078787e+09
 1.10078796e+09 1.10078804e+09 1.10078813e+09 1.10078822e+09
 1.10078830e+09 1.10078839e+09 1.10078848e+09 1.10078856e+09
 1.10078865e+09 1.10078874e+09 1.10078882e+09 1.10078891e+09
 1.10078899e+09 1.10078908e+09 1.10078917e+09 1.10078925e+09
 1.10078934e+09 1.10078943e+09 1.10078951e+09 1.10078960e+09
 1.10078969e+09 1.10078977e+09 1.10078986e+09 1.10078995e+09
 1.10079003e+09 1.10079012e+09 1.10079021e+09 1.10079029e+09
 1.10079038e+09 1.10079047e+09 1.10079055e+09 1.10079064e+09
 1.10079072e+09 1.10079081e+09 1.10079090e+09 1.10079098e+09
 1.10079107e+09 1.10079116e+09 1.10079124e+09 1.10079133e+09
 1.10079142e+09 1.10079150e+09 1.10079159e+09 1.10079168e+09
 1.10079176e+09 1.10079185e+09 1.10079194e+09 1.10079202e+09
 1.10079211e+09 1.10079219e+09 1.10079228e+09 1.10079237e+09
 1.10079245e+09 1.10079254e+09 1.10079263e+09 1.10079271e+09
 1.10079280e+09 1.10079289e+09 1.10079297e+09 1.10079306e+09
 1.10079315e+09 1.10079323e+09 1.10079332e+09 1.10079341e+09
 1.10079349e+09 1.10079358e+09 1.10079367e+09 1.10079375e+09
 1.10079384e+09 1.10079392e+09 1.10079401e+09 1.10079410e+09
 1.10079418e+09 1.10079427e+09 1.10079436e+09 1.10079444e+09
 1.10079453e+09 1.10079462e+09 1.10079470e+09 1.10079479e+09
 1.10079488e+09 1.10079496e+09 1.10079505e+09 1.10079514e+09
 1.10079522e+09 1.10079531e+09 1.10079539e+09 1.10079548e+09
 1.10079557e+09 1.10079565e+09 1.10079574e+09 1.10079583e+09
 1.10079591e+09 1.10079600e+09 1.10079609e+09 1.10079617e+09
 1.10079626e+09 1.10079635e+09 1.10079643e+09 1.10079652e+09
 1.10079661e+09 1.10079669e+09 1.10079678e+09 1.10079687e+09
 1.10079695e+09 1.10079704e+09 1.10079712e+09 1.10079721e+09
 1.10079730e+09 1.10079738e+09 1.10079747e+09 1.10079756e+09
 1.10079764e+09 1.10079773e+09 1.10079782e+09 1.10079790e+09
 1.10079799e+09 1.10079808e+09 1.10079816e+09 1.10079825e+09
 1.10079834e+09 1.10079842e+09 1.10079851e+09 1.10079859e+09
 1.10079868e+09 1.10079877e+09 1.10079885e+09 1.10079894e+09
 1.10079903e+09 1.10079911e+09 1.10079920e+09 1.10079929e+09
 1.10079937e+09 1.10079946e+09 1.10079955e+09 1.10079963e+09
 1.10079972e+09 1.10079981e+09 1.10079989e+09 1.10079998e+09
 1.10080007e+09 1.10080015e+09 1.10080024e+09 1.10080032e+09
 1.10080041e+09 1.10080050e+09 1.10080058e+09 1.10080067e+09
 1.10080076e+09 1.10080084e+09 1.10080093e+09 1.10080102e+09
 1.10080110e+09 1.10080119e+09 1.10080128e+09 1.10080136e+09
 1.10080145e+09 1.10080154e+09 1.10080162e+09 1.10080171e+09
 1.10080179e+09 1.10080188e+09 1.10080197e+09 1.10080205e+09
 1.10080214e+09 1.10080223e+09 1.10080231e+09 1.10080240e+09
 1.10080249e+09 1.10080257e+09 1.10080266e+09 1.10080275e+09
 1.10080283e+09 1.10080292e+09 1.10080301e+09 1.10080309e+09
 1.10080318e+09 1.10080327e+09 1.10080335e+09 1.10080344e+09
 1.10080352e+09 1.10080361e+09 1.10080370e+09 1.10080378e+09
 1.10080387e+09 1.10080396e+09 1.10080404e+09 1.10080413e+09
 1.10080422e+09 1.10080430e+09 1.10080439e+09 1.10080448e+09
 1.10080456e+09 1.10080465e+09 1.10080474e+09 1.10080482e+09
 1.10080491e+09 1.10080499e+09 1.10080508e+09 1.10080517e+09
 1.10080525e+09 1.10080534e+09 1.10080543e+09 1.10080551e+09
 1.10080560e+09 1.10080569e+09 1.10080577e+09 1.10080586e+09
 1.10080595e+09 1.10080603e+09 1.10080612e+09 1.10080621e+09
 1.10080629e+09 1.10080638e+09 1.10080647e+09 1.10080655e+09
 1.10080664e+09 1.10080672e+09 1.10080681e+09 1.10080690e+09
 1.10080698e+09 1.10080707e+09 1.10080716e+09 1.10080724e+09
 1.10080733e+09 1.10080742e+09 1.10080750e+09 1.10080759e+09
 1.10080768e+09 1.10080776e+09 1.10080785e+09 1.10080794e+09
 1.10080802e+09 1.10080811e+09 1.10080819e+09 1.10080828e+09
 1.10080837e+09 1.10080845e+09 1.10080854e+09 1.10080863e+09
 1.10080871e+09 1.10080880e+09 1.10080889e+09 1.10080897e+09
 1.10080906e+09 1.10080915e+09 1.10080923e+09 1.10080932e+09
 1.10080941e+09 1.10080949e+09 1.10080958e+09 1.10080967e+09
 1.10080975e+09 1.10080984e+09 1.10080992e+09 1.10081001e+09
 1.10081010e+09 1.10081018e+09 1.10081027e+09 1.10081036e+09
 1.10081044e+09 1.10081053e+09 1.10081062e+09 1.10081070e+09
 1.10081079e+09 1.10081088e+09 1.10081096e+09 1.10081105e+09
 1.10081114e+09 1.10081122e+09 1.10081131e+09 1.10081139e+09
 1.10081148e+09 1.10081157e+09 1.10081165e+09 1.10081174e+09
 1.10081183e+09 1.10081191e+09 1.10081200e+09 1.10081209e+09
 1.10081217e+09 1.10081226e+09 1.10081235e+09 1.10081243e+09
 1.10081252e+09 1.10081261e+09 1.10081269e+09 1.10081278e+09
 1.10081287e+09 1.10081295e+09 1.10081304e+09 1.10081312e+09
 1.10081321e+09 1.10081330e+09 1.10081338e+09 1.10081347e+09
 1.10081356e+09 1.10081364e+09 1.10081373e+09 1.10081382e+09
 1.10081390e+09 1.10081399e+09 1.10081408e+09 1.10081416e+09
 1.10081425e+09 1.10081434e+09 1.10081442e+09 1.10081451e+09
 1.10081459e+09 1.10081468e+09 1.10081477e+09 1.10081485e+09
 1.10081494e+09 1.10081503e+09 1.10081511e+09 1.10081520e+09]
