name =JUICE_ROI_GAN_5_0_12
flyby = ['2034 JAN 14 06:38:51', '2034 JAN 15 06:38:51']
Observation TW = <SpiceCell dtype = 1, length = 0, size = 3000, card = 10, is_set = 1, adjust = 0, init = 1, base = 94138359300112, data = 94138359300160>
Res(t) = [0.11501038 0.11384398 0.113323   0.11119909 0.10598465 0.10471492
 0.10350301 0.10242833 0.10143539 0.09936031 0.09857786 0.09629196
 0.09604648 0.0955306  0.09410749 0.0955536  0.09517665 0.09380832
 0.09356502 0.09335433 0.0931752  0.09302666 0.09375013 0.09359141
 0.09337207 0.0932897  0.09286696 0.09286913 0.09242939 0.0925525
 0.09265537 0.09278047 0.09292728 0.0930953  0.09347408 0.09367784
 0.09390172 0.09414529 0.09440812 0.09468977 0.09498986 0.09499976
 0.09535426 0.09572524 0.09610574 0.09650839 0.09692663 0.09736022
 0.09698744 0.09710745 0.09758014 0.098067   0.09856774 0.09908209
 0.09968376 0.10022579 0.10078084 0.10134867 0.10192903 0.10252169
 0.10305157 0.10367089 0.10430201 0.1050784  0.10489333 0.10554884
 0.10546629 0.10612825 0.10680068 0.10748338 0.10817617 0.10887884
 0.10959122 0.10903694 0.1111292  0.11186774 0.11130519 0.1120583
 0.11282028 0.11367589 0.11445104 0.11497145 0.11575065 0.1160415
 0.1172823  0.11766372 0.1184518  0.11926221 0.11854234 0.1193448
 0.12015423 0.12259424 0.12181375 0.12260952 0.12344391 0.12428489
 0.1231866  0.1240173  0.12485386 0.12569618 0.12654415 0.12739765
 0.1282566  0.12912088 0.1299904  0.13086507 0.13174479 0.13262948
 0.13351905 0.13441341 0.13531249 0.1362162  0.13712447 0.13803723
 0.1389544  0.1398759  0.14080168 0.14173166 0.14266579 0.14360399
 0.14454621 0.14549239 0.14644247 0.14739639 0.14888211 0.14985548
 0.15083267 0.15181364 0.15285913 0.15385761 0.15390527 0.15491407
 0.15393535 0.15492104 0.15590997 0.15690209 0.15789736 0.15889573
 0.15989717 0.16090163 0.16190909 0.1629195  0.16393283 0.16494904
 0.16596811 0.16698998 0.16801465 0.16904206 0.1700722  0.17110503
 0.17214053 0.17317867 0.17421942 0.17526275 0.17630864 0.17735707
 0.178408   0.17946143 0.18051732 0.18157565 0.18263641 0.18369956
 0.1847651  0.185833   0.18690325 0.18797581 0.18755015 0.18860819
 0.18966833 0.19073058 0.19179489 0.19286126 0.19392965 0.19500007
 0.19607249 0.19714691 0.19822329 0.19930164 0.20038194 0.20126562
 0.20234453 0.20342532 0.20450797 0.20559247 0.2066788  0.20776697
 0.20885695 0.20994874 0.21104233 0.21213771 0.21323487 0.2143338
 0.21543451 0.21653697 0.21764118 0.21874714 0.22011163 0.2212212
 0.22233252 0.22344556 0.22456033 0.22567683 0.22679504 0.22791497
 0.22903661 0.23015997 0.23128503 0.23241179 0.23354026 0.23467042
 0.23580229 0.23693586 0.23807112 0.23920808 0.24034674 0.2414871
 0.24262916 0.24377292 0.23870393 0.23978231 0.24086169 0.24194206
 0.24302342 0.24410575 0.24518905 0.24627331 0.24735854 0.24844472
 0.24953185 0.25061992 0.25170894 0.25279889 0.25388978 0.25498159
 0.25851288 0.2596279  0.26074395 0.26186102 0.26297911 0.26409822
 0.26154806 0.26265112 0.26375512 0.26486004 0.2659659  0.26707268
 0.26818038 0.26928901 0.27039855 0.27150901 0.27262038 0.27373267
 0.27484587 0.27595998 0.27707499 0.27819091 0.27930773 0.28042546
 0.28154409 0.28266362 0.28378405 0.28490538 0.2860276  0.28844398
 0.28957811 0.29071315 0.2918491  0.29298597 0.29412374 0.29526243
 0.29640202 0.29754253 0.29868394 0.29982627 0.30096951 0.30211366
 0.30325872 0.30440469 0.30555158 0.30669938 0.30784809 0.30899772
 0.31024059 0.31139234 0.312545   0.31369859 0.3148531  0.31600853
 0.31716489 0.31832217 0.31948038 0.32063952 0.32179959 0.3229606
 0.32412254 0.32528541 0.32644923 0.32761399 0.3287797  0.32994635
 0.33111395 0.3322825  0.33345201 0.33462248 0.33579391 0.3369663
 0.33813965 0.33931398 0.34048928 0.34166556 0.34284282 0.34402106
 0.34520028 0.3463805  0.34756172 0.34874393 0.34992714 0.35111136
 0.35522444 0.35642828 0.35763325 0.35883936 0.36004659 0.36125498
 0.3624645  0.36367519 0.36488703 0.36610004 0.36731422 0.36852957
 0.36974611 0.37096384 0.37218277 0.3734029  0.37462424 0.3758468
 0.37707058 0.37829559 0.37952184 0.38074933 0.38197808 0.38320809
 0.38443936 0.38567191 0.38690574 0.38814087 0.38937729 0.39061502
 0.39185407 0.39309445 0.39433615 0.3955792  0.3968236  0.39806936
 0.39931649 0.400565   0.4018149  0.4030662  0.4043189  0.4150608
 0.41638811 0.41771725 0.41904823 0.42038106 0.42171576 0.42305234
 0.42783746 0.42918618 0.43053683 0.43188942 0.43324397 0.43460048
 0.43595898 0.43731949 0.438682   0.44004655 0.44141315 0.44278182
 0.44415256 0.44552541 0.44690037 0.44827746 0.44965671 0.45103812
 0.45242172 0.45380753 0.45519557 0.45658584 0.45797839 0.45937321
 0.46077034 0.46216979 0.46357159 0.46497576 0.46638231 0.46779127
 0.46920266 0.47061651 0.47203283 0.47345165 0.474873   0.47629689
 0.47772336 0.47915242 0.48058411 0.48201844 0.48345544 0.48489515
 0.45101621 0.45219559 0.45337554 0.45455606 0.45573716 0.45691883
 0.45810109 0.45928392 0.46046734 0.46165135 0.46283594 0.46402113
 0.4652069  0.46639327 0.46758024 0.4687678  0.46995597 0.47114473
 0.47233411 0.47352409 0.47471468 0.47590588 0.4770977  0.47829013
 0.47948319 0.48067686 0.48187116 0.48306609 0.48426164 0.48545783
 0.48665465 0.48785211 0.48905021 0.49024895 0.49144833 0.49264837
 0.49384905 0.49505039 0.49625238 0.49745503 0.49865834 0.49986231
 0.50106696 0.48460354 0.48568247 0.48676134 0.48784015 0.48891891
 0.48999761 0.49107626 0.49215485 0.49323338 0.49431186 0.49539028
 0.49646864 0.49754694 0.49862518 0.49970336 0.50078149 0.50185955
 0.50293755 0.50401549 0.50509337 0.50617119 0.50724895 0.50832664
 0.50940427 0.51048184 0.51155935 0.51263679 0.51371416 0.51479148
 0.51586872 0.51694591 0.51802302 0.51910007 0.52017706 0.52125398
 0.52233083 0.52340762 0.52448434 0.52556099 0.52663757 0.52771409
 0.52879053 0.52986691 0.53094322 0.53201946 0.53309563 0.53417174
 0.53524777 0.53632373 0.53739962 0.53847544 0.53955119 0.54062687
 0.54170248 0.54277802 0.54385348 0.54492887 0.54600419 0.54707944
 0.54815462 0.54922972 0.55030475 0.5513797  0.55245458 0.55352939
 0.55460413 0.55567879 0.55675338 0.55782789 0.55890232 0.55997669
 0.56105097 0.56212519 0.56319932 0.56427339 0.56534737 0.56642128
 0.56749511 0.56856887 0.56964255 0.57071616 0.57178969 0.57286314
 0.57393651 0.57500981 0.57608303 0.57715617 0.57822924 0.57930222
 0.58037513 0.58144796 0.58252072 0.58359339 0.58466599 0.58573851
 0.58681095 0.58788331 0.58895559 0.59002779 0.59109991 0.59217196
 0.59324392 0.59431581 0.59538762 0.59645934 0.59753099 0.59860256
 0.59967404 0.60074545 0.60181678 0.60288802 0.60395919 0.60503028
 0.60610128 0.60717221 0.60824305 0.60931381 0.6103845  0.6114551
 0.61252562 0.61359606 0.61466642 0.61573669 0.61680689 0.617877
 0.61894704 0.62001699 0.62108686 0.62215665 0.62322635 0.62429598
 0.62536552 0.62643498 0.62750436 0.62857366 0.62964287 0.630712
 0.63178105 0.63285002 0.63391891 0.63498771 0.63605643 0.63712507
 0.63819363 0.63926211 0.6403305  0.64139881 0.64246703 0.64353518
 0.64460324 0.64567122 0.64673911 0.64780692 0.64887466 0.6499423
 0.65100987 0.65207735 0.65314475 0.65421206 0.6552793  0.65634645
 0.65741351 0.6584805  0.6595474  0.66061422 0.66168095 0.6627476
 0.66381417 0.66488066 0.66594706 0.66701338 0.66807961 0.66914577
 0.67021184 0.67127782 0.67234373 0.67340955 0.67447528 0.67554094
 0.67660651 0.67767199 0.6787374  0.67980272 0.68086796 0.68193311
 0.68299818 0.68406317 0.68512808 0.6861929  0.68725764 0.68832229
 0.68938686 0.69045135 0.69151576 0.69258008 0.69364432 0.69470848
 0.69577255 0.69683654 0.69790045 0.69896428 0.70002802 0.70109168
 0.70215525 0.70321874 0.70428215 0.70534548 0.70640872 0.70747189
 0.70853496 0.70959796 0.71066087 0.7117237  0.71278645 0.71384911
 0.71491169 0.71597419 0.71703661 0.71809894 0.7191612  0.72022336
 0.72128545 0.72234745 0.72340937 0.72447121 0.72553297 0.72659464
 0.72765624 0.72871774 0.72977917 0.73084052 0.73190178 0.73296296
 0.73402406 0.73508508 0.73614601 0.73720686 0.73826763 0.73932832
 0.74038893 0.74144945 0.7425099  0.74357026 0.74463054 0.74569074
 0.74675085 0.74781089 0.74887084 0.74993071 0.75099051 0.75205022
 0.75310984 0.75416939 0.75522886 0.75628824 0.75734754 0.75840677
 0.75946591 0.76052497 0.76158395 0.76264285 0.76370167 0.7647604
 0.76581906 0.76687764 0.76793613 0.76899455 0.77005288 0.77111114
 0.77216931 0.7732274  0.77428542 0.77534335 0.7764012  0.77745898
 0.77851667 0.77957428 0.78063182 0.78168927 0.78274664 0.78380394
 0.78486115 0.78591829 0.78697534 0.78803232 0.78908921 0.79014603
 0.79120277 0.79225943 0.79331601 0.79437251 0.79542893 0.79648527
 0.79754154 0.79859772 0.79965383 0.80070986 0.80176581 0.80282168
 0.80387747 0.80493319 0.80598882 0.80704438 0.80809986 0.80915526
 0.81021058 0.81126583 0.812321   0.81337608 0.8144311  0.81548603
 0.81654089 0.81759567 0.81865037 0.81970499 0.82075954 0.82181401
 0.8228684  0.82392272 0.82497696 0.82603112 0.8270852  0.82813921
 0.82919314 0.830247   0.83130078 0.83235448 0.8334081  0.83446165
 0.83551512 0.83656852 0.83762184 0.83867508 0.83972825 0.84078135
 0.84183436 0.8428873  0.84394017 0.84499296 0.84604567 0.84709831
 0.84815088 0.84920337 0.85025578 0.85130812 0.85236038 0.85341257
 0.85446468 0.85551672 0.85656869 0.85762058 0.85867239 0.85972413
 0.8607758  0.86182739 0.86287891 0.86393035 0.86498172 0.86603302
 0.86708424 0.86813539 0.86918647 0.87023747 0.8712884  0.87233925
 0.87339003 0.87444074 0.87549138 0.87654194 0.87759243 0.87864284
 0.87969319 0.88074346 0.88179365 0.88284378 0.88389383 0.88494381
 0.88599372 0.88704356 0.88809332 0.88914301 0.89019263 0.89124218
 0.89229166 0.89334106 0.89439039 0.89543965 0.89648884 0.89753796
 0.89858701 0.89963599 0.90068489 0.90173373 0.90278249 0.90383118
 0.9048798  0.90592836 0.90697684 0.90802525 0.90907359 0.91012186
 0.91117006 0.91221819 0.91326625 0.91431424 0.91536216 0.91641001
 0.91745779 0.9185055  0.91955314 0.92060071 0.92164821 0.92269565
 0.92374301 0.92479031 0.92583753 0.92688469 0.92793178 0.9289788
 0.93002576 0.93107264 0.93211945 0.9331662  0.93421288 0.93525949
 0.93630604 0.93735251 0.93839892 0.93944526 0.94049153 0.94153773
 0.94258387 0.94362994 0.94467594 0.94572188 0.94676775 0.94781355
 0.94885928 0.94990495 0.95095055 0.95199609 0.95304156 0.95408696
 0.9551323  0.95617756 0.95722277 0.95826791 0.95931298 0.96035798
 0.96140292 0.9624478  0.96349261 0.96453735 0.96558203 0.96662664
 0.96767119 0.96871567 0.96976009 0.97080444 0.97184873 0.97289295
 0.97393711 0.9749812  0.97602523 0.9770692  0.9781131  0.97915694
 0.98020071 0.98124442 0.98228807 0.98333165 0.98437517 0.98541862
 0.98646201 0.98750534 0.98854861 0.98959181 0.99063495 0.99167802
 0.99272104 0.99376399 0.99480687 0.9958497  0.99689246 0.99793516
 0.9989778  1.00002037 1.00106289 1.00210534 1.00314773 1.00419006
 1.00523232 1.00627453 1.00731667 1.00835875 1.00940077 1.01044273
 1.01148463 1.01252647 1.01356824 1.01460996 1.01565161 1.01669321
 1.01773474 1.01877621 1.01981763 1.02085898 1.02190027 1.0229415
 1.02398267 1.02502379 1.02606484 1.02710583 1.02814677 1.02918764
 1.03022846 1.03126921 1.03230991 1.03335055 1.03439112 1.03543164
 1.0364721  1.03751251 1.03855285 1.03959313 1.04063336 1.04167353
 1.04271364 1.04375369 1.04479369 1.04583362 1.0468735  1.04791332
 1.04895308 1.04999279 1.05103244 1.05207203 1.05311156 1.05415104
 1.05519046 1.05622982 1.05726913 1.05830838 1.05934757 1.06038671
 1.06142579 1.06246481 1.06350378 1.06454269]
t = [1.07414903e+09 1.07414905e+09 1.07414906e+09 1.07414908e+09
 1.07414910e+09 1.07414912e+09 1.07414913e+09 1.07414915e+09
 1.07414917e+09 1.07414919e+09 1.07414920e+09 1.07414922e+09
 1.07414924e+09 1.07414926e+09 1.07414927e+09 1.07414929e+09
 1.07414931e+09 1.07414932e+09 1.07414934e+09 1.07414936e+09
 1.07414938e+09 1.07414939e+09 1.07414941e+09 1.07414943e+09
 1.07414945e+09 1.07414946e+09 1.07414948e+09 1.07414950e+09
 1.07414952e+09 1.07414953e+09 1.07414955e+09 1.07414957e+09
 1.07414958e+09 1.07414960e+09 1.07414962e+09 1.07414964e+09
 1.07414965e+09 1.07414967e+09 1.07414969e+09 1.07414971e+09
 1.07414972e+09 1.07414974e+09 1.07414976e+09 1.07414978e+09
 1.07414979e+09 1.07414981e+09 1.07414983e+09 1.07414984e+09
 1.07414986e+09 1.07414988e+09 1.07414990e+09 1.07414991e+09
 1.07414993e+09 1.07414995e+09 1.07414997e+09 1.07414998e+09
 1.07415000e+09 1.07415002e+09 1.07415004e+09 1.07415005e+09
 1.07415007e+09 1.07415009e+09 1.07415010e+09 1.07415012e+09
 1.07415014e+09 1.07415016e+09 1.07415017e+09 1.07415019e+09
 1.07415021e+09 1.07415023e+09 1.07415024e+09 1.07415026e+09
 1.07415028e+09 1.07415030e+09 1.07415031e+09 1.07415033e+09
 1.07415035e+09 1.07415036e+09 1.07415038e+09 1.07415040e+09
 1.07415042e+09 1.07415043e+09 1.07415045e+09 1.07415047e+09
 1.07415049e+09 1.07415050e+09 1.07415052e+09 1.07415054e+09
 1.07415056e+09 1.07415057e+09 1.07415059e+09 1.07415061e+09
 1.07415062e+09 1.07415064e+09 1.07415066e+09 1.07415068e+09
 1.07415069e+09 1.07415071e+09 1.07415073e+09 1.07415075e+09
 1.07415076e+09 1.07415078e+09 1.07415080e+09 1.07415082e+09
 1.07415083e+09 1.07415085e+09 1.07415087e+09 1.07415089e+09
 1.07415090e+09 1.07415092e+09 1.07415094e+09 1.07415095e+09
 1.07415097e+09 1.07415099e+09 1.07415101e+09 1.07415102e+09
 1.07415104e+09 1.07415106e+09 1.07415108e+09 1.07415109e+09
 1.07415111e+09 1.07415113e+09 1.07415115e+09 1.07415116e+09
 1.07415118e+09 1.07415120e+09 1.07415121e+09 1.07415123e+09
 1.07415125e+09 1.07415127e+09 1.07415128e+09 1.07415130e+09
 1.07415132e+09 1.07415134e+09 1.07415135e+09 1.07415137e+09
 1.07415139e+09 1.07415141e+09 1.07415142e+09 1.07415144e+09
 1.07415146e+09 1.07415147e+09 1.07415149e+09 1.07415151e+09
 1.07415153e+09 1.07415154e+09 1.07415156e+09 1.07415158e+09
 1.07415160e+09 1.07415161e+09 1.07415163e+09 1.07415165e+09
 1.07415167e+09 1.07415168e+09 1.07415170e+09 1.07415172e+09
 1.07415173e+09 1.07415175e+09 1.07415177e+09 1.07415179e+09
 1.07415180e+09 1.07415182e+09 1.07415184e+09 1.07415186e+09
 1.07415187e+09 1.07415189e+09 1.07415191e+09 1.07415193e+09
 1.07415194e+09 1.07415196e+09 1.07415198e+09 1.07415199e+09
 1.07415201e+09 1.07415203e+09 1.07415205e+09 1.07415206e+09
 1.07415208e+09 1.07415210e+09 1.07415212e+09 1.07415213e+09
 1.07415215e+09 1.07415217e+09 1.07415219e+09 1.07415220e+09
 1.07415222e+09 1.07415224e+09 1.07415225e+09 1.07415227e+09
 1.07415229e+09 1.07415231e+09 1.07415232e+09 1.07415234e+09
 1.07415236e+09 1.07415238e+09 1.07415239e+09 1.07415241e+09
 1.07415243e+09 1.07415245e+09 1.07415246e+09 1.07415248e+09
 1.07415250e+09 1.07415251e+09 1.07415253e+09 1.07415255e+09
 1.07415257e+09 1.07415258e+09 1.07415260e+09 1.07415262e+09
 1.07415264e+09 1.07415265e+09 1.07415267e+09 1.07415269e+09
 1.07415271e+09 1.07415272e+09 1.07415274e+09 1.07415276e+09
 1.07415277e+09 1.07415279e+09 1.07415281e+09 1.07415283e+09
 1.07415284e+09 1.07415286e+09 1.07415288e+09 1.07415290e+09
 1.07415291e+09 1.07415293e+09 1.07415295e+09 1.07415297e+09
 1.07415298e+09 1.07415300e+09 1.07415302e+09 1.07415303e+09
 1.07415305e+09 1.07415307e+09 1.07415309e+09 1.07415310e+09
 1.07415312e+09 1.07415314e+09 1.07415316e+09 1.07415317e+09
 1.07415319e+09 1.07415321e+09 1.07415323e+09 1.07415324e+09
 1.07415326e+09 1.07415328e+09 1.07415329e+09 1.07415331e+09
 1.07415333e+09 1.07415335e+09 1.07415336e+09 1.07415338e+09
 1.07415340e+09 1.07415342e+09 1.07415343e+09 1.07415345e+09
 1.07415347e+09 1.07415349e+09 1.07415350e+09 1.07415352e+09
 1.07415354e+09 1.07415355e+09 1.07415357e+09 1.07415359e+09
 1.07415361e+09 1.07415362e+09 1.07415364e+09 1.07415366e+09
 1.07415368e+09 1.07415369e+09 1.07415371e+09 1.07415373e+09
 1.07415375e+09 1.07415376e+09 1.07415378e+09 1.07415380e+09
 1.07415382e+09 1.07415383e+09 1.07415385e+09 1.07415387e+09
 1.07415388e+09 1.07415390e+09 1.07415392e+09 1.07415394e+09
 1.07415395e+09 1.07415397e+09 1.07415399e+09 1.07415401e+09
 1.07415402e+09 1.07415404e+09 1.07415406e+09 1.07415408e+09
 1.07415409e+09 1.07415411e+09 1.07415413e+09 1.07415414e+09
 1.07415416e+09 1.07415418e+09 1.07415420e+09 1.07415421e+09
 1.07415423e+09 1.07415425e+09 1.07415427e+09 1.07415428e+09
 1.07415430e+09 1.07415432e+09 1.07415434e+09 1.07415435e+09
 1.07415437e+09 1.07415439e+09 1.07415440e+09 1.07415442e+09
 1.07415444e+09 1.07415446e+09 1.07415447e+09 1.07415449e+09
 1.07415451e+09 1.07415453e+09 1.07415454e+09 1.07415456e+09
 1.07415458e+09 1.07415460e+09 1.07415461e+09 1.07415463e+09
 1.07415465e+09 1.07415466e+09 1.07415468e+09 1.07415470e+09
 1.07415472e+09 1.07415473e+09 1.07415475e+09 1.07415477e+09
 1.07415479e+09 1.07415480e+09 1.07415482e+09 1.07415484e+09
 1.07415486e+09 1.07415487e+09 1.07415489e+09 1.07415491e+09
 1.07415492e+09 1.07415494e+09 1.07415496e+09 1.07415498e+09
 1.07415499e+09 1.07415501e+09 1.07415503e+09 1.07415505e+09
 1.07415506e+09 1.07415508e+09 1.07415510e+09 1.07415512e+09
 1.07415513e+09 1.07415515e+09 1.07415517e+09 1.07415518e+09
 1.07415520e+09 1.07415522e+09 1.07415524e+09 1.07415525e+09
 1.07415527e+09 1.07415529e+09 1.07415531e+09 1.07415532e+09
 1.07415534e+09 1.07415536e+09 1.07415538e+09 1.07415539e+09
 1.07415541e+09 1.07415543e+09 1.07415544e+09 1.07415546e+09
 1.07415548e+09 1.07415550e+09 1.07415551e+09 1.07415553e+09
 1.07415555e+09 1.07415557e+09 1.07415558e+09 1.07415560e+09
 1.07415562e+09 1.07415564e+09 1.07415565e+09 1.07415567e+09
 1.07415569e+09 1.07415570e+09 1.07415572e+09 1.07415574e+09
 1.07415576e+09 1.07415577e+09 1.07415579e+09 1.07415581e+09
 1.07415583e+09 1.07415584e+09 1.07415586e+09 1.07415588e+09
 1.07415590e+09 1.07415591e+09 1.07415593e+09 1.07415595e+09
 1.07415596e+09 1.07415598e+09 1.07415600e+09 1.07415602e+09
 1.07415603e+09 1.07415605e+09 1.07415607e+09 1.07415609e+09
 1.07415610e+09 1.07415612e+09 1.07415614e+09 1.07415616e+09
 1.07415617e+09 1.07415619e+09 1.07415621e+09 1.07415622e+09
 1.07415624e+09 1.07415626e+09 1.07415628e+09 1.07415629e+09
 1.07415631e+09 1.07415633e+09 1.07415635e+09 1.07415636e+09
 1.07415638e+09 1.07415640e+09 1.07415642e+09 1.07415643e+09
 1.07415645e+09 1.07415647e+09 1.07415649e+09 1.07415650e+09
 1.07415652e+09 1.07415654e+09 1.07415655e+09 1.07415657e+09
 1.07415659e+09 1.07415661e+09 1.07415662e+09 1.07415664e+09
 1.07415666e+09 1.07415668e+09 1.07415669e+09 1.07415671e+09
 1.07415673e+09 1.07415675e+09 1.07415676e+09 1.07415678e+09
 1.07415680e+09 1.07415681e+09 1.07415683e+09 1.07415685e+09
 1.07415687e+09 1.07415688e+09 1.07415690e+09 1.07415692e+09
 1.07415694e+09 1.07415695e+09 1.07415697e+09 1.07415699e+09
 1.07415701e+09 1.07415702e+09 1.07415704e+09 1.07415706e+09
 1.07415707e+09 1.07415709e+09 1.07415711e+09 1.07415713e+09
 1.07415714e+09 1.07415716e+09 1.07415718e+09 1.07415720e+09
 1.07415721e+09 1.07415723e+09 1.07415725e+09 1.07415727e+09
 1.07415728e+09 1.07415730e+09 1.07415732e+09 1.07415733e+09
 1.07415735e+09 1.07415737e+09 1.07415739e+09 1.07415740e+09
 1.07415742e+09 1.07415744e+09 1.07415746e+09 1.07415747e+09
 1.07415749e+09 1.07415751e+09 1.07415753e+09 1.07415754e+09
 1.07415756e+09 1.07415758e+09 1.07415759e+09 1.07415761e+09
 1.07415763e+09 1.07415765e+09 1.07415766e+09 1.07415768e+09
 1.07415770e+09 1.07415772e+09 1.07415773e+09 1.07415775e+09
 1.07415777e+09 1.07415779e+09 1.07415780e+09 1.07415782e+09
 1.07415784e+09 1.07415785e+09 1.07415787e+09 1.07415789e+09
 1.07415791e+09 1.07415792e+09 1.07415794e+09 1.07415796e+09
 1.07415798e+09 1.07415799e+09 1.07415801e+09 1.07415803e+09
 1.07415805e+09 1.07415806e+09 1.07415808e+09 1.07415810e+09
 1.07415811e+09 1.07415813e+09 1.07415815e+09 1.07415817e+09
 1.07415818e+09 1.07415820e+09 1.07415822e+09 1.07415824e+09
 1.07415825e+09 1.07415827e+09 1.07415829e+09 1.07415831e+09
 1.07415832e+09 1.07415834e+09 1.07415836e+09 1.07415837e+09
 1.07415839e+09 1.07415841e+09 1.07415843e+09 1.07415844e+09
 1.07415846e+09 1.07415848e+09 1.07415850e+09 1.07415851e+09
 1.07415853e+09 1.07415855e+09 1.07415857e+09 1.07415858e+09
 1.07415860e+09 1.07415862e+09 1.07415863e+09 1.07415865e+09
 1.07415867e+09 1.07415869e+09 1.07415870e+09 1.07415872e+09
 1.07415874e+09 1.07415876e+09 1.07415877e+09 1.07415879e+09
 1.07415881e+09 1.07415883e+09 1.07415884e+09 1.07415886e+09
 1.07415888e+09 1.07415889e+09 1.07415891e+09 1.07415893e+09
 1.07415895e+09 1.07415896e+09 1.07415898e+09 1.07415900e+09
 1.07415902e+09 1.07415903e+09 1.07415905e+09 1.07415907e+09
 1.07415909e+09 1.07415910e+09 1.07415912e+09 1.07415914e+09
 1.07415916e+09 1.07415917e+09 1.07415919e+09 1.07415921e+09
 1.07415922e+09 1.07415924e+09 1.07415926e+09 1.07415928e+09
 1.07415929e+09 1.07415931e+09 1.07415933e+09 1.07415935e+09
 1.07415936e+09 1.07415938e+09 1.07415940e+09 1.07415942e+09
 1.07415943e+09 1.07415945e+09 1.07415947e+09 1.07415948e+09
 1.07415950e+09 1.07415952e+09 1.07415954e+09 1.07415955e+09
 1.07415957e+09 1.07415959e+09 1.07415961e+09 1.07415962e+09
 1.07415964e+09 1.07415966e+09 1.07415968e+09 1.07415969e+09
 1.07415971e+09 1.07415973e+09 1.07415974e+09 1.07415976e+09
 1.07415978e+09 1.07415980e+09 1.07415981e+09 1.07415983e+09
 1.07415985e+09 1.07415987e+09 1.07415988e+09 1.07415990e+09
 1.07415992e+09 1.07415994e+09 1.07415995e+09 1.07415997e+09
 1.07415999e+09 1.07416000e+09 1.07416002e+09 1.07416004e+09
 1.07416006e+09 1.07416007e+09 1.07416009e+09 1.07416011e+09
 1.07416013e+09 1.07416014e+09 1.07416016e+09 1.07416018e+09
 1.07416020e+09 1.07416021e+09 1.07416023e+09 1.07416025e+09
 1.07416026e+09 1.07416028e+09 1.07416030e+09 1.07416032e+09
 1.07416033e+09 1.07416035e+09 1.07416037e+09 1.07416039e+09
 1.07416040e+09 1.07416042e+09 1.07416044e+09 1.07416046e+09
 1.07416047e+09 1.07416049e+09 1.07416051e+09 1.07416052e+09
 1.07416054e+09 1.07416056e+09 1.07416058e+09 1.07416059e+09
 1.07416061e+09 1.07416063e+09 1.07416065e+09 1.07416066e+09
 1.07416068e+09 1.07416070e+09 1.07416072e+09 1.07416073e+09
 1.07416075e+09 1.07416077e+09 1.07416078e+09 1.07416080e+09
 1.07416082e+09 1.07416084e+09 1.07416085e+09 1.07416087e+09
 1.07416089e+09 1.07416091e+09 1.07416092e+09 1.07416094e+09
 1.07416096e+09 1.07416098e+09 1.07416099e+09 1.07416101e+09
 1.07416103e+09 1.07416104e+09 1.07416106e+09 1.07416108e+09
 1.07416110e+09 1.07416111e+09 1.07416113e+09 1.07416115e+09
 1.07416117e+09 1.07416118e+09 1.07416120e+09 1.07416122e+09
 1.07416124e+09 1.07416125e+09 1.07416127e+09 1.07416129e+09
 1.07416130e+09 1.07416132e+09 1.07416134e+09 1.07416136e+09
 1.07416137e+09 1.07416139e+09 1.07416141e+09 1.07416143e+09
 1.07416144e+09 1.07416146e+09 1.07416148e+09 1.07416150e+09
 1.07416151e+09 1.07416153e+09 1.07416155e+09 1.07416156e+09
 1.07416158e+09 1.07416160e+09 1.07416162e+09 1.07416163e+09
 1.07416165e+09 1.07416167e+09 1.07416169e+09 1.07416170e+09
 1.07416172e+09 1.07416174e+09 1.07416176e+09 1.07416177e+09
 1.07416179e+09 1.07416181e+09 1.07416183e+09 1.07416184e+09
 1.07416186e+09 1.07416188e+09 1.07416189e+09 1.07416191e+09
 1.07416193e+09 1.07416195e+09 1.07416196e+09 1.07416198e+09
 1.07416200e+09 1.07416202e+09 1.07416203e+09 1.07416205e+09
 1.07416207e+09 1.07416209e+09 1.07416210e+09 1.07416212e+09
 1.07416214e+09 1.07416215e+09 1.07416217e+09 1.07416219e+09
 1.07416221e+09 1.07416222e+09 1.07416224e+09 1.07416226e+09
 1.07416228e+09 1.07416229e+09 1.07416231e+09 1.07416233e+09
 1.07416235e+09 1.07416236e+09 1.07416238e+09 1.07416240e+09
 1.07416241e+09 1.07416243e+09 1.07416245e+09 1.07416247e+09
 1.07416248e+09 1.07416250e+09 1.07416252e+09 1.07416254e+09
 1.07416255e+09 1.07416257e+09 1.07416259e+09 1.07416261e+09
 1.07416262e+09 1.07416264e+09 1.07416266e+09 1.07416267e+09
 1.07416269e+09 1.07416271e+09 1.07416273e+09 1.07416274e+09
 1.07416276e+09 1.07416278e+09 1.07416280e+09 1.07416281e+09
 1.07416283e+09 1.07416285e+09 1.07416287e+09 1.07416288e+09
 1.07416290e+09 1.07416292e+09 1.07416293e+09 1.07416295e+09
 1.07416297e+09 1.07416299e+09 1.07416300e+09 1.07416302e+09
 1.07416304e+09 1.07416306e+09 1.07416307e+09 1.07416309e+09
 1.07416311e+09 1.07416313e+09 1.07416314e+09 1.07416316e+09
 1.07416318e+09 1.07416319e+09 1.07416321e+09 1.07416323e+09
 1.07416325e+09 1.07416326e+09 1.07416328e+09 1.07416330e+09
 1.07416332e+09 1.07416333e+09 1.07416335e+09 1.07416337e+09
 1.07416339e+09 1.07416340e+09 1.07416342e+09 1.07416344e+09
 1.07416345e+09 1.07416347e+09 1.07416349e+09 1.07416351e+09
 1.07416352e+09 1.07416354e+09 1.07416356e+09 1.07416358e+09
 1.07416359e+09 1.07416361e+09 1.07416363e+09 1.07416365e+09
 1.07416366e+09 1.07416368e+09 1.07416370e+09 1.07416371e+09
 1.07416373e+09 1.07416375e+09 1.07416377e+09 1.07416378e+09
 1.07416380e+09 1.07416382e+09 1.07416384e+09 1.07416385e+09
 1.07416387e+09 1.07416389e+09 1.07416391e+09 1.07416392e+09
 1.07416394e+09 1.07416396e+09 1.07416397e+09 1.07416399e+09
 1.07416401e+09 1.07416403e+09 1.07416404e+09 1.07416406e+09
 1.07416408e+09 1.07416410e+09 1.07416411e+09 1.07416413e+09
 1.07416415e+09 1.07416417e+09 1.07416418e+09 1.07416420e+09
 1.07416422e+09 1.07416423e+09 1.07416425e+09 1.07416427e+09
 1.07416429e+09 1.07416430e+09 1.07416432e+09 1.07416434e+09
 1.07416436e+09 1.07416437e+09 1.07416439e+09 1.07416441e+09
 1.07416443e+09 1.07416444e+09 1.07416446e+09 1.07416448e+09
 1.07416450e+09 1.07416451e+09 1.07416453e+09 1.07416455e+09
 1.07416456e+09 1.07416458e+09 1.07416460e+09 1.07416462e+09
 1.07416463e+09 1.07416465e+09 1.07416467e+09 1.07416469e+09
 1.07416470e+09 1.07416472e+09 1.07416474e+09 1.07416476e+09
 1.07416477e+09 1.07416479e+09 1.07416481e+09 1.07416482e+09
 1.07416484e+09 1.07416486e+09 1.07416488e+09 1.07416489e+09
 1.07416491e+09 1.07416493e+09 1.07416495e+09 1.07416496e+09
 1.07416498e+09 1.07416500e+09 1.07416502e+09 1.07416503e+09
 1.07416505e+09 1.07416507e+09 1.07416508e+09 1.07416510e+09
 1.07416512e+09 1.07416514e+09 1.07416515e+09 1.07416517e+09
 1.07416519e+09 1.07416521e+09 1.07416522e+09 1.07416524e+09
 1.07416526e+09 1.07416528e+09 1.07416529e+09 1.07416531e+09
 1.07416533e+09 1.07416534e+09 1.07416536e+09 1.07416538e+09
 1.07416540e+09 1.07416541e+09 1.07416543e+09 1.07416545e+09
 1.07416547e+09 1.07416548e+09 1.07416550e+09 1.07416552e+09
 1.07416554e+09 1.07416555e+09 1.07416557e+09 1.07416559e+09
 1.07416560e+09 1.07416562e+09 1.07416564e+09 1.07416566e+09
 1.07416567e+09 1.07416569e+09 1.07416571e+09 1.07416573e+09
 1.07416574e+09 1.07416576e+09 1.07416578e+09 1.07416580e+09
 1.07416581e+09 1.07416583e+09 1.07416585e+09 1.07416586e+09
 1.07416588e+09 1.07416590e+09 1.07416592e+09 1.07416593e+09
 1.07416595e+09 1.07416597e+09 1.07416599e+09 1.07416600e+09
 1.07416602e+09 1.07416604e+09 1.07416606e+09 1.07416607e+09
 1.07416609e+09 1.07416611e+09 1.07416612e+09 1.07416614e+09
 1.07416616e+09 1.07416618e+09 1.07416619e+09 1.07416621e+09
 1.07416623e+09 1.07416625e+09 1.07416626e+09 1.07416628e+09
 1.07416630e+09 1.07416632e+09 1.07416633e+09 1.07416635e+09]
minRes = 0.0924293900848694
minResTime = [1.07414952e+09]
Cov(t) = [100 100 100 100 100 100 100 100 100 100 100 100 100 100 100 100 100 100
 100 100 100 100 100 100 100 100 100 100 100 100 100 100 100 100 100 100
 100 100 100 100 100 100 100 100 100 100 100 100 100 100 100 100 100 100
 100 100 100 100 100 100 100 100 100 100 100 100 100 100 100 100 100 100
 100 100 100 100 100 100 100 100 100 100 100 100 100 100 100 100 100 100
 100 100 100 100 100 100 100 100 100 100 100 100 100 100 100 100 100 100
 100 100 100 100 100 100 100 100 100 100 100 100 100 100 100 100 100 100
 100 100 100 100 100 100 100 100 100 100 100 100 100 100 100 100 100 100
 100 100 100 100 100 100 100 100 100 100 100 100 100 100 100 100 100 100
 100 100 100 100 100 100 100 100 100 100 100 100 100 100 100 100 100 100
 100 100 100 100 100 100 100 100 100 100 100 100 100 100 100 100 100 100
 100 100 100 100 100 100 100 100 100 100 100 100 100 100 100 100 100 100
 100 100 100 100 100 100 100 100 100 100 100 100 100 100 100 100 100 100
 100 100 100 100 100 100 100 100 100 100 100 100 100 100 100 100 100 100
 100 100 100 100 100 100 100 100 100 100 100 100 100 100 100 100 100 100
 100 100 100 100 100 100 100 100 100 100 100 100 100 100 100 100 100 100
 100 100 100 100 100 100 100 100 100 100 100 100 100 100 100 100 100 100
 100 100 100 100 100 100 100 100 100 100 100 100 100 100 100 100 100 100
 100 100 100 100 100 100 100 100 100 100 100 100 100 100 100 100 100 100
 100 100 100 100 100 100 100 100 100 100 100 100 100 100 100 100 100 100
 100 100 100 100 100 100 100 100 100 100 100 100 100 100 100 100 100 100
 100 100 100 100 100 100 100 100 100 100 100 100 100 100 100 100 100 100
 100 100 100 100 100 100 100 100 100 100 100 100 100 100 100 100 100 100
 100 100 100 100 100 100 100 100 100 100 100 100 100 100 100 100 100 100
 100 100 100 100 100 100 100 100 100 100 100 100 100 100 100 100 100 100
 100 100 100 100 100 100 100 100 100 100 100 100 100 100 100 100 100 100
 100 100 100 100 100 100 100 100 100 100 100 100 100 100 100 100 100 100
 100 100 100 100 100 100 100 100 100 100 100 100 100 100 100 100 100 100
 100 100 100 100 100 100 100 100 100 100 100 100 100 100 100 100 100 100
 100 100 100 100 100 100 100 100 100 100 100 100 100 100 100 100 100 100
 100 100 100 100 100 100 100 100 100 100 100 100 100 100 100 100 100 100
 100 100 100 100 100 100 100 100 100 100 100 100 100 100 100 100 100 100
 100 100 100 100 100 100 100 100 100 100 100 100 100 100 100 100 100 100
 100 100 100 100 100 100 100 100 100 100 100 100 100 100 100 100 100 100
 100 100 100 100 100 100 100 100 100 100 100 100 100 100 100 100 100 100
 100 100 100 100 100 100 100 100 100 100 100 100 100 100 100 100 100 100
 100 100 100 100 100 100 100 100 100 100 100 100 100 100 100 100 100 100
 100 100 100 100 100 100 100 100 100 100 100 100 100 100 100 100 100 100
 100 100 100 100 100 100 100 100 100 100 100 100 100 100 100 100 100 100
 100 100 100 100 100 100 100 100 100 100 100 100 100 100 100 100 100 100
 100 100 100 100 100 100 100 100 100 100 100 100 100 100 100 100 100 100
 100 100 100 100 100 100 100 100 100 100 100 100 100 100 100 100 100 100
 100 100 100 100 100 100 100 100 100 100 100 100 100 100 100 100 100 100
 100 100 100 100 100 100 100 100 100 100 100 100 100 100 100 100 100 100
 100 100 100 100 100 100 100 100 100 100 100 100 100 100 100 100 100 100
 100 100 100 100 100 100 100 100 100 100 100 100 100 100 100 100 100 100
 100 100 100 100 100 100 100 100 100 100 100 100 100 100 100 100 100 100
 100 100 100 100 100 100 100 100 100 100 100 100 100 100 100 100 100 100
 100 100 100 100 100 100 100 100 100 100 100 100 100 100 100 100 100 100
 100 100 100 100 100 100 100 100 100 100 100 100 100 100 100 100 100 100
 100 100 100 100 100 100 100 100 100 100 100 100 100 100 100 100 100 100
 100 100 100 100 100 100 100 100 100 100 100 100 100 100 100 100 100 100
 100 100 100 100 100 100 100 100 100 100 100 100 100 100 100 100 100 100
 100 100 100 100 100 100 100 100 100 100 100 100 100 100 100 100 100 100
 100 100 100 100 100 100 100 100 100 100 100 100 100 100 100 100 100 100
 100 100 100 100 100 100 100 100 100 100]
maxCov = 100
maxCovTime = [1.07414903e+09 1.07414905e+09 1.07414906e+09 1.07414908e+09
 1.07414910e+09 1.07414912e+09 1.07414913e+09 1.07414915e+09
 1.07414917e+09 1.07414919e+09 1.07414920e+09 1.07414922e+09
 1.07414924e+09 1.07414926e+09 1.07414927e+09 1.07414929e+09
 1.07414931e+09 1.07414932e+09 1.07414934e+09 1.07414936e+09
 1.07414938e+09 1.07414939e+09 1.07414941e+09 1.07414943e+09
 1.07414945e+09 1.07414946e+09 1.07414948e+09 1.07414950e+09
 1.07414952e+09 1.07414953e+09 1.07414955e+09 1.07414957e+09
 1.07414958e+09 1.07414960e+09 1.07414962e+09 1.07414964e+09
 1.07414965e+09 1.07414967e+09 1.07414969e+09 1.07414971e+09
 1.07414972e+09 1.07414974e+09 1.07414976e+09 1.07414978e+09
 1.07414979e+09 1.07414981e+09 1.07414983e+09 1.07414984e+09
 1.07414986e+09 1.07414988e+09 1.07414990e+09 1.07414991e+09
 1.07414993e+09 1.07414995e+09 1.07414997e+09 1.07414998e+09
 1.07415000e+09 1.07415002e+09 1.07415004e+09 1.07415005e+09
 1.07415007e+09 1.07415009e+09 1.07415010e+09 1.07415012e+09
 1.07415014e+09 1.07415016e+09 1.07415017e+09 1.07415019e+09
 1.07415021e+09 1.07415023e+09 1.07415024e+09 1.07415026e+09
 1.07415028e+09 1.07415030e+09 1.07415031e+09 1.07415033e+09
 1.07415035e+09 1.07415036e+09 1.07415038e+09 1.07415040e+09
 1.07415042e+09 1.07415043e+09 1.07415045e+09 1.07415047e+09
 1.07415049e+09 1.07415050e+09 1.07415052e+09 1.07415054e+09
 1.07415056e+09 1.07415057e+09 1.07415059e+09 1.07415061e+09
 1.07415062e+09 1.07415064e+09 1.07415066e+09 1.07415068e+09
 1.07415069e+09 1.07415071e+09 1.07415073e+09 1.07415075e+09
 1.07415076e+09 1.07415078e+09 1.07415080e+09 1.07415082e+09
 1.07415083e+09 1.07415085e+09 1.07415087e+09 1.07415089e+09
 1.07415090e+09 1.07415092e+09 1.07415094e+09 1.07415095e+09
 1.07415097e+09 1.07415099e+09 1.07415101e+09 1.07415102e+09
 1.07415104e+09 1.07415106e+09 1.07415108e+09 1.07415109e+09
 1.07415111e+09 1.07415113e+09 1.07415115e+09 1.07415116e+09
 1.07415118e+09 1.07415120e+09 1.07415121e+09 1.07415123e+09
 1.07415125e+09 1.07415127e+09 1.07415128e+09 1.07415130e+09
 1.07415132e+09 1.07415134e+09 1.07415135e+09 1.07415137e+09
 1.07415139e+09 1.07415141e+09 1.07415142e+09 1.07415144e+09
 1.07415146e+09 1.07415147e+09 1.07415149e+09 1.07415151e+09
 1.07415153e+09 1.07415154e+09 1.07415156e+09 1.07415158e+09
 1.07415160e+09 1.07415161e+09 1.07415163e+09 1.07415165e+09
 1.07415167e+09 1.07415168e+09 1.07415170e+09 1.07415172e+09
 1.07415173e+09 1.07415175e+09 1.07415177e+09 1.07415179e+09
 1.07415180e+09 1.07415182e+09 1.07415184e+09 1.07415186e+09
 1.07415187e+09 1.07415189e+09 1.07415191e+09 1.07415193e+09
 1.07415194e+09 1.07415196e+09 1.07415198e+09 1.07415199e+09
 1.07415201e+09 1.07415203e+09 1.07415205e+09 1.07415206e+09
 1.07415208e+09 1.07415210e+09 1.07415212e+09 1.07415213e+09
 1.07415215e+09 1.07415217e+09 1.07415219e+09 1.07415220e+09
 1.07415222e+09 1.07415224e+09 1.07415225e+09 1.07415227e+09
 1.07415229e+09 1.07415231e+09 1.07415232e+09 1.07415234e+09
 1.07415236e+09 1.07415238e+09 1.07415239e+09 1.07415241e+09
 1.07415243e+09 1.07415245e+09 1.07415246e+09 1.07415248e+09
 1.07415250e+09 1.07415251e+09 1.07415253e+09 1.07415255e+09
 1.07415257e+09 1.07415258e+09 1.07415260e+09 1.07415262e+09
 1.07415264e+09 1.07415265e+09 1.07415267e+09 1.07415269e+09
 1.07415271e+09 1.07415272e+09 1.07415274e+09 1.07415276e+09
 1.07415277e+09 1.07415279e+09 1.07415281e+09 1.07415283e+09
 1.07415284e+09 1.07415286e+09 1.07415288e+09 1.07415290e+09
 1.07415291e+09 1.07415293e+09 1.07415295e+09 1.07415297e+09
 1.07415298e+09 1.07415300e+09 1.07415302e+09 1.07415303e+09
 1.07415305e+09 1.07415307e+09 1.07415309e+09 1.07415310e+09
 1.07415312e+09 1.07415314e+09 1.07415316e+09 1.07415317e+09
 1.07415319e+09 1.07415321e+09 1.07415323e+09 1.07415324e+09
 1.07415326e+09 1.07415328e+09 1.07415329e+09 1.07415331e+09
 1.07415333e+09 1.07415335e+09 1.07415336e+09 1.07415338e+09
 1.07415340e+09 1.07415342e+09 1.07415343e+09 1.07415345e+09
 1.07415347e+09 1.07415349e+09 1.07415350e+09 1.07415352e+09
 1.07415354e+09 1.07415355e+09 1.07415357e+09 1.07415359e+09
 1.07415361e+09 1.07415362e+09 1.07415364e+09 1.07415366e+09
 1.07415368e+09 1.07415369e+09 1.07415371e+09 1.07415373e+09
 1.07415375e+09 1.07415376e+09 1.07415378e+09 1.07415380e+09
 1.07415382e+09 1.07415383e+09 1.07415385e+09 1.07415387e+09
 1.07415388e+09 1.07415390e+09 1.07415392e+09 1.07415394e+09
 1.07415395e+09 1.07415397e+09 1.07415399e+09 1.07415401e+09
 1.07415402e+09 1.07415404e+09 1.07415406e+09 1.07415408e+09
 1.07415409e+09 1.07415411e+09 1.07415413e+09 1.07415414e+09
 1.07415416e+09 1.07415418e+09 1.07415420e+09 1.07415421e+09
 1.07415423e+09 1.07415425e+09 1.07415427e+09 1.07415428e+09
 1.07415430e+09 1.07415432e+09 1.07415434e+09 1.07415435e+09
 1.07415437e+09 1.07415439e+09 1.07415440e+09 1.07415442e+09
 1.07415444e+09 1.07415446e+09 1.07415447e+09 1.07415449e+09
 1.07415451e+09 1.07415453e+09 1.07415454e+09 1.07415456e+09
 1.07415458e+09 1.07415460e+09 1.07415461e+09 1.07415463e+09
 1.07415465e+09 1.07415466e+09 1.07415468e+09 1.07415470e+09
 1.07415472e+09 1.07415473e+09 1.07415475e+09 1.07415477e+09
 1.07415479e+09 1.07415480e+09 1.07415482e+09 1.07415484e+09
 1.07415486e+09 1.07415487e+09 1.07415489e+09 1.07415491e+09
 1.07415492e+09 1.07415494e+09 1.07415496e+09 1.07415498e+09
 1.07415499e+09 1.07415501e+09 1.07415503e+09 1.07415505e+09
 1.07415506e+09 1.07415508e+09 1.07415510e+09 1.07415512e+09
 1.07415513e+09 1.07415515e+09 1.07415517e+09 1.07415518e+09
 1.07415520e+09 1.07415522e+09 1.07415524e+09 1.07415525e+09
 1.07415527e+09 1.07415529e+09 1.07415531e+09 1.07415532e+09
 1.07415534e+09 1.07415536e+09 1.07415538e+09 1.07415539e+09
 1.07415541e+09 1.07415543e+09 1.07415544e+09 1.07415546e+09
 1.07415548e+09 1.07415550e+09 1.07415551e+09 1.07415553e+09
 1.07415555e+09 1.07415557e+09 1.07415558e+09 1.07415560e+09
 1.07415562e+09 1.07415564e+09 1.07415565e+09 1.07415567e+09
 1.07415569e+09 1.07415570e+09 1.07415572e+09 1.07415574e+09
 1.07415576e+09 1.07415577e+09 1.07415579e+09 1.07415581e+09
 1.07415583e+09 1.07415584e+09 1.07415586e+09 1.07415588e+09
 1.07415590e+09 1.07415591e+09 1.07415593e+09 1.07415595e+09
 1.07415596e+09 1.07415598e+09 1.07415600e+09 1.07415602e+09
 1.07415603e+09 1.07415605e+09 1.07415607e+09 1.07415609e+09
 1.07415610e+09 1.07415612e+09 1.07415614e+09 1.07415616e+09
 1.07415617e+09 1.07415619e+09 1.07415621e+09 1.07415622e+09
 1.07415624e+09 1.07415626e+09 1.07415628e+09 1.07415629e+09
 1.07415631e+09 1.07415633e+09 1.07415635e+09 1.07415636e+09
 1.07415638e+09 1.07415640e+09 1.07415642e+09 1.07415643e+09
 1.07415645e+09 1.07415647e+09 1.07415649e+09 1.07415650e+09
 1.07415652e+09 1.07415654e+09 1.07415655e+09 1.07415657e+09
 1.07415659e+09 1.07415661e+09 1.07415662e+09 1.07415664e+09
 1.07415666e+09 1.07415668e+09 1.07415669e+09 1.07415671e+09
 1.07415673e+09 1.07415675e+09 1.07415676e+09 1.07415678e+09
 1.07415680e+09 1.07415681e+09 1.07415683e+09 1.07415685e+09
 1.07415687e+09 1.07415688e+09 1.07415690e+09 1.07415692e+09
 1.07415694e+09 1.07415695e+09 1.07415697e+09 1.07415699e+09
 1.07415701e+09 1.07415702e+09 1.07415704e+09 1.07415706e+09
 1.07415707e+09 1.07415709e+09 1.07415711e+09 1.07415713e+09
 1.07415714e+09 1.07415716e+09 1.07415718e+09 1.07415720e+09
 1.07415721e+09 1.07415723e+09 1.07415725e+09 1.07415727e+09
 1.07415728e+09 1.07415730e+09 1.07415732e+09 1.07415733e+09
 1.07415735e+09 1.07415737e+09 1.07415739e+09 1.07415740e+09
 1.07415742e+09 1.07415744e+09 1.07415746e+09 1.07415747e+09
 1.07415749e+09 1.07415751e+09 1.07415753e+09 1.07415754e+09
 1.07415756e+09 1.07415758e+09 1.07415759e+09 1.07415761e+09
 1.07415763e+09 1.07415765e+09 1.07415766e+09 1.07415768e+09
 1.07415770e+09 1.07415772e+09 1.07415773e+09 1.07415775e+09
 1.07415777e+09 1.07415779e+09 1.07415780e+09 1.07415782e+09
 1.07415784e+09 1.07415785e+09 1.07415787e+09 1.07415789e+09
 1.07415791e+09 1.07415792e+09 1.07415794e+09 1.07415796e+09
 1.07415798e+09 1.07415799e+09 1.07415801e+09 1.07415803e+09
 1.07415805e+09 1.07415806e+09 1.07415808e+09 1.07415810e+09
 1.07415811e+09 1.07415813e+09 1.07415815e+09 1.07415817e+09
 1.07415818e+09 1.07415820e+09 1.07415822e+09 1.07415824e+09
 1.07415825e+09 1.07415827e+09 1.07415829e+09 1.07415831e+09
 1.07415832e+09 1.07415834e+09 1.07415836e+09 1.07415837e+09
 1.07415839e+09 1.07415841e+09 1.07415843e+09 1.07415844e+09
 1.07415846e+09 1.07415848e+09 1.07415850e+09 1.07415851e+09
 1.07415853e+09 1.07415855e+09 1.07415857e+09 1.07415858e+09
 1.07415860e+09 1.07415862e+09 1.07415863e+09 1.07415865e+09
 1.07415867e+09 1.07415869e+09 1.07415870e+09 1.07415872e+09
 1.07415874e+09 1.07415876e+09 1.07415877e+09 1.07415879e+09
 1.07415881e+09 1.07415883e+09 1.07415884e+09 1.07415886e+09
 1.07415888e+09 1.07415889e+09 1.07415891e+09 1.07415893e+09
 1.07415895e+09 1.07415896e+09 1.07415898e+09 1.07415900e+09
 1.07415902e+09 1.07415903e+09 1.07415905e+09 1.07415907e+09
 1.07415909e+09 1.07415910e+09 1.07415912e+09 1.07415914e+09
 1.07415916e+09 1.07415917e+09 1.07415919e+09 1.07415921e+09
 1.07415922e+09 1.07415924e+09 1.07415926e+09 1.07415928e+09
 1.07415929e+09 1.07415931e+09 1.07415933e+09 1.07415935e+09
 1.07415936e+09 1.07415938e+09 1.07415940e+09 1.07415942e+09
 1.07415943e+09 1.07415945e+09 1.07415947e+09 1.07415948e+09
 1.07415950e+09 1.07415952e+09 1.07415954e+09 1.07415955e+09
 1.07415957e+09 1.07415959e+09 1.07415961e+09 1.07415962e+09
 1.07415964e+09 1.07415966e+09 1.07415968e+09 1.07415969e+09
 1.07415971e+09 1.07415973e+09 1.07415974e+09 1.07415976e+09
 1.07415978e+09 1.07415980e+09 1.07415981e+09 1.07415983e+09
 1.07415985e+09 1.07415987e+09 1.07415988e+09 1.07415990e+09
 1.07415992e+09 1.07415994e+09 1.07415995e+09 1.07415997e+09
 1.07415999e+09 1.07416000e+09 1.07416002e+09 1.07416004e+09
 1.07416006e+09 1.07416007e+09 1.07416009e+09 1.07416011e+09
 1.07416013e+09 1.07416014e+09 1.07416016e+09 1.07416018e+09
 1.07416020e+09 1.07416021e+09 1.07416023e+09 1.07416025e+09
 1.07416026e+09 1.07416028e+09 1.07416030e+09 1.07416032e+09
 1.07416033e+09 1.07416035e+09 1.07416037e+09 1.07416039e+09
 1.07416040e+09 1.07416042e+09 1.07416044e+09 1.07416046e+09
 1.07416047e+09 1.07416049e+09 1.07416051e+09 1.07416052e+09
 1.07416054e+09 1.07416056e+09 1.07416058e+09 1.07416059e+09
 1.07416061e+09 1.07416063e+09 1.07416065e+09 1.07416066e+09
 1.07416068e+09 1.07416070e+09 1.07416072e+09 1.07416073e+09
 1.07416075e+09 1.07416077e+09 1.07416078e+09 1.07416080e+09
 1.07416082e+09 1.07416084e+09 1.07416085e+09 1.07416087e+09
 1.07416089e+09 1.07416091e+09 1.07416092e+09 1.07416094e+09
 1.07416096e+09 1.07416098e+09 1.07416099e+09 1.07416101e+09
 1.07416103e+09 1.07416104e+09 1.07416106e+09 1.07416108e+09
 1.07416110e+09 1.07416111e+09 1.07416113e+09 1.07416115e+09
 1.07416117e+09 1.07416118e+09 1.07416120e+09 1.07416122e+09
 1.07416124e+09 1.07416125e+09 1.07416127e+09 1.07416129e+09
 1.07416130e+09 1.07416132e+09 1.07416134e+09 1.07416136e+09
 1.07416137e+09 1.07416139e+09 1.07416141e+09 1.07416143e+09
 1.07416144e+09 1.07416146e+09 1.07416148e+09 1.07416150e+09
 1.07416151e+09 1.07416153e+09 1.07416155e+09 1.07416156e+09
 1.07416158e+09 1.07416160e+09 1.07416162e+09 1.07416163e+09
 1.07416165e+09 1.07416167e+09 1.07416169e+09 1.07416170e+09
 1.07416172e+09 1.07416174e+09 1.07416176e+09 1.07416177e+09
 1.07416179e+09 1.07416181e+09 1.07416183e+09 1.07416184e+09
 1.07416186e+09 1.07416188e+09 1.07416189e+09 1.07416191e+09
 1.07416193e+09 1.07416195e+09 1.07416196e+09 1.07416198e+09
 1.07416200e+09 1.07416202e+09 1.07416203e+09 1.07416205e+09
 1.07416207e+09 1.07416209e+09 1.07416210e+09 1.07416212e+09
 1.07416214e+09 1.07416215e+09 1.07416217e+09 1.07416219e+09
 1.07416221e+09 1.07416222e+09 1.07416224e+09 1.07416226e+09
 1.07416228e+09 1.07416229e+09 1.07416231e+09 1.07416233e+09
 1.07416235e+09 1.07416236e+09 1.07416238e+09 1.07416240e+09
 1.07416241e+09 1.07416243e+09 1.07416245e+09 1.07416247e+09
 1.07416248e+09 1.07416250e+09 1.07416252e+09 1.07416254e+09
 1.07416255e+09 1.07416257e+09 1.07416259e+09 1.07416261e+09
 1.07416262e+09 1.07416264e+09 1.07416266e+09 1.07416267e+09
 1.07416269e+09 1.07416271e+09 1.07416273e+09 1.07416274e+09
 1.07416276e+09 1.07416278e+09 1.07416280e+09 1.07416281e+09
 1.07416283e+09 1.07416285e+09 1.07416287e+09 1.07416288e+09
 1.07416290e+09 1.07416292e+09 1.07416293e+09 1.07416295e+09
 1.07416297e+09 1.07416299e+09 1.07416300e+09 1.07416302e+09
 1.07416304e+09 1.07416306e+09 1.07416307e+09 1.07416309e+09
 1.07416311e+09 1.07416313e+09 1.07416314e+09 1.07416316e+09
 1.07416318e+09 1.07416319e+09 1.07416321e+09 1.07416323e+09
 1.07416325e+09 1.07416326e+09 1.07416328e+09 1.07416330e+09
 1.07416332e+09 1.07416333e+09 1.07416335e+09 1.07416337e+09
 1.07416339e+09 1.07416340e+09 1.07416342e+09 1.07416344e+09
 1.07416345e+09 1.07416347e+09 1.07416349e+09 1.07416351e+09
 1.07416352e+09 1.07416354e+09 1.07416356e+09 1.07416358e+09
 1.07416359e+09 1.07416361e+09 1.07416363e+09 1.07416365e+09
 1.07416366e+09 1.07416368e+09 1.07416370e+09 1.07416371e+09
 1.07416373e+09 1.07416375e+09 1.07416377e+09 1.07416378e+09
 1.07416380e+09 1.07416382e+09 1.07416384e+09 1.07416385e+09
 1.07416387e+09 1.07416389e+09 1.07416391e+09 1.07416392e+09
 1.07416394e+09 1.07416396e+09 1.07416397e+09 1.07416399e+09
 1.07416401e+09 1.07416403e+09 1.07416404e+09 1.07416406e+09
 1.07416408e+09 1.07416410e+09 1.07416411e+09 1.07416413e+09
 1.07416415e+09 1.07416417e+09 1.07416418e+09 1.07416420e+09
 1.07416422e+09 1.07416423e+09 1.07416425e+09 1.07416427e+09
 1.07416429e+09 1.07416430e+09 1.07416432e+09 1.07416434e+09
 1.07416436e+09 1.07416437e+09 1.07416439e+09 1.07416441e+09
 1.07416443e+09 1.07416444e+09 1.07416446e+09 1.07416448e+09
 1.07416450e+09 1.07416451e+09 1.07416453e+09 1.07416455e+09
 1.07416456e+09 1.07416458e+09 1.07416460e+09 1.07416462e+09
 1.07416463e+09 1.07416465e+09 1.07416467e+09 1.07416469e+09
 1.07416470e+09 1.07416472e+09 1.07416474e+09 1.07416476e+09
 1.07416477e+09 1.07416479e+09 1.07416481e+09 1.07416482e+09
 1.07416484e+09 1.07416486e+09 1.07416488e+09 1.07416489e+09
 1.07416491e+09 1.07416493e+09 1.07416495e+09 1.07416496e+09
 1.07416498e+09 1.07416500e+09 1.07416502e+09 1.07416503e+09
 1.07416505e+09 1.07416507e+09 1.07416508e+09 1.07416510e+09
 1.07416512e+09 1.07416514e+09 1.07416515e+09 1.07416517e+09
 1.07416519e+09 1.07416521e+09 1.07416522e+09 1.07416524e+09
 1.07416526e+09 1.07416528e+09 1.07416529e+09 1.07416531e+09
 1.07416533e+09 1.07416534e+09 1.07416536e+09 1.07416538e+09
 1.07416540e+09 1.07416541e+09 1.07416543e+09 1.07416545e+09
 1.07416547e+09 1.07416548e+09 1.07416550e+09 1.07416552e+09
 1.07416554e+09 1.07416555e+09 1.07416557e+09 1.07416559e+09
 1.07416560e+09 1.07416562e+09 1.07416564e+09 1.07416566e+09
 1.07416567e+09 1.07416569e+09 1.07416571e+09 1.07416573e+09
 1.07416574e+09 1.07416576e+09 1.07416578e+09 1.07416580e+09
 1.07416581e+09 1.07416583e+09 1.07416585e+09 1.07416586e+09
 1.07416588e+09 1.07416590e+09 1.07416592e+09 1.07416593e+09
 1.07416595e+09 1.07416597e+09 1.07416599e+09 1.07416600e+09
 1.07416602e+09 1.07416604e+09 1.07416606e+09 1.07416607e+09
 1.07416609e+09 1.07416611e+09 1.07416612e+09 1.07416614e+09
 1.07416616e+09 1.07416618e+09 1.07416619e+09 1.07416621e+09
 1.07416623e+09 1.07416625e+09 1.07416626e+09 1.07416628e+09
 1.07416630e+09 1.07416632e+09 1.07416633e+09 1.07416635e+09]
