name =JUICE_ROI_GAN_6_1_03
flyby = ['2034 JUL 11 19:50:31', '2034 JUL 12 19:50:31']
Observation TW = <SpiceCell dtype = 1, length = 0, size = 3200, card = 12, is_set = 1, adjust = 0, init = 1, base = 94546994984816, data = 94546994984864>
Res(t) = [2.24713534 2.24496837 2.24280589 2.24064791 2.23849443 2.23634545
 2.23420099 2.23206103 2.2299256  2.22779468 2.22566829 2.22354643
 2.22142909 2.21931629 2.21720803 2.21510431 2.21300513 2.21091051
 2.20882043 2.20673491 2.20465395 2.20257756 2.20050573 2.19843847
 2.19637578 2.19431767 2.19226415 2.19021521 2.18817085 2.18613109
 2.18409592 2.18206535 2.18003938 2.17801802 2.17600127 2.17398913
 2.17198161 2.16997871 2.16798043 2.16598678 2.16399776 2.16201338
 2.16003363 2.15805852 2.15608806 2.15412225 2.15216108 2.15020458
 2.14825273 2.14630554 2.14436302 2.14242517 2.14049199 2.13856349
 2.13663967 2.13472053 2.13280608 2.13089632 2.12899125 2.12709088
 2.1251952  2.12330424 2.12141798 2.11953643 2.11765959 2.11578747
 2.11392007 2.1120574  2.11019945 2.10834624 2.10649776 2.10465402
 2.10281501 2.10098076 2.09915125 2.09732649 2.09550649 2.09369124
 2.09188075 2.09007503 2.08827408 2.0864779  2.08468649 2.08289986
 2.08111801 2.07934094 2.07756866 2.07580117 2.07403847 2.07228058
 2.07052748 2.06877918 2.06703569 2.06529701 2.06356314 2.06183409
 2.06010986 2.05839045 2.05667586 2.0549661  2.05326118 2.05156108
 2.04986583 2.04817542 2.04648984 2.04480912 2.04313325 2.04146222
 2.03979606 2.03813475 2.0364783  2.03482672 2.03318    2.03153816
 2.02990119 2.02826909 2.02664188 2.02501954 2.02340209 2.02178953
 2.02018186 2.01857908 2.0169812  2.01538821 2.01380013 2.01221695
 2.01063868 2.00906532 2.00749687 2.00593334 2.00437472 2.00282103
 2.00127225 1.99972841 1.99818949 1.9966555  1.99512645 1.99360233
 1.99208315 1.99056892 1.98905962 1.98755528 1.98605588 1.98456143
 1.98307194 1.9815874  1.98010782 1.9786332  1.97716355 1.97569886
 1.97423913 1.97278438 1.9713346  1.9698898  1.96844997 1.96701513
 1.96558526 1.96416038 1.96274048 1.96132557 1.95991565 1.95851073
 1.9571108  1.95571586 1.95432593 1.95294099 1.95156106 1.95018613
 1.94881621 1.9474513  1.94609139 1.9447365  1.94338663 1.94204177
 1.94070193 1.9393671  1.9380373  1.93671253 1.93539278 1.93407805
 1.93276836 1.93146369 1.93016406 1.92886946 1.92757989 1.92629536
 1.92501587 1.92374142 1.92247201 1.92120765 1.91994833 1.91869405
 1.91744482 1.91620064 1.91496151 1.91372744 1.91249841 1.91127444
 1.91005552 1.90884166 1.90763286 1.90642912 1.90523044 1.90403681
 1.90284825 1.90166476 1.90048633 1.89931296 1.89814466 1.89698143
 1.89582326 1.89467017 1.89352214 1.89237919 1.89124131 1.8901085
 1.88898076 1.8878581  1.88674052 1.88562801 1.88452057 1.88341822
 1.88232094 1.88122874 1.88014161 1.87905957 1.87798261 1.87691073
 1.87584392 1.8747822  1.87372556 1.872674   1.87162753 1.87058613
 1.86954982 1.8685186  1.86749245 1.86647139 1.86545541 1.86444452
 1.86343871 1.86243798 1.86144233 1.86045177 1.8594663  1.8584859
 1.85751059 1.85654037 1.85557522 1.85461516 1.85366018 1.85271029
 1.85176547 1.85082574 1.84989109 1.84896152 1.84803703 1.84711762
 1.84620328 1.84529403 1.84438986 1.84349076 1.84259674 1.8417078
 1.84082393 1.83994514 1.83907142 1.83820277 1.8373392  1.8364807
 1.83562727 1.83477891 1.83393562 1.83309739 1.83226423 1.83143614
 1.83061311 1.82979515 1.82898224 1.8281744  1.82737162 1.8265739
 1.82578123 1.82499362 1.82421106 1.82343355 1.8226611  1.8218937
 1.82113134 1.82037403 1.81962177 1.81887455 1.81813237 1.81739523
 1.81666313 1.81593606 1.81521403 1.81449703 1.81378507 1.81307813
 1.81237622 1.81167933 1.81098747 1.81030062 1.8096188  1.80894199
 1.80827019 1.80760341 1.80694164 1.80628487 1.80563311 1.80498635
 1.80434459 1.80370783 1.80307607 1.80244929 1.80182751 1.80121071
 1.8005989  1.79999207 1.79939022 1.79879335 1.79820145 1.79761452
 1.79703256 1.79645556 1.79588353 1.79531645 1.79475434 1.79419717
 1.79364495 1.79309769 1.79255536 1.79201798 1.79148553 1.79095801
 1.79043543 1.78991777 1.78940504 1.78889723 1.78839433 1.78789635
 1.78740327 1.7869151  1.78643184 1.78595347 1.78548    1.78501142
 1.78454773 1.78408892 1.78363499 1.78318593 1.78274175 1.78230244
 1.78186799 1.78143839 1.78101366 1.78059378 1.78017874 1.77976854
 1.77936319 1.77896267 1.77856698 1.77817612 1.77779007 1.77740885
 1.77703243 1.77666083 1.77629403 1.77593202 1.77557481 1.77522239
 1.77487476 1.7745319  1.77419382 1.77386051 1.77353197 1.77320819
 1.77288916 1.77257488 1.77226535 1.77196056 1.7716605  1.77136518
 1.77107458 1.7707887  1.77050754 1.77023108 1.76995933 1.76969228
 1.76942992 1.76917225 1.76891926 1.76867095 1.76842731 1.76818833
 1.76795402 1.76772436 1.76749935 1.76727899 1.76706326 1.76685216
 1.76664569 1.76644383 1.7662466  1.76605397 1.76586594 1.76568251
 1.76550367 1.76532941 1.76515973 1.76499462 1.76483408 1.7646781
 1.76452667 1.76437978 1.76423744 1.76409963 1.76396635 1.76383759
 1.76371334 1.7635936  1.76347837 1.76336763 1.76326137 1.7631596
 1.76306231 1.76296948 1.76288111 1.7627972  1.76271774 1.76264272
 1.76257213 1.76250597 1.76244423 1.7623869  1.76233398 1.76228546
 1.76224133 1.76220158 1.76216622 1.76213522 1.76210859 1.76208631
 1.76206838 1.7620548  1.76204554 1.76204062 1.76204001 1.76204372
 1.76205173 1.76206404 1.76208063 1.76210151 1.76212666 1.76215608
 1.76218976 1.76222769 1.76226986 1.76231627 1.76236691 1.76242176
 1.76248083 1.76254411 1.76261158 1.76268323 1.76275907 1.76283908
 1.76292326 1.76301159 1.76310407 1.76320069 1.76330144 1.76340632
 1.76351531 1.76362841 1.76374561 1.76386689 1.76399227 1.76412171
 1.76425522 1.76439279 1.76453441 1.76468007 1.76482976 1.76498347
 1.7651412  1.76530293 1.76546867 1.76563839 1.76581209 1.76598976
 1.7661714  1.76635699 1.76654653 1.76674    1.76693741 1.76713873
 1.76734396 1.7675531  1.76776612 1.76798303 1.76820382 1.76842847
 1.76865698 1.76888933 1.76912553 1.76936555 1.7696094  1.76985705
 1.77010851 1.77036377 1.7706228  1.77088561 1.77115219 1.77142253
 1.77169661 1.77197442 1.77225597 1.77254124 1.77283022 1.77312289
 1.77341926 1.77371931 1.77402303 1.77433042 1.77464146 1.77495614
 1.77527446 1.7755964  1.77592196 1.77625112 1.77658388 1.77692022
 1.77726015 1.77760364 1.77795068 1.77830128 1.77865541 1.77901307
 1.77937426 1.77973895 1.78010713 1.78047881 1.78085397 1.7812326
 1.78161469 1.78200023 1.78238921 1.78278162 1.78317745 1.78357669
 1.78397933 1.78438536 1.78479477 1.78520756 1.7856237  1.7860432
 1.78646603 1.7868922  1.78732169 1.78775449 1.78819059 1.78862998
 1.78907265 1.78951859 1.78996779 1.79042024 1.79087594 1.79133486
 1.791797   1.79226235 1.7927309  1.79320264 1.79367756 1.79415565
 1.79463689 1.79512128 1.79560882 1.79609948 1.79659325 1.79709014
 1.79759012 1.79809319 1.79859933 1.79910854 1.7996208  1.80013611
 1.80065446 1.80117583 1.80170021 1.8022276  1.80275798 1.80329135
 1.80382769 1.80436699 1.80490924 1.80545443 1.80600255 1.8065536
 1.80710755 1.80766441 1.80822415 1.80878678 1.80935227 1.80992062
 1.81049181 1.81106585 1.81164271 1.81222238 1.81280486 1.81339014
 1.8139782  1.81456904 1.81516264 1.81575899 1.81635808 1.81695991
 1.81756446 1.81817172 1.81878168 1.81939433 1.82000966 1.82062766
 1.82124831 1.82187162 1.82249756 1.82312613 1.82375731 1.8243911
 1.82502749 1.82566646 1.82630801 1.82695211 1.82759878 1.82824798
 1.82889972 1.82955398 1.83021074 1.83087001 1.83153177 1.83219601
 1.83286272 1.83353189 1.8342035  1.83487755 1.83555403 1.83623292
 1.83691422 1.83759792 1.838284   1.83897245 1.83966327 1.84035644
 1.84105195 1.8417498  1.84244996 1.84315244 1.84385722 1.84456429
 1.84527364 1.84598526 1.84669914 1.84741526 1.84813362 1.84885421
 1.84957702 1.85030204 1.85102925 1.85175864 1.85249021 1.85322395
 1.85395984 1.85469787 1.85543804 1.85618033 1.85692474 1.85767124
 1.85841984 1.85917052 1.85992327 1.86067808 1.86143495 1.86219385
 1.86295478 1.86371774 1.8644827  1.86524966 1.86601861 1.86678954
 1.86756243 1.86833729 1.86911409 1.86989283 1.8706735  1.87145608
 1.87224057 1.87302695 1.87381523 1.87460538 1.87539739 1.87619126
 1.87698698 1.87778453 1.8785839  1.87938509 1.88018809 1.88099288
 1.88179946 1.88260781 1.88341792 1.88422979 1.88504341 1.88585876
 1.88667583 1.88749462 1.88831511 1.88913729 1.88996116 1.89078671
 1.89161392 1.89244278 1.89327329 1.89410543 1.8949392  1.89577458
 1.89661157 1.89745015 1.89829032 1.89913207 1.89997538 1.90082024
 1.90166665 1.9025146  1.90336407 1.90421507 1.90506756 1.90592156
 1.90677704 1.907634   1.90849243 1.90935232 1.91021366 1.91107643
 1.91194064 1.91280626 1.9136733  1.91454173 1.91541156 1.91628277
 1.91715535 1.9180293  1.9189046  1.91978124 1.92065922 1.92153852
 1.92241913 1.92330106 1.92418428 1.92506878 1.92595457 1.92684162
 1.92772994 1.9286195  1.9295103  1.93040234 1.93129559 1.93219006
 1.93308574 1.9339826  1.93488066 1.93577989 1.93668028 1.93758184
 1.93848454 1.93938838 1.94029336 1.94119945 1.94210666 1.94301497
 1.94392437 1.94483486 1.94574643 1.94665907 1.94757276 1.9484875
 1.94940328 1.9503201  1.95123794 1.95215679 1.95307665 1.9539975
 1.95491935 1.95584217 1.95676596 1.95769071 1.95861642 1.95954307
 1.96047066 1.96139917 1.96232861 1.96325895 1.96419019 1.96512233
 1.96605535 1.96698924 1.96792401 1.96885963 1.9697961  1.97073341
 1.97167156 1.97261053 1.97355032 1.97449092 1.97543232 1.9763745
 1.97731748 1.97826122 1.97920574 1.98015101 1.98109703 1.9820438
 1.98299129 1.98393952 1.98488846 1.98583811 1.98678847 1.98773952
 1.98869125 1.98964366 1.99059674 1.99155048 1.99250488 1.99345992
 1.9944156  1.99537191 1.99632884 1.99728639 1.99824454 1.99920329
 2.00016263 2.00112255 2.00208305 2.00304412 2.00400575 2.00496793
 2.00593066 2.00689392 2.00785771 2.00882202 2.00978685 2.01075219
 2.01171802 2.01268435 2.01365116 2.01461845 2.0155862  2.01655442
 2.0175231  2.01849222 2.01946178 2.02043178 2.0214022  2.02237304
 2.02334429 2.02431594 2.02528799 2.02626043 2.02723326 2.02820646
 2.02918002 2.03015395 2.03112823 2.03210286 2.03307783 2.03405313
 2.03502876 2.03600471 2.03698097 2.03795753 2.0389344  2.03991155
 2.040889   2.04186671 2.0428447  2.04382296 2.04480147 2.04578024
 2.04675925 2.04773849 2.04871797 2.04969767 2.05067759 2.05165773
 2.05263806 2.0536186  2.05459933 2.05558024 2.05656133 2.0575426
 2.05852403 2.05950562 2.06048737 2.06146926 2.06245129 2.06343346
 2.06441576 2.06539818 2.06638071 2.06736336 2.06834611 2.06932895
 2.07031189 2.07129491 2.07227802 2.07326119 2.07424444 2.07522774
 2.0762111  2.07719451 2.07817797 2.07916146 2.08014498 2.08112853
 2.0821121  2.08309568 2.08407927 2.08506287 2.08604646 2.08703004
 2.08801361 2.08899716 2.08998069 2.09096418 2.09194764 2.09293105
 2.09391442 2.09489773 2.09588098 2.09686417 2.09784729 2.09883034
 2.0998133  2.10079618 2.10177897 2.10276166 2.10374425 2.10472673
 2.1057091  2.10669135 2.10767348 2.10865549 2.10963735 2.11061909
 2.11160067 2.11258211 2.1135634  2.11454452 2.11552549 2.11650628
 2.1174869  2.11846735 2.11944761 2.12042768 2.12140756 2.12238724
 2.12336672 2.12434599 2.12532505 2.12630389 2.12728251 2.1282609
 2.12923906 2.13021699 2.13119467 2.13217211 2.13314931 2.13412624
 2.13510292 2.13607934 2.13705548 2.13803136 2.13900696 2.13998228
 2.14095731 2.14193205 2.1429065  2.14388065 2.14485449 2.14582803
 2.14680126 2.14777417 2.14874677 2.14971904 2.15069098 2.15166259
 2.15263386 2.15360479 2.15457538 2.15554562]
t = [1.08953230e+09 1.08953239e+09 1.08953247e+09 1.08953256e+09
 1.08953265e+09 1.08953273e+09 1.08953282e+09 1.08953291e+09
 1.08953299e+09 1.08953308e+09 1.08953317e+09 1.08953325e+09
 1.08953334e+09 1.08953342e+09 1.08953351e+09 1.08953360e+09
 1.08953368e+09 1.08953377e+09 1.08953386e+09 1.08953394e+09
 1.08953403e+09 1.08953412e+09 1.08953420e+09 1.08953429e+09
 1.08953438e+09 1.08953446e+09 1.08953455e+09 1.08953464e+09
 1.08953472e+09 1.08953481e+09 1.08953489e+09 1.08953498e+09
 1.08953507e+09 1.08953515e+09 1.08953524e+09 1.08953533e+09
 1.08953541e+09 1.08953550e+09 1.08953559e+09 1.08953567e+09
 1.08953576e+09 1.08953585e+09 1.08953593e+09 1.08953602e+09
 1.08953611e+09 1.08953619e+09 1.08953628e+09 1.08953637e+09
 1.08953645e+09 1.08953654e+09 1.08953662e+09 1.08953671e+09
 1.08953680e+09 1.08953688e+09 1.08953697e+09 1.08953706e+09
 1.08953714e+09 1.08953723e+09 1.08953732e+09 1.08953740e+09
 1.08953749e+09 1.08953758e+09 1.08953766e+09 1.08953775e+09
 1.08953784e+09 1.08953792e+09 1.08953801e+09 1.08953809e+09
 1.08953818e+09 1.08953827e+09 1.08953835e+09 1.08953844e+09
 1.08953853e+09 1.08953861e+09 1.08953870e+09 1.08953879e+09
 1.08953887e+09 1.08953896e+09 1.08953905e+09 1.08953913e+09
 1.08953922e+09 1.08953931e+09 1.08953939e+09 1.08953948e+09
 1.08953957e+09 1.08953965e+09 1.08953974e+09 1.08953982e+09
 1.08953991e+09 1.08954000e+09 1.08954008e+09 1.08954017e+09
 1.08954026e+09 1.08954034e+09 1.08954043e+09 1.08954052e+09
 1.08954060e+09 1.08954069e+09 1.08954078e+09 1.08954086e+09
 1.08954095e+09 1.08954104e+09 1.08954112e+09 1.08954121e+09
 1.08954129e+09 1.08954138e+09 1.08954147e+09 1.08954155e+09
 1.08954164e+09 1.08954173e+09 1.08954181e+09 1.08954190e+09
 1.08954199e+09 1.08954207e+09 1.08954216e+09 1.08954225e+09
 1.08954233e+09 1.08954242e+09 1.08954251e+09 1.08954259e+09
 1.08954268e+09 1.08954277e+09 1.08954285e+09 1.08954294e+09
 1.08954302e+09 1.08954311e+09 1.08954320e+09 1.08954328e+09
 1.08954337e+09 1.08954346e+09 1.08954354e+09 1.08954363e+09
 1.08954372e+09 1.08954380e+09 1.08954389e+09 1.08954398e+09
 1.08954406e+09 1.08954415e+09 1.08954424e+09 1.08954432e+09
 1.08954441e+09 1.08954449e+09 1.08954458e+09 1.08954467e+09
 1.08954475e+09 1.08954484e+09 1.08954493e+09 1.08954501e+09
 1.08954510e+09 1.08954519e+09 1.08954527e+09 1.08954536e+09
 1.08954545e+09 1.08954553e+09 1.08954562e+09 1.08954571e+09
 1.08954579e+09 1.08954588e+09 1.08954597e+09 1.08954605e+09
 1.08954614e+09 1.08954622e+09 1.08954631e+09 1.08954640e+09
 1.08954648e+09 1.08954657e+09 1.08954666e+09 1.08954674e+09
 1.08954683e+09 1.08954692e+09 1.08954700e+09 1.08954709e+09
 1.08954718e+09 1.08954726e+09 1.08954735e+09 1.08954744e+09
 1.08954752e+09 1.08954761e+09 1.08954769e+09 1.08954778e+09
 1.08954787e+09 1.08954795e+09 1.08954804e+09 1.08954813e+09
 1.08954821e+09 1.08954830e+09 1.08954839e+09 1.08954847e+09
 1.08954856e+09 1.08954865e+09 1.08954873e+09 1.08954882e+09
 1.08954891e+09 1.08954899e+09 1.08954908e+09 1.08954917e+09
 1.08954925e+09 1.08954934e+09 1.08954942e+09 1.08954951e+09
 1.08954960e+09 1.08954968e+09 1.08954977e+09 1.08954986e+09
 1.08954994e+09 1.08955003e+09 1.08955012e+09 1.08955020e+09
 1.08955029e+09 1.08955038e+09 1.08955046e+09 1.08955055e+09
 1.08955064e+09 1.08955072e+09 1.08955081e+09 1.08955089e+09
 1.08955098e+09 1.08955107e+09 1.08955115e+09 1.08955124e+09
 1.08955133e+09 1.08955141e+09 1.08955150e+09 1.08955159e+09
 1.08955167e+09 1.08955176e+09 1.08955185e+09 1.08955193e+09
 1.08955202e+09 1.08955211e+09 1.08955219e+09 1.08955228e+09
 1.08955237e+09 1.08955245e+09 1.08955254e+09 1.08955262e+09
 1.08955271e+09 1.08955280e+09 1.08955288e+09 1.08955297e+09
 1.08955306e+09 1.08955314e+09 1.08955323e+09 1.08955332e+09
 1.08955340e+09 1.08955349e+09 1.08955358e+09 1.08955366e+09
 1.08955375e+09 1.08955384e+09 1.08955392e+09 1.08955401e+09
 1.08955409e+09 1.08955418e+09 1.08955427e+09 1.08955435e+09
 1.08955444e+09 1.08955453e+09 1.08955461e+09 1.08955470e+09
 1.08955479e+09 1.08955487e+09 1.08955496e+09 1.08955505e+09
 1.08955513e+09 1.08955522e+09 1.08955531e+09 1.08955539e+09
 1.08955548e+09 1.08955557e+09 1.08955565e+09 1.08955574e+09
 1.08955582e+09 1.08955591e+09 1.08955600e+09 1.08955608e+09
 1.08955617e+09 1.08955626e+09 1.08955634e+09 1.08955643e+09
 1.08955652e+09 1.08955660e+09 1.08955669e+09 1.08955678e+09
 1.08955686e+09 1.08955695e+09 1.08955704e+09 1.08955712e+09
 1.08955721e+09 1.08955729e+09 1.08955738e+09 1.08955747e+09
 1.08955755e+09 1.08955764e+09 1.08955773e+09 1.08955781e+09
 1.08955790e+09 1.08955799e+09 1.08955807e+09 1.08955816e+09
 1.08955825e+09 1.08955833e+09 1.08955842e+09 1.08955851e+09
 1.08955859e+09 1.08955868e+09 1.08955877e+09 1.08955885e+09
 1.08955894e+09 1.08955902e+09 1.08955911e+09 1.08955920e+09
 1.08955928e+09 1.08955937e+09 1.08955946e+09 1.08955954e+09
 1.08955963e+09 1.08955972e+09 1.08955980e+09 1.08955989e+09
 1.08955998e+09 1.08956006e+09 1.08956015e+09 1.08956024e+09
 1.08956032e+09 1.08956041e+09 1.08956049e+09 1.08956058e+09
 1.08956067e+09 1.08956075e+09 1.08956084e+09 1.08956093e+09
 1.08956101e+09 1.08956110e+09 1.08956119e+09 1.08956127e+09
 1.08956136e+09 1.08956145e+09 1.08956153e+09 1.08956162e+09
 1.08956171e+09 1.08956179e+09 1.08956188e+09 1.08956197e+09
 1.08956205e+09 1.08956214e+09 1.08956222e+09 1.08956231e+09
 1.08956240e+09 1.08956248e+09 1.08956257e+09 1.08956266e+09
 1.08956274e+09 1.08956283e+09 1.08956292e+09 1.08956300e+09
 1.08956309e+09 1.08956318e+09 1.08956326e+09 1.08956335e+09
 1.08956344e+09 1.08956352e+09 1.08956361e+09 1.08956369e+09
 1.08956378e+09 1.08956387e+09 1.08956395e+09 1.08956404e+09
 1.08956413e+09 1.08956421e+09 1.08956430e+09 1.08956439e+09
 1.08956447e+09 1.08956456e+09 1.08956465e+09 1.08956473e+09
 1.08956482e+09 1.08956491e+09 1.08956499e+09 1.08956508e+09
 1.08956517e+09 1.08956525e+09 1.08956534e+09 1.08956542e+09
 1.08956551e+09 1.08956560e+09 1.08956568e+09 1.08956577e+09
 1.08956586e+09 1.08956594e+09 1.08956603e+09 1.08956612e+09
 1.08956620e+09 1.08956629e+09 1.08956638e+09 1.08956646e+09
 1.08956655e+09 1.08956664e+09 1.08956672e+09 1.08956681e+09
 1.08956689e+09 1.08956698e+09 1.08956707e+09 1.08956715e+09
 1.08956724e+09 1.08956733e+09 1.08956741e+09 1.08956750e+09
 1.08956759e+09 1.08956767e+09 1.08956776e+09 1.08956785e+09
 1.08956793e+09 1.08956802e+09 1.08956811e+09 1.08956819e+09
 1.08956828e+09 1.08956837e+09 1.08956845e+09 1.08956854e+09
 1.08956862e+09 1.08956871e+09 1.08956880e+09 1.08956888e+09
 1.08956897e+09 1.08956906e+09 1.08956914e+09 1.08956923e+09
 1.08956932e+09 1.08956940e+09 1.08956949e+09 1.08956958e+09
 1.08956966e+09 1.08956975e+09 1.08956984e+09 1.08956992e+09
 1.08957001e+09 1.08957009e+09 1.08957018e+09 1.08957027e+09
 1.08957035e+09 1.08957044e+09 1.08957053e+09 1.08957061e+09
 1.08957070e+09 1.08957079e+09 1.08957087e+09 1.08957096e+09
 1.08957105e+09 1.08957113e+09 1.08957122e+09 1.08957131e+09
 1.08957139e+09 1.08957148e+09 1.08957157e+09 1.08957165e+09
 1.08957174e+09 1.08957182e+09 1.08957191e+09 1.08957200e+09
 1.08957208e+09 1.08957217e+09 1.08957226e+09 1.08957234e+09
 1.08957243e+09 1.08957252e+09 1.08957260e+09 1.08957269e+09
 1.08957278e+09 1.08957286e+09 1.08957295e+09 1.08957304e+09
 1.08957312e+09 1.08957321e+09 1.08957329e+09 1.08957338e+09
 1.08957347e+09 1.08957355e+09 1.08957364e+09 1.08957373e+09
 1.08957381e+09 1.08957390e+09 1.08957399e+09 1.08957407e+09
 1.08957416e+09 1.08957425e+09 1.08957433e+09 1.08957442e+09
 1.08957451e+09 1.08957459e+09 1.08957468e+09 1.08957477e+09
 1.08957485e+09 1.08957494e+09 1.08957502e+09 1.08957511e+09
 1.08957520e+09 1.08957528e+09 1.08957537e+09 1.08957546e+09
 1.08957554e+09 1.08957563e+09 1.08957572e+09 1.08957580e+09
 1.08957589e+09 1.08957598e+09 1.08957606e+09 1.08957615e+09
 1.08957624e+09 1.08957632e+09 1.08957641e+09 1.08957649e+09
 1.08957658e+09 1.08957667e+09 1.08957675e+09 1.08957684e+09
 1.08957693e+09 1.08957701e+09 1.08957710e+09 1.08957719e+09
 1.08957727e+09 1.08957736e+09 1.08957745e+09 1.08957753e+09
 1.08957762e+09 1.08957771e+09 1.08957779e+09 1.08957788e+09
 1.08957797e+09 1.08957805e+09 1.08957814e+09 1.08957822e+09
 1.08957831e+09 1.08957840e+09 1.08957848e+09 1.08957857e+09
 1.08957866e+09 1.08957874e+09 1.08957883e+09 1.08957892e+09
 1.08957900e+09 1.08957909e+09 1.08957918e+09 1.08957926e+09
 1.08957935e+09 1.08957944e+09 1.08957952e+09 1.08957961e+09
 1.08957969e+09 1.08957978e+09 1.08957987e+09 1.08957995e+09
 1.08958004e+09 1.08958013e+09 1.08958021e+09 1.08958030e+09
 1.08958039e+09 1.08958047e+09 1.08958056e+09 1.08958065e+09
 1.08958073e+09 1.08958082e+09 1.08958091e+09 1.08958099e+09
 1.08958108e+09 1.08958117e+09 1.08958125e+09 1.08958134e+09
 1.08958142e+09 1.08958151e+09 1.08958160e+09 1.08958168e+09
 1.08958177e+09 1.08958186e+09 1.08958194e+09 1.08958203e+09
 1.08958212e+09 1.08958220e+09 1.08958229e+09 1.08958238e+09
 1.08958246e+09 1.08958255e+09 1.08958264e+09 1.08958272e+09
 1.08958281e+09 1.08958289e+09 1.08958298e+09 1.08958307e+09
 1.08958315e+09 1.08958324e+09 1.08958333e+09 1.08958341e+09
 1.08958350e+09 1.08958359e+09 1.08958367e+09 1.08958376e+09
 1.08958385e+09 1.08958393e+09 1.08958402e+09 1.08958411e+09
 1.08958419e+09 1.08958428e+09 1.08958437e+09 1.08958445e+09
 1.08958454e+09 1.08958462e+09 1.08958471e+09 1.08958480e+09
 1.08958488e+09 1.08958497e+09 1.08958506e+09 1.08958514e+09
 1.08958523e+09 1.08958532e+09 1.08958540e+09 1.08958549e+09
 1.08958558e+09 1.08958566e+09 1.08958575e+09 1.08958584e+09
 1.08958592e+09 1.08958601e+09 1.08958609e+09 1.08958618e+09
 1.08958627e+09 1.08958635e+09 1.08958644e+09 1.08958653e+09
 1.08958661e+09 1.08958670e+09 1.08958679e+09 1.08958687e+09
 1.08958696e+09 1.08958705e+09 1.08958713e+09 1.08958722e+09
 1.08958731e+09 1.08958739e+09 1.08958748e+09 1.08958757e+09
 1.08958765e+09 1.08958774e+09 1.08958782e+09 1.08958791e+09
 1.08958800e+09 1.08958808e+09 1.08958817e+09 1.08958826e+09
 1.08958834e+09 1.08958843e+09 1.08958852e+09 1.08958860e+09
 1.08958869e+09 1.08958878e+09 1.08958886e+09 1.08958895e+09
 1.08958904e+09 1.08958912e+09 1.08958921e+09 1.08958929e+09
 1.08958938e+09 1.08958947e+09 1.08958955e+09 1.08958964e+09
 1.08958973e+09 1.08958981e+09 1.08958990e+09 1.08958999e+09
 1.08959007e+09 1.08959016e+09 1.08959025e+09 1.08959033e+09
 1.08959042e+09 1.08959051e+09 1.08959059e+09 1.08959068e+09
 1.08959077e+09 1.08959085e+09 1.08959094e+09 1.08959102e+09
 1.08959111e+09 1.08959120e+09 1.08959128e+09 1.08959137e+09
 1.08959146e+09 1.08959154e+09 1.08959163e+09 1.08959172e+09
 1.08959180e+09 1.08959189e+09 1.08959198e+09 1.08959206e+09
 1.08959215e+09 1.08959224e+09 1.08959232e+09 1.08959241e+09
 1.08959249e+09 1.08959258e+09 1.08959267e+09 1.08959275e+09
 1.08959284e+09 1.08959293e+09 1.08959301e+09 1.08959310e+09
 1.08959319e+09 1.08959327e+09 1.08959336e+09 1.08959345e+09
 1.08959353e+09 1.08959362e+09 1.08959371e+09 1.08959379e+09
 1.08959388e+09 1.08959397e+09 1.08959405e+09 1.08959414e+09
 1.08959422e+09 1.08959431e+09 1.08959440e+09 1.08959448e+09
 1.08959457e+09 1.08959466e+09 1.08959474e+09 1.08959483e+09
 1.08959492e+09 1.08959500e+09 1.08959509e+09 1.08959518e+09
 1.08959526e+09 1.08959535e+09 1.08959544e+09 1.08959552e+09
 1.08959561e+09 1.08959569e+09 1.08959578e+09 1.08959587e+09
 1.08959595e+09 1.08959604e+09 1.08959613e+09 1.08959621e+09
 1.08959630e+09 1.08959639e+09 1.08959647e+09 1.08959656e+09
 1.08959665e+09 1.08959673e+09 1.08959682e+09 1.08959691e+09
 1.08959699e+09 1.08959708e+09 1.08959717e+09 1.08959725e+09
 1.08959734e+09 1.08959742e+09 1.08959751e+09 1.08959760e+09
 1.08959768e+09 1.08959777e+09 1.08959786e+09 1.08959794e+09
 1.08959803e+09 1.08959812e+09 1.08959820e+09 1.08959829e+09
 1.08959838e+09 1.08959846e+09 1.08959855e+09 1.08959864e+09
 1.08959872e+09 1.08959881e+09 1.08959889e+09 1.08959898e+09
 1.08959907e+09 1.08959915e+09 1.08959924e+09 1.08959933e+09
 1.08959941e+09 1.08959950e+09 1.08959959e+09 1.08959967e+09
 1.08959976e+09 1.08959985e+09 1.08959993e+09 1.08960002e+09
 1.08960011e+09 1.08960019e+09 1.08960028e+09 1.08960037e+09
 1.08960045e+09 1.08960054e+09 1.08960062e+09 1.08960071e+09
 1.08960080e+09 1.08960088e+09 1.08960097e+09 1.08960106e+09
 1.08960114e+09 1.08960123e+09 1.08960132e+09 1.08960140e+09
 1.08960149e+09 1.08960158e+09 1.08960166e+09 1.08960175e+09
 1.08960184e+09 1.08960192e+09 1.08960201e+09 1.08960209e+09
 1.08960218e+09 1.08960227e+09 1.08960235e+09 1.08960244e+09
 1.08960253e+09 1.08960261e+09 1.08960270e+09 1.08960279e+09
 1.08960287e+09 1.08960296e+09 1.08960305e+09 1.08960313e+09
 1.08960322e+09 1.08960331e+09 1.08960339e+09 1.08960348e+09
 1.08960357e+09 1.08960365e+09 1.08960374e+09 1.08960382e+09
 1.08960391e+09 1.08960400e+09 1.08960408e+09 1.08960417e+09
 1.08960426e+09 1.08960434e+09 1.08960443e+09 1.08960452e+09
 1.08960460e+09 1.08960469e+09 1.08960478e+09 1.08960486e+09
 1.08960495e+09 1.08960504e+09 1.08960512e+09 1.08960521e+09
 1.08960529e+09 1.08960538e+09 1.08960547e+09 1.08960555e+09
 1.08960564e+09 1.08960573e+09 1.08960581e+09 1.08960590e+09
 1.08960599e+09 1.08960607e+09 1.08960616e+09 1.08960625e+09
 1.08960633e+09 1.08960642e+09 1.08960651e+09 1.08960659e+09
 1.08960668e+09 1.08960677e+09 1.08960685e+09 1.08960694e+09
 1.08960702e+09 1.08960711e+09 1.08960720e+09 1.08960728e+09
 1.08960737e+09 1.08960746e+09 1.08960754e+09 1.08960763e+09
 1.08960772e+09 1.08960780e+09 1.08960789e+09 1.08960798e+09
 1.08960806e+09 1.08960815e+09 1.08960824e+09 1.08960832e+09
 1.08960841e+09 1.08960849e+09 1.08960858e+09 1.08960867e+09
 1.08960875e+09 1.08960884e+09 1.08960893e+09 1.08960901e+09
 1.08960910e+09 1.08960919e+09 1.08960927e+09 1.08960936e+09
 1.08960945e+09 1.08960953e+09 1.08960962e+09 1.08960971e+09
 1.08960979e+09 1.08960988e+09 1.08960997e+09 1.08961005e+09
 1.08961014e+09 1.08961022e+09 1.08961031e+09 1.08961040e+09
 1.08961048e+09 1.08961057e+09 1.08961066e+09 1.08961074e+09
 1.08961083e+09 1.08961092e+09 1.08961100e+09 1.08961109e+09
 1.08961118e+09 1.08961126e+09 1.08961135e+09 1.08961144e+09
 1.08961152e+09 1.08961161e+09 1.08961169e+09 1.08961178e+09
 1.08961187e+09 1.08961195e+09 1.08961204e+09 1.08961213e+09
 1.08961221e+09 1.08961230e+09 1.08961239e+09 1.08961247e+09
 1.08961256e+09 1.08961265e+09 1.08961273e+09 1.08961282e+09
 1.08961291e+09 1.08961299e+09 1.08961308e+09 1.08961317e+09
 1.08961325e+09 1.08961334e+09 1.08961342e+09 1.08961351e+09
 1.08961360e+09 1.08961368e+09 1.08961377e+09 1.08961386e+09
 1.08961394e+09 1.08961403e+09 1.08961412e+09 1.08961420e+09
 1.08961429e+09 1.08961438e+09 1.08961446e+09 1.08961455e+09
 1.08961464e+09 1.08961472e+09 1.08961481e+09 1.08961489e+09
 1.08961498e+09 1.08961507e+09 1.08961515e+09 1.08961524e+09
 1.08961533e+09 1.08961541e+09 1.08961550e+09 1.08961559e+09
 1.08961567e+09 1.08961576e+09 1.08961585e+09 1.08961593e+09
 1.08961602e+09 1.08961611e+09 1.08961619e+09 1.08961628e+09
 1.08961637e+09 1.08961645e+09 1.08961654e+09 1.08961662e+09
 1.08961671e+09 1.08961680e+09 1.08961688e+09 1.08961697e+09
 1.08961706e+09 1.08961714e+09 1.08961723e+09 1.08961732e+09
 1.08961740e+09 1.08961749e+09 1.08961758e+09 1.08961766e+09
 1.08961775e+09 1.08961784e+09 1.08961792e+09 1.08961801e+09
 1.08961809e+09 1.08961818e+09 1.08961827e+09 1.08961835e+09
 1.08961844e+09 1.08961853e+09 1.08961861e+09 1.08961870e+09]
minRes = 1.7620400119461053
minResTime = [1.08957105e+09]
Cov(t) = [100.         100.         100.         100.         100.
 100.         100.         100.         100.         100.
 100.         100.         100.         100.         100.
 100.         100.         100.         100.         100.
 100.         100.         100.         100.         100.
 100.         100.         100.         100.         100.
 100.         100.         100.         100.         100.
 100.         100.         100.         100.         100.
 100.         100.         100.         100.         100.
 100.         100.         100.         100.         100.
 100.         100.         100.         100.         100.
 100.         100.         100.         100.         100.
 100.         100.         100.         100.         100.
 100.         100.         100.         100.         100.
 100.         100.         100.         100.         100.
 100.         100.         100.         100.         100.
 100.         100.         100.         100.         100.
 100.         100.         100.         100.         100.
 100.         100.         100.         100.         100.
 100.         100.         100.         100.         100.
 100.         100.         100.         100.         100.
 100.         100.         100.         100.         100.
 100.         100.         100.         100.         100.
 100.         100.         100.         100.         100.
 100.         100.         100.         100.         100.
 100.         100.         100.         100.         100.
 100.         100.         100.         100.         100.
 100.         100.         100.         100.         100.
 100.         100.         100.         100.         100.
 100.         100.         100.         100.         100.
 100.         100.         100.         100.         100.
 100.         100.         100.         100.         100.
 100.         100.         100.         100.         100.
 100.         100.         100.         100.         100.
 100.         100.         100.         100.         100.
 100.         100.         100.         100.         100.
 100.         100.         100.         100.         100.
 100.         100.         100.         100.         100.
 100.         100.         100.         100.         100.
 100.         100.         100.         100.         100.
 100.         100.         100.         100.         100.
 100.         100.         100.         100.         100.
 100.         100.         100.         100.         100.
 100.         100.         100.         100.         100.
 100.         100.         100.         100.         100.
 100.         100.         100.         100.         100.
 100.         100.         100.         100.         100.
 100.         100.         100.         100.         100.
 100.         100.         100.         100.         100.
 100.         100.         100.         100.         100.
 100.         100.         100.         100.         100.
 100.         100.         100.         100.         100.
 100.         100.         100.         100.         100.
 100.         100.         100.         100.         100.
 100.         100.         100.         100.         100.
 100.         100.         100.         100.         100.
 100.         100.         100.         100.         100.
 100.         100.         100.         100.         100.
 100.         100.         100.         100.         100.
 100.         100.         100.         100.         100.
 100.         100.         100.         100.         100.
 100.         100.         100.         100.         100.
 100.         100.         100.         100.         100.
 100.         100.         100.         100.         100.
 100.         100.         100.         100.         100.
 100.         100.         100.         100.         100.
 100.         100.         100.         100.         100.
 100.         100.         100.         100.         100.
 100.         100.         100.         100.         100.
 100.         100.         100.         100.         100.
 100.         100.         100.         100.         100.
 100.         100.         100.         100.         100.
 100.         100.         100.         100.         100.
 100.         100.         100.         100.         100.
 100.         100.         100.         100.         100.
 100.         100.         100.         100.         100.
 100.         100.         100.         100.         100.
 100.         100.         100.         100.         100.
 100.         100.         100.         100.         100.
 100.         100.         100.         100.         100.
 100.         100.         100.         100.         100.
 100.         100.         100.         100.         100.
 100.         100.         100.         100.         100.
 100.         100.         100.         100.         100.
 100.         100.         100.         100.         100.
 100.         100.         100.         100.         100.
 100.         100.         100.         100.         100.
 100.         100.         100.         100.         100.
 100.         100.         100.         100.         100.
 100.         100.         100.         100.         100.
 100.         100.         100.         100.         100.
 100.         100.         100.         100.         100.
 100.         100.         100.         100.         100.
 100.         100.         100.         100.         100.
 100.         100.         100.         100.         100.
 100.         100.         100.         100.         100.
 100.         100.         100.         100.         100.
 100.         100.         100.         100.         100.
 100.         100.         100.         100.         100.
 100.         100.         100.         100.         100.
 100.         100.         100.         100.         100.
 100.         100.         100.         100.         100.
 100.         100.         100.         100.         100.
 100.         100.         100.         100.         100.
 100.         100.         100.         100.         100.
 100.         100.         100.         100.         100.
 100.         100.         100.         100.         100.
 100.         100.         100.         100.         100.
 100.         100.         100.         100.         100.
 100.         100.         100.         100.         100.
 100.         100.         100.         100.         100.
 100.         100.         100.         100.         100.
 100.         100.         100.         100.         100.
 100.         100.         100.         100.         100.
 100.         100.         100.         100.         100.
 100.         100.         100.         100.         100.
 100.         100.         100.         100.         100.
 100.         100.         100.         100.         100.
 100.         100.         100.         100.         100.
 100.         100.         100.         100.         100.
 100.         100.         100.         100.         100.
 100.         100.         100.         100.         100.
 100.         100.         100.         100.         100.
 100.         100.         100.         100.         100.
 100.         100.         100.         100.         100.
 100.         100.         100.         100.         100.
 100.         100.         100.         100.         100.
 100.         100.         100.         100.         100.
 100.         100.         100.         100.         100.
 100.         100.         100.         100.         100.
 100.         100.         100.         100.         100.
 100.         100.         100.         100.         100.
 100.         100.         100.         100.         100.
 100.         100.         100.         100.         100.
 100.         100.         100.         100.         100.
 100.         100.         100.         100.         100.
 100.         100.         100.         100.         100.
 100.         100.         100.         100.         100.
 100.         100.         100.         100.         100.
 100.         100.         100.         100.         100.
 100.         100.         100.         100.         100.
 100.         100.         100.         100.         100.
 100.         100.         100.         100.         100.
 100.         100.         100.         100.         100.
 100.         100.         100.         100.         100.
 100.         100.         100.         100.         100.
 100.         100.         100.         100.         100.
 100.         100.         100.         100.         100.
 100.         100.         100.         100.         100.
 100.         100.         100.         100.         100.
 100.         100.         100.         100.         100.
 100.         100.         100.         100.         100.
 100.         100.         100.         100.         100.
 100.         100.         100.         100.         100.
 100.         100.         100.         100.         100.
 100.         100.         100.         100.         100.
 100.         100.         100.         100.         100.
 100.         100.         100.         100.         100.
 100.         100.         100.         100.         100.
 100.         100.         100.         100.         100.
 100.         100.         100.         100.         100.
 100.         100.         100.         100.         100.
 100.         100.         100.         100.         100.
 100.         100.         100.         100.         100.
 100.         100.         100.         100.         100.
 100.         100.         100.         100.         100.
 100.         100.         100.         100.         100.
 100.         100.         100.         100.         100.
 100.         100.         100.         100.         100.
 100.         100.         100.         100.         100.
 100.         100.         100.         100.         100.
 100.         100.         100.         100.         100.
 100.         100.         100.         100.         100.
 100.         100.         100.         100.         100.
 100.         100.         100.         100.         100.
 100.         100.         100.         100.         100.
 100.         100.         100.         100.         100.
 100.         100.         100.         100.         100.
 100.         100.         100.         100.         100.
 100.         100.         100.         100.         100.
 100.         100.         100.         100.         100.
 100.         100.         100.         100.         100.
 100.         100.         100.         100.         100.
 100.         100.         100.         100.         100.
 100.         100.         100.         100.         100.
 100.         100.         100.         100.         100.
 100.         100.         100.         100.         100.
 100.         100.         100.          72.02598093  71.98849884
  71.95061719  71.91231844  71.87358345  71.83439228  71.79472217
  71.75454954  71.71384777  71.67258773  71.63073827  71.58826394
  70.40995504  70.36485619  70.31913672  70.27275866  70.22568172
  70.1778589   70.12923847  70.07976193  70.02936168  69.97796087
  69.92547003  69.87178435  69.81677828  69.76030131  69.70216702
  69.64214163  69.57953443  69.51286599  69.44097552  69.36277311
  69.27546407  69.17257445 100.         100.         100.
 100.         100.         100.         100.         100.
 100.         100.         100.         100.         100.
 100.         100.         100.         100.         100.
 100.         100.         100.         100.         100.
 100.         100.         100.         100.         100.        ]
maxCov = 100.0
maxCovTime = [1.08953230e+09 1.08953239e+09 1.08953247e+09 1.08953256e+09
 1.08953265e+09 1.08953273e+09 1.08953282e+09 1.08953291e+09
 1.08953299e+09 1.08953308e+09 1.08953317e+09 1.08953325e+09
 1.08953334e+09 1.08953342e+09 1.08953351e+09 1.08953360e+09
 1.08953368e+09 1.08953377e+09 1.08953386e+09 1.08953394e+09
 1.08953403e+09 1.08953412e+09 1.08953420e+09 1.08953429e+09
 1.08953438e+09 1.08953446e+09 1.08953455e+09 1.08953464e+09
 1.08953472e+09 1.08953481e+09 1.08953489e+09 1.08953498e+09
 1.08953507e+09 1.08953515e+09 1.08953524e+09 1.08953533e+09
 1.08953541e+09 1.08953550e+09 1.08953559e+09 1.08953567e+09
 1.08953576e+09 1.08953585e+09 1.08953593e+09 1.08953602e+09
 1.08953611e+09 1.08953619e+09 1.08953628e+09 1.08953637e+09
 1.08953645e+09 1.08953654e+09 1.08953662e+09 1.08953671e+09
 1.08953680e+09 1.08953688e+09 1.08953697e+09 1.08953706e+09
 1.08953714e+09 1.08953723e+09 1.08953732e+09 1.08953740e+09
 1.08953749e+09 1.08953758e+09 1.08953766e+09 1.08953775e+09
 1.08953784e+09 1.08953792e+09 1.08953801e+09 1.08953809e+09
 1.08953818e+09 1.08953827e+09 1.08953835e+09 1.08953844e+09
 1.08953853e+09 1.08953861e+09 1.08953870e+09 1.08953879e+09
 1.08953887e+09 1.08953896e+09 1.08953905e+09 1.08953913e+09
 1.08953922e+09 1.08953931e+09 1.08953939e+09 1.08953948e+09
 1.08953957e+09 1.08953965e+09 1.08953974e+09 1.08953982e+09
 1.08953991e+09 1.08954000e+09 1.08954008e+09 1.08954017e+09
 1.08954026e+09 1.08954034e+09 1.08954043e+09 1.08954052e+09
 1.08954060e+09 1.08954069e+09 1.08954078e+09 1.08954086e+09
 1.08954095e+09 1.08954104e+09 1.08954112e+09 1.08954121e+09
 1.08954129e+09 1.08954138e+09 1.08954147e+09 1.08954155e+09
 1.08954164e+09 1.08954173e+09 1.08954181e+09 1.08954190e+09
 1.08954199e+09 1.08954207e+09 1.08954216e+09 1.08954225e+09
 1.08954233e+09 1.08954242e+09 1.08954251e+09 1.08954259e+09
 1.08954268e+09 1.08954277e+09 1.08954285e+09 1.08954294e+09
 1.08954302e+09 1.08954311e+09 1.08954320e+09 1.08954328e+09
 1.08954337e+09 1.08954346e+09 1.08954354e+09 1.08954363e+09
 1.08954372e+09 1.08954380e+09 1.08954389e+09 1.08954398e+09
 1.08954406e+09 1.08954415e+09 1.08954424e+09 1.08954432e+09
 1.08954441e+09 1.08954449e+09 1.08954458e+09 1.08954467e+09
 1.08954475e+09 1.08954484e+09 1.08954493e+09 1.08954501e+09
 1.08954510e+09 1.08954519e+09 1.08954527e+09 1.08954536e+09
 1.08954545e+09 1.08954553e+09 1.08954562e+09 1.08954571e+09
 1.08954579e+09 1.08954588e+09 1.08954597e+09 1.08954605e+09
 1.08954614e+09 1.08954622e+09 1.08954631e+09 1.08954640e+09
 1.08954648e+09 1.08954657e+09 1.08954666e+09 1.08954674e+09
 1.08954683e+09 1.08954692e+09 1.08954700e+09 1.08954709e+09
 1.08954718e+09 1.08954726e+09 1.08954735e+09 1.08954744e+09
 1.08954752e+09 1.08954761e+09 1.08954769e+09 1.08954778e+09
 1.08954787e+09 1.08954795e+09 1.08954804e+09 1.08954813e+09
 1.08954821e+09 1.08954830e+09 1.08954839e+09 1.08954847e+09
 1.08954856e+09 1.08954865e+09 1.08954873e+09 1.08954882e+09
 1.08954891e+09 1.08954899e+09 1.08954908e+09 1.08954917e+09
 1.08954925e+09 1.08954934e+09 1.08954942e+09 1.08954951e+09
 1.08954960e+09 1.08954968e+09 1.08954977e+09 1.08954986e+09
 1.08954994e+09 1.08955003e+09 1.08955012e+09 1.08955020e+09
 1.08955029e+09 1.08955038e+09 1.08955046e+09 1.08955055e+09
 1.08955064e+09 1.08955072e+09 1.08955081e+09 1.08955089e+09
 1.08955098e+09 1.08955107e+09 1.08955115e+09 1.08955124e+09
 1.08955133e+09 1.08955141e+09 1.08955150e+09 1.08955159e+09
 1.08955167e+09 1.08955176e+09 1.08955185e+09 1.08955193e+09
 1.08955202e+09 1.08955211e+09 1.08955219e+09 1.08955228e+09
 1.08955237e+09 1.08955245e+09 1.08955254e+09 1.08955262e+09
 1.08955271e+09 1.08955280e+09 1.08955288e+09 1.08955297e+09
 1.08955306e+09 1.08955314e+09 1.08955323e+09 1.08955332e+09
 1.08955340e+09 1.08955349e+09 1.08955358e+09 1.08955366e+09
 1.08955375e+09 1.08955384e+09 1.08955392e+09 1.08955401e+09
 1.08955409e+09 1.08955418e+09 1.08955427e+09 1.08955435e+09
 1.08955444e+09 1.08955453e+09 1.08955461e+09 1.08955470e+09
 1.08955479e+09 1.08955487e+09 1.08955496e+09 1.08955505e+09
 1.08955513e+09 1.08955522e+09 1.08955531e+09 1.08955539e+09
 1.08955548e+09 1.08955557e+09 1.08955565e+09 1.08955574e+09
 1.08955582e+09 1.08955591e+09 1.08955600e+09 1.08955608e+09
 1.08955617e+09 1.08955626e+09 1.08955634e+09 1.08955643e+09
 1.08955652e+09 1.08955660e+09 1.08955669e+09 1.08955678e+09
 1.08955686e+09 1.08955695e+09 1.08955704e+09 1.08955712e+09
 1.08955721e+09 1.08955729e+09 1.08955738e+09 1.08955747e+09
 1.08955755e+09 1.08955764e+09 1.08955773e+09 1.08955781e+09
 1.08955790e+09 1.08955799e+09 1.08955807e+09 1.08955816e+09
 1.08955825e+09 1.08955833e+09 1.08955842e+09 1.08955851e+09
 1.08955859e+09 1.08955868e+09 1.08955877e+09 1.08955885e+09
 1.08955894e+09 1.08955902e+09 1.08955911e+09 1.08955920e+09
 1.08955928e+09 1.08955937e+09 1.08955946e+09 1.08955954e+09
 1.08955963e+09 1.08955972e+09 1.08955980e+09 1.08955989e+09
 1.08955998e+09 1.08956006e+09 1.08956015e+09 1.08956024e+09
 1.08956032e+09 1.08956041e+09 1.08956049e+09 1.08956058e+09
 1.08956067e+09 1.08956075e+09 1.08956084e+09 1.08956093e+09
 1.08956101e+09 1.08956110e+09 1.08956119e+09 1.08956127e+09
 1.08956136e+09 1.08956145e+09 1.08956153e+09 1.08956162e+09
 1.08956171e+09 1.08956179e+09 1.08956188e+09 1.08956197e+09
 1.08956205e+09 1.08956214e+09 1.08956222e+09 1.08956231e+09
 1.08956240e+09 1.08956248e+09 1.08956257e+09 1.08956266e+09
 1.08956274e+09 1.08956283e+09 1.08956292e+09 1.08956300e+09
 1.08956309e+09 1.08956318e+09 1.08956326e+09 1.08956335e+09
 1.08956344e+09 1.08956352e+09 1.08956361e+09 1.08956369e+09
 1.08956378e+09 1.08956387e+09 1.08956395e+09 1.08956404e+09
 1.08956413e+09 1.08956421e+09 1.08956430e+09 1.08956439e+09
 1.08956447e+09 1.08956456e+09 1.08956465e+09 1.08956473e+09
 1.08956482e+09 1.08956491e+09 1.08956499e+09 1.08956508e+09
 1.08956517e+09 1.08956525e+09 1.08956534e+09 1.08956542e+09
 1.08956551e+09 1.08956560e+09 1.08956568e+09 1.08956577e+09
 1.08956586e+09 1.08956594e+09 1.08956603e+09 1.08956612e+09
 1.08956620e+09 1.08956629e+09 1.08956638e+09 1.08956646e+09
 1.08956655e+09 1.08956664e+09 1.08956672e+09 1.08956681e+09
 1.08956689e+09 1.08956698e+09 1.08956707e+09 1.08956715e+09
 1.08956724e+09 1.08956733e+09 1.08956741e+09 1.08956750e+09
 1.08956759e+09 1.08956767e+09 1.08956776e+09 1.08956785e+09
 1.08956793e+09 1.08956802e+09 1.08956811e+09 1.08956819e+09
 1.08956828e+09 1.08956837e+09 1.08956845e+09 1.08956854e+09
 1.08956862e+09 1.08956871e+09 1.08956880e+09 1.08956888e+09
 1.08956897e+09 1.08956906e+09 1.08956914e+09 1.08956923e+09
 1.08956932e+09 1.08956940e+09 1.08956949e+09 1.08956958e+09
 1.08956966e+09 1.08956975e+09 1.08956984e+09 1.08956992e+09
 1.08957001e+09 1.08957009e+09 1.08957018e+09 1.08957027e+09
 1.08957035e+09 1.08957044e+09 1.08957053e+09 1.08957061e+09
 1.08957070e+09 1.08957079e+09 1.08957087e+09 1.08957096e+09
 1.08957105e+09 1.08957113e+09 1.08957122e+09 1.08957131e+09
 1.08957139e+09 1.08957148e+09 1.08957157e+09 1.08957165e+09
 1.08957174e+09 1.08957182e+09 1.08957191e+09 1.08957200e+09
 1.08957208e+09 1.08957217e+09 1.08957226e+09 1.08957234e+09
 1.08957243e+09 1.08957252e+09 1.08957260e+09 1.08957269e+09
 1.08957278e+09 1.08957286e+09 1.08957295e+09 1.08957304e+09
 1.08957312e+09 1.08957321e+09 1.08957329e+09 1.08957338e+09
 1.08957347e+09 1.08957355e+09 1.08957364e+09 1.08957373e+09
 1.08957381e+09 1.08957390e+09 1.08957399e+09 1.08957407e+09
 1.08957416e+09 1.08957425e+09 1.08957433e+09 1.08957442e+09
 1.08957451e+09 1.08957459e+09 1.08957468e+09 1.08957477e+09
 1.08957485e+09 1.08957494e+09 1.08957502e+09 1.08957511e+09
 1.08957520e+09 1.08957528e+09 1.08957537e+09 1.08957546e+09
 1.08957554e+09 1.08957563e+09 1.08957572e+09 1.08957580e+09
 1.08957589e+09 1.08957598e+09 1.08957606e+09 1.08957615e+09
 1.08957624e+09 1.08957632e+09 1.08957641e+09 1.08957649e+09
 1.08957658e+09 1.08957667e+09 1.08957675e+09 1.08957684e+09
 1.08957693e+09 1.08957701e+09 1.08957710e+09 1.08957719e+09
 1.08957727e+09 1.08957736e+09 1.08957745e+09 1.08957753e+09
 1.08957762e+09 1.08957771e+09 1.08957779e+09 1.08957788e+09
 1.08957797e+09 1.08957805e+09 1.08957814e+09 1.08957822e+09
 1.08957831e+09 1.08957840e+09 1.08957848e+09 1.08957857e+09
 1.08957866e+09 1.08957874e+09 1.08957883e+09 1.08957892e+09
 1.08957900e+09 1.08957909e+09 1.08957918e+09 1.08957926e+09
 1.08957935e+09 1.08957944e+09 1.08957952e+09 1.08957961e+09
 1.08957969e+09 1.08957978e+09 1.08957987e+09 1.08957995e+09
 1.08958004e+09 1.08958013e+09 1.08958021e+09 1.08958030e+09
 1.08958039e+09 1.08958047e+09 1.08958056e+09 1.08958065e+09
 1.08958073e+09 1.08958082e+09 1.08958091e+09 1.08958099e+09
 1.08958108e+09 1.08958117e+09 1.08958125e+09 1.08958134e+09
 1.08958142e+09 1.08958151e+09 1.08958160e+09 1.08958168e+09
 1.08958177e+09 1.08958186e+09 1.08958194e+09 1.08958203e+09
 1.08958212e+09 1.08958220e+09 1.08958229e+09 1.08958238e+09
 1.08958246e+09 1.08958255e+09 1.08958264e+09 1.08958272e+09
 1.08958281e+09 1.08958289e+09 1.08958298e+09 1.08958307e+09
 1.08958315e+09 1.08958324e+09 1.08958333e+09 1.08958341e+09
 1.08958350e+09 1.08958359e+09 1.08958367e+09 1.08958376e+09
 1.08958385e+09 1.08958393e+09 1.08958402e+09 1.08958411e+09
 1.08958419e+09 1.08958428e+09 1.08958437e+09 1.08958445e+09
 1.08958454e+09 1.08958462e+09 1.08958471e+09 1.08958480e+09
 1.08958488e+09 1.08958497e+09 1.08958506e+09 1.08958514e+09
 1.08958523e+09 1.08958532e+09 1.08958540e+09 1.08958549e+09
 1.08958558e+09 1.08958566e+09 1.08958575e+09 1.08958584e+09
 1.08958592e+09 1.08958601e+09 1.08958609e+09 1.08958618e+09
 1.08958627e+09 1.08958635e+09 1.08958644e+09 1.08958653e+09
 1.08958661e+09 1.08958670e+09 1.08958679e+09 1.08958687e+09
 1.08958696e+09 1.08958705e+09 1.08958713e+09 1.08958722e+09
 1.08958731e+09 1.08958739e+09 1.08958748e+09 1.08958757e+09
 1.08958765e+09 1.08958774e+09 1.08958782e+09 1.08958791e+09
 1.08958800e+09 1.08958808e+09 1.08958817e+09 1.08958826e+09
 1.08958834e+09 1.08958843e+09 1.08958852e+09 1.08958860e+09
 1.08958869e+09 1.08958878e+09 1.08958886e+09 1.08958895e+09
 1.08958904e+09 1.08958912e+09 1.08958921e+09 1.08958929e+09
 1.08958938e+09 1.08958947e+09 1.08958955e+09 1.08958964e+09
 1.08958973e+09 1.08958981e+09 1.08958990e+09 1.08958999e+09
 1.08959007e+09 1.08959016e+09 1.08959025e+09 1.08959033e+09
 1.08959042e+09 1.08959051e+09 1.08959059e+09 1.08959068e+09
 1.08959077e+09 1.08959085e+09 1.08959094e+09 1.08959102e+09
 1.08959111e+09 1.08959120e+09 1.08959128e+09 1.08959137e+09
 1.08959146e+09 1.08959154e+09 1.08959163e+09 1.08959172e+09
 1.08959180e+09 1.08959189e+09 1.08959198e+09 1.08959206e+09
 1.08959215e+09 1.08959224e+09 1.08959232e+09 1.08959241e+09
 1.08959249e+09 1.08959258e+09 1.08959267e+09 1.08959275e+09
 1.08959284e+09 1.08959293e+09 1.08959301e+09 1.08959310e+09
 1.08959319e+09 1.08959327e+09 1.08959336e+09 1.08959345e+09
 1.08959353e+09 1.08959362e+09 1.08959371e+09 1.08959379e+09
 1.08959388e+09 1.08959397e+09 1.08959405e+09 1.08959414e+09
 1.08959422e+09 1.08959431e+09 1.08959440e+09 1.08959448e+09
 1.08959457e+09 1.08959466e+09 1.08959474e+09 1.08959483e+09
 1.08959492e+09 1.08959500e+09 1.08959509e+09 1.08959518e+09
 1.08959526e+09 1.08959535e+09 1.08959544e+09 1.08959552e+09
 1.08959561e+09 1.08959569e+09 1.08959578e+09 1.08959587e+09
 1.08959595e+09 1.08959604e+09 1.08959613e+09 1.08959621e+09
 1.08959630e+09 1.08959639e+09 1.08959647e+09 1.08959656e+09
 1.08959665e+09 1.08959673e+09 1.08959682e+09 1.08959691e+09
 1.08959699e+09 1.08959708e+09 1.08959717e+09 1.08959725e+09
 1.08959734e+09 1.08959742e+09 1.08959751e+09 1.08959760e+09
 1.08959768e+09 1.08959777e+09 1.08959786e+09 1.08959794e+09
 1.08959803e+09 1.08959812e+09 1.08959820e+09 1.08959829e+09
 1.08959838e+09 1.08959846e+09 1.08959855e+09 1.08959864e+09
 1.08959872e+09 1.08959881e+09 1.08959889e+09 1.08959898e+09
 1.08959907e+09 1.08959915e+09 1.08959924e+09 1.08959933e+09
 1.08959941e+09 1.08959950e+09 1.08959959e+09 1.08959967e+09
 1.08959976e+09 1.08959985e+09 1.08959993e+09 1.08960002e+09
 1.08960011e+09 1.08960019e+09 1.08960028e+09 1.08960037e+09
 1.08960045e+09 1.08960054e+09 1.08960062e+09 1.08960071e+09
 1.08960080e+09 1.08960088e+09 1.08960097e+09 1.08960106e+09
 1.08960114e+09 1.08960123e+09 1.08960132e+09 1.08960140e+09
 1.08960149e+09 1.08960158e+09 1.08960166e+09 1.08960175e+09
 1.08960184e+09 1.08960192e+09 1.08960201e+09 1.08960209e+09
 1.08960218e+09 1.08960227e+09 1.08960235e+09 1.08960244e+09
 1.08960253e+09 1.08960261e+09 1.08960270e+09 1.08960279e+09
 1.08960287e+09 1.08960296e+09 1.08960305e+09 1.08960313e+09
 1.08960322e+09 1.08960331e+09 1.08960339e+09 1.08960348e+09
 1.08960357e+09 1.08960365e+09 1.08960374e+09 1.08960382e+09
 1.08960391e+09 1.08960400e+09 1.08960408e+09 1.08960417e+09
 1.08960426e+09 1.08960434e+09 1.08960443e+09 1.08960452e+09
 1.08960460e+09 1.08960469e+09 1.08960478e+09 1.08960486e+09
 1.08960495e+09 1.08960504e+09 1.08960512e+09 1.08960521e+09
 1.08960529e+09 1.08960538e+09 1.08960547e+09 1.08960555e+09
 1.08960564e+09 1.08960573e+09 1.08960581e+09 1.08960590e+09
 1.08960599e+09 1.08960607e+09 1.08960616e+09 1.08960625e+09
 1.08960633e+09 1.08960642e+09 1.08960651e+09 1.08960659e+09
 1.08960668e+09 1.08960677e+09 1.08960685e+09 1.08960694e+09
 1.08960702e+09 1.08960711e+09 1.08960720e+09 1.08960728e+09
 1.08960737e+09 1.08960746e+09 1.08960754e+09 1.08960763e+09
 1.08960772e+09 1.08960780e+09 1.08960789e+09 1.08960798e+09
 1.08960806e+09 1.08960815e+09 1.08960824e+09 1.08960832e+09
 1.08960841e+09 1.08960849e+09 1.08960858e+09 1.08960867e+09
 1.08960875e+09 1.08960884e+09 1.08960893e+09 1.08960901e+09
 1.08960910e+09 1.08960919e+09 1.08960927e+09 1.08960936e+09
 1.08960945e+09 1.08960953e+09 1.08960962e+09 1.08960971e+09
 1.08960979e+09 1.08960988e+09 1.08960997e+09 1.08961005e+09
 1.08961014e+09 1.08961022e+09 1.08961031e+09 1.08961040e+09
 1.08961048e+09 1.08961057e+09 1.08961066e+09 1.08961074e+09
 1.08961083e+09 1.08961092e+09 1.08961100e+09 1.08961109e+09
 1.08961118e+09 1.08961126e+09 1.08961135e+09 1.08961144e+09
 1.08961152e+09 1.08961161e+09 1.08961169e+09 1.08961178e+09
 1.08961187e+09 1.08961195e+09 1.08961204e+09 1.08961213e+09
 1.08961221e+09 1.08961230e+09 1.08961239e+09 1.08961247e+09
 1.08961256e+09 1.08961265e+09 1.08961273e+09 1.08961282e+09
 1.08961291e+09 1.08961299e+09 1.08961308e+09 1.08961317e+09
 1.08961325e+09 1.08961334e+09 1.08961637e+09 1.08961645e+09
 1.08961654e+09 1.08961662e+09 1.08961671e+09 1.08961680e+09
 1.08961688e+09 1.08961697e+09 1.08961706e+09 1.08961714e+09
 1.08961723e+09 1.08961732e+09 1.08961740e+09 1.08961749e+09
 1.08961758e+09 1.08961766e+09 1.08961775e+09 1.08961784e+09
 1.08961792e+09 1.08961801e+09 1.08961809e+09 1.08961818e+09
 1.08961827e+09 1.08961835e+09 1.08961844e+09 1.08961853e+09
 1.08961861e+09 1.08961870e+09]
