name =JUICE_ROI_GAN_2_0_05
flyby = ['2034 JUL 11 19:50:31', '2034 JUL 12 19:50:31']
Observation TW = <SpiceCell dtype = 1, length = 0, size = 3200, card = 12, is_set = 1, adjust = 0, init = 1, base = 94725110654112, data = 94725110654160>
Res(t) = [2.00446221 2.00431901 2.00417743 2.00403747 2.00389914 2.00376242
 2.00362733 2.00349386 2.003362   2.00323175 2.00310312 2.00297611
 2.0028507  2.0027269  2.0026047  2.00248411 2.00236513 2.00224775
 2.00213196 2.00201778 2.0019052  2.0017942  2.00168481 2.001577
 2.00147079 2.00136617 2.00126313 2.00116168 2.00106181 2.00096352
 2.00086682 2.00077169 2.00067815 2.00058618 2.00049578 2.00040695
 2.0003197  2.00023401 2.00014989 2.00006734 1.99998635 1.99990693
 1.99982906 1.99975276 1.99967801 1.99960481 1.99953317 1.99946309
 1.99939455 1.99932756 1.99926212 1.99919822 1.99913587 1.99907506
 1.99901579 1.99895805 1.99890186 1.99884719 1.99879407 1.99874247
 1.9986924  1.99864386 1.99859684 1.99855135 1.99850738 1.99846494
 1.99842401 1.99838459 1.9983467  1.99831031 1.99827544 1.99824208
 1.99821023 1.99817988 1.99815104 1.99812369 1.99809785 1.99807351
 1.99805067 1.99802932 1.99800947 1.9979911  1.99797423 1.99795884
 1.99794495 1.99793253 1.9979216  1.99791215 1.99790417 1.99789768
 1.99789266 1.99788911 1.99788703 1.99788642 1.99788728 1.99788961
 1.9978934  1.99789865 1.99790536 1.99791353 1.99792316 1.99793424
 1.99794677 1.99796076 1.99797619 1.99799307 1.99801139 1.99803116
 1.99805237 1.99807502 1.9980991  1.99812462 1.99815158 1.99817996
 1.99820978 1.99824102 1.99827369 1.99830778 1.99834329 1.99838022
 1.99841858 1.99845834 1.99849952 1.99854212 1.99858612 1.99863153
 1.99867835 1.99872657 1.9987762  1.99882722 1.99887964 1.99893346
 1.99898868 1.99904528 1.99910328 1.99916266 1.99922343 1.99928559
 1.99934913 1.99941405 1.99948034 1.99954802 1.99961707 1.99968749
 1.99975928 1.99983244 1.99990696 1.99998285 2.0000601  2.00013872
 2.00021869 2.00030002 2.0003827  2.00046673 2.00055212 2.00063885
 2.00072693 2.00081635 2.00090712 2.00099922 2.00109266 2.00118744
 2.00128356 2.001381   2.00147978 2.00157988 2.00168131 2.00178406
 2.00188813 2.00199353 2.00210024 2.00220826 2.0023176  2.00242825
 2.00254021 2.00265348 2.00276805 2.00288393 2.0030011  2.00311958
 2.00323935 2.00336041 2.00348277 2.00360642 2.00373136 2.00385758
 2.00398509 2.00411388 2.00424394 2.00437529 2.00450791 2.00464181
 2.00477698 2.00491342 2.00505112 2.00519009 2.00533032 2.00547182
 2.00561457 2.00575858 2.00590384 2.00605036 2.00619813 2.00634714
 2.0064974  2.00664891 2.00680165 2.00695564 2.00711086 2.00726732
 2.00742501 2.00758394 2.00774409 2.00790547 2.00806807 2.0082319
 2.00839695 2.00856321 2.00873069 2.00889939 2.00906929 2.00924041
 2.00941273 2.00958626 2.009761   2.00993693 2.01011406 2.01029239
 2.01047191 2.01065263 2.01083453 2.01101763 2.01120191 2.01138737
 2.01157402 2.01176184 2.01195084 2.01214102 2.01233236 2.01252488
 2.01271857 2.01291343 2.01310944 2.01330662 2.01350496 2.01370446
 2.01390511 2.01410692 2.01430987 2.01451398 2.01471923 2.01492562
 2.01513316 2.01534184 2.01555166 2.01576261 2.01597469 2.01618791
 2.01640225 2.01661772 2.01683432 2.01705204 2.01727087 2.01749083
 2.0177119  2.01793409 2.01815738 2.01838179 2.0186073  2.01883392
 2.01906164 2.01929046 2.01952038 2.01975139 2.0199835  2.0202167
 2.02045099 2.02068636 2.02092282 2.02116036 2.02139899 2.02163869
 2.02187946 2.02212131 2.02236424 2.02260823 2.02285329 2.02309941
 2.02334659 2.02359484 2.02384414 2.0240945  2.02434592 2.02459838
 2.02485189 2.02510645 2.02536206 2.02561871 2.0258764  2.02613512
 2.02639488 2.02665568 2.02691751 2.02718036 2.02744425 2.02770915
 2.02797508 2.02824203 2.02851    2.02877899 2.02904898 2.02931999
 2.02959201 2.02986503 2.03013906 2.03041409 2.03069013 2.03096716
 2.03124518 2.0315242  2.03180421 2.03208521 2.03236719 2.03265016
 2.03293411 2.03321904 2.03350495 2.03379184 2.0340797  2.03436852
 2.03465832 2.03494909 2.03524081 2.03553351 2.03582716 2.03612176
 2.03641733 2.03671384 2.03701131 2.03730973 2.03760909 2.0379094
 2.03821064 2.03851283 2.03881596 2.03912002 2.03942501 2.03973094
 2.04003779 2.04034557 2.04065427 2.0409639  2.04127444 2.0415859
 2.04189828 2.04221157 2.04252577 2.04284088 2.04315689 2.04347381
 2.04379163 2.04411035 2.04442997 2.04475048 2.04507189 2.04539418
 2.04571736 2.04604143 2.04636639 2.04669222 2.04701894 2.04734653
 2.04767499 2.04800433 2.04833454 2.04866562 2.04899756 2.04933037
 2.04966404 2.04999856 2.05033395 2.05067019 2.05100728 2.05134522
 2.05168401 2.05202365 2.05236413 2.05270545 2.05304761 2.05339061
 2.05373445 2.05407911 2.05442461 2.05477093 2.05511808 2.05546605
 2.05581485 2.05616446 2.0565149  2.05686614 2.0572182  2.05757107
 2.05792475 2.05827923 2.05863452 2.05899061 2.0593475  2.05970518
 2.06006366 2.06042293 2.060783   2.06114385 2.06150549 2.06186791
 2.06223111 2.0625951  2.06295986 2.06332539 2.0636917  2.06405878
 2.06442663 2.06479524 2.06516462 2.06553476 2.06590566 2.06627732
 2.06664973 2.06702289 2.06739681 2.06777148 2.06814689 2.06852304
 2.06889994 2.06927758 2.06965596 2.07003507 2.07041492 2.07079549
 2.0711768  2.07155883 2.07194159 2.07232507 2.07270927 2.07309419
 2.07347982 2.07386617 2.07425323 2.074641   2.07502948 2.07541866
 2.07580855 2.07619913 2.07659042 2.0769824  2.07737507 2.07776844
 2.0781625  2.07855725 2.07895268 2.07934879 2.07974559 2.08014307
 2.08054122 2.08094005 2.08133955 2.08173972 2.08214056 2.08254207
 2.08294424 2.08334707 2.08375056 2.08415471 2.08455952 2.08496498
 2.08537109 2.08577785 2.08618526 2.08659331 2.08700201 2.08741135
 2.08782132 2.08823193 2.08864318 2.08905506 2.08946756 2.0898807
 2.09029446 2.09070885 2.09112386 2.09153948 2.09195573 2.09237259
 2.09279006 2.09320815 2.09362684 2.09404614 2.09446605 2.09488655
 2.09530766 2.09572937 2.09615167 2.09657457 2.09699806 2.09742214
 2.09784681 2.09827206 2.0986979  2.09912432 2.09955132 2.0999789
 2.10040705 2.10083577 2.10126507 2.10169494 2.10212537 2.10255637
 2.10298793 2.10342006 2.10385274 2.10428598 2.10471977 2.10515412
 2.10558902 2.10602446 2.10646046 2.106897   2.10733408 2.1077717
 2.10820985 2.10864855 2.10908778 2.10952754 2.10996783 2.11040866
 2.11085    2.11129187 2.11173427 2.11217718 2.11262061 2.11306456
 2.11350902 2.11395399 2.11439947 2.11484547 2.11529196 2.11573896
 2.11618647 2.11663447 2.11708297 2.11753197 2.11798146 2.11843144
 2.11888191 2.11933287 2.11978432 2.12023625 2.12068866 2.12114155
 2.12159492 2.12204876 2.12250308 2.12295787 2.12341313 2.12386886
 2.12432506 2.12478172 2.12523884 2.12569642 2.12615446 2.12661295
 2.1270719  2.1275313  2.12799116 2.12845146 2.1289122  2.12937339
 2.12983503 2.1302971  2.13075961 2.13122256 2.13168595 2.13214976
 2.13261401 2.13307869 2.13354379 2.13400932 2.13447527 2.13494164
 2.13540843 2.13587564 2.13634326 2.1368113  2.13727975 2.13774861
 2.13821787 2.13868755 2.13915762 2.1396281  2.14009898 2.14057025
 2.14104192 2.14151399 2.14198645 2.1424593  2.14293254 2.14340616
 2.14388017 2.14435456 2.14482934 2.14530449 2.14578002 2.14625592
 2.1467322  2.14720885 2.14768588 2.14816326 2.14864102 2.14911914
 2.14959762 2.15007646 2.15055566 2.15103522 2.15151513 2.1519954
 2.15247602 2.15295699 2.1534383  2.15391996 2.15440196 2.15488431
 2.155367   2.15585002 2.15633339 2.15681708 2.15730111 2.15778547
 2.15827016 2.15875518 2.15924053 2.15972619 2.16021218 2.16069849
 2.16118512 2.16167207 2.16215933 2.1626469  2.16313479 2.16362298
 2.16411148 2.16460029 2.1650894  2.16557882 2.16606853 2.16655855
 2.16704886 2.16753947 2.16803037 2.16852156 2.16901304 2.16950482
 2.16999687 2.17048922 2.17098184 2.17147475 2.17196793 2.1724614
 2.17295514 2.17344915 2.17394344 2.174438   2.17493282 2.17542792
 2.17592328 2.1764189  2.17691479 2.17741094 2.17790734 2.178404
 2.17890092 2.17939809 2.17989552 2.18039319 2.18089111 2.18138928
 2.1818877  2.18238636 2.18288526 2.1833844  2.18388377 2.18438339
 2.18488324 2.18538332 2.18588364 2.18638418 2.18688496 2.18738596
 2.18788718 2.18838863 2.1888903  2.18939219 2.1898943  2.19039663
 2.19089917 2.19140192 2.19190489 2.19240807 2.19291145 2.19341504
 2.19391884 2.19442284 2.19492704 2.19543144 2.19593605 2.19644084
 2.19694584 2.19745103 2.19795641 2.19846198 2.19896774 2.19947369
 2.19997982 2.20048614 2.20099264 2.20149932 2.20200618 2.20251322
 2.20302044 2.20352783 2.20403539 2.20454313 2.20505103 2.20555911
 2.20606735 2.20657575 2.20708432 2.20759306 2.20810195 2.208611
 2.20912021 2.20962957 2.21013909 2.21064877 2.21115859 2.21166856
 2.21217868 2.21268895 2.21319937 2.21370992 2.21422062 2.21473146
 2.21524244 2.21575356 2.21626481 2.2167762  2.21728772 2.21779937
 2.21831116 2.21882307 2.21933511 2.21984727 2.22035956 2.22087197
 2.2213845  2.22189715 2.22240992 2.2229228  2.2234358  2.22394892
 2.22446214 2.22497548 2.22548893 2.22600248 2.22651614 2.22702991
 2.22754378 2.22805775 2.22857182 2.22908599 2.22960026 2.23011462
 2.23062908 2.23114363 2.23165828 2.23217301 2.23268784 2.23320275
 2.23371775 2.23423283 2.234748   2.23526324 2.23577857 2.23629398
 2.23680946 2.23732503 2.23784066 2.23835637 2.23887216 2.23938801
 2.23990393 2.24041992 2.24093598 2.2414521  2.24196829 2.24248453
 2.24300084 2.24351721 2.24403364 2.24455013 2.24506667 2.24558326
 2.24609991 2.24661661 2.24713336 2.24765015 2.248167   2.24868389
 2.24920083 2.24971781 2.25023483 2.25075189 2.251269   2.25178614
 2.25230332 2.25282053 2.25333778 2.25385506 2.25437237 2.25488971
 2.25540708 2.25592448 2.25644191 2.25695936 2.25747683 2.25799433
 2.25851185 2.25902939 2.25954694 2.26006452 2.26058211 2.26109971
 2.26161733 2.26213496 2.26265261 2.26317026 2.26368792 2.26420559
 2.26472326 2.26524094 2.26575862 2.26627631 2.26679399 2.26731168
 2.26782936 2.26834704 2.26886472 2.26938239 2.26990005 2.27041771
 2.27093536 2.271453   2.27197063 2.27248824 2.27300585 2.27352343
 2.274041   2.27455856 2.27507609 2.27559361 2.2761111  2.27662857
 2.27714602 2.27766345 2.27818085 2.27869822 2.27921556 2.27973288
 2.28025016 2.28076742 2.28128464 2.28180182 2.28231898 2.28283609
 2.28335317 2.28387021 2.28438721 2.28490417 2.28542109 2.28593796
 2.28645479 2.28697158 2.28748832 2.28800501 2.28852165 2.28903825
 2.28955479 2.29007128 2.29058772 2.2911041  2.29162043 2.2921367
 2.29265291 2.29316906 2.29368516 2.29420119 2.29471717 2.29523307
 2.29574892 2.2962647  2.29678041 2.29729606 2.29781164 2.29832714
 2.29884258 2.29935795 2.29987324 2.30038846 2.3009036  2.30141867
 2.30193366 2.30244858 2.30296341 2.30347816 2.30399284 2.30450743
 2.30502194 2.30553636 2.3060507  2.30656495 2.30707911 2.30759319
 2.30810717 2.30862107 2.30913488 2.30964859 2.31016221 2.31067573
 2.31118916 2.31170249 2.31221573 2.31272886 2.3132419  2.31375484
 2.31426767 2.3147804  2.31529303 2.31580556 2.31631798 2.31683029
 2.31734249 2.31785459 2.31836658 2.31887846 2.31939022 2.31990188
 2.32041342 2.32092485 2.32143616 2.32194735 2.32245843 2.3229694
 2.32348024 2.32399096 2.32450156 2.32501204 2.3255224  2.32603264
 2.32654275 2.32705273 2.32756259 2.32807232 2.32858193 2.3290914
 2.32960075 2.33010996 2.33061904 2.33112799 2.33163681 2.33214549
 2.33265404 2.33316245 2.33367073 2.33417886 2.33468686 2.33519472
 2.33570243 2.33621001 2.33671744 2.33722473 2.33773188 2.33823888
 2.33874574 2.33925245 2.33975901 2.34026542 2.34077169 2.3412778
 2.34178376 2.34228958 2.34279523 2.34330074]
t = [1.08956935e+09 1.08956940e+09 1.08956945e+09 1.08956950e+09
 1.08956955e+09 1.08956960e+09 1.08956965e+09 1.08956970e+09
 1.08956975e+09 1.08956979e+09 1.08956984e+09 1.08956989e+09
 1.08956994e+09 1.08956999e+09 1.08957004e+09 1.08957009e+09
 1.08957014e+09 1.08957019e+09 1.08957024e+09 1.08957029e+09
 1.08957034e+09 1.08957039e+09 1.08957044e+09 1.08957049e+09
 1.08957054e+09 1.08957059e+09 1.08957063e+09 1.08957068e+09
 1.08957073e+09 1.08957078e+09 1.08957083e+09 1.08957088e+09
 1.08957093e+09 1.08957098e+09 1.08957103e+09 1.08957108e+09
 1.08957113e+09 1.08957118e+09 1.08957123e+09 1.08957128e+09
 1.08957133e+09 1.08957138e+09 1.08957142e+09 1.08957147e+09
 1.08957152e+09 1.08957157e+09 1.08957162e+09 1.08957167e+09
 1.08957172e+09 1.08957177e+09 1.08957182e+09 1.08957187e+09
 1.08957192e+09 1.08957197e+09 1.08957202e+09 1.08957207e+09
 1.08957212e+09 1.08957217e+09 1.08957222e+09 1.08957226e+09
 1.08957231e+09 1.08957236e+09 1.08957241e+09 1.08957246e+09
 1.08957251e+09 1.08957256e+09 1.08957261e+09 1.08957266e+09
 1.08957271e+09 1.08957276e+09 1.08957281e+09 1.08957286e+09
 1.08957291e+09 1.08957296e+09 1.08957301e+09 1.08957306e+09
 1.08957310e+09 1.08957315e+09 1.08957320e+09 1.08957325e+09
 1.08957330e+09 1.08957335e+09 1.08957340e+09 1.08957345e+09
 1.08957350e+09 1.08957355e+09 1.08957360e+09 1.08957365e+09
 1.08957370e+09 1.08957375e+09 1.08957380e+09 1.08957385e+09
 1.08957389e+09 1.08957394e+09 1.08957399e+09 1.08957404e+09
 1.08957409e+09 1.08957414e+09 1.08957419e+09 1.08957424e+09
 1.08957429e+09 1.08957434e+09 1.08957439e+09 1.08957444e+09
 1.08957449e+09 1.08957454e+09 1.08957459e+09 1.08957464e+09
 1.08957469e+09 1.08957473e+09 1.08957478e+09 1.08957483e+09
 1.08957488e+09 1.08957493e+09 1.08957498e+09 1.08957503e+09
 1.08957508e+09 1.08957513e+09 1.08957518e+09 1.08957523e+09
 1.08957528e+09 1.08957533e+09 1.08957538e+09 1.08957543e+09
 1.08957548e+09 1.08957553e+09 1.08957557e+09 1.08957562e+09
 1.08957567e+09 1.08957572e+09 1.08957577e+09 1.08957582e+09
 1.08957587e+09 1.08957592e+09 1.08957597e+09 1.08957602e+09
 1.08957607e+09 1.08957612e+09 1.08957617e+09 1.08957622e+09
 1.08957627e+09 1.08957632e+09 1.08957636e+09 1.08957641e+09
 1.08957646e+09 1.08957651e+09 1.08957656e+09 1.08957661e+09
 1.08957666e+09 1.08957671e+09 1.08957676e+09 1.08957681e+09
 1.08957686e+09 1.08957691e+09 1.08957696e+09 1.08957701e+09
 1.08957706e+09 1.08957711e+09 1.08957716e+09 1.08957720e+09
 1.08957725e+09 1.08957730e+09 1.08957735e+09 1.08957740e+09
 1.08957745e+09 1.08957750e+09 1.08957755e+09 1.08957760e+09
 1.08957765e+09 1.08957770e+09 1.08957775e+09 1.08957780e+09
 1.08957785e+09 1.08957790e+09 1.08957795e+09 1.08957800e+09
 1.08957804e+09 1.08957809e+09 1.08957814e+09 1.08957819e+09
 1.08957824e+09 1.08957829e+09 1.08957834e+09 1.08957839e+09
 1.08957844e+09 1.08957849e+09 1.08957854e+09 1.08957859e+09
 1.08957864e+09 1.08957869e+09 1.08957874e+09 1.08957879e+09
 1.08957883e+09 1.08957888e+09 1.08957893e+09 1.08957898e+09
 1.08957903e+09 1.08957908e+09 1.08957913e+09 1.08957918e+09
 1.08957923e+09 1.08957928e+09 1.08957933e+09 1.08957938e+09
 1.08957943e+09 1.08957948e+09 1.08957953e+09 1.08957958e+09
 1.08957963e+09 1.08957967e+09 1.08957972e+09 1.08957977e+09
 1.08957982e+09 1.08957987e+09 1.08957992e+09 1.08957997e+09
 1.08958002e+09 1.08958007e+09 1.08958012e+09 1.08958017e+09
 1.08958022e+09 1.08958027e+09 1.08958032e+09 1.08958037e+09
 1.08958042e+09 1.08958047e+09 1.08958051e+09 1.08958056e+09
 1.08958061e+09 1.08958066e+09 1.08958071e+09 1.08958076e+09
 1.08958081e+09 1.08958086e+09 1.08958091e+09 1.08958096e+09
 1.08958101e+09 1.08958106e+09 1.08958111e+09 1.08958116e+09
 1.08958121e+09 1.08958126e+09 1.08958130e+09 1.08958135e+09
 1.08958140e+09 1.08958145e+09 1.08958150e+09 1.08958155e+09
 1.08958160e+09 1.08958165e+09 1.08958170e+09 1.08958175e+09
 1.08958180e+09 1.08958185e+09 1.08958190e+09 1.08958195e+09
 1.08958200e+09 1.08958205e+09 1.08958210e+09 1.08958214e+09
 1.08958219e+09 1.08958224e+09 1.08958229e+09 1.08958234e+09
 1.08958239e+09 1.08958244e+09 1.08958249e+09 1.08958254e+09
 1.08958259e+09 1.08958264e+09 1.08958269e+09 1.08958274e+09
 1.08958279e+09 1.08958284e+09 1.08958289e+09 1.08958294e+09
 1.08958298e+09 1.08958303e+09 1.08958308e+09 1.08958313e+09
 1.08958318e+09 1.08958323e+09 1.08958328e+09 1.08958333e+09
 1.08958338e+09 1.08958343e+09 1.08958348e+09 1.08958353e+09
 1.08958358e+09 1.08958363e+09 1.08958368e+09 1.08958373e+09
 1.08958377e+09 1.08958382e+09 1.08958387e+09 1.08958392e+09
 1.08958397e+09 1.08958402e+09 1.08958407e+09 1.08958412e+09
 1.08958417e+09 1.08958422e+09 1.08958427e+09 1.08958432e+09
 1.08958437e+09 1.08958442e+09 1.08958447e+09 1.08958452e+09
 1.08958457e+09 1.08958461e+09 1.08958466e+09 1.08958471e+09
 1.08958476e+09 1.08958481e+09 1.08958486e+09 1.08958491e+09
 1.08958496e+09 1.08958501e+09 1.08958506e+09 1.08958511e+09
 1.08958516e+09 1.08958521e+09 1.08958526e+09 1.08958531e+09
 1.08958536e+09 1.08958540e+09 1.08958545e+09 1.08958550e+09
 1.08958555e+09 1.08958560e+09 1.08958565e+09 1.08958570e+09
 1.08958575e+09 1.08958580e+09 1.08958585e+09 1.08958590e+09
 1.08958595e+09 1.08958600e+09 1.08958605e+09 1.08958610e+09
 1.08958615e+09 1.08958620e+09 1.08958624e+09 1.08958629e+09
 1.08958634e+09 1.08958639e+09 1.08958644e+09 1.08958649e+09
 1.08958654e+09 1.08958659e+09 1.08958664e+09 1.08958669e+09
 1.08958674e+09 1.08958679e+09 1.08958684e+09 1.08958689e+09
 1.08958694e+09 1.08958699e+09 1.08958704e+09 1.08958708e+09
 1.08958713e+09 1.08958718e+09 1.08958723e+09 1.08958728e+09
 1.08958733e+09 1.08958738e+09 1.08958743e+09 1.08958748e+09
 1.08958753e+09 1.08958758e+09 1.08958763e+09 1.08958768e+09
 1.08958773e+09 1.08958778e+09 1.08958783e+09 1.08958787e+09
 1.08958792e+09 1.08958797e+09 1.08958802e+09 1.08958807e+09
 1.08958812e+09 1.08958817e+09 1.08958822e+09 1.08958827e+09
 1.08958832e+09 1.08958837e+09 1.08958842e+09 1.08958847e+09
 1.08958852e+09 1.08958857e+09 1.08958862e+09 1.08958867e+09
 1.08958871e+09 1.08958876e+09 1.08958881e+09 1.08958886e+09
 1.08958891e+09 1.08958896e+09 1.08958901e+09 1.08958906e+09
 1.08958911e+09 1.08958916e+09 1.08958921e+09 1.08958926e+09
 1.08958931e+09 1.08958936e+09 1.08958941e+09 1.08958946e+09
 1.08958951e+09 1.08958955e+09 1.08958960e+09 1.08958965e+09
 1.08958970e+09 1.08958975e+09 1.08958980e+09 1.08958985e+09
 1.08958990e+09 1.08958995e+09 1.08959000e+09 1.08959005e+09
 1.08959010e+09 1.08959015e+09 1.08959020e+09 1.08959025e+09
 1.08959030e+09 1.08959034e+09 1.08959039e+09 1.08959044e+09
 1.08959049e+09 1.08959054e+09 1.08959059e+09 1.08959064e+09
 1.08959069e+09 1.08959074e+09 1.08959079e+09 1.08959084e+09
 1.08959089e+09 1.08959094e+09 1.08959099e+09 1.08959104e+09
 1.08959109e+09 1.08959114e+09 1.08959118e+09 1.08959123e+09
 1.08959128e+09 1.08959133e+09 1.08959138e+09 1.08959143e+09
 1.08959148e+09 1.08959153e+09 1.08959158e+09 1.08959163e+09
 1.08959168e+09 1.08959173e+09 1.08959178e+09 1.08959183e+09
 1.08959188e+09 1.08959193e+09 1.08959198e+09 1.08959202e+09
 1.08959207e+09 1.08959212e+09 1.08959217e+09 1.08959222e+09
 1.08959227e+09 1.08959232e+09 1.08959237e+09 1.08959242e+09
 1.08959247e+09 1.08959252e+09 1.08959257e+09 1.08959262e+09
 1.08959267e+09 1.08959272e+09 1.08959277e+09 1.08959281e+09
 1.08959286e+09 1.08959291e+09 1.08959296e+09 1.08959301e+09
 1.08959306e+09 1.08959311e+09 1.08959316e+09 1.08959321e+09
 1.08959326e+09 1.08959331e+09 1.08959336e+09 1.08959341e+09
 1.08959346e+09 1.08959351e+09 1.08959356e+09 1.08959361e+09
 1.08959365e+09 1.08959370e+09 1.08959375e+09 1.08959380e+09
 1.08959385e+09 1.08959390e+09 1.08959395e+09 1.08959400e+09
 1.08959405e+09 1.08959410e+09 1.08959415e+09 1.08959420e+09
 1.08959425e+09 1.08959430e+09 1.08959435e+09 1.08959440e+09
 1.08959445e+09 1.08959449e+09 1.08959454e+09 1.08959459e+09
 1.08959464e+09 1.08959469e+09 1.08959474e+09 1.08959479e+09
 1.08959484e+09 1.08959489e+09 1.08959494e+09 1.08959499e+09
 1.08959504e+09 1.08959509e+09 1.08959514e+09 1.08959519e+09
 1.08959524e+09 1.08959528e+09 1.08959533e+09 1.08959538e+09
 1.08959543e+09 1.08959548e+09 1.08959553e+09 1.08959558e+09
 1.08959563e+09 1.08959568e+09 1.08959573e+09 1.08959578e+09
 1.08959583e+09 1.08959588e+09 1.08959593e+09 1.08959598e+09
 1.08959603e+09 1.08959608e+09 1.08959612e+09 1.08959617e+09
 1.08959622e+09 1.08959627e+09 1.08959632e+09 1.08959637e+09
 1.08959642e+09 1.08959647e+09 1.08959652e+09 1.08959657e+09
 1.08959662e+09 1.08959667e+09 1.08959672e+09 1.08959677e+09
 1.08959682e+09 1.08959687e+09 1.08959692e+09 1.08959696e+09
 1.08959701e+09 1.08959706e+09 1.08959711e+09 1.08959716e+09
 1.08959721e+09 1.08959726e+09 1.08959731e+09 1.08959736e+09
 1.08959741e+09 1.08959746e+09 1.08959751e+09 1.08959756e+09
 1.08959761e+09 1.08959766e+09 1.08959771e+09 1.08959775e+09
 1.08959780e+09 1.08959785e+09 1.08959790e+09 1.08959795e+09
 1.08959800e+09 1.08959805e+09 1.08959810e+09 1.08959815e+09
 1.08959820e+09 1.08959825e+09 1.08959830e+09 1.08959835e+09
 1.08959840e+09 1.08959845e+09 1.08959850e+09 1.08959855e+09
 1.08959859e+09 1.08959864e+09 1.08959869e+09 1.08959874e+09
 1.08959879e+09 1.08959884e+09 1.08959889e+09 1.08959894e+09
 1.08959899e+09 1.08959904e+09 1.08959909e+09 1.08959914e+09
 1.08959919e+09 1.08959924e+09 1.08959929e+09 1.08959934e+09
 1.08959939e+09 1.08959943e+09 1.08959948e+09 1.08959953e+09
 1.08959958e+09 1.08959963e+09 1.08959968e+09 1.08959973e+09
 1.08959978e+09 1.08959983e+09 1.08959988e+09 1.08959993e+09
 1.08959998e+09 1.08960003e+09 1.08960008e+09 1.08960013e+09
 1.08960018e+09 1.08960022e+09 1.08960027e+09 1.08960032e+09
 1.08960037e+09 1.08960042e+09 1.08960047e+09 1.08960052e+09
 1.08960057e+09 1.08960062e+09 1.08960067e+09 1.08960072e+09
 1.08960077e+09 1.08960082e+09 1.08960087e+09 1.08960092e+09
 1.08960097e+09 1.08960102e+09 1.08960106e+09 1.08960111e+09
 1.08960116e+09 1.08960121e+09 1.08960126e+09 1.08960131e+09
 1.08960136e+09 1.08960141e+09 1.08960146e+09 1.08960151e+09
 1.08960156e+09 1.08960161e+09 1.08960166e+09 1.08960171e+09
 1.08960176e+09 1.08960181e+09 1.08960185e+09 1.08960190e+09
 1.08960195e+09 1.08960200e+09 1.08960205e+09 1.08960210e+09
 1.08960215e+09 1.08960220e+09 1.08960225e+09 1.08960230e+09
 1.08960235e+09 1.08960240e+09 1.08960245e+09 1.08960250e+09
 1.08960255e+09 1.08960260e+09 1.08960265e+09 1.08960269e+09
 1.08960274e+09 1.08960279e+09 1.08960284e+09 1.08960289e+09
 1.08960294e+09 1.08960299e+09 1.08960304e+09 1.08960309e+09
 1.08960314e+09 1.08960319e+09 1.08960324e+09 1.08960329e+09
 1.08960334e+09 1.08960339e+09 1.08960344e+09 1.08960349e+09
 1.08960353e+09 1.08960358e+09 1.08960363e+09 1.08960368e+09
 1.08960373e+09 1.08960378e+09 1.08960383e+09 1.08960388e+09
 1.08960393e+09 1.08960398e+09 1.08960403e+09 1.08960408e+09
 1.08960413e+09 1.08960418e+09 1.08960423e+09 1.08960428e+09
 1.08960432e+09 1.08960437e+09 1.08960442e+09 1.08960447e+09
 1.08960452e+09 1.08960457e+09 1.08960462e+09 1.08960467e+09
 1.08960472e+09 1.08960477e+09 1.08960482e+09 1.08960487e+09
 1.08960492e+09 1.08960497e+09 1.08960502e+09 1.08960507e+09
 1.08960512e+09 1.08960516e+09 1.08960521e+09 1.08960526e+09
 1.08960531e+09 1.08960536e+09 1.08960541e+09 1.08960546e+09
 1.08960551e+09 1.08960556e+09 1.08960561e+09 1.08960566e+09
 1.08960571e+09 1.08960576e+09 1.08960581e+09 1.08960586e+09
 1.08960591e+09 1.08960596e+09 1.08960600e+09 1.08960605e+09
 1.08960610e+09 1.08960615e+09 1.08960620e+09 1.08960625e+09
 1.08960630e+09 1.08960635e+09 1.08960640e+09 1.08960645e+09
 1.08960650e+09 1.08960655e+09 1.08960660e+09 1.08960665e+09
 1.08960670e+09 1.08960675e+09 1.08960679e+09 1.08960684e+09
 1.08960689e+09 1.08960694e+09 1.08960699e+09 1.08960704e+09
 1.08960709e+09 1.08960714e+09 1.08960719e+09 1.08960724e+09
 1.08960729e+09 1.08960734e+09 1.08960739e+09 1.08960744e+09
 1.08960749e+09 1.08960754e+09 1.08960759e+09 1.08960763e+09
 1.08960768e+09 1.08960773e+09 1.08960778e+09 1.08960783e+09
 1.08960788e+09 1.08960793e+09 1.08960798e+09 1.08960803e+09
 1.08960808e+09 1.08960813e+09 1.08960818e+09 1.08960823e+09
 1.08960828e+09 1.08960833e+09 1.08960838e+09 1.08960843e+09
 1.08960847e+09 1.08960852e+09 1.08960857e+09 1.08960862e+09
 1.08960867e+09 1.08960872e+09 1.08960877e+09 1.08960882e+09
 1.08960887e+09 1.08960892e+09 1.08960897e+09 1.08960902e+09
 1.08960907e+09 1.08960912e+09 1.08960917e+09 1.08960922e+09
 1.08960926e+09 1.08960931e+09 1.08960936e+09 1.08960941e+09
 1.08960946e+09 1.08960951e+09 1.08960956e+09 1.08960961e+09
 1.08960966e+09 1.08960971e+09 1.08960976e+09 1.08960981e+09
 1.08960986e+09 1.08960991e+09 1.08960996e+09 1.08961001e+09
 1.08961006e+09 1.08961010e+09 1.08961015e+09 1.08961020e+09
 1.08961025e+09 1.08961030e+09 1.08961035e+09 1.08961040e+09
 1.08961045e+09 1.08961050e+09 1.08961055e+09 1.08961060e+09
 1.08961065e+09 1.08961070e+09 1.08961075e+09 1.08961080e+09
 1.08961085e+09 1.08961090e+09 1.08961094e+09 1.08961099e+09
 1.08961104e+09 1.08961109e+09 1.08961114e+09 1.08961119e+09
 1.08961124e+09 1.08961129e+09 1.08961134e+09 1.08961139e+09
 1.08961144e+09 1.08961149e+09 1.08961154e+09 1.08961159e+09
 1.08961164e+09 1.08961169e+09 1.08961173e+09 1.08961178e+09
 1.08961183e+09 1.08961188e+09 1.08961193e+09 1.08961198e+09
 1.08961203e+09 1.08961208e+09 1.08961213e+09 1.08961218e+09
 1.08961223e+09 1.08961228e+09 1.08961233e+09 1.08961238e+09
 1.08961243e+09 1.08961248e+09 1.08961253e+09 1.08961257e+09
 1.08961262e+09 1.08961267e+09 1.08961272e+09 1.08961277e+09
 1.08961282e+09 1.08961287e+09 1.08961292e+09 1.08961297e+09
 1.08961302e+09 1.08961307e+09 1.08961312e+09 1.08961317e+09
 1.08961322e+09 1.08961327e+09 1.08961332e+09 1.08961337e+09
 1.08961341e+09 1.08961346e+09 1.08961351e+09 1.08961356e+09
 1.08961361e+09 1.08961366e+09 1.08961371e+09 1.08961376e+09
 1.08961381e+09 1.08961386e+09 1.08961391e+09 1.08961396e+09
 1.08961401e+09 1.08961406e+09 1.08961411e+09 1.08961416e+09
 1.08961420e+09 1.08961425e+09 1.08961430e+09 1.08961435e+09
 1.08961440e+09 1.08961445e+09 1.08961450e+09 1.08961455e+09
 1.08961460e+09 1.08961465e+09 1.08961470e+09 1.08961475e+09
 1.08961480e+09 1.08961485e+09 1.08961490e+09 1.08961495e+09
 1.08961500e+09 1.08961504e+09 1.08961509e+09 1.08961514e+09
 1.08961519e+09 1.08961524e+09 1.08961529e+09 1.08961534e+09
 1.08961539e+09 1.08961544e+09 1.08961549e+09 1.08961554e+09
 1.08961559e+09 1.08961564e+09 1.08961569e+09 1.08961574e+09
 1.08961579e+09 1.08961584e+09 1.08961588e+09 1.08961593e+09
 1.08961598e+09 1.08961603e+09 1.08961608e+09 1.08961613e+09
 1.08961618e+09 1.08961623e+09 1.08961628e+09 1.08961633e+09
 1.08961638e+09 1.08961643e+09 1.08961648e+09 1.08961653e+09
 1.08961658e+09 1.08961663e+09 1.08961667e+09 1.08961672e+09
 1.08961677e+09 1.08961682e+09 1.08961687e+09 1.08961692e+09
 1.08961697e+09 1.08961702e+09 1.08961707e+09 1.08961712e+09
 1.08961717e+09 1.08961722e+09 1.08961727e+09 1.08961732e+09
 1.08961737e+09 1.08961742e+09 1.08961747e+09 1.08961751e+09
 1.08961756e+09 1.08961761e+09 1.08961766e+09 1.08961771e+09
 1.08961776e+09 1.08961781e+09 1.08961786e+09 1.08961791e+09
 1.08961796e+09 1.08961801e+09 1.08961806e+09 1.08961811e+09
 1.08961816e+09 1.08961821e+09 1.08961826e+09 1.08961830e+09
 1.08961835e+09 1.08961840e+09 1.08961845e+09 1.08961850e+09
 1.08961855e+09 1.08961860e+09 1.08961865e+09 1.08961870e+09]
minRes = 1.9978864231710585
minResTime = [1.08957394e+09]
Cov(t) = [100 100 100 100 100 100 100 100 100 100 100 100 100 100 100 100 100 100
 100 100 100 100 100 100 100 100 100 100 100 100 100 100 100 100 100 100
 100 100 100 100 100 100 100 100 100 100 100 100 100 100 100 100 100 100
 100 100 100 100 100 100 100 100 100 100 100 100 100 100 100 100 100 100
 100 100 100 100 100 100 100 100 100 100 100 100 100 100 100 100 100 100
 100 100 100 100 100 100 100 100 100 100 100 100 100 100 100 100 100 100
 100 100 100 100 100 100 100 100 100 100 100 100 100 100 100 100 100 100
 100 100 100 100 100 100 100 100 100 100 100 100 100 100 100 100 100 100
 100 100 100 100 100 100 100 100 100 100 100 100 100 100 100 100 100 100
 100 100 100 100 100 100 100 100 100 100 100 100 100 100 100 100 100 100
 100 100 100 100 100 100 100 100 100 100 100 100 100 100 100 100 100 100
 100 100 100 100 100 100 100 100 100 100 100 100 100 100 100 100 100 100
 100 100 100 100 100 100 100 100 100 100 100 100 100 100 100 100 100 100
 100 100 100 100 100 100 100 100 100 100 100 100 100 100 100 100 100 100
 100 100 100 100 100 100 100 100 100 100 100 100 100 100 100 100 100 100
 100 100 100 100 100 100 100 100 100 100 100 100 100 100 100 100 100 100
 100 100 100 100 100 100 100 100 100 100 100 100 100 100 100 100 100 100
 100 100 100 100 100 100 100 100 100 100 100 100 100 100 100 100 100 100
 100 100 100 100 100 100 100 100 100 100 100 100 100 100 100 100 100 100
 100 100 100 100 100 100 100 100 100 100 100 100 100 100 100 100 100 100
 100 100 100 100 100 100 100 100 100 100 100 100 100 100 100 100 100 100
 100 100 100 100 100 100 100 100 100 100 100 100 100 100 100 100 100 100
 100 100 100 100 100 100 100 100 100 100 100 100 100 100 100 100 100 100
 100 100 100 100 100 100 100 100 100 100 100 100 100 100 100 100 100 100
 100 100 100 100 100 100 100 100 100 100 100 100 100 100 100 100 100 100
 100 100 100 100 100 100 100 100 100 100 100 100 100 100 100 100 100 100
 100 100 100 100 100 100 100 100 100 100 100 100 100 100 100 100 100 100
 100 100 100 100 100 100 100 100 100 100 100 100 100 100 100 100 100 100
 100 100 100 100 100 100 100 100 100 100 100 100 100 100 100 100 100 100
 100 100 100 100 100 100 100 100 100 100 100 100 100 100 100 100 100 100
 100 100 100 100 100 100 100 100 100 100 100 100 100 100 100 100 100 100
 100 100 100 100 100 100 100 100 100 100 100 100 100 100 100 100 100 100
 100 100 100 100 100 100 100 100 100 100 100 100 100 100 100 100 100 100
 100 100 100 100 100 100 100 100 100 100 100 100 100 100 100 100 100 100
 100 100 100 100 100 100 100 100 100 100 100 100 100 100 100 100 100 100
 100 100 100 100 100 100 100 100 100 100 100 100 100 100 100 100 100 100
 100 100 100 100 100 100 100 100 100 100 100 100 100 100 100 100 100 100
 100 100 100 100 100 100 100 100 100 100 100 100 100 100 100 100 100 100
 100 100 100 100 100 100 100 100 100 100 100 100 100 100 100 100 100 100
 100 100 100 100 100 100 100 100 100 100 100 100 100 100 100 100 100 100
 100 100 100 100 100 100 100 100 100 100 100 100 100 100 100 100 100 100
 100 100 100 100 100 100 100 100 100 100 100 100 100 100 100 100 100 100
 100 100 100 100 100 100 100 100 100 100 100 100 100 100 100 100 100 100
 100 100 100 100 100 100 100 100 100 100 100 100 100 100 100 100 100 100
 100 100 100 100 100 100 100 100 100 100 100 100 100 100 100 100 100 100
 100 100 100 100 100 100 100 100 100 100 100 100 100 100 100 100 100 100
 100 100 100 100 100 100 100 100 100 100 100 100 100 100 100 100 100 100
 100 100 100 100 100 100 100 100 100 100 100 100 100 100 100 100 100 100
 100 100 100 100 100 100 100 100 100 100 100 100 100 100 100 100 100 100
 100 100 100 100 100 100 100 100 100 100 100 100 100 100 100 100 100 100
 100 100 100 100 100 100 100 100 100 100 100 100 100 100 100 100 100 100
 100 100 100 100 100 100 100 100 100 100 100 100 100 100 100 100 100 100
 100 100 100 100 100 100 100 100 100 100 100 100 100 100 100 100 100 100
 100 100 100 100 100 100 100 100 100 100 100 100 100 100 100 100 100 100
 100 100 100 100 100 100 100 100 100 100 100 100 100 100 100 100 100 100
 100 100 100 100 100 100 100 100 100 100]
maxCov = 100
maxCovTime = [1.08956935e+09 1.08956940e+09 1.08956945e+09 1.08956950e+09
 1.08956955e+09 1.08956960e+09 1.08956965e+09 1.08956970e+09
 1.08956975e+09 1.08956979e+09 1.08956984e+09 1.08956989e+09
 1.08956994e+09 1.08956999e+09 1.08957004e+09 1.08957009e+09
 1.08957014e+09 1.08957019e+09 1.08957024e+09 1.08957029e+09
 1.08957034e+09 1.08957039e+09 1.08957044e+09 1.08957049e+09
 1.08957054e+09 1.08957059e+09 1.08957063e+09 1.08957068e+09
 1.08957073e+09 1.08957078e+09 1.08957083e+09 1.08957088e+09
 1.08957093e+09 1.08957098e+09 1.08957103e+09 1.08957108e+09
 1.08957113e+09 1.08957118e+09 1.08957123e+09 1.08957128e+09
 1.08957133e+09 1.08957138e+09 1.08957142e+09 1.08957147e+09
 1.08957152e+09 1.08957157e+09 1.08957162e+09 1.08957167e+09
 1.08957172e+09 1.08957177e+09 1.08957182e+09 1.08957187e+09
 1.08957192e+09 1.08957197e+09 1.08957202e+09 1.08957207e+09
 1.08957212e+09 1.08957217e+09 1.08957222e+09 1.08957226e+09
 1.08957231e+09 1.08957236e+09 1.08957241e+09 1.08957246e+09
 1.08957251e+09 1.08957256e+09 1.08957261e+09 1.08957266e+09
 1.08957271e+09 1.08957276e+09 1.08957281e+09 1.08957286e+09
 1.08957291e+09 1.08957296e+09 1.08957301e+09 1.08957306e+09
 1.08957310e+09 1.08957315e+09 1.08957320e+09 1.08957325e+09
 1.08957330e+09 1.08957335e+09 1.08957340e+09 1.08957345e+09
 1.08957350e+09 1.08957355e+09 1.08957360e+09 1.08957365e+09
 1.08957370e+09 1.08957375e+09 1.08957380e+09 1.08957385e+09
 1.08957389e+09 1.08957394e+09 1.08957399e+09 1.08957404e+09
 1.08957409e+09 1.08957414e+09 1.08957419e+09 1.08957424e+09
 1.08957429e+09 1.08957434e+09 1.08957439e+09 1.08957444e+09
 1.08957449e+09 1.08957454e+09 1.08957459e+09 1.08957464e+09
 1.08957469e+09 1.08957473e+09 1.08957478e+09 1.08957483e+09
 1.08957488e+09 1.08957493e+09 1.08957498e+09 1.08957503e+09
 1.08957508e+09 1.08957513e+09 1.08957518e+09 1.08957523e+09
 1.08957528e+09 1.08957533e+09 1.08957538e+09 1.08957543e+09
 1.08957548e+09 1.08957553e+09 1.08957557e+09 1.08957562e+09
 1.08957567e+09 1.08957572e+09 1.08957577e+09 1.08957582e+09
 1.08957587e+09 1.08957592e+09 1.08957597e+09 1.08957602e+09
 1.08957607e+09 1.08957612e+09 1.08957617e+09 1.08957622e+09
 1.08957627e+09 1.08957632e+09 1.08957636e+09 1.08957641e+09
 1.08957646e+09 1.08957651e+09 1.08957656e+09 1.08957661e+09
 1.08957666e+09 1.08957671e+09 1.08957676e+09 1.08957681e+09
 1.08957686e+09 1.08957691e+09 1.08957696e+09 1.08957701e+09
 1.08957706e+09 1.08957711e+09 1.08957716e+09 1.08957720e+09
 1.08957725e+09 1.08957730e+09 1.08957735e+09 1.08957740e+09
 1.08957745e+09 1.08957750e+09 1.08957755e+09 1.08957760e+09
 1.08957765e+09 1.08957770e+09 1.08957775e+09 1.08957780e+09
 1.08957785e+09 1.08957790e+09 1.08957795e+09 1.08957800e+09
 1.08957804e+09 1.08957809e+09 1.08957814e+09 1.08957819e+09
 1.08957824e+09 1.08957829e+09 1.08957834e+09 1.08957839e+09
 1.08957844e+09 1.08957849e+09 1.08957854e+09 1.08957859e+09
 1.08957864e+09 1.08957869e+09 1.08957874e+09 1.08957879e+09
 1.08957883e+09 1.08957888e+09 1.08957893e+09 1.08957898e+09
 1.08957903e+09 1.08957908e+09 1.08957913e+09 1.08957918e+09
 1.08957923e+09 1.08957928e+09 1.08957933e+09 1.08957938e+09
 1.08957943e+09 1.08957948e+09 1.08957953e+09 1.08957958e+09
 1.08957963e+09 1.08957967e+09 1.08957972e+09 1.08957977e+09
 1.08957982e+09 1.08957987e+09 1.08957992e+09 1.08957997e+09
 1.08958002e+09 1.08958007e+09 1.08958012e+09 1.08958017e+09
 1.08958022e+09 1.08958027e+09 1.08958032e+09 1.08958037e+09
 1.08958042e+09 1.08958047e+09 1.08958051e+09 1.08958056e+09
 1.08958061e+09 1.08958066e+09 1.08958071e+09 1.08958076e+09
 1.08958081e+09 1.08958086e+09 1.08958091e+09 1.08958096e+09
 1.08958101e+09 1.08958106e+09 1.08958111e+09 1.08958116e+09
 1.08958121e+09 1.08958126e+09 1.08958130e+09 1.08958135e+09
 1.08958140e+09 1.08958145e+09 1.08958150e+09 1.08958155e+09
 1.08958160e+09 1.08958165e+09 1.08958170e+09 1.08958175e+09
 1.08958180e+09 1.08958185e+09 1.08958190e+09 1.08958195e+09
 1.08958200e+09 1.08958205e+09 1.08958210e+09 1.08958214e+09
 1.08958219e+09 1.08958224e+09 1.08958229e+09 1.08958234e+09
 1.08958239e+09 1.08958244e+09 1.08958249e+09 1.08958254e+09
 1.08958259e+09 1.08958264e+09 1.08958269e+09 1.08958274e+09
 1.08958279e+09 1.08958284e+09 1.08958289e+09 1.08958294e+09
 1.08958298e+09 1.08958303e+09 1.08958308e+09 1.08958313e+09
 1.08958318e+09 1.08958323e+09 1.08958328e+09 1.08958333e+09
 1.08958338e+09 1.08958343e+09 1.08958348e+09 1.08958353e+09
 1.08958358e+09 1.08958363e+09 1.08958368e+09 1.08958373e+09
 1.08958377e+09 1.08958382e+09 1.08958387e+09 1.08958392e+09
 1.08958397e+09 1.08958402e+09 1.08958407e+09 1.08958412e+09
 1.08958417e+09 1.08958422e+09 1.08958427e+09 1.08958432e+09
 1.08958437e+09 1.08958442e+09 1.08958447e+09 1.08958452e+09
 1.08958457e+09 1.08958461e+09 1.08958466e+09 1.08958471e+09
 1.08958476e+09 1.08958481e+09 1.08958486e+09 1.08958491e+09
 1.08958496e+09 1.08958501e+09 1.08958506e+09 1.08958511e+09
 1.08958516e+09 1.08958521e+09 1.08958526e+09 1.08958531e+09
 1.08958536e+09 1.08958540e+09 1.08958545e+09 1.08958550e+09
 1.08958555e+09 1.08958560e+09 1.08958565e+09 1.08958570e+09
 1.08958575e+09 1.08958580e+09 1.08958585e+09 1.08958590e+09
 1.08958595e+09 1.08958600e+09 1.08958605e+09 1.08958610e+09
 1.08958615e+09 1.08958620e+09 1.08958624e+09 1.08958629e+09
 1.08958634e+09 1.08958639e+09 1.08958644e+09 1.08958649e+09
 1.08958654e+09 1.08958659e+09 1.08958664e+09 1.08958669e+09
 1.08958674e+09 1.08958679e+09 1.08958684e+09 1.08958689e+09
 1.08958694e+09 1.08958699e+09 1.08958704e+09 1.08958708e+09
 1.08958713e+09 1.08958718e+09 1.08958723e+09 1.08958728e+09
 1.08958733e+09 1.08958738e+09 1.08958743e+09 1.08958748e+09
 1.08958753e+09 1.08958758e+09 1.08958763e+09 1.08958768e+09
 1.08958773e+09 1.08958778e+09 1.08958783e+09 1.08958787e+09
 1.08958792e+09 1.08958797e+09 1.08958802e+09 1.08958807e+09
 1.08958812e+09 1.08958817e+09 1.08958822e+09 1.08958827e+09
 1.08958832e+09 1.08958837e+09 1.08958842e+09 1.08958847e+09
 1.08958852e+09 1.08958857e+09 1.08958862e+09 1.08958867e+09
 1.08958871e+09 1.08958876e+09 1.08958881e+09 1.08958886e+09
 1.08958891e+09 1.08958896e+09 1.08958901e+09 1.08958906e+09
 1.08958911e+09 1.08958916e+09 1.08958921e+09 1.08958926e+09
 1.08958931e+09 1.08958936e+09 1.08958941e+09 1.08958946e+09
 1.08958951e+09 1.08958955e+09 1.08958960e+09 1.08958965e+09
 1.08958970e+09 1.08958975e+09 1.08958980e+09 1.08958985e+09
 1.08958990e+09 1.08958995e+09 1.08959000e+09 1.08959005e+09
 1.08959010e+09 1.08959015e+09 1.08959020e+09 1.08959025e+09
 1.08959030e+09 1.08959034e+09 1.08959039e+09 1.08959044e+09
 1.08959049e+09 1.08959054e+09 1.08959059e+09 1.08959064e+09
 1.08959069e+09 1.08959074e+09 1.08959079e+09 1.08959084e+09
 1.08959089e+09 1.08959094e+09 1.08959099e+09 1.08959104e+09
 1.08959109e+09 1.08959114e+09 1.08959118e+09 1.08959123e+09
 1.08959128e+09 1.08959133e+09 1.08959138e+09 1.08959143e+09
 1.08959148e+09 1.08959153e+09 1.08959158e+09 1.08959163e+09
 1.08959168e+09 1.08959173e+09 1.08959178e+09 1.08959183e+09
 1.08959188e+09 1.08959193e+09 1.08959198e+09 1.08959202e+09
 1.08959207e+09 1.08959212e+09 1.08959217e+09 1.08959222e+09
 1.08959227e+09 1.08959232e+09 1.08959237e+09 1.08959242e+09
 1.08959247e+09 1.08959252e+09 1.08959257e+09 1.08959262e+09
 1.08959267e+09 1.08959272e+09 1.08959277e+09 1.08959281e+09
 1.08959286e+09 1.08959291e+09 1.08959296e+09 1.08959301e+09
 1.08959306e+09 1.08959311e+09 1.08959316e+09 1.08959321e+09
 1.08959326e+09 1.08959331e+09 1.08959336e+09 1.08959341e+09
 1.08959346e+09 1.08959351e+09 1.08959356e+09 1.08959361e+09
 1.08959365e+09 1.08959370e+09 1.08959375e+09 1.08959380e+09
 1.08959385e+09 1.08959390e+09 1.08959395e+09 1.08959400e+09
 1.08959405e+09 1.08959410e+09 1.08959415e+09 1.08959420e+09
 1.08959425e+09 1.08959430e+09 1.08959435e+09 1.08959440e+09
 1.08959445e+09 1.08959449e+09 1.08959454e+09 1.08959459e+09
 1.08959464e+09 1.08959469e+09 1.08959474e+09 1.08959479e+09
 1.08959484e+09 1.08959489e+09 1.08959494e+09 1.08959499e+09
 1.08959504e+09 1.08959509e+09 1.08959514e+09 1.08959519e+09
 1.08959524e+09 1.08959528e+09 1.08959533e+09 1.08959538e+09
 1.08959543e+09 1.08959548e+09 1.08959553e+09 1.08959558e+09
 1.08959563e+09 1.08959568e+09 1.08959573e+09 1.08959578e+09
 1.08959583e+09 1.08959588e+09 1.08959593e+09 1.08959598e+09
 1.08959603e+09 1.08959608e+09 1.08959612e+09 1.08959617e+09
 1.08959622e+09 1.08959627e+09 1.08959632e+09 1.08959637e+09
 1.08959642e+09 1.08959647e+09 1.08959652e+09 1.08959657e+09
 1.08959662e+09 1.08959667e+09 1.08959672e+09 1.08959677e+09
 1.08959682e+09 1.08959687e+09 1.08959692e+09 1.08959696e+09
 1.08959701e+09 1.08959706e+09 1.08959711e+09 1.08959716e+09
 1.08959721e+09 1.08959726e+09 1.08959731e+09 1.08959736e+09
 1.08959741e+09 1.08959746e+09 1.08959751e+09 1.08959756e+09
 1.08959761e+09 1.08959766e+09 1.08959771e+09 1.08959775e+09
 1.08959780e+09 1.08959785e+09 1.08959790e+09 1.08959795e+09
 1.08959800e+09 1.08959805e+09 1.08959810e+09 1.08959815e+09
 1.08959820e+09 1.08959825e+09 1.08959830e+09 1.08959835e+09
 1.08959840e+09 1.08959845e+09 1.08959850e+09 1.08959855e+09
 1.08959859e+09 1.08959864e+09 1.08959869e+09 1.08959874e+09
 1.08959879e+09 1.08959884e+09 1.08959889e+09 1.08959894e+09
 1.08959899e+09 1.08959904e+09 1.08959909e+09 1.08959914e+09
 1.08959919e+09 1.08959924e+09 1.08959929e+09 1.08959934e+09
 1.08959939e+09 1.08959943e+09 1.08959948e+09 1.08959953e+09
 1.08959958e+09 1.08959963e+09 1.08959968e+09 1.08959973e+09
 1.08959978e+09 1.08959983e+09 1.08959988e+09 1.08959993e+09
 1.08959998e+09 1.08960003e+09 1.08960008e+09 1.08960013e+09
 1.08960018e+09 1.08960022e+09 1.08960027e+09 1.08960032e+09
 1.08960037e+09 1.08960042e+09 1.08960047e+09 1.08960052e+09
 1.08960057e+09 1.08960062e+09 1.08960067e+09 1.08960072e+09
 1.08960077e+09 1.08960082e+09 1.08960087e+09 1.08960092e+09
 1.08960097e+09 1.08960102e+09 1.08960106e+09 1.08960111e+09
 1.08960116e+09 1.08960121e+09 1.08960126e+09 1.08960131e+09
 1.08960136e+09 1.08960141e+09 1.08960146e+09 1.08960151e+09
 1.08960156e+09 1.08960161e+09 1.08960166e+09 1.08960171e+09
 1.08960176e+09 1.08960181e+09 1.08960185e+09 1.08960190e+09
 1.08960195e+09 1.08960200e+09 1.08960205e+09 1.08960210e+09
 1.08960215e+09 1.08960220e+09 1.08960225e+09 1.08960230e+09
 1.08960235e+09 1.08960240e+09 1.08960245e+09 1.08960250e+09
 1.08960255e+09 1.08960260e+09 1.08960265e+09 1.08960269e+09
 1.08960274e+09 1.08960279e+09 1.08960284e+09 1.08960289e+09
 1.08960294e+09 1.08960299e+09 1.08960304e+09 1.08960309e+09
 1.08960314e+09 1.08960319e+09 1.08960324e+09 1.08960329e+09
 1.08960334e+09 1.08960339e+09 1.08960344e+09 1.08960349e+09
 1.08960353e+09 1.08960358e+09 1.08960363e+09 1.08960368e+09
 1.08960373e+09 1.08960378e+09 1.08960383e+09 1.08960388e+09
 1.08960393e+09 1.08960398e+09 1.08960403e+09 1.08960408e+09
 1.08960413e+09 1.08960418e+09 1.08960423e+09 1.08960428e+09
 1.08960432e+09 1.08960437e+09 1.08960442e+09 1.08960447e+09
 1.08960452e+09 1.08960457e+09 1.08960462e+09 1.08960467e+09
 1.08960472e+09 1.08960477e+09 1.08960482e+09 1.08960487e+09
 1.08960492e+09 1.08960497e+09 1.08960502e+09 1.08960507e+09
 1.08960512e+09 1.08960516e+09 1.08960521e+09 1.08960526e+09
 1.08960531e+09 1.08960536e+09 1.08960541e+09 1.08960546e+09
 1.08960551e+09 1.08960556e+09 1.08960561e+09 1.08960566e+09
 1.08960571e+09 1.08960576e+09 1.08960581e+09 1.08960586e+09
 1.08960591e+09 1.08960596e+09 1.08960600e+09 1.08960605e+09
 1.08960610e+09 1.08960615e+09 1.08960620e+09 1.08960625e+09
 1.08960630e+09 1.08960635e+09 1.08960640e+09 1.08960645e+09
 1.08960650e+09 1.08960655e+09 1.08960660e+09 1.08960665e+09
 1.08960670e+09 1.08960675e+09 1.08960679e+09 1.08960684e+09
 1.08960689e+09 1.08960694e+09 1.08960699e+09 1.08960704e+09
 1.08960709e+09 1.08960714e+09 1.08960719e+09 1.08960724e+09
 1.08960729e+09 1.08960734e+09 1.08960739e+09 1.08960744e+09
 1.08960749e+09 1.08960754e+09 1.08960759e+09 1.08960763e+09
 1.08960768e+09 1.08960773e+09 1.08960778e+09 1.08960783e+09
 1.08960788e+09 1.08960793e+09 1.08960798e+09 1.08960803e+09
 1.08960808e+09 1.08960813e+09 1.08960818e+09 1.08960823e+09
 1.08960828e+09 1.08960833e+09 1.08960838e+09 1.08960843e+09
 1.08960847e+09 1.08960852e+09 1.08960857e+09 1.08960862e+09
 1.08960867e+09 1.08960872e+09 1.08960877e+09 1.08960882e+09
 1.08960887e+09 1.08960892e+09 1.08960897e+09 1.08960902e+09
 1.08960907e+09 1.08960912e+09 1.08960917e+09 1.08960922e+09
 1.08960926e+09 1.08960931e+09 1.08960936e+09 1.08960941e+09
 1.08960946e+09 1.08960951e+09 1.08960956e+09 1.08960961e+09
 1.08960966e+09 1.08960971e+09 1.08960976e+09 1.08960981e+09
 1.08960986e+09 1.08960991e+09 1.08960996e+09 1.08961001e+09
 1.08961006e+09 1.08961010e+09 1.08961015e+09 1.08961020e+09
 1.08961025e+09 1.08961030e+09 1.08961035e+09 1.08961040e+09
 1.08961045e+09 1.08961050e+09 1.08961055e+09 1.08961060e+09
 1.08961065e+09 1.08961070e+09 1.08961075e+09 1.08961080e+09
 1.08961085e+09 1.08961090e+09 1.08961094e+09 1.08961099e+09
 1.08961104e+09 1.08961109e+09 1.08961114e+09 1.08961119e+09
 1.08961124e+09 1.08961129e+09 1.08961134e+09 1.08961139e+09
 1.08961144e+09 1.08961149e+09 1.08961154e+09 1.08961159e+09
 1.08961164e+09 1.08961169e+09 1.08961173e+09 1.08961178e+09
 1.08961183e+09 1.08961188e+09 1.08961193e+09 1.08961198e+09
 1.08961203e+09 1.08961208e+09 1.08961213e+09 1.08961218e+09
 1.08961223e+09 1.08961228e+09 1.08961233e+09 1.08961238e+09
 1.08961243e+09 1.08961248e+09 1.08961253e+09 1.08961257e+09
 1.08961262e+09 1.08961267e+09 1.08961272e+09 1.08961277e+09
 1.08961282e+09 1.08961287e+09 1.08961292e+09 1.08961297e+09
 1.08961302e+09 1.08961307e+09 1.08961312e+09 1.08961317e+09
 1.08961322e+09 1.08961327e+09 1.08961332e+09 1.08961337e+09
 1.08961341e+09 1.08961346e+09 1.08961351e+09 1.08961356e+09
 1.08961361e+09 1.08961366e+09 1.08961371e+09 1.08961376e+09
 1.08961381e+09 1.08961386e+09 1.08961391e+09 1.08961396e+09
 1.08961401e+09 1.08961406e+09 1.08961411e+09 1.08961416e+09
 1.08961420e+09 1.08961425e+09 1.08961430e+09 1.08961435e+09
 1.08961440e+09 1.08961445e+09 1.08961450e+09 1.08961455e+09
 1.08961460e+09 1.08961465e+09 1.08961470e+09 1.08961475e+09
 1.08961480e+09 1.08961485e+09 1.08961490e+09 1.08961495e+09
 1.08961500e+09 1.08961504e+09 1.08961509e+09 1.08961514e+09
 1.08961519e+09 1.08961524e+09 1.08961529e+09 1.08961534e+09
 1.08961539e+09 1.08961544e+09 1.08961549e+09 1.08961554e+09
 1.08961559e+09 1.08961564e+09 1.08961569e+09 1.08961574e+09
 1.08961579e+09 1.08961584e+09 1.08961588e+09 1.08961593e+09
 1.08961598e+09 1.08961603e+09 1.08961608e+09 1.08961613e+09
 1.08961618e+09 1.08961623e+09 1.08961628e+09 1.08961633e+09
 1.08961638e+09 1.08961643e+09 1.08961648e+09 1.08961653e+09
 1.08961658e+09 1.08961663e+09 1.08961667e+09 1.08961672e+09
 1.08961677e+09 1.08961682e+09 1.08961687e+09 1.08961692e+09
 1.08961697e+09 1.08961702e+09 1.08961707e+09 1.08961712e+09
 1.08961717e+09 1.08961722e+09 1.08961727e+09 1.08961732e+09
 1.08961737e+09 1.08961742e+09 1.08961747e+09 1.08961751e+09
 1.08961756e+09 1.08961761e+09 1.08961766e+09 1.08961771e+09
 1.08961776e+09 1.08961781e+09 1.08961786e+09 1.08961791e+09
 1.08961796e+09 1.08961801e+09 1.08961806e+09 1.08961811e+09
 1.08961816e+09 1.08961821e+09 1.08961826e+09 1.08961830e+09
 1.08961835e+09 1.08961840e+09 1.08961845e+09 1.08961850e+09
 1.08961855e+09 1.08961860e+09 1.08961865e+09 1.08961870e+09]
