name =JUICE_ROI_GAN_4_4_07
flyby = ['2034 JUN 05 18:53:51', '2034 JUN 06 18:53:51']
Observation TW = <SpiceCell dtype = 1, length = 0, size = 2800, card = 8, is_set = 1, adjust = 0, init = 1, base = 93999615625088, data = 93999615625136>
Res(t) = [0.3007173  0.29944221 0.29825236 0.29714312 0.29611022 0.29514968
 0.29425779 0.29343111 0.29266641 0.29196069 0.29131114 0.29071513
 0.29017019 0.289674   0.28922439 0.28881932 0.28845686 0.2881352
 0.28785264 0.28760757 0.28739845 0.28722385 0.28708241 0.28697284
 0.28689392 0.28684448 0.28682344 0.28682973 0.28686238 0.28692043
 0.287003   0.28710921 0.28723826 0.28738936 0.28756179 0.28775482
 0.28796778 0.28820002 0.28845093 0.28871991 0.28900639 0.28930984
 0.28962973 0.28996556 0.29031686 0.29068316 0.29106402 0.29145903
 0.29186777 0.29228986 0.29272491 0.29317256 0.29363247 0.2941043
 0.29458773 0.29508243 0.29558813 0.29610452 0.29663132 0.29716827
 0.2977151  0.29827157 0.29883742 0.29941243 0.29999637 0.30058902
 0.30119017 0.30179961 0.30241714 0.30304257 0.30367572 0.3043164
 0.30496443 0.30561966 0.30628191 0.30695103 0.30762686 0.30830926
 0.30899807 0.30969315 0.31039437 0.3111016  0.31181471 0.31253356
 0.31325805 0.31398804 0.31472343 0.31546411 0.31620996 0.31696087
 0.31771675 0.3184775  0.31924301 0.3200132  0.32078797 0.32156722
 0.32235088 0.32313886 0.32393107 0.32472743 0.32552786 0.32633229
 0.32714065 0.32795285 0.32876882 0.32958851 0.33041183 0.33123872
 0.33206913 0.33290297 0.3337402  0.33458075 0.33542457 0.33627159
 0.33712176 0.33797503 0.33883134 0.33969064 0.34055287 0.341418
 0.34228597 0.34315672 0.34403023 0.34490643 0.34578528 0.34666675
 0.34755079 0.34843735 0.3493264  0.3502179  0.3511118  0.35200807
 0.35290668 0.35380757 0.35471073 0.35561611 0.35652367 0.35743339
 0.35834524 0.35925917 0.36017516 0.36109318 0.36201319 0.36293517
 0.36385908 0.36478491 0.36571261 0.36664217 0.36757355 0.36850673
 0.36944169 0.37037839 0.37131681 0.37225694 0.37319873 0.37414218
 0.37508725 0.37603393 0.37698219 0.37793201 0.37888337 0.37983625
 0.38079062 0.38174648 0.38270378 0.38366253 0.38462269 0.38558425
 0.3865472  0.3875115  0.38847715 0.38944413 0.39041242 0.39138199
 0.39235285 0.39332496 0.39429832 0.39527291 0.39624871 0.3972257
 0.39820388 0.39918323 0.40016372 0.40114536 0.40212812 0.40311199
 0.40409696 0.40508301 0.40607014 0.40705832 0.40804754 0.4090378
 0.41002908 0.41102137 0.41201466 0.41300893 0.41400417 0.41500038
 0.41599753 0.41699563 0.41799466 0.4189946  0.41999546 0.42099721
 0.42199985 0.42300337 0.42400775 0.425013   0.42601909 0.42702602
 0.42803379 0.42904238 0.43005178 0.43106198 0.43207298 0.43308476
 0.43409733 0.43511066 0.43612476 0.43713961 0.43815521 0.43917154
 0.44018861 0.4412064  0.4422249  0.44324412 0.44426403 0.44528464
 0.44630594 0.44732792 0.44835057 0.44937389 0.45039787 0.4514225
 0.45244778 0.4534737  0.45450025 0.45552744 0.45655524 0.45758367
 0.4586127  0.45964234 0.46067258 0.46170341 0.46273483 0.46376684
 0.46479942 0.46583257 0.46686629 0.46790057 0.4689354  0.46997079
 0.47100673 0.4720432  0.47308021 0.47411776 0.47515583 0.47619442
 0.47723354 0.47827316 0.4793133  0.48035393 0.48139507 0.48243671
 0.48347884 0.48452145 0.48556455 0.48660812 0.48765218 0.4886967
 0.48974169 0.49078715 0.49183306 0.49287943 0.49392626 0.49497353
 0.49602125 0.49706941 0.498118   0.49916704 0.5002165  0.50126639
 0.50231671 0.50336744 0.5044186  0.50547017 0.50652215 0.50757454
 0.50862734 0.50968054 0.51073413 0.51178813 0.51284251 0.51389729
 0.51495246 0.51600801 0.51706394 0.51812025 0.51917694 0.52023401
 0.52129144 0.52234924 0.52340741 0.52446594 0.52552484 0.52658409
 0.5276437  0.52870366 0.52976397 0.53082463 0.53188564 0.53294699
 0.53400869 0.53507072 0.53613309 0.5371958  0.53825884 0.53932221
 0.54038591 0.54144994 0.54251429 0.54357896 0.54464396 0.54570927
 0.5467749  0.54784084 0.5489071  0.54997366 0.55104054 0.55210772
 0.55317521 0.554243   0.55531109 0.55637948 0.55744817 0.55851716
 0.55958644 0.56065602 0.56172588 0.56279604 0.56386648 0.56493721
 0.56600822 0.56707952 0.56815109 0.56922295 0.57029509 0.5713675
 0.57244019 0.57351315 0.57458639 0.57565989 0.57673367 0.57780771
 0.57888202 0.5799566  0.58103144 0.58210654 0.58318191 0.58425753
 0.58533342 0.58640956 0.58748596 0.58856261 0.58963951 0.59071667
 0.59179408 0.59287174 0.59394965 0.59502781 0.59610621 0.59718486
 0.59826375 0.59934289 0.60042227 0.60150189 0.60258175 0.60366185
 0.60474218 0.60582276 0.60690357 0.60798461 0.60906589 0.6101474
 0.61122914 0.61231111 0.61339331 0.61447574 0.6155584  0.61664129
 0.6177244  0.61880774 0.6198913  0.62097508 0.62205909 0.62314332
 0.62422777 0.62531243 0.62639732 0.62748243 0.62856775 0.62965329
 0.63073905 0.63182502 0.6329112  0.6339976  0.63508421 0.63617103
 0.63725806 0.63834531 0.63943276 0.64052042 0.64160829 0.64269637
 0.64378465 0.64487314 0.64596184 0.64705074 0.64813984 0.64922915
 0.65031866 0.65140837 0.65249828 0.6535884  0.65467871 0.65576922
 0.65685993 0.65795084 0.65904195 0.66013326 0.66122476 0.66231645
 0.66340835 0.66450043 0.66559271 0.66668519 0.66777786 0.66887071
 0.66996377 0.67105701 0.67215044 0.67324407 0.67433788 0.67543189
 0.67652608 0.67762046 0.67871503 0.67980978 0.68090472 0.68199985
 0.68309517 0.68419067 0.68528635 0.68638222 0.68747828 0.68857452
 0.68967094 0.69076754 0.69186433 0.69296129 0.69405844 0.69515577
 0.69625328 0.69735098 0.69844885 0.6995469  0.70064513 0.70174354
 0.70284212 0.70394089 0.70503983 0.70613895 0.70723825 0.70833772
 0.70943737 0.71053719 0.71163719 0.71273737 0.71383772 0.71493824
 0.71603894 0.71713981 0.71824086 0.71934208 0.72044347 0.72154503
 0.72264677 0.72374868 0.72485076 0.72595301 0.72705543 0.72815803
 0.72926079 0.73036372 0.73146683 0.7325701  0.73367354 0.73477715
 0.73588093 0.73698488 0.738089   0.73919329 0.74029774 0.74140236
 0.74250715 0.7436121  0.74471723 0.74582251 0.74692797 0.74803359
 0.74913938 0.75024533 0.75135145 0.75245773 0.75356418 0.75467079
 0.75577757 0.75688451 0.75799162 0.75909889 0.76020632 0.76131392
 0.76242168 0.76352961 0.76463769 0.76574594 0.76685436 0.76796293
 0.76907167 0.77018057 0.77128963 0.77239886 0.77350824 0.77461779
 0.7757275  0.77683737 0.7779474  0.77905759 0.78016794 0.78127846
 0.78238913 0.78349996 0.78461096 0.78572211 0.78683343 0.7879449
 0.78905653 0.79016833 0.79128028 0.79239239 0.79350466 0.79461709
 0.79572968 0.79684243 0.79795533 0.7990684  0.80018162 0.801295
 0.80240854 0.80352224 0.80463609 0.80575011 0.80686428 0.80797861
 0.80909309 0.81020774 0.81132254 0.8124375  0.81355262 0.81466789
 0.81578332 0.81689891 0.81801465 0.81913055 0.82024661 0.82136283
 0.8224792  0.82359573 0.82471241 0.82582925 0.82694625 0.8280634
 0.82918071 0.83029818 0.8314158  0.83253358 0.83365152 0.83476961
 0.83588785 0.83700626 0.83812481 0.83924353 0.8403624  0.84148142
 0.8426006  0.84371994 0.84483943 0.84595908 0.84707888 0.84819884
 0.84931896 0.85043923 0.85155965 0.85268023 0.85380097 0.85492186
 0.85604291 0.85716411 0.85828546 0.85940698 0.86052864 0.86165047
 0.86277244 0.86389458 0.86501686 0.86613931 0.8672619  0.86838466
 0.86950757 0.87063063 0.87175385 0.87287722 0.87400075 0.87512443
 0.87624827 0.87737227 0.87849641 0.87962072 0.88074518 0.88186979
 0.88299456 0.88411949 0.88524457 0.8863698  0.88749519 0.88862073
 0.88974643 0.89087229 0.8919983  0.89312447 0.89425079 0.89537726
 0.8965039  0.89763068 0.89875762 0.89988472 0.90101198 0.90213938
 0.90326695 0.90439467 0.90552254 0.90665057 0.90777876 0.9089071
 0.9100356  0.91116425 0.91229306 0.91342202 0.91455115 0.91568042
 0.91680985 0.91793944 0.91906919 0.92019909 0.92132914 0.92245935
 0.92358972 0.92472025 0.92585093 0.92698177 0.92811276 0.92924391
 0.93037522 0.93150668 0.9326383  0.93377007 0.93490201 0.9360341
 0.93716634 0.93829875 0.93943131 0.94056403 0.9416969  0.94282993
 0.94396312 0.94509647 0.94622997 0.94736363 0.94849745 0.94963143
 0.95076556 0.95189985 0.9530343  0.95416891 0.95530367 0.9564386
 0.95757368 0.95870892 0.95984431 0.96097987 0.96211558 0.96325146
 0.96438749 0.96552368 0.96666003 0.96779653 0.9689332  0.97007003
 0.97120701 0.97234415 0.97348146 0.97461892 0.97575654 0.97689432
 0.97803226 0.97917036 0.98030862 0.98144704 0.98258562 0.98372436
 0.98486327 0.98600233 0.98714155 0.98828093 0.98942047 0.99056017
 0.99170004 0.99284006 0.99398025 0.9951206  0.9962611  0.99740177
 0.9985426  0.9996836  1.00082475 1.00196607 1.00310755 1.00424918
 1.00539099 1.00653295 1.00767508 1.00881737 1.00995982 1.01110243
 1.01224521 1.01338815 1.01453125 1.01567452 1.01681795 1.01796154
 1.0191053  1.02024922 1.0213933  1.02253755 1.02368196 1.02482653
 1.02597127 1.02711618 1.02826125 1.02940648 1.03055188 1.03169744
 1.03284317 1.03398906 1.03513512 1.03628135 1.03742774 1.03857429
 1.03972101 1.0408679  1.04201496 1.04316218 1.04430956 1.04545711
 1.04660483 1.04775272 1.04890077 1.05004899 1.05119738 1.05234594
 1.05349466 1.05464355 1.05579261 1.05694183 1.05809123 1.05924079
 1.06039052 1.06154042 1.06269049 1.06384072 1.06499113 1.06614171
 1.06729245 1.06844336 1.06959445 1.0707457  1.07189713 1.07304872
 1.07420048 1.07535242 1.07650452 1.0776568  1.07880924 1.07996186
 1.08111465 1.08226761 1.08342074 1.08457405 1.08572752 1.08688117
 1.08803499 1.08918898 1.09034315 1.09149748 1.09265199 1.09380668
 1.09496153 1.09611656 1.09727177 1.09842715 1.0995827  1.10073842
 1.10189432 1.1030504  1.10420665 1.10536307 1.10651967 1.10767644
 1.10883339 1.10999052 1.11114782 1.11230529 1.11346295 1.11462077
 1.11577878 1.11693696 1.11809532 1.11925386 1.12041257 1.12157146
 1.12273053 1.12388977 1.1250492  1.1262088  1.12736858 1.12852854
 1.12968867 1.13084899 1.13200949 1.13317016 1.13433101 1.13549205
 1.13665326 1.13781465 1.13897623 1.14013798 1.14129992 1.14246203
 1.14362433 1.14478681 1.14594947 1.14711231 1.14827534 1.14943854
 1.15060193 1.1517655  1.15292925 1.15409319 1.15525731 1.15642161
 1.1575861  1.15875077 1.15991562 1.16108066 1.16224588 1.16341129
 1.16457688 1.16574266 1.16690862 1.16807477 1.1692411  1.17040762
 1.17157433 1.17274122 1.1739083  1.17507556 1.17624301 1.17741065
 1.17857848 1.1797465  1.1809147  1.18208309 1.18325167 1.18442044
 1.18558939 1.18675854 1.18792787 1.1890974  1.19026711 1.19143702
 1.19260711 1.1937774  1.19494787 1.19611854 1.1972894  1.19846045
 1.19963169 1.20080312 1.20197474 1.20314656 1.20431857 1.20549077
 1.20666317 1.20783576 1.20900854 1.21018152 1.21135469 1.21252805
 1.21370161 1.21487536 1.21604931 1.21722346 1.2183978  1.21957233
 1.22074706 1.22192199 1.22309712 1.22427244 1.22544796 1.22662367
 1.22779959 1.2289757  1.23015201 1.23132851 1.23250522 1.23368212
 1.23485923 1.23603653 1.23721403 1.23839174 1.23956964 1.24074774
 1.24192605 1.24310455 1.24428326 1.24546217 1.24664127 1.24782059
 1.2490001  1.25017982 1.25135974 1.25253986 1.25372018 1.25490071
 1.25608145 1.25726238 1.25844353 1.25962487 1.26080643 1.26198818
 1.26317015 1.26435231 1.26553469 1.26671727 1.26790006 1.26908305
 1.27026626 1.27144967 1.27263328 1.27381711 1.27500114 1.27618539
 1.27736984 1.2785545  1.27973937 1.28092445 1.28210975 1.28329525
 1.28448096 1.28566688 1.28685302 1.28803937 1.28922593 1.2904127
 1.29159968 1.29278688 1.29397429 1.29516191 1.29634975 1.2975378
 1.29872606 1.29991454 1.30110324 1.30229215 1.30348128 1.30467062
 1.30586018 1.30704995 1.30823994 1.30943015]
t = [1.08646648e+09 1.08646652e+09 1.08646656e+09 1.08646660e+09
 1.08646664e+09 1.08646667e+09 1.08646671e+09 1.08646675e+09
 1.08646679e+09 1.08646683e+09 1.08646687e+09 1.08646690e+09
 1.08646694e+09 1.08646698e+09 1.08646702e+09 1.08646706e+09
 1.08646710e+09 1.08646714e+09 1.08646717e+09 1.08646721e+09
 1.08646725e+09 1.08646729e+09 1.08646733e+09 1.08646737e+09
 1.08646740e+09 1.08646744e+09 1.08646748e+09 1.08646752e+09
 1.08646756e+09 1.08646760e+09 1.08646764e+09 1.08646767e+09
 1.08646771e+09 1.08646775e+09 1.08646779e+09 1.08646783e+09
 1.08646787e+09 1.08646790e+09 1.08646794e+09 1.08646798e+09
 1.08646802e+09 1.08646806e+09 1.08646810e+09 1.08646814e+09
 1.08646817e+09 1.08646821e+09 1.08646825e+09 1.08646829e+09
 1.08646833e+09 1.08646837e+09 1.08646840e+09 1.08646844e+09
 1.08646848e+09 1.08646852e+09 1.08646856e+09 1.08646860e+09
 1.08646864e+09 1.08646867e+09 1.08646871e+09 1.08646875e+09
 1.08646879e+09 1.08646883e+09 1.08646887e+09 1.08646890e+09
 1.08646894e+09 1.08646898e+09 1.08646902e+09 1.08646906e+09
 1.08646910e+09 1.08646913e+09 1.08646917e+09 1.08646921e+09
 1.08646925e+09 1.08646929e+09 1.08646933e+09 1.08646937e+09
 1.08646940e+09 1.08646944e+09 1.08646948e+09 1.08646952e+09
 1.08646956e+09 1.08646960e+09 1.08646963e+09 1.08646967e+09
 1.08646971e+09 1.08646975e+09 1.08646979e+09 1.08646983e+09
 1.08646987e+09 1.08646990e+09 1.08646994e+09 1.08646998e+09
 1.08647002e+09 1.08647006e+09 1.08647010e+09 1.08647013e+09
 1.08647017e+09 1.08647021e+09 1.08647025e+09 1.08647029e+09
 1.08647033e+09 1.08647037e+09 1.08647040e+09 1.08647044e+09
 1.08647048e+09 1.08647052e+09 1.08647056e+09 1.08647060e+09
 1.08647063e+09 1.08647067e+09 1.08647071e+09 1.08647075e+09
 1.08647079e+09 1.08647083e+09 1.08647087e+09 1.08647090e+09
 1.08647094e+09 1.08647098e+09 1.08647102e+09 1.08647106e+09
 1.08647110e+09 1.08647113e+09 1.08647117e+09 1.08647121e+09
 1.08647125e+09 1.08647129e+09 1.08647133e+09 1.08647137e+09
 1.08647140e+09 1.08647144e+09 1.08647148e+09 1.08647152e+09
 1.08647156e+09 1.08647160e+09 1.08647163e+09 1.08647167e+09
 1.08647171e+09 1.08647175e+09 1.08647179e+09 1.08647183e+09
 1.08647187e+09 1.08647190e+09 1.08647194e+09 1.08647198e+09
 1.08647202e+09 1.08647206e+09 1.08647210e+09 1.08647213e+09
 1.08647217e+09 1.08647221e+09 1.08647225e+09 1.08647229e+09
 1.08647233e+09 1.08647237e+09 1.08647240e+09 1.08647244e+09
 1.08647248e+09 1.08647252e+09 1.08647256e+09 1.08647260e+09
 1.08647263e+09 1.08647267e+09 1.08647271e+09 1.08647275e+09
 1.08647279e+09 1.08647283e+09 1.08647287e+09 1.08647290e+09
 1.08647294e+09 1.08647298e+09 1.08647302e+09 1.08647306e+09
 1.08647310e+09 1.08647313e+09 1.08647317e+09 1.08647321e+09
 1.08647325e+09 1.08647329e+09 1.08647333e+09 1.08647337e+09
 1.08647340e+09 1.08647344e+09 1.08647348e+09 1.08647352e+09
 1.08647356e+09 1.08647360e+09 1.08647363e+09 1.08647367e+09
 1.08647371e+09 1.08647375e+09 1.08647379e+09 1.08647383e+09
 1.08647387e+09 1.08647390e+09 1.08647394e+09 1.08647398e+09
 1.08647402e+09 1.08647406e+09 1.08647410e+09 1.08647413e+09
 1.08647417e+09 1.08647421e+09 1.08647425e+09 1.08647429e+09
 1.08647433e+09 1.08647437e+09 1.08647440e+09 1.08647444e+09
 1.08647448e+09 1.08647452e+09 1.08647456e+09 1.08647460e+09
 1.08647463e+09 1.08647467e+09 1.08647471e+09 1.08647475e+09
 1.08647479e+09 1.08647483e+09 1.08647487e+09 1.08647490e+09
 1.08647494e+09 1.08647498e+09 1.08647502e+09 1.08647506e+09
 1.08647510e+09 1.08647513e+09 1.08647517e+09 1.08647521e+09
 1.08647525e+09 1.08647529e+09 1.08647533e+09 1.08647537e+09
 1.08647540e+09 1.08647544e+09 1.08647548e+09 1.08647552e+09
 1.08647556e+09 1.08647560e+09 1.08647563e+09 1.08647567e+09
 1.08647571e+09 1.08647575e+09 1.08647579e+09 1.08647583e+09
 1.08647586e+09 1.08647590e+09 1.08647594e+09 1.08647598e+09
 1.08647602e+09 1.08647606e+09 1.08647610e+09 1.08647613e+09
 1.08647617e+09 1.08647621e+09 1.08647625e+09 1.08647629e+09
 1.08647633e+09 1.08647636e+09 1.08647640e+09 1.08647644e+09
 1.08647648e+09 1.08647652e+09 1.08647656e+09 1.08647660e+09
 1.08647663e+09 1.08647667e+09 1.08647671e+09 1.08647675e+09
 1.08647679e+09 1.08647683e+09 1.08647686e+09 1.08647690e+09
 1.08647694e+09 1.08647698e+09 1.08647702e+09 1.08647706e+09
 1.08647710e+09 1.08647713e+09 1.08647717e+09 1.08647721e+09
 1.08647725e+09 1.08647729e+09 1.08647733e+09 1.08647736e+09
 1.08647740e+09 1.08647744e+09 1.08647748e+09 1.08647752e+09
 1.08647756e+09 1.08647760e+09 1.08647763e+09 1.08647767e+09
 1.08647771e+09 1.08647775e+09 1.08647779e+09 1.08647783e+09
 1.08647786e+09 1.08647790e+09 1.08647794e+09 1.08647798e+09
 1.08647802e+09 1.08647806e+09 1.08647810e+09 1.08647813e+09
 1.08647817e+09 1.08647821e+09 1.08647825e+09 1.08647829e+09
 1.08647833e+09 1.08647836e+09 1.08647840e+09 1.08647844e+09
 1.08647848e+09 1.08647852e+09 1.08647856e+09 1.08647860e+09
 1.08647863e+09 1.08647867e+09 1.08647871e+09 1.08647875e+09
 1.08647879e+09 1.08647883e+09 1.08647886e+09 1.08647890e+09
 1.08647894e+09 1.08647898e+09 1.08647902e+09 1.08647906e+09
 1.08647910e+09 1.08647913e+09 1.08647917e+09 1.08647921e+09
 1.08647925e+09 1.08647929e+09 1.08647933e+09 1.08647936e+09
 1.08647940e+09 1.08647944e+09 1.08647948e+09 1.08647952e+09
 1.08647956e+09 1.08647960e+09 1.08647963e+09 1.08647967e+09
 1.08647971e+09 1.08647975e+09 1.08647979e+09 1.08647983e+09
 1.08647986e+09 1.08647990e+09 1.08647994e+09 1.08647998e+09
 1.08648002e+09 1.08648006e+09 1.08648010e+09 1.08648013e+09
 1.08648017e+09 1.08648021e+09 1.08648025e+09 1.08648029e+09
 1.08648033e+09 1.08648036e+09 1.08648040e+09 1.08648044e+09
 1.08648048e+09 1.08648052e+09 1.08648056e+09 1.08648060e+09
 1.08648063e+09 1.08648067e+09 1.08648071e+09 1.08648075e+09
 1.08648079e+09 1.08648083e+09 1.08648086e+09 1.08648090e+09
 1.08648094e+09 1.08648098e+09 1.08648102e+09 1.08648106e+09
 1.08648110e+09 1.08648113e+09 1.08648117e+09 1.08648121e+09
 1.08648125e+09 1.08648129e+09 1.08648133e+09 1.08648136e+09
 1.08648140e+09 1.08648144e+09 1.08648148e+09 1.08648152e+09
 1.08648156e+09 1.08648160e+09 1.08648163e+09 1.08648167e+09
 1.08648171e+09 1.08648175e+09 1.08648179e+09 1.08648183e+09
 1.08648186e+09 1.08648190e+09 1.08648194e+09 1.08648198e+09
 1.08648202e+09 1.08648206e+09 1.08648210e+09 1.08648213e+09
 1.08648217e+09 1.08648221e+09 1.08648225e+09 1.08648229e+09
 1.08648233e+09 1.08648236e+09 1.08648240e+09 1.08648244e+09
 1.08648248e+09 1.08648252e+09 1.08648256e+09 1.08648260e+09
 1.08648263e+09 1.08648267e+09 1.08648271e+09 1.08648275e+09
 1.08648279e+09 1.08648283e+09 1.08648286e+09 1.08648290e+09
 1.08648294e+09 1.08648298e+09 1.08648302e+09 1.08648306e+09
 1.08648309e+09 1.08648313e+09 1.08648317e+09 1.08648321e+09
 1.08648325e+09 1.08648329e+09 1.08648333e+09 1.08648336e+09
 1.08648340e+09 1.08648344e+09 1.08648348e+09 1.08648352e+09
 1.08648356e+09 1.08648359e+09 1.08648363e+09 1.08648367e+09
 1.08648371e+09 1.08648375e+09 1.08648379e+09 1.08648383e+09
 1.08648386e+09 1.08648390e+09 1.08648394e+09 1.08648398e+09
 1.08648402e+09 1.08648406e+09 1.08648409e+09 1.08648413e+09
 1.08648417e+09 1.08648421e+09 1.08648425e+09 1.08648429e+09
 1.08648433e+09 1.08648436e+09 1.08648440e+09 1.08648444e+09
 1.08648448e+09 1.08648452e+09 1.08648456e+09 1.08648459e+09
 1.08648463e+09 1.08648467e+09 1.08648471e+09 1.08648475e+09
 1.08648479e+09 1.08648483e+09 1.08648486e+09 1.08648490e+09
 1.08648494e+09 1.08648498e+09 1.08648502e+09 1.08648506e+09
 1.08648509e+09 1.08648513e+09 1.08648517e+09 1.08648521e+09
 1.08648525e+09 1.08648529e+09 1.08648533e+09 1.08648536e+09
 1.08648540e+09 1.08648544e+09 1.08648548e+09 1.08648552e+09
 1.08648556e+09 1.08648559e+09 1.08648563e+09 1.08648567e+09
 1.08648571e+09 1.08648575e+09 1.08648579e+09 1.08648583e+09
 1.08648586e+09 1.08648590e+09 1.08648594e+09 1.08648598e+09
 1.08648602e+09 1.08648606e+09 1.08648609e+09 1.08648613e+09
 1.08648617e+09 1.08648621e+09 1.08648625e+09 1.08648629e+09
 1.08648633e+09 1.08648636e+09 1.08648640e+09 1.08648644e+09
 1.08648648e+09 1.08648652e+09 1.08648656e+09 1.08648659e+09
 1.08648663e+09 1.08648667e+09 1.08648671e+09 1.08648675e+09
 1.08648679e+09 1.08648683e+09 1.08648686e+09 1.08648690e+09
 1.08648694e+09 1.08648698e+09 1.08648702e+09 1.08648706e+09
 1.08648709e+09 1.08648713e+09 1.08648717e+09 1.08648721e+09
 1.08648725e+09 1.08648729e+09 1.08648733e+09 1.08648736e+09
 1.08648740e+09 1.08648744e+09 1.08648748e+09 1.08648752e+09
 1.08648756e+09 1.08648759e+09 1.08648763e+09 1.08648767e+09
 1.08648771e+09 1.08648775e+09 1.08648779e+09 1.08648783e+09
 1.08648786e+09 1.08648790e+09 1.08648794e+09 1.08648798e+09
 1.08648802e+09 1.08648806e+09 1.08648809e+09 1.08648813e+09
 1.08648817e+09 1.08648821e+09 1.08648825e+09 1.08648829e+09
 1.08648833e+09 1.08648836e+09 1.08648840e+09 1.08648844e+09
 1.08648848e+09 1.08648852e+09 1.08648856e+09 1.08648859e+09
 1.08648863e+09 1.08648867e+09 1.08648871e+09 1.08648875e+09
 1.08648879e+09 1.08648883e+09 1.08648886e+09 1.08648890e+09
 1.08648894e+09 1.08648898e+09 1.08648902e+09 1.08648906e+09
 1.08648909e+09 1.08648913e+09 1.08648917e+09 1.08648921e+09
 1.08648925e+09 1.08648929e+09 1.08648933e+09 1.08648936e+09
 1.08648940e+09 1.08648944e+09 1.08648948e+09 1.08648952e+09
 1.08648956e+09 1.08648959e+09 1.08648963e+09 1.08648967e+09
 1.08648971e+09 1.08648975e+09 1.08648979e+09 1.08648982e+09
 1.08648986e+09 1.08648990e+09 1.08648994e+09 1.08648998e+09
 1.08649002e+09 1.08649006e+09 1.08649009e+09 1.08649013e+09
 1.08649017e+09 1.08649021e+09 1.08649025e+09 1.08649029e+09
 1.08649032e+09 1.08649036e+09 1.08649040e+09 1.08649044e+09
 1.08649048e+09 1.08649052e+09 1.08649056e+09 1.08649059e+09
 1.08649063e+09 1.08649067e+09 1.08649071e+09 1.08649075e+09
 1.08649079e+09 1.08649082e+09 1.08649086e+09 1.08649090e+09
 1.08649094e+09 1.08649098e+09 1.08649102e+09 1.08649106e+09
 1.08649109e+09 1.08649113e+09 1.08649117e+09 1.08649121e+09
 1.08649125e+09 1.08649129e+09 1.08649132e+09 1.08649136e+09
 1.08649140e+09 1.08649144e+09 1.08649148e+09 1.08649152e+09
 1.08649156e+09 1.08649159e+09 1.08649163e+09 1.08649167e+09
 1.08649171e+09 1.08649175e+09 1.08649179e+09 1.08649182e+09
 1.08649186e+09 1.08649190e+09 1.08649194e+09 1.08649198e+09
 1.08649202e+09 1.08649206e+09 1.08649209e+09 1.08649213e+09
 1.08649217e+09 1.08649221e+09 1.08649225e+09 1.08649229e+09
 1.08649232e+09 1.08649236e+09 1.08649240e+09 1.08649244e+09
 1.08649248e+09 1.08649252e+09 1.08649256e+09 1.08649259e+09
 1.08649263e+09 1.08649267e+09 1.08649271e+09 1.08649275e+09
 1.08649279e+09 1.08649282e+09 1.08649286e+09 1.08649290e+09
 1.08649294e+09 1.08649298e+09 1.08649302e+09 1.08649306e+09
 1.08649309e+09 1.08649313e+09 1.08649317e+09 1.08649321e+09
 1.08649325e+09 1.08649329e+09 1.08649332e+09 1.08649336e+09
 1.08649340e+09 1.08649344e+09 1.08649348e+09 1.08649352e+09
 1.08649356e+09 1.08649359e+09 1.08649363e+09 1.08649367e+09
 1.08649371e+09 1.08649375e+09 1.08649379e+09 1.08649382e+09
 1.08649386e+09 1.08649390e+09 1.08649394e+09 1.08649398e+09
 1.08649402e+09 1.08649406e+09 1.08649409e+09 1.08649413e+09
 1.08649417e+09 1.08649421e+09 1.08649425e+09 1.08649429e+09
 1.08649432e+09 1.08649436e+09 1.08649440e+09 1.08649444e+09
 1.08649448e+09 1.08649452e+09 1.08649456e+09 1.08649459e+09
 1.08649463e+09 1.08649467e+09 1.08649471e+09 1.08649475e+09
 1.08649479e+09 1.08649482e+09 1.08649486e+09 1.08649490e+09
 1.08649494e+09 1.08649498e+09 1.08649502e+09 1.08649506e+09
 1.08649509e+09 1.08649513e+09 1.08649517e+09 1.08649521e+09
 1.08649525e+09 1.08649529e+09 1.08649532e+09 1.08649536e+09
 1.08649540e+09 1.08649544e+09 1.08649548e+09 1.08649552e+09
 1.08649556e+09 1.08649559e+09 1.08649563e+09 1.08649567e+09
 1.08649571e+09 1.08649575e+09 1.08649579e+09 1.08649582e+09
 1.08649586e+09 1.08649590e+09 1.08649594e+09 1.08649598e+09
 1.08649602e+09 1.08649606e+09 1.08649609e+09 1.08649613e+09
 1.08649617e+09 1.08649621e+09 1.08649625e+09 1.08649629e+09
 1.08649632e+09 1.08649636e+09 1.08649640e+09 1.08649644e+09
 1.08649648e+09 1.08649652e+09 1.08649655e+09 1.08649659e+09
 1.08649663e+09 1.08649667e+09 1.08649671e+09 1.08649675e+09
 1.08649679e+09 1.08649682e+09 1.08649686e+09 1.08649690e+09
 1.08649694e+09 1.08649698e+09 1.08649702e+09 1.08649705e+09
 1.08649709e+09 1.08649713e+09 1.08649717e+09 1.08649721e+09
 1.08649725e+09 1.08649729e+09 1.08649732e+09 1.08649736e+09
 1.08649740e+09 1.08649744e+09 1.08649748e+09 1.08649752e+09
 1.08649755e+09 1.08649759e+09 1.08649763e+09 1.08649767e+09
 1.08649771e+09 1.08649775e+09 1.08649779e+09 1.08649782e+09
 1.08649786e+09 1.08649790e+09 1.08649794e+09 1.08649798e+09
 1.08649802e+09 1.08649805e+09 1.08649809e+09 1.08649813e+09
 1.08649817e+09 1.08649821e+09 1.08649825e+09 1.08649829e+09
 1.08649832e+09 1.08649836e+09 1.08649840e+09 1.08649844e+09
 1.08649848e+09 1.08649852e+09 1.08649855e+09 1.08649859e+09
 1.08649863e+09 1.08649867e+09 1.08649871e+09 1.08649875e+09
 1.08649879e+09 1.08649882e+09 1.08649886e+09 1.08649890e+09
 1.08649894e+09 1.08649898e+09 1.08649902e+09 1.08649905e+09
 1.08649909e+09 1.08649913e+09 1.08649917e+09 1.08649921e+09
 1.08649925e+09 1.08649929e+09 1.08649932e+09 1.08649936e+09
 1.08649940e+09 1.08649944e+09 1.08649948e+09 1.08649952e+09
 1.08649955e+09 1.08649959e+09 1.08649963e+09 1.08649967e+09
 1.08649971e+09 1.08649975e+09 1.08649979e+09 1.08649982e+09
 1.08649986e+09 1.08649990e+09 1.08649994e+09 1.08649998e+09
 1.08650002e+09 1.08650005e+09 1.08650009e+09 1.08650013e+09
 1.08650017e+09 1.08650021e+09 1.08650025e+09 1.08650029e+09
 1.08650032e+09 1.08650036e+09 1.08650040e+09 1.08650044e+09
 1.08650048e+09 1.08650052e+09 1.08650055e+09 1.08650059e+09
 1.08650063e+09 1.08650067e+09 1.08650071e+09 1.08650075e+09
 1.08650079e+09 1.08650082e+09 1.08650086e+09 1.08650090e+09
 1.08650094e+09 1.08650098e+09 1.08650102e+09 1.08650105e+09
 1.08650109e+09 1.08650113e+09 1.08650117e+09 1.08650121e+09
 1.08650125e+09 1.08650129e+09 1.08650132e+09 1.08650136e+09
 1.08650140e+09 1.08650144e+09 1.08650148e+09 1.08650152e+09
 1.08650155e+09 1.08650159e+09 1.08650163e+09 1.08650167e+09
 1.08650171e+09 1.08650175e+09 1.08650179e+09 1.08650182e+09
 1.08650186e+09 1.08650190e+09 1.08650194e+09 1.08650198e+09
 1.08650202e+09 1.08650205e+09 1.08650209e+09 1.08650213e+09
 1.08650217e+09 1.08650221e+09 1.08650225e+09 1.08650229e+09
 1.08650232e+09 1.08650236e+09 1.08650240e+09 1.08650244e+09
 1.08650248e+09 1.08650252e+09 1.08650255e+09 1.08650259e+09
 1.08650263e+09 1.08650267e+09 1.08650271e+09 1.08650275e+09
 1.08650279e+09 1.08650282e+09 1.08650286e+09 1.08650290e+09
 1.08650294e+09 1.08650298e+09 1.08650302e+09 1.08650305e+09
 1.08650309e+09 1.08650313e+09 1.08650317e+09 1.08650321e+09
 1.08650325e+09 1.08650328e+09 1.08650332e+09 1.08650336e+09
 1.08650340e+09 1.08650344e+09 1.08650348e+09 1.08650352e+09
 1.08650355e+09 1.08650359e+09 1.08650363e+09 1.08650367e+09
 1.08650371e+09 1.08650375e+09 1.08650378e+09 1.08650382e+09
 1.08650386e+09 1.08650390e+09 1.08650394e+09 1.08650398e+09
 1.08650402e+09 1.08650405e+09 1.08650409e+09 1.08650413e+09
 1.08650417e+09 1.08650421e+09 1.08650425e+09 1.08650428e+09
 1.08650432e+09 1.08650436e+09 1.08650440e+09 1.08650444e+09
 1.08650448e+09 1.08650452e+09 1.08650455e+09 1.08650459e+09
 1.08650463e+09 1.08650467e+09 1.08650471e+09 1.08650475e+09
 1.08650478e+09 1.08650482e+09 1.08650486e+09 1.08650490e+09]
minRes = 0.2868234350879976
minResTime = [1.08646748e+09]
Cov(t) = [100 100 100 100 100 100 100 100 100 100 100 100 100 100 100 100 100 100
 100 100 100 100 100 100 100 100 100 100 100 100 100 100 100 100 100 100
 100 100 100 100 100 100 100 100 100 100 100 100 100 100 100 100 100 100
 100 100 100 100 100 100 100 100 100 100 100 100 100 100 100 100 100 100
 100 100 100 100 100 100 100 100 100 100 100 100 100 100 100 100 100 100
 100 100 100 100 100 100 100 100 100 100 100 100 100 100 100 100 100 100
 100 100 100 100 100 100 100 100 100 100 100 100 100 100 100 100 100 100
 100 100 100 100 100 100 100 100 100 100 100 100 100 100 100 100 100 100
 100 100 100 100 100 100 100 100 100 100 100 100 100 100 100 100 100 100
 100 100 100 100 100 100 100 100 100 100 100 100 100 100 100 100 100 100
 100 100 100 100 100 100 100 100 100 100 100 100 100 100 100 100 100 100
 100 100 100 100 100 100 100 100 100 100 100 100 100 100 100 100 100 100
 100 100 100 100 100 100 100 100 100 100 100 100 100 100 100 100 100 100
 100 100 100 100 100 100 100 100 100 100 100 100 100 100 100 100 100 100
 100 100 100 100 100 100 100 100 100 100 100 100 100 100 100 100 100 100
 100 100 100 100 100 100 100 100 100 100 100 100 100 100 100 100 100 100
 100 100 100 100 100 100 100 100 100 100 100 100 100 100 100 100 100 100
 100 100 100 100 100 100 100 100 100 100 100 100 100 100 100 100 100 100
 100 100 100 100 100 100 100 100 100 100 100 100 100 100 100 100 100 100
 100 100 100 100 100 100 100 100 100 100 100 100 100 100 100 100 100 100
 100 100 100 100 100 100 100 100 100 100 100 100 100 100 100 100 100 100
 100 100 100 100 100 100 100 100 100 100 100 100 100 100 100 100 100 100
 100 100 100 100 100 100 100 100 100 100 100 100 100 100 100 100 100 100
 100 100 100 100 100 100 100 100 100 100 100 100 100 100 100 100 100 100
 100 100 100 100 100 100 100 100 100 100 100 100 100 100 100 100 100 100
 100 100 100 100 100 100 100 100 100 100 100 100 100 100 100 100 100 100
 100 100 100 100 100 100 100 100 100 100 100 100 100 100 100 100 100 100
 100 100 100 100 100 100 100 100 100 100 100 100 100 100 100 100 100 100
 100 100 100 100 100 100 100 100 100 100 100 100 100 100 100 100 100 100
 100 100 100 100 100 100 100 100 100 100 100 100 100 100 100 100 100 100
 100 100 100 100 100 100 100 100 100 100 100 100 100 100 100 100 100 100
 100 100 100 100 100 100 100 100 100 100 100 100 100 100 100 100 100 100
 100 100 100 100 100 100 100 100 100 100 100 100 100 100 100 100 100 100
 100 100 100 100 100 100 100 100 100 100 100 100 100 100 100 100 100 100
 100 100 100 100 100 100 100 100 100 100 100 100 100 100 100 100 100 100
 100 100 100 100 100 100 100 100 100 100 100 100 100 100 100 100 100 100
 100 100 100 100 100 100 100 100 100 100 100 100 100 100 100 100 100 100
 100 100 100 100 100 100 100 100 100 100 100 100 100 100 100 100 100 100
 100 100 100 100 100 100 100 100 100 100 100 100 100 100 100 100 100 100
 100 100 100 100 100 100 100 100 100 100 100 100 100 100 100 100 100 100
 100 100 100 100 100 100 100 100 100 100 100 100 100 100 100 100 100 100
 100 100 100 100 100 100 100 100 100 100 100 100 100 100 100 100 100 100
 100 100 100 100 100 100 100 100 100 100 100 100 100 100 100 100 100 100
 100 100 100 100 100 100 100 100 100 100 100 100 100 100 100 100 100 100
 100 100 100 100 100 100 100 100 100 100 100 100 100 100 100 100 100 100
 100 100 100 100 100 100 100 100 100 100 100 100 100 100 100 100 100 100
 100 100 100 100 100 100 100 100 100 100 100 100 100 100 100 100 100 100
 100 100 100 100 100 100 100 100 100 100 100 100 100 100 100 100 100 100
 100 100 100 100 100 100 100 100 100 100 100 100 100 100 100 100 100 100
 100 100 100 100 100 100 100 100 100 100 100 100 100 100 100 100 100 100
 100 100 100 100 100 100 100 100 100 100 100 100 100 100 100 100 100 100
 100 100 100 100 100 100 100 100 100 100 100 100 100 100 100 100 100 100
 100 100 100 100 100 100 100 100 100 100 100 100 100 100 100 100 100 100
 100 100 100 100 100 100 100 100 100 100 100 100 100 100 100 100 100 100
 100 100 100 100 100 100 100 100 100 100 100 100 100 100 100 100 100 100
 100 100 100 100 100 100 100 100 100 100]
maxCov = 100
maxCovTime = [1.08646648e+09 1.08646652e+09 1.08646656e+09 1.08646660e+09
 1.08646664e+09 1.08646667e+09 1.08646671e+09 1.08646675e+09
 1.08646679e+09 1.08646683e+09 1.08646687e+09 1.08646690e+09
 1.08646694e+09 1.08646698e+09 1.08646702e+09 1.08646706e+09
 1.08646710e+09 1.08646714e+09 1.08646717e+09 1.08646721e+09
 1.08646725e+09 1.08646729e+09 1.08646733e+09 1.08646737e+09
 1.08646740e+09 1.08646744e+09 1.08646748e+09 1.08646752e+09
 1.08646756e+09 1.08646760e+09 1.08646764e+09 1.08646767e+09
 1.08646771e+09 1.08646775e+09 1.08646779e+09 1.08646783e+09
 1.08646787e+09 1.08646790e+09 1.08646794e+09 1.08646798e+09
 1.08646802e+09 1.08646806e+09 1.08646810e+09 1.08646814e+09
 1.08646817e+09 1.08646821e+09 1.08646825e+09 1.08646829e+09
 1.08646833e+09 1.08646837e+09 1.08646840e+09 1.08646844e+09
 1.08646848e+09 1.08646852e+09 1.08646856e+09 1.08646860e+09
 1.08646864e+09 1.08646867e+09 1.08646871e+09 1.08646875e+09
 1.08646879e+09 1.08646883e+09 1.08646887e+09 1.08646890e+09
 1.08646894e+09 1.08646898e+09 1.08646902e+09 1.08646906e+09
 1.08646910e+09 1.08646913e+09 1.08646917e+09 1.08646921e+09
 1.08646925e+09 1.08646929e+09 1.08646933e+09 1.08646937e+09
 1.08646940e+09 1.08646944e+09 1.08646948e+09 1.08646952e+09
 1.08646956e+09 1.08646960e+09 1.08646963e+09 1.08646967e+09
 1.08646971e+09 1.08646975e+09 1.08646979e+09 1.08646983e+09
 1.08646987e+09 1.08646990e+09 1.08646994e+09 1.08646998e+09
 1.08647002e+09 1.08647006e+09 1.08647010e+09 1.08647013e+09
 1.08647017e+09 1.08647021e+09 1.08647025e+09 1.08647029e+09
 1.08647033e+09 1.08647037e+09 1.08647040e+09 1.08647044e+09
 1.08647048e+09 1.08647052e+09 1.08647056e+09 1.08647060e+09
 1.08647063e+09 1.08647067e+09 1.08647071e+09 1.08647075e+09
 1.08647079e+09 1.08647083e+09 1.08647087e+09 1.08647090e+09
 1.08647094e+09 1.08647098e+09 1.08647102e+09 1.08647106e+09
 1.08647110e+09 1.08647113e+09 1.08647117e+09 1.08647121e+09
 1.08647125e+09 1.08647129e+09 1.08647133e+09 1.08647137e+09
 1.08647140e+09 1.08647144e+09 1.08647148e+09 1.08647152e+09
 1.08647156e+09 1.08647160e+09 1.08647163e+09 1.08647167e+09
 1.08647171e+09 1.08647175e+09 1.08647179e+09 1.08647183e+09
 1.08647187e+09 1.08647190e+09 1.08647194e+09 1.08647198e+09
 1.08647202e+09 1.08647206e+09 1.08647210e+09 1.08647213e+09
 1.08647217e+09 1.08647221e+09 1.08647225e+09 1.08647229e+09
 1.08647233e+09 1.08647237e+09 1.08647240e+09 1.08647244e+09
 1.08647248e+09 1.08647252e+09 1.08647256e+09 1.08647260e+09
 1.08647263e+09 1.08647267e+09 1.08647271e+09 1.08647275e+09
 1.08647279e+09 1.08647283e+09 1.08647287e+09 1.08647290e+09
 1.08647294e+09 1.08647298e+09 1.08647302e+09 1.08647306e+09
 1.08647310e+09 1.08647313e+09 1.08647317e+09 1.08647321e+09
 1.08647325e+09 1.08647329e+09 1.08647333e+09 1.08647337e+09
 1.08647340e+09 1.08647344e+09 1.08647348e+09 1.08647352e+09
 1.08647356e+09 1.08647360e+09 1.08647363e+09 1.08647367e+09
 1.08647371e+09 1.08647375e+09 1.08647379e+09 1.08647383e+09
 1.08647387e+09 1.08647390e+09 1.08647394e+09 1.08647398e+09
 1.08647402e+09 1.08647406e+09 1.08647410e+09 1.08647413e+09
 1.08647417e+09 1.08647421e+09 1.08647425e+09 1.08647429e+09
 1.08647433e+09 1.08647437e+09 1.08647440e+09 1.08647444e+09
 1.08647448e+09 1.08647452e+09 1.08647456e+09 1.08647460e+09
 1.08647463e+09 1.08647467e+09 1.08647471e+09 1.08647475e+09
 1.08647479e+09 1.08647483e+09 1.08647487e+09 1.08647490e+09
 1.08647494e+09 1.08647498e+09 1.08647502e+09 1.08647506e+09
 1.08647510e+09 1.08647513e+09 1.08647517e+09 1.08647521e+09
 1.08647525e+09 1.08647529e+09 1.08647533e+09 1.08647537e+09
 1.08647540e+09 1.08647544e+09 1.08647548e+09 1.08647552e+09
 1.08647556e+09 1.08647560e+09 1.08647563e+09 1.08647567e+09
 1.08647571e+09 1.08647575e+09 1.08647579e+09 1.08647583e+09
 1.08647586e+09 1.08647590e+09 1.08647594e+09 1.08647598e+09
 1.08647602e+09 1.08647606e+09 1.08647610e+09 1.08647613e+09
 1.08647617e+09 1.08647621e+09 1.08647625e+09 1.08647629e+09
 1.08647633e+09 1.08647636e+09 1.08647640e+09 1.08647644e+09
 1.08647648e+09 1.08647652e+09 1.08647656e+09 1.08647660e+09
 1.08647663e+09 1.08647667e+09 1.08647671e+09 1.08647675e+09
 1.08647679e+09 1.08647683e+09 1.08647686e+09 1.08647690e+09
 1.08647694e+09 1.08647698e+09 1.08647702e+09 1.08647706e+09
 1.08647710e+09 1.08647713e+09 1.08647717e+09 1.08647721e+09
 1.08647725e+09 1.08647729e+09 1.08647733e+09 1.08647736e+09
 1.08647740e+09 1.08647744e+09 1.08647748e+09 1.08647752e+09
 1.08647756e+09 1.08647760e+09 1.08647763e+09 1.08647767e+09
 1.08647771e+09 1.08647775e+09 1.08647779e+09 1.08647783e+09
 1.08647786e+09 1.08647790e+09 1.08647794e+09 1.08647798e+09
 1.08647802e+09 1.08647806e+09 1.08647810e+09 1.08647813e+09
 1.08647817e+09 1.08647821e+09 1.08647825e+09 1.08647829e+09
 1.08647833e+09 1.08647836e+09 1.08647840e+09 1.08647844e+09
 1.08647848e+09 1.08647852e+09 1.08647856e+09 1.08647860e+09
 1.08647863e+09 1.08647867e+09 1.08647871e+09 1.08647875e+09
 1.08647879e+09 1.08647883e+09 1.08647886e+09 1.08647890e+09
 1.08647894e+09 1.08647898e+09 1.08647902e+09 1.08647906e+09
 1.08647910e+09 1.08647913e+09 1.08647917e+09 1.08647921e+09
 1.08647925e+09 1.08647929e+09 1.08647933e+09 1.08647936e+09
 1.08647940e+09 1.08647944e+09 1.08647948e+09 1.08647952e+09
 1.08647956e+09 1.08647960e+09 1.08647963e+09 1.08647967e+09
 1.08647971e+09 1.08647975e+09 1.08647979e+09 1.08647983e+09
 1.08647986e+09 1.08647990e+09 1.08647994e+09 1.08647998e+09
 1.08648002e+09 1.08648006e+09 1.08648010e+09 1.08648013e+09
 1.08648017e+09 1.08648021e+09 1.08648025e+09 1.08648029e+09
 1.08648033e+09 1.08648036e+09 1.08648040e+09 1.08648044e+09
 1.08648048e+09 1.08648052e+09 1.08648056e+09 1.08648060e+09
 1.08648063e+09 1.08648067e+09 1.08648071e+09 1.08648075e+09
 1.08648079e+09 1.08648083e+09 1.08648086e+09 1.08648090e+09
 1.08648094e+09 1.08648098e+09 1.08648102e+09 1.08648106e+09
 1.08648110e+09 1.08648113e+09 1.08648117e+09 1.08648121e+09
 1.08648125e+09 1.08648129e+09 1.08648133e+09 1.08648136e+09
 1.08648140e+09 1.08648144e+09 1.08648148e+09 1.08648152e+09
 1.08648156e+09 1.08648160e+09 1.08648163e+09 1.08648167e+09
 1.08648171e+09 1.08648175e+09 1.08648179e+09 1.08648183e+09
 1.08648186e+09 1.08648190e+09 1.08648194e+09 1.08648198e+09
 1.08648202e+09 1.08648206e+09 1.08648210e+09 1.08648213e+09
 1.08648217e+09 1.08648221e+09 1.08648225e+09 1.08648229e+09
 1.08648233e+09 1.08648236e+09 1.08648240e+09 1.08648244e+09
 1.08648248e+09 1.08648252e+09 1.08648256e+09 1.08648260e+09
 1.08648263e+09 1.08648267e+09 1.08648271e+09 1.08648275e+09
 1.08648279e+09 1.08648283e+09 1.08648286e+09 1.08648290e+09
 1.08648294e+09 1.08648298e+09 1.08648302e+09 1.08648306e+09
 1.08648309e+09 1.08648313e+09 1.08648317e+09 1.08648321e+09
 1.08648325e+09 1.08648329e+09 1.08648333e+09 1.08648336e+09
 1.08648340e+09 1.08648344e+09 1.08648348e+09 1.08648352e+09
 1.08648356e+09 1.08648359e+09 1.08648363e+09 1.08648367e+09
 1.08648371e+09 1.08648375e+09 1.08648379e+09 1.08648383e+09
 1.08648386e+09 1.08648390e+09 1.08648394e+09 1.08648398e+09
 1.08648402e+09 1.08648406e+09 1.08648409e+09 1.08648413e+09
 1.08648417e+09 1.08648421e+09 1.08648425e+09 1.08648429e+09
 1.08648433e+09 1.08648436e+09 1.08648440e+09 1.08648444e+09
 1.08648448e+09 1.08648452e+09 1.08648456e+09 1.08648459e+09
 1.08648463e+09 1.08648467e+09 1.08648471e+09 1.08648475e+09
 1.08648479e+09 1.08648483e+09 1.08648486e+09 1.08648490e+09
 1.08648494e+09 1.08648498e+09 1.08648502e+09 1.08648506e+09
 1.08648509e+09 1.08648513e+09 1.08648517e+09 1.08648521e+09
 1.08648525e+09 1.08648529e+09 1.08648533e+09 1.08648536e+09
 1.08648540e+09 1.08648544e+09 1.08648548e+09 1.08648552e+09
 1.08648556e+09 1.08648559e+09 1.08648563e+09 1.08648567e+09
 1.08648571e+09 1.08648575e+09 1.08648579e+09 1.08648583e+09
 1.08648586e+09 1.08648590e+09 1.08648594e+09 1.08648598e+09
 1.08648602e+09 1.08648606e+09 1.08648609e+09 1.08648613e+09
 1.08648617e+09 1.08648621e+09 1.08648625e+09 1.08648629e+09
 1.08648633e+09 1.08648636e+09 1.08648640e+09 1.08648644e+09
 1.08648648e+09 1.08648652e+09 1.08648656e+09 1.08648659e+09
 1.08648663e+09 1.08648667e+09 1.08648671e+09 1.08648675e+09
 1.08648679e+09 1.08648683e+09 1.08648686e+09 1.08648690e+09
 1.08648694e+09 1.08648698e+09 1.08648702e+09 1.08648706e+09
 1.08648709e+09 1.08648713e+09 1.08648717e+09 1.08648721e+09
 1.08648725e+09 1.08648729e+09 1.08648733e+09 1.08648736e+09
 1.08648740e+09 1.08648744e+09 1.08648748e+09 1.08648752e+09
 1.08648756e+09 1.08648759e+09 1.08648763e+09 1.08648767e+09
 1.08648771e+09 1.08648775e+09 1.08648779e+09 1.08648783e+09
 1.08648786e+09 1.08648790e+09 1.08648794e+09 1.08648798e+09
 1.08648802e+09 1.08648806e+09 1.08648809e+09 1.08648813e+09
 1.08648817e+09 1.08648821e+09 1.08648825e+09 1.08648829e+09
 1.08648833e+09 1.08648836e+09 1.08648840e+09 1.08648844e+09
 1.08648848e+09 1.08648852e+09 1.08648856e+09 1.08648859e+09
 1.08648863e+09 1.08648867e+09 1.08648871e+09 1.08648875e+09
 1.08648879e+09 1.08648883e+09 1.08648886e+09 1.08648890e+09
 1.08648894e+09 1.08648898e+09 1.08648902e+09 1.08648906e+09
 1.08648909e+09 1.08648913e+09 1.08648917e+09 1.08648921e+09
 1.08648925e+09 1.08648929e+09 1.08648933e+09 1.08648936e+09
 1.08648940e+09 1.08648944e+09 1.08648948e+09 1.08648952e+09
 1.08648956e+09 1.08648959e+09 1.08648963e+09 1.08648967e+09
 1.08648971e+09 1.08648975e+09 1.08648979e+09 1.08648982e+09
 1.08648986e+09 1.08648990e+09 1.08648994e+09 1.08648998e+09
 1.08649002e+09 1.08649006e+09 1.08649009e+09 1.08649013e+09
 1.08649017e+09 1.08649021e+09 1.08649025e+09 1.08649029e+09
 1.08649032e+09 1.08649036e+09 1.08649040e+09 1.08649044e+09
 1.08649048e+09 1.08649052e+09 1.08649056e+09 1.08649059e+09
 1.08649063e+09 1.08649067e+09 1.08649071e+09 1.08649075e+09
 1.08649079e+09 1.08649082e+09 1.08649086e+09 1.08649090e+09
 1.08649094e+09 1.08649098e+09 1.08649102e+09 1.08649106e+09
 1.08649109e+09 1.08649113e+09 1.08649117e+09 1.08649121e+09
 1.08649125e+09 1.08649129e+09 1.08649132e+09 1.08649136e+09
 1.08649140e+09 1.08649144e+09 1.08649148e+09 1.08649152e+09
 1.08649156e+09 1.08649159e+09 1.08649163e+09 1.08649167e+09
 1.08649171e+09 1.08649175e+09 1.08649179e+09 1.08649182e+09
 1.08649186e+09 1.08649190e+09 1.08649194e+09 1.08649198e+09
 1.08649202e+09 1.08649206e+09 1.08649209e+09 1.08649213e+09
 1.08649217e+09 1.08649221e+09 1.08649225e+09 1.08649229e+09
 1.08649232e+09 1.08649236e+09 1.08649240e+09 1.08649244e+09
 1.08649248e+09 1.08649252e+09 1.08649256e+09 1.08649259e+09
 1.08649263e+09 1.08649267e+09 1.08649271e+09 1.08649275e+09
 1.08649279e+09 1.08649282e+09 1.08649286e+09 1.08649290e+09
 1.08649294e+09 1.08649298e+09 1.08649302e+09 1.08649306e+09
 1.08649309e+09 1.08649313e+09 1.08649317e+09 1.08649321e+09
 1.08649325e+09 1.08649329e+09 1.08649332e+09 1.08649336e+09
 1.08649340e+09 1.08649344e+09 1.08649348e+09 1.08649352e+09
 1.08649356e+09 1.08649359e+09 1.08649363e+09 1.08649367e+09
 1.08649371e+09 1.08649375e+09 1.08649379e+09 1.08649382e+09
 1.08649386e+09 1.08649390e+09 1.08649394e+09 1.08649398e+09
 1.08649402e+09 1.08649406e+09 1.08649409e+09 1.08649413e+09
 1.08649417e+09 1.08649421e+09 1.08649425e+09 1.08649429e+09
 1.08649432e+09 1.08649436e+09 1.08649440e+09 1.08649444e+09
 1.08649448e+09 1.08649452e+09 1.08649456e+09 1.08649459e+09
 1.08649463e+09 1.08649467e+09 1.08649471e+09 1.08649475e+09
 1.08649479e+09 1.08649482e+09 1.08649486e+09 1.08649490e+09
 1.08649494e+09 1.08649498e+09 1.08649502e+09 1.08649506e+09
 1.08649509e+09 1.08649513e+09 1.08649517e+09 1.08649521e+09
 1.08649525e+09 1.08649529e+09 1.08649532e+09 1.08649536e+09
 1.08649540e+09 1.08649544e+09 1.08649548e+09 1.08649552e+09
 1.08649556e+09 1.08649559e+09 1.08649563e+09 1.08649567e+09
 1.08649571e+09 1.08649575e+09 1.08649579e+09 1.08649582e+09
 1.08649586e+09 1.08649590e+09 1.08649594e+09 1.08649598e+09
 1.08649602e+09 1.08649606e+09 1.08649609e+09 1.08649613e+09
 1.08649617e+09 1.08649621e+09 1.08649625e+09 1.08649629e+09
 1.08649632e+09 1.08649636e+09 1.08649640e+09 1.08649644e+09
 1.08649648e+09 1.08649652e+09 1.08649655e+09 1.08649659e+09
 1.08649663e+09 1.08649667e+09 1.08649671e+09 1.08649675e+09
 1.08649679e+09 1.08649682e+09 1.08649686e+09 1.08649690e+09
 1.08649694e+09 1.08649698e+09 1.08649702e+09 1.08649705e+09
 1.08649709e+09 1.08649713e+09 1.08649717e+09 1.08649721e+09
 1.08649725e+09 1.08649729e+09 1.08649732e+09 1.08649736e+09
 1.08649740e+09 1.08649744e+09 1.08649748e+09 1.08649752e+09
 1.08649755e+09 1.08649759e+09 1.08649763e+09 1.08649767e+09
 1.08649771e+09 1.08649775e+09 1.08649779e+09 1.08649782e+09
 1.08649786e+09 1.08649790e+09 1.08649794e+09 1.08649798e+09
 1.08649802e+09 1.08649805e+09 1.08649809e+09 1.08649813e+09
 1.08649817e+09 1.08649821e+09 1.08649825e+09 1.08649829e+09
 1.08649832e+09 1.08649836e+09 1.08649840e+09 1.08649844e+09
 1.08649848e+09 1.08649852e+09 1.08649855e+09 1.08649859e+09
 1.08649863e+09 1.08649867e+09 1.08649871e+09 1.08649875e+09
 1.08649879e+09 1.08649882e+09 1.08649886e+09 1.08649890e+09
 1.08649894e+09 1.08649898e+09 1.08649902e+09 1.08649905e+09
 1.08649909e+09 1.08649913e+09 1.08649917e+09 1.08649921e+09
 1.08649925e+09 1.08649929e+09 1.08649932e+09 1.08649936e+09
 1.08649940e+09 1.08649944e+09 1.08649948e+09 1.08649952e+09
 1.08649955e+09 1.08649959e+09 1.08649963e+09 1.08649967e+09
 1.08649971e+09 1.08649975e+09 1.08649979e+09 1.08649982e+09
 1.08649986e+09 1.08649990e+09 1.08649994e+09 1.08649998e+09
 1.08650002e+09 1.08650005e+09 1.08650009e+09 1.08650013e+09
 1.08650017e+09 1.08650021e+09 1.08650025e+09 1.08650029e+09
 1.08650032e+09 1.08650036e+09 1.08650040e+09 1.08650044e+09
 1.08650048e+09 1.08650052e+09 1.08650055e+09 1.08650059e+09
 1.08650063e+09 1.08650067e+09 1.08650071e+09 1.08650075e+09
 1.08650079e+09 1.08650082e+09 1.08650086e+09 1.08650090e+09
 1.08650094e+09 1.08650098e+09 1.08650102e+09 1.08650105e+09
 1.08650109e+09 1.08650113e+09 1.08650117e+09 1.08650121e+09
 1.08650125e+09 1.08650129e+09 1.08650132e+09 1.08650136e+09
 1.08650140e+09 1.08650144e+09 1.08650148e+09 1.08650152e+09
 1.08650155e+09 1.08650159e+09 1.08650163e+09 1.08650167e+09
 1.08650171e+09 1.08650175e+09 1.08650179e+09 1.08650182e+09
 1.08650186e+09 1.08650190e+09 1.08650194e+09 1.08650198e+09
 1.08650202e+09 1.08650205e+09 1.08650209e+09 1.08650213e+09
 1.08650217e+09 1.08650221e+09 1.08650225e+09 1.08650229e+09
 1.08650232e+09 1.08650236e+09 1.08650240e+09 1.08650244e+09
 1.08650248e+09 1.08650252e+09 1.08650255e+09 1.08650259e+09
 1.08650263e+09 1.08650267e+09 1.08650271e+09 1.08650275e+09
 1.08650279e+09 1.08650282e+09 1.08650286e+09 1.08650290e+09
 1.08650294e+09 1.08650298e+09 1.08650302e+09 1.08650305e+09
 1.08650309e+09 1.08650313e+09 1.08650317e+09 1.08650321e+09
 1.08650325e+09 1.08650328e+09 1.08650332e+09 1.08650336e+09
 1.08650340e+09 1.08650344e+09 1.08650348e+09 1.08650352e+09
 1.08650355e+09 1.08650359e+09 1.08650363e+09 1.08650367e+09
 1.08650371e+09 1.08650375e+09 1.08650378e+09 1.08650382e+09
 1.08650386e+09 1.08650390e+09 1.08650394e+09 1.08650398e+09
 1.08650402e+09 1.08650405e+09 1.08650409e+09 1.08650413e+09
 1.08650417e+09 1.08650421e+09 1.08650425e+09 1.08650428e+09
 1.08650432e+09 1.08650436e+09 1.08650440e+09 1.08650444e+09
 1.08650448e+09 1.08650452e+09 1.08650455e+09 1.08650459e+09
 1.08650463e+09 1.08650467e+09 1.08650471e+09 1.08650475e+09
 1.08650478e+09 1.08650482e+09 1.08650486e+09 1.08650490e+09]
