name =JUICE_ROI_GAN_4_2_07
flyby = ['2034 JUL 11 19:50:31', '2034 JUL 12 19:50:31']
Observation TW = <SpiceCell dtype = 1, length = 0, size = 3200, card = 12, is_set = 1, adjust = 0, init = 1, base = 94677679225328, data = 94677679225376>
Res(t) = [2.62600223 2.62296607 2.61993463 2.61690791 2.61388593 2.6108687
 2.60785621 2.60484848 2.60184552 2.59884733 2.59585391 2.59286528
 2.58988145 2.58690242 2.58392819 2.58095878 2.57799419 2.57503443
 2.57207951 2.56912943 2.5661842  2.56324383 2.56030833 2.5573777
 2.55445195 2.55153109 2.54861512 2.54570406 2.5427979  2.53989666
 2.53700034 2.53410896 2.53122251 2.528341   2.52546445 2.52259285
 2.51972622 2.51686456 2.51400788 2.51115619 2.50830949 2.5054678
 2.50263111 2.49979944 2.49697278 2.49415116 2.49133457 2.48852303
 2.48571653 2.48291509 2.48011871 2.47732741 2.47454118 2.47176003
 2.46898398 2.46621302 2.46344717 2.46068642 2.4579308  2.4551803
 2.45243493 2.4496947  2.44695962 2.44422968 2.4415049  2.43878529
 2.43607085 2.43336159 2.43065751 2.42795862 2.42526493 2.42257645
 2.41989318 2.41721512 2.41454228 2.41187468 2.40921231 2.40655519
 2.40390332 2.4012567  2.39861534 2.39597926 2.39334844 2.39072291
 2.38810267 2.38548772 2.38287807 2.38027372 2.37767469 2.37508098
 2.37249259 2.36990953 2.36733181 2.36475944 2.36219241 2.35963074
 2.35707442 2.35452348 2.35197791 2.34943771 2.34690291 2.34437349
 2.34184947 2.33933085 2.33681764 2.33430985 2.33180747 2.32931052
 2.32681901 2.32433292 2.32185229 2.3193771  2.31690736 2.31444308
 2.31198427 2.30953093 2.30708307 2.30464069 2.30220379 2.29977239
 2.29734648 2.29492608 2.29251118 2.29010181 2.28769794 2.28529961
 2.2829068  2.28051953 2.2781378  2.27576161 2.27339097 2.27102589
 2.26866637 2.26631241 2.26396402 2.26162121 2.25928398 2.25695234
 2.25462628 2.25230582 2.24999095 2.24768169 2.24537805 2.24308001
 2.24078759 2.23850079 2.23621963 2.23394409 2.23167419 2.22940993
 2.22715132 2.22489835 2.22265104 2.22040939 2.2181734  2.21594308
 2.21371843 2.21149945 2.20928616 2.20707855 2.20487662 2.20268039
 2.20048986 2.19830502 2.19612589 2.19395246 2.19178475 2.18962275
 2.18746648 2.18531592 2.1831711  2.181032   2.17889864 2.17677101
 2.17464913 2.17253299 2.1704226  2.16831796 2.16621908 2.16412596
 2.1620386  2.159957   2.15788117 2.15581112 2.15374684 2.15168833
 2.14963561 2.14758868 2.14554753 2.14351217 2.14148261 2.13945884
 2.13744087 2.1354287  2.13342234 2.13142178 2.12942704 2.12743811
 2.12545499 2.12347769 2.12150622 2.11954056 2.11758073 2.11562673
 2.11367856 2.11173623 2.10979973 2.10786906 2.10594424 2.10402525
 2.10211211 2.10020482 2.09830337 2.09640778 2.09451803 2.09263414
 2.09075611 2.08888393 2.08701762 2.08515716 2.08330256 2.08145383
 2.07961097 2.07777397 2.07594285 2.07411759 2.0722982  2.07048469
 2.06867705 2.06687529 2.0650794  2.0632894  2.06150527 2.05972702
 2.05795466 2.05618818 2.05442758 2.05267286 2.05092403 2.04918109
 2.04744403 2.04571286 2.04398758 2.04226819 2.04055469 2.03884708
 2.03714536 2.03544953 2.03375959 2.03207555 2.03039739 2.02872513
 2.02705877 2.02539829 2.02374371 2.02209502 2.02045223 2.01881533
 2.01718432 2.0155592  2.01393998 2.01232665 2.01071922 2.00911767
 2.00752202 2.00593226 2.00434839 2.00277042 2.00119833 1.99963213
 1.99807182 1.9965174  1.99496887 1.99342623 1.99188947 1.99035859
 1.9888336  1.9873145  1.98580128 1.98429394 1.98279248 1.9812969
 1.97980719 1.97832337 1.97684542 1.97537334 1.97390714 1.97244681
 1.97099235 1.96954376 1.96810103 1.96666418 1.96523318 1.96380805
 1.96238878 1.96097536 1.95956781 1.95816611 1.95677026 1.95538026
 1.95399611 1.95261781 1.95124536 1.94987874 1.94851797 1.94716304
 1.94581394 1.94447068 1.94313324 1.94180164 1.94047586 1.93915591
 1.93784177 1.93653346 1.93523096 1.93393428 1.9326434  1.93135834
 1.93007907 1.92880561 1.92753795 1.92627609 1.92502002 1.92376973
 1.92252524 1.92128653 1.9200536  1.91882644 1.91760506 1.91638945
 1.9151796  1.91397552 1.9127772  1.91158464 1.91039783 1.90921677
 1.90804145 1.90687187 1.90570804 1.90454993 1.90339756 1.90225091
 1.90110999 1.89997479 1.89884529 1.89772151 1.89660344 1.89549107
 1.89438439 1.89328341 1.89218812 1.89109851 1.89001458 1.88893633
 1.88786375 1.88679684 1.88573559 1.88468    1.88363006 1.88258577
 1.88154712 1.88051412 1.87948674 1.878465   1.87744888 1.87643838
 1.87543349 1.87443421 1.87344054 1.87245247 1.87146999 1.8704931
 1.86952179 1.86855606 1.8675959  1.86664131 1.86569229 1.86474882
 1.8638109  1.86287853 1.86195169 1.86103039 1.86011462 1.85920438
 1.85829965 1.85740043 1.85650672 1.85561851 1.85473579 1.85385856
 1.85298681 1.85212054 1.85125974 1.8504044  1.84955452 1.84871009
 1.84787111 1.84703757 1.84620946 1.84538677 1.84456951 1.84375766
 1.84295122 1.84215018 1.84135453 1.84056427 1.8397794  1.8389999
 1.83822576 1.83745699 1.83669357 1.8359355  1.83518277 1.83443538
 1.83369331 1.83295657 1.83222513 1.83149901 1.83077818 1.83006265
 1.8293524  1.82864743 1.82794773 1.8272533  1.82656412 1.8258802
 1.82520151 1.82452806 1.82385984 1.82319684 1.82253905 1.82188647
 1.82123909 1.82059689 1.81995988 1.81932805 1.81870138 1.81807988
 1.81746352 1.81685232 1.81624624 1.8156453  1.81504948 1.81445878
 1.81387318 1.81329268 1.81271727 1.81214694 1.81158169 1.8110215
 1.81046637 1.80991629 1.80937126 1.80883126 1.80829628 1.80776633
 1.80724138 1.80672144 1.80620648 1.80569652 1.80519153 1.80469151
 1.80419645 1.80370634 1.80322118 1.80274095 1.80226564 1.80179526
 1.80132979 1.80086921 1.80041353 1.79996274 1.79951681 1.79907576
 1.79863956 1.79820822 1.79778171 1.79736004 1.79694319 1.79653116
 1.79612393 1.7957215  1.79532386 1.79493099 1.7945429  1.79415957
 1.79378099 1.79340716 1.79303806 1.79267369 1.79231403 1.79195908
 1.79160883 1.79126328 1.7909224  1.79058619 1.79025465 1.78992776
 1.78960552 1.78928791 1.78897492 1.78866656 1.7883628  1.78806364
 1.78776907 1.78747908 1.78719366 1.7869128  1.78663649 1.78636472
 1.78609749 1.78583479 1.78557659 1.78532291 1.78507371 1.78482901
 1.78458878 1.78435302 1.78412172 1.78389486 1.78367245 1.78345446
 1.78324089 1.78303174 1.78282698 1.78262662 1.78243063 1.78223902
 1.78205178 1.78186888 1.78169033 1.78151611 1.78134621 1.78118063
 1.78101935 1.78086237 1.78070967 1.78056125 1.78041709 1.78027719
 1.78014154 1.78001012 1.77988293 1.77975995 1.77964118 1.77952661
 1.77941623 1.77931002 1.77920798 1.7791101  1.77901636 1.77892677
 1.7788413  1.77875995 1.77868271 1.77860957 1.77854051 1.77847554
 1.77841463 1.77835778 1.77830498 1.77825622 1.77821149 1.77817078
 1.77813408 1.77810138 1.77807266 1.77804793 1.77802716 1.77801036
 1.7779975  1.77798858 1.7779836  1.77798253 1.77798537 1.77799211
 1.77800274 1.77801725 1.77803563 1.77805787 1.77808396 1.77811388
 1.77814764 1.77818521 1.7782266  1.77827178 1.77832076 1.77837351
 1.77843003 1.77849031 1.77855434 1.77862211 1.77869361 1.77876883
 1.77884775 1.77893038 1.77901669 1.77910668 1.77920034 1.77929766
 1.77939863 1.77950324 1.77961147 1.77972333 1.77983879 1.77995785
 1.7800805  1.78020673 1.78033652 1.78046988 1.78060678 1.78074722
 1.78089119 1.78103868 1.78118967 1.78134417 1.78150215 1.78166361
 1.78182854 1.78199692 1.78216876 1.78234403 1.78252273 1.78270485
 1.78289038 1.7830793  1.78327161 1.78346731 1.78366637 1.78386879
 1.78407455 1.78428366 1.78449609 1.78471184 1.7849309  1.78515326
 1.78537891 1.78560784 1.78584004 1.78607549 1.7863142  1.78655614
 1.78680131 1.78704971 1.78730131 1.78755611 1.7878141  1.78807527
 1.78833962 1.78860712 1.78887777 1.78915156 1.78942849 1.78970853
 1.78999169 1.79027795 1.7905673  1.79085973 1.79115524 1.79145381
 1.79175542 1.79206009 1.79236778 1.7926785  1.79299224 1.79330898
 1.79362871 1.79395142 1.79427712 1.79460577 1.79493739 1.79527195
 1.79560944 1.79594987 1.79629321 1.79663946 1.7969886  1.79734064
 1.79769555 1.79805334 1.79841398 1.79877748 1.79914381 1.79951298
 1.79988497 1.80025977 1.80063737 1.80101777 1.80140095 1.80178691
 1.80217563 1.80256711 1.80296133 1.80335829 1.80375798 1.80416039
 1.8045655  1.80497332 1.80538382 1.80579701 1.80621287 1.80663139
 1.80705257 1.80747638 1.80790284 1.80833192 1.80876361 1.80919791
 1.80963481 1.8100743  1.81051637 1.81096101 1.81140821 1.81185796
 1.81231025 1.81276508 1.81322243 1.8136823  1.81414468 1.81460955
 1.81507692 1.81554676 1.81601907 1.81649385 1.81697108 1.81745075
 1.81793285 1.81841739 1.81890434 1.8193937  1.81988545 1.8203796
 1.82087613 1.82137504 1.82187631 1.82237993 1.8228859  1.82339421
 1.82390484 1.8244178  1.82493307 1.82545064 1.82597051 1.82649266
 1.82701709 1.82754379 1.82807275 1.82860396 1.82913741 1.82967309
 1.83021101 1.83075114 1.83129347 1.83183801 1.83238474 1.83293365
 1.83348474 1.83403799 1.83459341 1.83515097 1.83571067 1.83627251
 1.83683647 1.83740254 1.83797073 1.83854101 1.83911339 1.83968785
 1.84026438 1.84084298 1.84142364 1.84200635 1.8425911  1.84317789
 1.8437667  1.84435753 1.84495037 1.84554521 1.84614204 1.84674087
 1.84734166 1.84794443 1.84854916 1.84915584 1.84976447 1.85037504
 1.85098754 1.85160196 1.85221829 1.85283653 1.85345667 1.8540787
 1.85470261 1.8553284  1.85595605 1.85658557 1.85721693 1.85785015
 1.85848519 1.85912207 1.85976077 1.86040128 1.8610436  1.86168772
 1.86233363 1.86298132 1.86363078 1.86428202 1.86493502 1.86558977
 1.86624627 1.8669045  1.86756447 1.86822616 1.86888957 1.86955468
 1.8702215  1.87089002 1.87156022 1.8722321  1.87290565 1.87358087
 1.87425775 1.87493627 1.87561645 1.87629826 1.8769817  1.87766676
 1.87835343 1.87904172 1.87973161 1.88042309 1.88111615 1.8818108
 1.88250703 1.88320481 1.88390416 1.88460506 1.88530751 1.88601149
 1.88671701 1.88742405 1.88813261 1.88884268 1.88955426 1.89026734
 1.8909819  1.89169795 1.89241548 1.89313448 1.89385494 1.89457686
 1.89530024 1.89602505 1.89675131 1.89747899 1.89820811 1.89893864
 1.89967058 1.90040392 1.90113867 1.90187481 1.90261233 1.90335124
 1.90409152 1.90483316 1.90557617 1.90632053 1.90706623 1.90781328
 1.90856167 1.90931138 1.91006242 1.91081477 1.91156844 1.91232341
 1.91307967 1.91383723 1.91459608 1.91535621 1.9161176  1.91688027
 1.9176442  1.91840939 1.91917582 1.9199435  1.92071242 1.92148257
 1.92225395 1.92302654 1.92380035 1.92457537 1.9253516  1.92612902
 1.92690763 1.92768742 1.9284684  1.92925055 1.93003387 1.93081835
 1.93160399 1.93239078 1.93317872 1.93396779 1.934758   1.93554934
 1.93634181 1.93713539 1.93793009 1.93872589 1.93952279 1.94032079
 1.94111988 1.94192006 1.94272132 1.94352365 1.94432705 1.94513151
 1.94593704 1.94674362 1.94755124 1.94835991 1.94916962 1.94998036
 1.95079213 1.95160492 1.95241872 1.95323354 1.95404937 1.9548662
 1.95568402 1.95650284 1.95732265 1.95814343 1.9589652  1.95978793
 1.96061164 1.9614363  1.96226193 1.9630885  1.96391602 1.96474449
 1.9655739  1.96640423 1.9672355  1.96806769 1.9689008  1.96973482
 1.97056975 1.97140559 1.97224233 1.97307997 1.97391849 1.9747579
 1.9755982  1.97643937 1.97728141 1.97812433 1.9789681  1.97981274
 1.98065823 1.98150457 1.98235176 1.98319979 1.98404866 1.98489836
 1.98574889 1.98660024 1.98745242 1.98830541 1.98915921 1.99001382
 1.99086923 1.99172545 1.99258245 1.99344025 1.99429883 1.9951582
 1.99601835 1.99687927 1.99774096 1.99860341 1.99946663 2.00033061
 2.00119534 2.00206082 2.00292705 2.00379402 2.00466173 2.00553017
 2.00639935 2.00726925 2.00813987 2.00901122 2.00988328 2.01075605
 2.01162953 2.01250372 2.0133786  2.01425419]
t = [1.08953230e+09 1.08953239e+09 1.08953247e+09 1.08953256e+09
 1.08953265e+09 1.08953273e+09 1.08953282e+09 1.08953291e+09
 1.08953299e+09 1.08953308e+09 1.08953317e+09 1.08953325e+09
 1.08953334e+09 1.08953342e+09 1.08953351e+09 1.08953360e+09
 1.08953368e+09 1.08953377e+09 1.08953386e+09 1.08953394e+09
 1.08953403e+09 1.08953412e+09 1.08953420e+09 1.08953429e+09
 1.08953438e+09 1.08953446e+09 1.08953455e+09 1.08953464e+09
 1.08953472e+09 1.08953481e+09 1.08953489e+09 1.08953498e+09
 1.08953507e+09 1.08953515e+09 1.08953524e+09 1.08953533e+09
 1.08953541e+09 1.08953550e+09 1.08953559e+09 1.08953567e+09
 1.08953576e+09 1.08953585e+09 1.08953593e+09 1.08953602e+09
 1.08953611e+09 1.08953619e+09 1.08953628e+09 1.08953637e+09
 1.08953645e+09 1.08953654e+09 1.08953662e+09 1.08953671e+09
 1.08953680e+09 1.08953688e+09 1.08953697e+09 1.08953706e+09
 1.08953714e+09 1.08953723e+09 1.08953732e+09 1.08953740e+09
 1.08953749e+09 1.08953758e+09 1.08953766e+09 1.08953775e+09
 1.08953784e+09 1.08953792e+09 1.08953801e+09 1.08953809e+09
 1.08953818e+09 1.08953827e+09 1.08953835e+09 1.08953844e+09
 1.08953853e+09 1.08953861e+09 1.08953870e+09 1.08953879e+09
 1.08953887e+09 1.08953896e+09 1.08953905e+09 1.08953913e+09
 1.08953922e+09 1.08953931e+09 1.08953939e+09 1.08953948e+09
 1.08953957e+09 1.08953965e+09 1.08953974e+09 1.08953982e+09
 1.08953991e+09 1.08954000e+09 1.08954008e+09 1.08954017e+09
 1.08954026e+09 1.08954034e+09 1.08954043e+09 1.08954052e+09
 1.08954060e+09 1.08954069e+09 1.08954078e+09 1.08954086e+09
 1.08954095e+09 1.08954104e+09 1.08954112e+09 1.08954121e+09
 1.08954129e+09 1.08954138e+09 1.08954147e+09 1.08954155e+09
 1.08954164e+09 1.08954173e+09 1.08954181e+09 1.08954190e+09
 1.08954199e+09 1.08954207e+09 1.08954216e+09 1.08954225e+09
 1.08954233e+09 1.08954242e+09 1.08954251e+09 1.08954259e+09
 1.08954268e+09 1.08954277e+09 1.08954285e+09 1.08954294e+09
 1.08954302e+09 1.08954311e+09 1.08954320e+09 1.08954328e+09
 1.08954337e+09 1.08954346e+09 1.08954354e+09 1.08954363e+09
 1.08954372e+09 1.08954380e+09 1.08954389e+09 1.08954398e+09
 1.08954406e+09 1.08954415e+09 1.08954424e+09 1.08954432e+09
 1.08954441e+09 1.08954449e+09 1.08954458e+09 1.08954467e+09
 1.08954475e+09 1.08954484e+09 1.08954493e+09 1.08954501e+09
 1.08954510e+09 1.08954519e+09 1.08954527e+09 1.08954536e+09
 1.08954545e+09 1.08954553e+09 1.08954562e+09 1.08954571e+09
 1.08954579e+09 1.08954588e+09 1.08954597e+09 1.08954605e+09
 1.08954614e+09 1.08954622e+09 1.08954631e+09 1.08954640e+09
 1.08954648e+09 1.08954657e+09 1.08954666e+09 1.08954674e+09
 1.08954683e+09 1.08954692e+09 1.08954700e+09 1.08954709e+09
 1.08954718e+09 1.08954726e+09 1.08954735e+09 1.08954744e+09
 1.08954752e+09 1.08954761e+09 1.08954769e+09 1.08954778e+09
 1.08954787e+09 1.08954795e+09 1.08954804e+09 1.08954813e+09
 1.08954821e+09 1.08954830e+09 1.08954839e+09 1.08954847e+09
 1.08954856e+09 1.08954865e+09 1.08954873e+09 1.08954882e+09
 1.08954891e+09 1.08954899e+09 1.08954908e+09 1.08954917e+09
 1.08954925e+09 1.08954934e+09 1.08954942e+09 1.08954951e+09
 1.08954960e+09 1.08954968e+09 1.08954977e+09 1.08954986e+09
 1.08954994e+09 1.08955003e+09 1.08955012e+09 1.08955020e+09
 1.08955029e+09 1.08955038e+09 1.08955046e+09 1.08955055e+09
 1.08955064e+09 1.08955072e+09 1.08955081e+09 1.08955089e+09
 1.08955098e+09 1.08955107e+09 1.08955115e+09 1.08955124e+09
 1.08955133e+09 1.08955141e+09 1.08955150e+09 1.08955159e+09
 1.08955167e+09 1.08955176e+09 1.08955185e+09 1.08955193e+09
 1.08955202e+09 1.08955211e+09 1.08955219e+09 1.08955228e+09
 1.08955237e+09 1.08955245e+09 1.08955254e+09 1.08955262e+09
 1.08955271e+09 1.08955280e+09 1.08955288e+09 1.08955297e+09
 1.08955306e+09 1.08955314e+09 1.08955323e+09 1.08955332e+09
 1.08955340e+09 1.08955349e+09 1.08955358e+09 1.08955366e+09
 1.08955375e+09 1.08955384e+09 1.08955392e+09 1.08955401e+09
 1.08955409e+09 1.08955418e+09 1.08955427e+09 1.08955435e+09
 1.08955444e+09 1.08955453e+09 1.08955461e+09 1.08955470e+09
 1.08955479e+09 1.08955487e+09 1.08955496e+09 1.08955505e+09
 1.08955513e+09 1.08955522e+09 1.08955531e+09 1.08955539e+09
 1.08955548e+09 1.08955557e+09 1.08955565e+09 1.08955574e+09
 1.08955582e+09 1.08955591e+09 1.08955600e+09 1.08955608e+09
 1.08955617e+09 1.08955626e+09 1.08955634e+09 1.08955643e+09
 1.08955652e+09 1.08955660e+09 1.08955669e+09 1.08955678e+09
 1.08955686e+09 1.08955695e+09 1.08955704e+09 1.08955712e+09
 1.08955721e+09 1.08955729e+09 1.08955738e+09 1.08955747e+09
 1.08955755e+09 1.08955764e+09 1.08955773e+09 1.08955781e+09
 1.08955790e+09 1.08955799e+09 1.08955807e+09 1.08955816e+09
 1.08955825e+09 1.08955833e+09 1.08955842e+09 1.08955851e+09
 1.08955859e+09 1.08955868e+09 1.08955877e+09 1.08955885e+09
 1.08955894e+09 1.08955902e+09 1.08955911e+09 1.08955920e+09
 1.08955928e+09 1.08955937e+09 1.08955946e+09 1.08955954e+09
 1.08955963e+09 1.08955972e+09 1.08955980e+09 1.08955989e+09
 1.08955998e+09 1.08956006e+09 1.08956015e+09 1.08956024e+09
 1.08956032e+09 1.08956041e+09 1.08956049e+09 1.08956058e+09
 1.08956067e+09 1.08956075e+09 1.08956084e+09 1.08956093e+09
 1.08956101e+09 1.08956110e+09 1.08956119e+09 1.08956127e+09
 1.08956136e+09 1.08956145e+09 1.08956153e+09 1.08956162e+09
 1.08956171e+09 1.08956179e+09 1.08956188e+09 1.08956197e+09
 1.08956205e+09 1.08956214e+09 1.08956222e+09 1.08956231e+09
 1.08956240e+09 1.08956248e+09 1.08956257e+09 1.08956266e+09
 1.08956274e+09 1.08956283e+09 1.08956292e+09 1.08956300e+09
 1.08956309e+09 1.08956318e+09 1.08956326e+09 1.08956335e+09
 1.08956344e+09 1.08956352e+09 1.08956361e+09 1.08956369e+09
 1.08956378e+09 1.08956387e+09 1.08956395e+09 1.08956404e+09
 1.08956413e+09 1.08956421e+09 1.08956430e+09 1.08956439e+09
 1.08956447e+09 1.08956456e+09 1.08956465e+09 1.08956473e+09
 1.08956482e+09 1.08956491e+09 1.08956499e+09 1.08956508e+09
 1.08956517e+09 1.08956525e+09 1.08956534e+09 1.08956542e+09
 1.08956551e+09 1.08956560e+09 1.08956568e+09 1.08956577e+09
 1.08956586e+09 1.08956594e+09 1.08956603e+09 1.08956612e+09
 1.08956620e+09 1.08956629e+09 1.08956638e+09 1.08956646e+09
 1.08956655e+09 1.08956664e+09 1.08956672e+09 1.08956681e+09
 1.08956689e+09 1.08956698e+09 1.08956707e+09 1.08956715e+09
 1.08956724e+09 1.08956733e+09 1.08956741e+09 1.08956750e+09
 1.08956759e+09 1.08956767e+09 1.08956776e+09 1.08956785e+09
 1.08956793e+09 1.08956802e+09 1.08956811e+09 1.08956819e+09
 1.08956828e+09 1.08956837e+09 1.08956845e+09 1.08956854e+09
 1.08956862e+09 1.08956871e+09 1.08956880e+09 1.08956888e+09
 1.08956897e+09 1.08956906e+09 1.08956914e+09 1.08956923e+09
 1.08956932e+09 1.08956940e+09 1.08956949e+09 1.08956958e+09
 1.08956966e+09 1.08956975e+09 1.08956984e+09 1.08956992e+09
 1.08957001e+09 1.08957009e+09 1.08957018e+09 1.08957027e+09
 1.08957035e+09 1.08957044e+09 1.08957053e+09 1.08957061e+09
 1.08957070e+09 1.08957079e+09 1.08957087e+09 1.08957096e+09
 1.08957105e+09 1.08957113e+09 1.08957122e+09 1.08957131e+09
 1.08957139e+09 1.08957148e+09 1.08957157e+09 1.08957165e+09
 1.08957174e+09 1.08957182e+09 1.08957191e+09 1.08957200e+09
 1.08957208e+09 1.08957217e+09 1.08957226e+09 1.08957234e+09
 1.08957243e+09 1.08957252e+09 1.08957260e+09 1.08957269e+09
 1.08957278e+09 1.08957286e+09 1.08957295e+09 1.08957304e+09
 1.08957312e+09 1.08957321e+09 1.08957329e+09 1.08957338e+09
 1.08957347e+09 1.08957355e+09 1.08957364e+09 1.08957373e+09
 1.08957381e+09 1.08957390e+09 1.08957399e+09 1.08957407e+09
 1.08957416e+09 1.08957425e+09 1.08957433e+09 1.08957442e+09
 1.08957451e+09 1.08957459e+09 1.08957468e+09 1.08957477e+09
 1.08957485e+09 1.08957494e+09 1.08957502e+09 1.08957511e+09
 1.08957520e+09 1.08957528e+09 1.08957537e+09 1.08957546e+09
 1.08957554e+09 1.08957563e+09 1.08957572e+09 1.08957580e+09
 1.08957589e+09 1.08957598e+09 1.08957606e+09 1.08957615e+09
 1.08957624e+09 1.08957632e+09 1.08957641e+09 1.08957649e+09
 1.08957658e+09 1.08957667e+09 1.08957675e+09 1.08957684e+09
 1.08957693e+09 1.08957701e+09 1.08957710e+09 1.08957719e+09
 1.08957727e+09 1.08957736e+09 1.08957745e+09 1.08957753e+09
 1.08957762e+09 1.08957771e+09 1.08957779e+09 1.08957788e+09
 1.08957797e+09 1.08957805e+09 1.08957814e+09 1.08957822e+09
 1.08957831e+09 1.08957840e+09 1.08957848e+09 1.08957857e+09
 1.08957866e+09 1.08957874e+09 1.08957883e+09 1.08957892e+09
 1.08957900e+09 1.08957909e+09 1.08957918e+09 1.08957926e+09
 1.08957935e+09 1.08957944e+09 1.08957952e+09 1.08957961e+09
 1.08957969e+09 1.08957978e+09 1.08957987e+09 1.08957995e+09
 1.08958004e+09 1.08958013e+09 1.08958021e+09 1.08958030e+09
 1.08958039e+09 1.08958047e+09 1.08958056e+09 1.08958065e+09
 1.08958073e+09 1.08958082e+09 1.08958091e+09 1.08958099e+09
 1.08958108e+09 1.08958117e+09 1.08958125e+09 1.08958134e+09
 1.08958142e+09 1.08958151e+09 1.08958160e+09 1.08958168e+09
 1.08958177e+09 1.08958186e+09 1.08958194e+09 1.08958203e+09
 1.08958212e+09 1.08958220e+09 1.08958229e+09 1.08958238e+09
 1.08958246e+09 1.08958255e+09 1.08958264e+09 1.08958272e+09
 1.08958281e+09 1.08958289e+09 1.08958298e+09 1.08958307e+09
 1.08958315e+09 1.08958324e+09 1.08958333e+09 1.08958341e+09
 1.08958350e+09 1.08958359e+09 1.08958367e+09 1.08958376e+09
 1.08958385e+09 1.08958393e+09 1.08958402e+09 1.08958411e+09
 1.08958419e+09 1.08958428e+09 1.08958437e+09 1.08958445e+09
 1.08958454e+09 1.08958462e+09 1.08958471e+09 1.08958480e+09
 1.08958488e+09 1.08958497e+09 1.08958506e+09 1.08958514e+09
 1.08958523e+09 1.08958532e+09 1.08958540e+09 1.08958549e+09
 1.08958558e+09 1.08958566e+09 1.08958575e+09 1.08958584e+09
 1.08958592e+09 1.08958601e+09 1.08958609e+09 1.08958618e+09
 1.08958627e+09 1.08958635e+09 1.08958644e+09 1.08958653e+09
 1.08958661e+09 1.08958670e+09 1.08958679e+09 1.08958687e+09
 1.08958696e+09 1.08958705e+09 1.08958713e+09 1.08958722e+09
 1.08958731e+09 1.08958739e+09 1.08958748e+09 1.08958757e+09
 1.08958765e+09 1.08958774e+09 1.08958782e+09 1.08958791e+09
 1.08958800e+09 1.08958808e+09 1.08958817e+09 1.08958826e+09
 1.08958834e+09 1.08958843e+09 1.08958852e+09 1.08958860e+09
 1.08958869e+09 1.08958878e+09 1.08958886e+09 1.08958895e+09
 1.08958904e+09 1.08958912e+09 1.08958921e+09 1.08958929e+09
 1.08958938e+09 1.08958947e+09 1.08958955e+09 1.08958964e+09
 1.08958973e+09 1.08958981e+09 1.08958990e+09 1.08958999e+09
 1.08959007e+09 1.08959016e+09 1.08959025e+09 1.08959033e+09
 1.08959042e+09 1.08959051e+09 1.08959059e+09 1.08959068e+09
 1.08959077e+09 1.08959085e+09 1.08959094e+09 1.08959102e+09
 1.08959111e+09 1.08959120e+09 1.08959128e+09 1.08959137e+09
 1.08959146e+09 1.08959154e+09 1.08959163e+09 1.08959172e+09
 1.08959180e+09 1.08959189e+09 1.08959198e+09 1.08959206e+09
 1.08959215e+09 1.08959224e+09 1.08959232e+09 1.08959241e+09
 1.08959249e+09 1.08959258e+09 1.08959267e+09 1.08959275e+09
 1.08959284e+09 1.08959293e+09 1.08959301e+09 1.08959310e+09
 1.08959319e+09 1.08959327e+09 1.08959336e+09 1.08959345e+09
 1.08959353e+09 1.08959362e+09 1.08959371e+09 1.08959379e+09
 1.08959388e+09 1.08959397e+09 1.08959405e+09 1.08959414e+09
 1.08959422e+09 1.08959431e+09 1.08959440e+09 1.08959448e+09
 1.08959457e+09 1.08959466e+09 1.08959474e+09 1.08959483e+09
 1.08959492e+09 1.08959500e+09 1.08959509e+09 1.08959518e+09
 1.08959526e+09 1.08959535e+09 1.08959544e+09 1.08959552e+09
 1.08959561e+09 1.08959569e+09 1.08959578e+09 1.08959587e+09
 1.08959595e+09 1.08959604e+09 1.08959613e+09 1.08959621e+09
 1.08959630e+09 1.08959639e+09 1.08959647e+09 1.08959656e+09
 1.08959665e+09 1.08959673e+09 1.08959682e+09 1.08959691e+09
 1.08959699e+09 1.08959708e+09 1.08959717e+09 1.08959725e+09
 1.08959734e+09 1.08959742e+09 1.08959751e+09 1.08959760e+09
 1.08959768e+09 1.08959777e+09 1.08959786e+09 1.08959794e+09
 1.08959803e+09 1.08959812e+09 1.08959820e+09 1.08959829e+09
 1.08959838e+09 1.08959846e+09 1.08959855e+09 1.08959864e+09
 1.08959872e+09 1.08959881e+09 1.08959889e+09 1.08959898e+09
 1.08959907e+09 1.08959915e+09 1.08959924e+09 1.08959933e+09
 1.08959941e+09 1.08959950e+09 1.08959959e+09 1.08959967e+09
 1.08959976e+09 1.08959985e+09 1.08959993e+09 1.08960002e+09
 1.08960011e+09 1.08960019e+09 1.08960028e+09 1.08960037e+09
 1.08960045e+09 1.08960054e+09 1.08960062e+09 1.08960071e+09
 1.08960080e+09 1.08960088e+09 1.08960097e+09 1.08960106e+09
 1.08960114e+09 1.08960123e+09 1.08960132e+09 1.08960140e+09
 1.08960149e+09 1.08960158e+09 1.08960166e+09 1.08960175e+09
 1.08960184e+09 1.08960192e+09 1.08960201e+09 1.08960209e+09
 1.08960218e+09 1.08960227e+09 1.08960235e+09 1.08960244e+09
 1.08960253e+09 1.08960261e+09 1.08960270e+09 1.08960279e+09
 1.08960287e+09 1.08960296e+09 1.08960305e+09 1.08960313e+09
 1.08960322e+09 1.08960331e+09 1.08960339e+09 1.08960348e+09
 1.08960357e+09 1.08960365e+09 1.08960374e+09 1.08960382e+09
 1.08960391e+09 1.08960400e+09 1.08960408e+09 1.08960417e+09
 1.08960426e+09 1.08960434e+09 1.08960443e+09 1.08960452e+09
 1.08960460e+09 1.08960469e+09 1.08960478e+09 1.08960486e+09
 1.08960495e+09 1.08960504e+09 1.08960512e+09 1.08960521e+09
 1.08960529e+09 1.08960538e+09 1.08960547e+09 1.08960555e+09
 1.08960564e+09 1.08960573e+09 1.08960581e+09 1.08960590e+09
 1.08960599e+09 1.08960607e+09 1.08960616e+09 1.08960625e+09
 1.08960633e+09 1.08960642e+09 1.08960651e+09 1.08960659e+09
 1.08960668e+09 1.08960677e+09 1.08960685e+09 1.08960694e+09
 1.08960702e+09 1.08960711e+09 1.08960720e+09 1.08960728e+09
 1.08960737e+09 1.08960746e+09 1.08960754e+09 1.08960763e+09
 1.08960772e+09 1.08960780e+09 1.08960789e+09 1.08960798e+09
 1.08960806e+09 1.08960815e+09 1.08960824e+09 1.08960832e+09
 1.08960841e+09 1.08960849e+09 1.08960858e+09 1.08960867e+09
 1.08960875e+09 1.08960884e+09 1.08960893e+09 1.08960901e+09
 1.08960910e+09 1.08960919e+09 1.08960927e+09 1.08960936e+09
 1.08960945e+09 1.08960953e+09 1.08960962e+09 1.08960971e+09
 1.08960979e+09 1.08960988e+09 1.08960997e+09 1.08961005e+09
 1.08961014e+09 1.08961022e+09 1.08961031e+09 1.08961040e+09
 1.08961048e+09 1.08961057e+09 1.08961066e+09 1.08961074e+09
 1.08961083e+09 1.08961092e+09 1.08961100e+09 1.08961109e+09
 1.08961118e+09 1.08961126e+09 1.08961135e+09 1.08961144e+09
 1.08961152e+09 1.08961161e+09 1.08961169e+09 1.08961178e+09
 1.08961187e+09 1.08961195e+09 1.08961204e+09 1.08961213e+09
 1.08961221e+09 1.08961230e+09 1.08961239e+09 1.08961247e+09
 1.08961256e+09 1.08961265e+09 1.08961273e+09 1.08961282e+09
 1.08961291e+09 1.08961299e+09 1.08961308e+09 1.08961317e+09
 1.08961325e+09 1.08961334e+09 1.08961342e+09 1.08961351e+09
 1.08961360e+09 1.08961368e+09 1.08961377e+09 1.08961386e+09
 1.08961394e+09 1.08961403e+09 1.08961412e+09 1.08961420e+09
 1.08961429e+09 1.08961438e+09 1.08961446e+09 1.08961455e+09
 1.08961464e+09 1.08961472e+09 1.08961481e+09 1.08961489e+09
 1.08961498e+09 1.08961507e+09 1.08961515e+09 1.08961524e+09
 1.08961533e+09 1.08961541e+09 1.08961550e+09 1.08961559e+09
 1.08961567e+09 1.08961576e+09 1.08961585e+09 1.08961593e+09
 1.08961602e+09 1.08961611e+09 1.08961619e+09 1.08961628e+09
 1.08961637e+09 1.08961645e+09 1.08961654e+09 1.08961662e+09
 1.08961671e+09 1.08961680e+09 1.08961688e+09 1.08961697e+09
 1.08961706e+09 1.08961714e+09 1.08961723e+09 1.08961732e+09
 1.08961740e+09 1.08961749e+09 1.08961758e+09 1.08961766e+09
 1.08961775e+09 1.08961784e+09 1.08961792e+09 1.08961801e+09
 1.08961809e+09 1.08961818e+09 1.08961827e+09 1.08961835e+09
 1.08961844e+09 1.08961853e+09 1.08961861e+09 1.08961870e+09]
minRes = 1.777982528051438
minResTime = [1.08958186e+09]
Cov(t) = [2.05841375e+00 2.02097317e+00 1.98435984e+00 1.94855240e+00
 1.91353036e+00 1.87927363e+00 1.84576302e+00 1.81297941e+00
 1.78090476e+00 1.74952123e+00 1.71881162e+00 1.68875932e+00
 1.65934797e+00 1.63056183e+00 1.60238562e+00 1.57480462e+00
 1.54780426e+00 1.52137043e+00 1.49548963e+00 1.47014852e+00
 1.44533432e+00 1.42103432e+00 1.39723646e+00 1.37392894e+00
 1.35109997e+00 1.32873849e+00 1.30683345e+00 6.96340737e+01
 6.95225681e+01 6.94115641e+01 6.93010574e+01 6.91910458e+01
 6.90815260e+01 6.89724943e+01 6.88639480e+01 6.87558840e+01
 6.86482996e+01 6.85411914e+01 6.84345568e+01 6.83283924e+01
 6.82226958e+01 6.81174643e+01 6.80126948e+01 6.79083847e+01
 6.78045315e+01 6.77011322e+01 6.75981844e+01 6.74956856e+01
 6.73936325e+01 6.72920235e+01 6.71908556e+01 6.70901265e+01
 6.69898338e+01 6.68899748e+01 6.67905479e+01 6.66915497e+01
 6.65929784e+01 6.64948318e+01 6.63971075e+01 6.62998025e+01
 6.62029161e+01 6.61064451e+01 6.60103872e+01 6.59147406e+01
 6.58195033e+01 6.57246731e+01 0.00000000e+00 0.00000000e+00
 0.00000000e+00 0.00000000e+00 0.00000000e+00 0.00000000e+00
 0.00000000e+00 0.00000000e+00 0.00000000e+00 0.00000000e+00
 0.00000000e+00 0.00000000e+00 0.00000000e+00 0.00000000e+00
 0.00000000e+00 0.00000000e+00 0.00000000e+00 0.00000000e+00
 0.00000000e+00 0.00000000e+00 0.00000000e+00 0.00000000e+00
 0.00000000e+00 1.00000000e+02 1.00000000e+02 5.40812705e+01
 5.36738738e+01 5.32703150e+01 5.28705147e+01 5.24743965e+01
 5.20821156e+01 5.16952641e+01 5.13140394e+01 5.09382925e+01
 5.05678871e+01 5.02026857e+01 4.98425626e+01 4.94873910e+01
 4.91370533e+01 2.15289784e+00 1.09006226e+00 4.49690985e-01
 1.12249757e-01 8.78594153e-04 0.00000000e+00 0.00000000e+00
 0.00000000e+00 0.00000000e+00 0.00000000e+00 0.00000000e+00
 0.00000000e+00 0.00000000e+00 0.00000000e+00 0.00000000e+00
 0.00000000e+00 0.00000000e+00 0.00000000e+00 0.00000000e+00
 0.00000000e+00 0.00000000e+00 0.00000000e+00 0.00000000e+00
 0.00000000e+00 0.00000000e+00 0.00000000e+00 0.00000000e+00
 0.00000000e+00 0.00000000e+00 0.00000000e+00 0.00000000e+00
 0.00000000e+00 0.00000000e+00 3.97740275e+01 3.95568308e+01
 3.93422201e+01 3.91301487e+01 3.89205724e+01 3.87134449e+01
 3.85087245e+01 3.83063691e+01 3.81063371e+01 3.79085885e+01
 3.77130845e+01 3.75197868e+01 3.73286586e+01 3.71396629e+01
 3.69527644e+01 1.00000000e+02 1.00000000e+02 1.00000000e+02
 1.00000000e+02 1.00000000e+02 1.00000000e+02 1.00000000e+02
 1.00000000e+02 1.00000000e+02 1.67379055e+01 1.56073255e+01
 1.45656117e+01 1.36042307e+01 1.27144581e+01 1.18889170e+01
 1.11213093e+01 1.04062123e+01 9.73891727e+00 9.11530662e+00
 8.53175794e+00 7.98506599e+00 7.47237972e+00 6.99115021e+00
 6.53909007e+00 6.11413831e+00 5.71443033e+00 5.33827459e+00
 4.98413155e+00 4.65059521e+00 4.33637872e+00 4.04030137e+00
 3.76127749e+00 3.49830570e+00 3.25046159e+00 3.01688913e+00
 2.79679527e+00 2.58944303e+00 2.39414725e+00 2.21026891e+00
 2.03721271e+00 1.87442164e+00 1.72137541e+00 1.57758574e+00
 1.44259571e+00 1.31597566e+00 1.19732203e+00 1.08625524e+00
 9.82417663e-01 8.85472170e-01 7.95101080e-01 7.11003968e-01
 6.32897032e-01 9.49527661e+01 9.48933134e+01 9.48339194e+01
 9.47745872e+01 9.47153195e+01 9.46561191e+01 9.45969886e+01
 9.45379307e+01 9.44789479e+01 9.44200426e+01 9.43612174e+01
 9.43024744e+01 1.00000000e+02 7.87587501e+01 7.85234122e+01
 7.82897314e+01 7.80576816e+01 7.78272379e+01 7.75983762e+01
 7.73710728e+01 7.71453056e+01 7.69210517e+01 7.66982911e+01
 7.64770025e+01 7.62571658e+01 7.60387621e+01 7.58217724e+01
 7.56061787e+01 7.53919626e+01 7.51791076e+01 7.49675962e+01
 7.47574126e+01 7.45485406e+01 7.43409644e+01 7.41346693e+01
 7.39296403e+01 7.37258630e+01 7.35233234e+01 7.33220078e+01
 7.31219024e+01 7.29229943e+01 7.27252708e+01 7.25287189e+01
 7.23333272e+01 7.21390827e+01 7.19459742e+01 7.17539898e+01
 7.15631185e+01 2.73279563e+01 2.67941068e+01 2.62752374e+01
 2.57706931e+01 2.52798588e+01 2.48021596e+01 2.43370543e+01
 2.38840357e+01 2.34426232e+01 2.30123663e+01 2.25928379e+01
 2.21836350e+01 2.17843766e+01 2.13947004e+01 2.10142642e+01
 2.06427427e+01 2.02798263e+01 1.99252212e+01 1.95786472e+01
 1.92398383e+01 1.89085396e+01 1.85845090e+01 1.82675143e+01
 1.79573346e+01 1.76537578e+01 1.73565820e+01 1.70656125e+01
 1.67806639e+01 1.65015579e+01 1.62281233e+01 1.00000000e+02
 1.00000000e+02 1.00000000e+02 1.00000000e+02 1.00000000e+02
 1.00000000e+02 1.00000000e+02 1.00000000e+02 1.00000000e+02
 1.00000000e+02 1.00000000e+02 1.00000000e+02 1.00000000e+02
 1.00000000e+02 1.00000000e+02 1.00000000e+02 1.00000000e+02
 1.00000000e+02 1.00000000e+02 1.00000000e+02 1.00000000e+02
 1.00000000e+02 1.00000000e+02 1.00000000e+02 1.00000000e+02
 1.00000000e+02 1.00000000e+02 1.00000000e+02 1.00000000e+02
 1.00000000e+02 1.00000000e+02 1.00000000e+02 1.00000000e+02
 1.00000000e+02 1.00000000e+02 1.00000000e+02 1.00000000e+02
 1.00000000e+02 1.00000000e+02 1.00000000e+02 1.00000000e+02
 1.00000000e+02 1.00000000e+02 1.00000000e+02 1.00000000e+02
 1.00000000e+02 1.00000000e+02 1.00000000e+02 1.00000000e+02
 1.00000000e+02 1.00000000e+02 1.00000000e+02 1.00000000e+02
 1.00000000e+02 1.00000000e+02 1.00000000e+02 1.00000000e+02
 1.00000000e+02 1.00000000e+02 1.00000000e+02 1.00000000e+02
 1.00000000e+02 1.00000000e+02 1.00000000e+02 1.00000000e+02
 1.00000000e+02 1.00000000e+02 1.00000000e+02 1.00000000e+02
 1.00000000e+02 1.00000000e+02 1.00000000e+02 4.59250276e+01
 4.55329471e+01 4.51472582e+01 4.47677894e+01 4.43943756e+01
 4.40268589e+01 4.36650875e+01 4.33089146e+01 4.29581989e+01
 4.26128052e+01 4.22726017e+01 4.19374626e+01 4.16072664e+01
 1.00000000e+02 1.00000000e+02 1.00000000e+02 1.00000000e+02
 1.00000000e+02 1.00000000e+02 1.00000000e+02 1.00000000e+02
 1.00000000e+02 1.00000000e+02 1.00000000e+02 1.00000000e+02
 1.00000000e+02 1.00000000e+02 1.00000000e+02 1.00000000e+02
 1.00000000e+02 1.00000000e+02 1.00000000e+02 1.00000000e+02
 1.00000000e+02 1.00000000e+02 1.00000000e+02 1.00000000e+02
 1.00000000e+02 1.00000000e+02 1.00000000e+02 1.00000000e+02
 1.00000000e+02 1.00000000e+02 1.00000000e+02 1.00000000e+02
 1.00000000e+02 1.00000000e+02 1.00000000e+02 1.00000000e+02
 1.00000000e+02 1.00000000e+02 1.00000000e+02 1.00000000e+02
 1.00000000e+02 1.00000000e+02 1.00000000e+02 1.00000000e+02
 1.00000000e+02 1.00000000e+02 1.00000000e+02 1.00000000e+02
 1.00000000e+02 1.00000000e+02 1.00000000e+02 1.00000000e+02
 1.00000000e+02 1.00000000e+02 1.00000000e+02 1.00000000e+02
 1.00000000e+02 1.00000000e+02 1.00000000e+02 1.00000000e+02
 1.00000000e+02 1.00000000e+02 1.00000000e+02 1.00000000e+02
 1.00000000e+02 1.00000000e+02 1.00000000e+02 1.00000000e+02
 1.00000000e+02 1.00000000e+02 1.00000000e+02 1.00000000e+02
 1.00000000e+02 1.00000000e+02 1.00000000e+02 1.00000000e+02
 1.00000000e+02 1.00000000e+02 1.00000000e+02 1.00000000e+02
 1.00000000e+02 1.00000000e+02 1.00000000e+02 1.00000000e+02
 1.00000000e+02 1.00000000e+02 1.00000000e+02 5.75482281e+00
 3.04400022e+00 1.30563215e+00 1.00000000e+02 1.00000000e+02
 1.00000000e+02 1.00000000e+02 1.00000000e+02 1.00000000e+02
 1.00000000e+02 1.00000000e+02 1.00000000e+02 1.00000000e+02
 1.00000000e+02 1.00000000e+02 1.00000000e+02 1.00000000e+02
 1.00000000e+02 1.00000000e+02 1.00000000e+02 1.00000000e+02
 1.00000000e+02 1.00000000e+02 1.00000000e+02 1.00000000e+02
 1.00000000e+02 1.00000000e+02 1.00000000e+02 1.00000000e+02
 1.00000000e+02 1.00000000e+02 1.00000000e+02 1.00000000e+02
 1.00000000e+02 1.00000000e+02 1.00000000e+02 1.00000000e+02
 1.00000000e+02 1.00000000e+02 1.00000000e+02 1.00000000e+02
 1.00000000e+02 1.00000000e+02 1.00000000e+02 1.00000000e+02
 1.00000000e+02 1.00000000e+02 1.00000000e+02 1.00000000e+02
 1.00000000e+02 1.00000000e+02 1.00000000e+02 1.00000000e+02
 1.00000000e+02 1.00000000e+02 1.00000000e+02 1.00000000e+02
 1.00000000e+02 1.00000000e+02 1.00000000e+02 1.00000000e+02
 1.00000000e+02 1.00000000e+02 1.00000000e+02 1.00000000e+02
 1.01172972e+01 1.00000000e+02 1.00000000e+02 1.00000000e+02
 1.00000000e+02 1.00000000e+02 1.00000000e+02 1.00000000e+02
 1.00000000e+02 1.00000000e+02 1.00000000e+02 1.00000000e+02
 1.00000000e+02 1.00000000e+02 1.00000000e+02 1.00000000e+02
 1.00000000e+02 1.00000000e+02 1.00000000e+02 1.00000000e+02
 1.00000000e+02 1.00000000e+02 1.00000000e+02 1.00000000e+02
 1.00000000e+02 1.00000000e+02 1.00000000e+02 1.00000000e+02
 1.00000000e+02 1.00000000e+02 1.00000000e+02 1.00000000e+02
 1.00000000e+02 1.00000000e+02 1.00000000e+02 1.00000000e+02
 1.00000000e+02 1.00000000e+02 1.00000000e+02 1.00000000e+02
 1.00000000e+02 1.00000000e+02 1.00000000e+02 1.00000000e+02
 1.00000000e+02 1.00000000e+02 1.00000000e+02 1.00000000e+02
 1.00000000e+02 1.00000000e+02 1.00000000e+02 1.00000000e+02
 1.00000000e+02 1.00000000e+02 1.00000000e+02 1.00000000e+02
 1.00000000e+02 1.00000000e+02 1.00000000e+02 1.00000000e+02
 1.00000000e+02 1.00000000e+02 1.00000000e+02 1.00000000e+02
 1.00000000e+02 1.00000000e+02 1.00000000e+02 1.00000000e+02
 1.00000000e+02 1.00000000e+02 1.00000000e+02 1.00000000e+02
 1.00000000e+02 1.00000000e+02 1.00000000e+02 1.00000000e+02
 1.00000000e+02 1.00000000e+02 1.00000000e+02 1.00000000e+02
 1.00000000e+02 1.00000000e+02 1.00000000e+02 1.00000000e+02
 1.00000000e+02 1.00000000e+02 1.00000000e+02 1.00000000e+02
 1.00000000e+02 1.00000000e+02 1.00000000e+02 1.00000000e+02
 1.00000000e+02 1.00000000e+02 1.00000000e+02 1.00000000e+02
 1.00000000e+02 1.00000000e+02 1.00000000e+02 1.00000000e+02
 1.00000000e+02 1.00000000e+02 1.00000000e+02 1.00000000e+02
 1.00000000e+02 1.00000000e+02 1.00000000e+02 1.00000000e+02
 1.00000000e+02 1.00000000e+02 1.00000000e+02 1.00000000e+02
 1.00000000e+02 1.00000000e+02 1.00000000e+02 1.00000000e+02
 1.00000000e+02 1.00000000e+02 1.00000000e+02 1.00000000e+02
 1.00000000e+02 1.00000000e+02 1.00000000e+02 1.00000000e+02
 1.00000000e+02 1.00000000e+02 1.00000000e+02 1.00000000e+02
 1.00000000e+02 1.00000000e+02 1.00000000e+02 1.00000000e+02
 1.00000000e+02 1.00000000e+02 1.00000000e+02 1.00000000e+02
 1.00000000e+02 1.00000000e+02 1.00000000e+02 1.00000000e+02
 1.00000000e+02 1.00000000e+02 1.00000000e+02 1.00000000e+02
 1.00000000e+02 1.00000000e+02 1.00000000e+02 1.00000000e+02
 1.00000000e+02 1.00000000e+02 1.00000000e+02 1.00000000e+02
 1.00000000e+02 1.00000000e+02 1.00000000e+02 1.00000000e+02
 1.00000000e+02 1.00000000e+02 1.00000000e+02 1.00000000e+02
 1.00000000e+02 1.00000000e+02 1.00000000e+02 1.00000000e+02
 1.00000000e+02 1.00000000e+02 1.00000000e+02 1.00000000e+02
 1.00000000e+02 1.00000000e+02 1.00000000e+02 1.00000000e+02
 1.00000000e+02 1.00000000e+02 1.00000000e+02 1.00000000e+02
 1.00000000e+02 1.00000000e+02 1.00000000e+02 1.00000000e+02
 1.00000000e+02 1.00000000e+02 1.00000000e+02 1.00000000e+02
 1.00000000e+02 1.00000000e+02 1.00000000e+02 1.00000000e+02
 1.00000000e+02 1.00000000e+02 1.00000000e+02 1.00000000e+02
 1.00000000e+02 1.00000000e+02 1.00000000e+02 1.00000000e+02
 1.00000000e+02 1.00000000e+02 1.00000000e+02 1.00000000e+02
 1.00000000e+02 1.00000000e+02 1.00000000e+02 1.00000000e+02
 1.00000000e+02 1.00000000e+02 1.00000000e+02 1.00000000e+02
 1.00000000e+02 1.00000000e+02 1.00000000e+02 1.00000000e+02
 1.00000000e+02 1.00000000e+02 1.00000000e+02 1.00000000e+02
 1.00000000e+02 1.00000000e+02 1.00000000e+02 1.00000000e+02
 1.00000000e+02 1.00000000e+02 1.00000000e+02 1.00000000e+02
 1.00000000e+02 1.00000000e+02 1.00000000e+02 1.00000000e+02
 1.00000000e+02 1.00000000e+02 1.00000000e+02 1.00000000e+02
 1.00000000e+02 1.00000000e+02 1.00000000e+02 1.00000000e+02
 1.00000000e+02 1.00000000e+02 1.00000000e+02 1.00000000e+02
 1.00000000e+02 1.00000000e+02 1.00000000e+02 1.00000000e+02
 1.00000000e+02 1.00000000e+02 1.00000000e+02 1.00000000e+02
 1.00000000e+02 1.00000000e+02 1.00000000e+02 1.00000000e+02
 1.00000000e+02 1.00000000e+02 1.00000000e+02 1.00000000e+02
 1.00000000e+02 1.00000000e+02 1.00000000e+02 1.00000000e+02
 1.00000000e+02 1.00000000e+02 1.00000000e+02 1.00000000e+02
 1.00000000e+02 1.00000000e+02 1.00000000e+02 1.00000000e+02
 1.00000000e+02 1.00000000e+02 1.00000000e+02 1.00000000e+02
 1.00000000e+02 1.00000000e+02 1.00000000e+02 1.00000000e+02
 1.00000000e+02 1.00000000e+02 1.00000000e+02 1.00000000e+02
 1.00000000e+02 1.00000000e+02 1.00000000e+02 1.00000000e+02
 1.00000000e+02 1.00000000e+02 1.00000000e+02 1.00000000e+02
 1.00000000e+02 1.00000000e+02 1.00000000e+02 1.00000000e+02
 1.00000000e+02 1.00000000e+02 1.00000000e+02 1.00000000e+02
 1.00000000e+02 1.00000000e+02 1.00000000e+02 1.00000000e+02
 1.00000000e+02 1.00000000e+02 1.00000000e+02 1.00000000e+02
 1.00000000e+02 1.00000000e+02 1.00000000e+02 1.00000000e+02
 1.00000000e+02 1.00000000e+02 1.00000000e+02 1.00000000e+02
 1.00000000e+02 1.00000000e+02 1.00000000e+02 1.00000000e+02
 1.00000000e+02 1.00000000e+02 1.00000000e+02 1.00000000e+02
 1.00000000e+02 1.00000000e+02 1.00000000e+02 1.00000000e+02
 1.00000000e+02 1.00000000e+02 1.00000000e+02 1.00000000e+02
 1.00000000e+02 1.00000000e+02 1.00000000e+02 1.00000000e+02
 1.00000000e+02 1.00000000e+02 1.00000000e+02 1.00000000e+02
 1.00000000e+02 1.00000000e+02 1.00000000e+02 1.00000000e+02
 1.00000000e+02 1.00000000e+02 1.00000000e+02 1.00000000e+02
 1.00000000e+02 1.00000000e+02 1.00000000e+02 1.00000000e+02
 1.00000000e+02 1.00000000e+02 1.00000000e+02 1.00000000e+02
 1.00000000e+02 1.00000000e+02 1.00000000e+02 1.00000000e+02
 1.00000000e+02 1.00000000e+02 1.00000000e+02 1.00000000e+02
 1.00000000e+02 1.00000000e+02 1.00000000e+02 1.00000000e+02
 1.00000000e+02 1.00000000e+02 1.00000000e+02 1.00000000e+02
 1.00000000e+02 1.00000000e+02 1.00000000e+02 1.00000000e+02
 1.00000000e+02 1.00000000e+02 1.00000000e+02 1.00000000e+02
 1.00000000e+02 1.00000000e+02 1.00000000e+02 1.00000000e+02
 1.00000000e+02 1.00000000e+02 1.00000000e+02 1.00000000e+02
 1.00000000e+02 1.00000000e+02 1.00000000e+02 1.00000000e+02
 1.00000000e+02 1.00000000e+02 1.00000000e+02 1.00000000e+02
 1.00000000e+02 1.00000000e+02 1.00000000e+02 1.00000000e+02
 1.00000000e+02 1.00000000e+02 1.00000000e+02 1.00000000e+02
 1.00000000e+02 1.00000000e+02 1.00000000e+02 1.00000000e+02
 1.00000000e+02 1.00000000e+02 1.00000000e+02 1.00000000e+02
 1.00000000e+02 1.00000000e+02 1.00000000e+02 1.00000000e+02
 1.00000000e+02 1.00000000e+02 1.00000000e+02 1.00000000e+02
 1.00000000e+02 1.00000000e+02 1.00000000e+02 1.00000000e+02
 1.00000000e+02 1.00000000e+02 1.00000000e+02 1.00000000e+02
 1.00000000e+02 1.00000000e+02 1.00000000e+02 1.00000000e+02
 1.00000000e+02 1.00000000e+02 1.00000000e+02 1.00000000e+02
 1.00000000e+02 1.00000000e+02 1.00000000e+02 1.00000000e+02
 1.00000000e+02 1.00000000e+02 1.00000000e+02 1.00000000e+02
 1.00000000e+02 1.00000000e+02 1.00000000e+02 1.00000000e+02
 1.00000000e+02 1.00000000e+02 1.00000000e+02 1.00000000e+02
 1.00000000e+02 1.00000000e+02 1.00000000e+02 1.00000000e+02
 1.00000000e+02 1.00000000e+02 1.00000000e+02 1.00000000e+02
 1.00000000e+02 1.00000000e+02 1.00000000e+02 1.00000000e+02
 1.00000000e+02 1.00000000e+02 1.00000000e+02 1.00000000e+02
 1.00000000e+02 1.00000000e+02 1.00000000e+02 1.00000000e+02
 1.00000000e+02 1.00000000e+02 1.00000000e+02 1.00000000e+02
 1.00000000e+02 1.00000000e+02 1.00000000e+02 1.00000000e+02
 1.00000000e+02 1.00000000e+02 1.00000000e+02 1.00000000e+02]
maxCov = 100.0
maxCovTime = [1.08954000e+09 1.08954008e+09 1.08954553e+09 1.08954562e+09
 1.08954571e+09 1.08954579e+09 1.08954588e+09 1.08954597e+09
 1.08954605e+09 1.08954614e+09 1.08954622e+09 1.08955107e+09
 1.08955678e+09 1.08955686e+09 1.08955695e+09 1.08955704e+09
 1.08955712e+09 1.08955721e+09 1.08955729e+09 1.08955738e+09
 1.08955747e+09 1.08955755e+09 1.08955764e+09 1.08955773e+09
 1.08955781e+09 1.08955790e+09 1.08955799e+09 1.08955807e+09
 1.08955816e+09 1.08955825e+09 1.08955833e+09 1.08955842e+09
 1.08955851e+09 1.08955859e+09 1.08955868e+09 1.08955877e+09
 1.08955885e+09 1.08955894e+09 1.08955902e+09 1.08955911e+09
 1.08955920e+09 1.08955928e+09 1.08955937e+09 1.08955946e+09
 1.08955954e+09 1.08955963e+09 1.08955972e+09 1.08955980e+09
 1.08955989e+09 1.08955998e+09 1.08956006e+09 1.08956015e+09
 1.08956024e+09 1.08956032e+09 1.08956041e+09 1.08956049e+09
 1.08956058e+09 1.08956067e+09 1.08956075e+09 1.08956084e+09
 1.08956093e+09 1.08956101e+09 1.08956110e+09 1.08956119e+09
 1.08956127e+09 1.08956136e+09 1.08956145e+09 1.08956153e+09
 1.08956162e+09 1.08956171e+09 1.08956179e+09 1.08956188e+09
 1.08956197e+09 1.08956205e+09 1.08956214e+09 1.08956222e+09
 1.08956231e+09 1.08956240e+09 1.08956248e+09 1.08956257e+09
 1.08956266e+09 1.08956274e+09 1.08956283e+09 1.08956292e+09
 1.08956413e+09 1.08956421e+09 1.08956430e+09 1.08956439e+09
 1.08956447e+09 1.08956456e+09 1.08956465e+09 1.08956473e+09
 1.08956482e+09 1.08956491e+09 1.08956499e+09 1.08956508e+09
 1.08956517e+09 1.08956525e+09 1.08956534e+09 1.08956542e+09
 1.08956551e+09 1.08956560e+09 1.08956568e+09 1.08956577e+09
 1.08956586e+09 1.08956594e+09 1.08956603e+09 1.08956612e+09
 1.08956620e+09 1.08956629e+09 1.08956638e+09 1.08956646e+09
 1.08956655e+09 1.08956664e+09 1.08956672e+09 1.08956681e+09
 1.08956689e+09 1.08956698e+09 1.08956707e+09 1.08956715e+09
 1.08956724e+09 1.08956733e+09 1.08956741e+09 1.08956750e+09
 1.08956759e+09 1.08956767e+09 1.08956776e+09 1.08956785e+09
 1.08956793e+09 1.08956802e+09 1.08956811e+09 1.08956819e+09
 1.08956828e+09 1.08956837e+09 1.08956845e+09 1.08956854e+09
 1.08956862e+09 1.08956871e+09 1.08956880e+09 1.08956888e+09
 1.08956897e+09 1.08956906e+09 1.08956914e+09 1.08956923e+09
 1.08956932e+09 1.08956940e+09 1.08956949e+09 1.08956958e+09
 1.08956966e+09 1.08956975e+09 1.08956984e+09 1.08956992e+09
 1.08957001e+09 1.08957009e+09 1.08957018e+09 1.08957027e+09
 1.08957035e+09 1.08957044e+09 1.08957053e+09 1.08957061e+09
 1.08957070e+09 1.08957079e+09 1.08957087e+09 1.08957096e+09
 1.08957105e+09 1.08957113e+09 1.08957122e+09 1.08957131e+09
 1.08957139e+09 1.08957148e+09 1.08957157e+09 1.08957191e+09
 1.08957200e+09 1.08957208e+09 1.08957217e+09 1.08957226e+09
 1.08957234e+09 1.08957243e+09 1.08957252e+09 1.08957260e+09
 1.08957269e+09 1.08957278e+09 1.08957286e+09 1.08957295e+09
 1.08957304e+09 1.08957312e+09 1.08957321e+09 1.08957329e+09
 1.08957338e+09 1.08957347e+09 1.08957355e+09 1.08957364e+09
 1.08957373e+09 1.08957381e+09 1.08957390e+09 1.08957399e+09
 1.08957407e+09 1.08957416e+09 1.08957425e+09 1.08957433e+09
 1.08957442e+09 1.08957451e+09 1.08957459e+09 1.08957468e+09
 1.08957477e+09 1.08957485e+09 1.08957494e+09 1.08957502e+09
 1.08957511e+09 1.08957520e+09 1.08957528e+09 1.08957537e+09
 1.08957546e+09 1.08957554e+09 1.08957563e+09 1.08957572e+09
 1.08957580e+09 1.08957589e+09 1.08957598e+09 1.08957606e+09
 1.08957615e+09 1.08957624e+09 1.08957632e+09 1.08957641e+09
 1.08957649e+09 1.08957658e+09 1.08957667e+09 1.08957675e+09
 1.08957684e+09 1.08957693e+09 1.08957701e+09 1.08957710e+09
 1.08957719e+09 1.08957736e+09 1.08957745e+09 1.08957753e+09
 1.08957762e+09 1.08957771e+09 1.08957779e+09 1.08957788e+09
 1.08957797e+09 1.08957805e+09 1.08957814e+09 1.08957822e+09
 1.08957831e+09 1.08957840e+09 1.08957848e+09 1.08957857e+09
 1.08957866e+09 1.08957874e+09 1.08957883e+09 1.08957892e+09
 1.08957900e+09 1.08957909e+09 1.08957918e+09 1.08957926e+09
 1.08957935e+09 1.08957944e+09 1.08957952e+09 1.08957961e+09
 1.08957969e+09 1.08957978e+09 1.08957987e+09 1.08957995e+09
 1.08958004e+09 1.08958013e+09 1.08958021e+09 1.08958030e+09
 1.08958039e+09 1.08958047e+09 1.08958056e+09 1.08958065e+09
 1.08958073e+09 1.08958082e+09 1.08958091e+09 1.08958099e+09
 1.08958108e+09 1.08958117e+09 1.08958125e+09 1.08958134e+09
 1.08958142e+09 1.08958151e+09 1.08958160e+09 1.08958168e+09
 1.08958177e+09 1.08958186e+09 1.08958194e+09 1.08958203e+09
 1.08958212e+09 1.08958220e+09 1.08958229e+09 1.08958238e+09
 1.08958246e+09 1.08958255e+09 1.08958264e+09 1.08958272e+09
 1.08958281e+09 1.08958289e+09 1.08958298e+09 1.08958307e+09
 1.08958315e+09 1.08958324e+09 1.08958333e+09 1.08958341e+09
 1.08958350e+09 1.08958359e+09 1.08958367e+09 1.08958376e+09
 1.08958385e+09 1.08958393e+09 1.08958402e+09 1.08958411e+09
 1.08958419e+09 1.08958428e+09 1.08958437e+09 1.08958445e+09
 1.08958454e+09 1.08958462e+09 1.08958471e+09 1.08958480e+09
 1.08958488e+09 1.08958497e+09 1.08958506e+09 1.08958514e+09
 1.08958523e+09 1.08958532e+09 1.08958540e+09 1.08958549e+09
 1.08958558e+09 1.08958566e+09 1.08958575e+09 1.08958584e+09
 1.08958592e+09 1.08958601e+09 1.08958609e+09 1.08958618e+09
 1.08958627e+09 1.08958635e+09 1.08958644e+09 1.08958653e+09
 1.08958661e+09 1.08958670e+09 1.08958679e+09 1.08958687e+09
 1.08958696e+09 1.08958705e+09 1.08958713e+09 1.08958722e+09
 1.08958731e+09 1.08958739e+09 1.08958748e+09 1.08958757e+09
 1.08958765e+09 1.08958774e+09 1.08958782e+09 1.08958791e+09
 1.08958800e+09 1.08958808e+09 1.08958817e+09 1.08958826e+09
 1.08958834e+09 1.08958843e+09 1.08958852e+09 1.08958860e+09
 1.08958869e+09 1.08958878e+09 1.08958886e+09 1.08958895e+09
 1.08958904e+09 1.08958912e+09 1.08958921e+09 1.08958929e+09
 1.08958938e+09 1.08958947e+09 1.08958955e+09 1.08958964e+09
 1.08958973e+09 1.08958981e+09 1.08958990e+09 1.08958999e+09
 1.08959007e+09 1.08959016e+09 1.08959025e+09 1.08959033e+09
 1.08959042e+09 1.08959051e+09 1.08959059e+09 1.08959068e+09
 1.08959077e+09 1.08959085e+09 1.08959094e+09 1.08959102e+09
 1.08959111e+09 1.08959120e+09 1.08959128e+09 1.08959137e+09
 1.08959146e+09 1.08959154e+09 1.08959163e+09 1.08959172e+09
 1.08959180e+09 1.08959189e+09 1.08959198e+09 1.08959206e+09
 1.08959215e+09 1.08959224e+09 1.08959232e+09 1.08959241e+09
 1.08959249e+09 1.08959258e+09 1.08959267e+09 1.08959275e+09
 1.08959284e+09 1.08959293e+09 1.08959301e+09 1.08959310e+09
 1.08959319e+09 1.08959327e+09 1.08959336e+09 1.08959345e+09
 1.08959353e+09 1.08959362e+09 1.08959371e+09 1.08959379e+09
 1.08959388e+09 1.08959397e+09 1.08959405e+09 1.08959414e+09
 1.08959422e+09 1.08959431e+09 1.08959440e+09 1.08959448e+09
 1.08959457e+09 1.08959466e+09 1.08959474e+09 1.08959483e+09
 1.08959492e+09 1.08959500e+09 1.08959509e+09 1.08959518e+09
 1.08959526e+09 1.08959535e+09 1.08959544e+09 1.08959552e+09
 1.08959561e+09 1.08959569e+09 1.08959578e+09 1.08959587e+09
 1.08959595e+09 1.08959604e+09 1.08959613e+09 1.08959621e+09
 1.08959630e+09 1.08959639e+09 1.08959647e+09 1.08959656e+09
 1.08959665e+09 1.08959673e+09 1.08959682e+09 1.08959691e+09
 1.08959699e+09 1.08959708e+09 1.08959717e+09 1.08959725e+09
 1.08959734e+09 1.08959742e+09 1.08959751e+09 1.08959760e+09
 1.08959768e+09 1.08959777e+09 1.08959786e+09 1.08959794e+09
 1.08959803e+09 1.08959812e+09 1.08959820e+09 1.08959829e+09
 1.08959838e+09 1.08959846e+09 1.08959855e+09 1.08959864e+09
 1.08959872e+09 1.08959881e+09 1.08959889e+09 1.08959898e+09
 1.08959907e+09 1.08959915e+09 1.08959924e+09 1.08959933e+09
 1.08959941e+09 1.08959950e+09 1.08959959e+09 1.08959967e+09
 1.08959976e+09 1.08959985e+09 1.08959993e+09 1.08960002e+09
 1.08960011e+09 1.08960019e+09 1.08960028e+09 1.08960037e+09
 1.08960045e+09 1.08960054e+09 1.08960062e+09 1.08960071e+09
 1.08960080e+09 1.08960088e+09 1.08960097e+09 1.08960106e+09
 1.08960114e+09 1.08960123e+09 1.08960132e+09 1.08960140e+09
 1.08960149e+09 1.08960158e+09 1.08960166e+09 1.08960175e+09
 1.08960184e+09 1.08960192e+09 1.08960201e+09 1.08960209e+09
 1.08960218e+09 1.08960227e+09 1.08960235e+09 1.08960244e+09
 1.08960253e+09 1.08960261e+09 1.08960270e+09 1.08960279e+09
 1.08960287e+09 1.08960296e+09 1.08960305e+09 1.08960313e+09
 1.08960322e+09 1.08960331e+09 1.08960339e+09 1.08960348e+09
 1.08960357e+09 1.08960365e+09 1.08960374e+09 1.08960382e+09
 1.08960391e+09 1.08960400e+09 1.08960408e+09 1.08960417e+09
 1.08960426e+09 1.08960434e+09 1.08960443e+09 1.08960452e+09
 1.08960460e+09 1.08960469e+09 1.08960478e+09 1.08960486e+09
 1.08960495e+09 1.08960504e+09 1.08960512e+09 1.08960521e+09
 1.08960529e+09 1.08960538e+09 1.08960547e+09 1.08960555e+09
 1.08960564e+09 1.08960573e+09 1.08960581e+09 1.08960590e+09
 1.08960599e+09 1.08960607e+09 1.08960616e+09 1.08960625e+09
 1.08960633e+09 1.08960642e+09 1.08960651e+09 1.08960659e+09
 1.08960668e+09 1.08960677e+09 1.08960685e+09 1.08960694e+09
 1.08960702e+09 1.08960711e+09 1.08960720e+09 1.08960728e+09
 1.08960737e+09 1.08960746e+09 1.08960754e+09 1.08960763e+09
 1.08960772e+09 1.08960780e+09 1.08960789e+09 1.08960798e+09
 1.08960806e+09 1.08960815e+09 1.08960824e+09 1.08960832e+09
 1.08960841e+09 1.08960849e+09 1.08960858e+09 1.08960867e+09
 1.08960875e+09 1.08960884e+09 1.08960893e+09 1.08960901e+09
 1.08960910e+09 1.08960919e+09 1.08960927e+09 1.08960936e+09
 1.08960945e+09 1.08960953e+09 1.08960962e+09 1.08960971e+09
 1.08960979e+09 1.08960988e+09 1.08960997e+09 1.08961005e+09
 1.08961014e+09 1.08961022e+09 1.08961031e+09 1.08961040e+09
 1.08961048e+09 1.08961057e+09 1.08961066e+09 1.08961074e+09
 1.08961083e+09 1.08961092e+09 1.08961100e+09 1.08961109e+09
 1.08961118e+09 1.08961126e+09 1.08961135e+09 1.08961144e+09
 1.08961152e+09 1.08961161e+09 1.08961169e+09 1.08961178e+09
 1.08961187e+09 1.08961195e+09 1.08961204e+09 1.08961213e+09
 1.08961221e+09 1.08961230e+09 1.08961239e+09 1.08961247e+09
 1.08961256e+09 1.08961265e+09 1.08961273e+09 1.08961282e+09
 1.08961291e+09 1.08961299e+09 1.08961308e+09 1.08961317e+09
 1.08961325e+09 1.08961334e+09 1.08961342e+09 1.08961351e+09
 1.08961360e+09 1.08961368e+09 1.08961377e+09 1.08961386e+09
 1.08961394e+09 1.08961403e+09 1.08961412e+09 1.08961420e+09
 1.08961429e+09 1.08961438e+09 1.08961446e+09 1.08961455e+09
 1.08961464e+09 1.08961472e+09 1.08961481e+09 1.08961489e+09
 1.08961498e+09 1.08961507e+09 1.08961515e+09 1.08961524e+09
 1.08961533e+09 1.08961541e+09 1.08961550e+09 1.08961559e+09
 1.08961567e+09 1.08961576e+09 1.08961585e+09 1.08961593e+09
 1.08961602e+09 1.08961611e+09 1.08961619e+09 1.08961628e+09
 1.08961637e+09 1.08961645e+09 1.08961654e+09 1.08961662e+09
 1.08961671e+09 1.08961680e+09 1.08961688e+09 1.08961697e+09
 1.08961706e+09 1.08961714e+09 1.08961723e+09 1.08961732e+09
 1.08961740e+09 1.08961749e+09 1.08961758e+09 1.08961766e+09
 1.08961775e+09 1.08961784e+09 1.08961792e+09 1.08961801e+09
 1.08961809e+09 1.08961818e+09 1.08961827e+09 1.08961835e+09
 1.08961844e+09 1.08961853e+09 1.08961861e+09 1.08961870e+09]
