name =JUICE_ROI_GAN_3_0_14
flyby = ['2034 JUN 05 18:53:51', '2034 JUN 06 18:53:51']
Observation TW = <SpiceCell dtype = 1, length = 0, size = 3200, card = 12, is_set = 1, adjust = 0, init = 1, base = 94729680150704, data = 94729680150752>
Res(t) = [0.14745856 0.14221675 0.13750567 0.13325351 0.12940186 0.12590267
 0.12271595 0.11980814 0.11715075 0.1196589  0.11287501 0.11068829
 0.10871444 0.10692825 0.10530952 0.10384168 0.10403786 0.10273286
 0.10155511 0.10049402 0.09954041 0.09845365 0.09769483 0.09702192
 0.09539054 0.0949254  0.09452735 0.09419259 0.09391763 0.09369929
 0.09353462 0.09342088 0.09335557 0.09333632 0.09336096 0.09342742
 0.0935338  0.09367831 0.09393558 0.0941421  0.09438238 0.09465498
 0.09495855 0.0952918  0.09565351 0.09604253 0.09645777 0.0968982
 0.09736281 0.09785069 0.09836092 0.09889268 0.09985203 0.10040886
 0.10098532 0.10158067 0.1021942  0.10282526 0.10311975 0.10378786
 0.10447149 0.1051701  0.10585527 0.10658705 0.10733225 0.10809042
 0.10886111 0.10964391 0.1104384  0.1112442  0.11206094 0.11288824
 0.11372578 0.11474071 0.11558734 0.11644334 0.11730842 0.1182115
 0.11909396 0.11998463 0.12088326 0.1217896  0.12270339 0.12249595
 0.12342369 0.12435823 0.12529936 0.12624689 0.12720061 0.12816034
 0.12912589 0.1300971  0.13107379 0.1320558  0.13304296 0.13403513
 0.13503216 0.1360339  0.13704022 0.13805098 0.13906605 0.14008531
 0.14110863 0.1421359  0.143167   0.14420183 0.14524027 0.14628222
 0.14732759 0.14837627 0.14942817 0.15048319 0.15154126 0.15260228
 0.15366618 0.15473286 0.15580225 0.15687428 0.15794886 0.15902594
 0.16010543 0.16118727 0.1622714  0.16335775 0.16444626 0.16553686
 0.16662951 0.16772413 0.16882069 0.16991911 0.17101936 0.17212137
 0.17322511 0.17433051 0.17543754 0.17654615 0.17765629 0.17876792
 0.179881   0.18099549 0.18211134 0.18322852 0.18434699 0.18546671
 0.18658765 0.18770978 0.18883305 0.18995743 0.1910829  0.19220941
 0.19333695 0.19446547 0.19559496 0.19672537 0.19785669 0.19898888
 0.20012193 0.20125579 0.20239046 0.20352589 0.20466208 0.20579899
 0.20693661 0.2080749  0.20921386 0.21035345 0.21149365 0.21263445
 0.21377583 0.21491777 0.21606024 0.21720323 0.21834672 0.2194907
 0.22063514 0.22178002 0.22292535 0.22407108 0.22521722 0.22636374
 0.22751063 0.22865788 0.22980547 0.23095338 0.23210161 0.23325014
 0.23439895 0.23554803 0.23669738 0.23784697 0.2389968  0.24014685
 0.24129712 0.24244759 0.24359824 0.24474908 0.24590009 0.24705125
 0.24820256 0.24935401 0.25050559 0.25165729 0.2528091  0.253961
 0.255113   0.25626508 0.25741724 0.25856946 0.25972174 0.26087407
 0.26202644 0.26317885 0.26433128 0.26548373 0.26663619 0.26778866
 0.26894112 0.27009357 0.27124601 0.27239843 0.27355081 0.27470316
 0.27585547 0.27700774 0.27815995 0.2793121  0.28046418 0.28161619
 0.28276813 0.28391999 0.28507176 0.28622344 0.28737502 0.2885265
 0.28967787 0.29082914 0.29198028 0.29313131 0.29428221 0.29543298
 0.29658361 0.29773411 0.29888447 0.30003468 0.30118474 0.30233465
 0.3034844  0.30463398 0.30578341 0.30693266 0.30808174 0.30923064
 0.31037937 0.31152791 0.31267626 0.31382443 0.31497241 0.31612018
 0.31726776 0.31841514 0.31956232 0.32070929 0.32185604 0.32300259
 0.32414892 0.32529503 0.32644092 0.32758658 0.32873203 0.32987724
 0.33102222 0.33216697 0.33331149 0.33445576 0.33559979 0.33674359
 0.33788714 0.33903044 0.34017349 0.3413163  0.34245885 0.34360114
 0.34474319 0.34588497 0.34702649 0.34816776 0.34930876 0.35044949
 0.35158996 0.35273016 0.35387009 0.35500974 0.35614913 0.35728824
 0.35842707 0.35956563 0.3607039  0.3618419  0.36297962 0.36411705
 0.3652542  0.36639106 0.36752763 0.36866392 0.36979991 0.37093562
 0.37207103 0.37320615 0.37434098 0.37547551 0.37660974 0.37774368
 0.37887732 0.38001066 0.3811437  0.38227643 0.38340887 0.384541
 0.38567283 0.38680435 0.38793556 0.38906647 0.39019707 0.39132736
 0.39245734 0.39358702 0.39471638 0.39584542 0.39697416 0.39810258
 0.39923069 0.40035849 0.40148597 0.40261313 0.40373998 0.40486651
 0.40599272 0.40711861 0.40824418 0.40936944 0.41049437 0.41161898
 0.41274328 0.41386724 0.41499089 0.41611422 0.41723722 0.41835989
 0.41948225 0.42060428 0.42172598 0.42284736 0.42396841 0.42508913
 0.42620953 0.4273296  0.42844934 0.42956876 0.43068785 0.4318066
 0.43292503 0.43404313 0.4351609  0.43627834 0.43739545 0.43851223
 0.43962868 0.4407448  0.44186058 0.44297604 0.44409116 0.44520595
 0.44632041 0.44743453 0.44854832 0.44966178 0.45077491 0.4518877
 0.45300016 0.45411229 0.45522408 0.45633553 0.45744665 0.45855744
 0.4596679  0.46077801 0.4618878  0.46299725 0.46410636 0.46521514
 0.46632358 0.46743169 0.46853946 0.46964689 0.47075399 0.47186076
 0.47296718 0.47407328 0.47517903 0.47628445 0.47738953 0.47849428
 0.47959869 0.48070277 0.4818065  0.4829099  0.48401297 0.4851157
 0.48621809 0.48732014 0.48842186 0.48952324 0.49062429 0.491725
 0.49282537 0.4939254  0.4950251  0.49612446 0.49722349 0.49832217
 0.49942053 0.50051854 0.50161622 0.50271356 0.50381057 0.50490724
 0.50600357 0.50709957 0.50819523 0.50929055 0.51038554 0.51148019
 0.51257451 0.51366849 0.51476213 0.51585544 0.51694841 0.51804105
 0.51913335 0.52022532 0.52131695 0.52240824 0.5234992  0.52458982
 0.52568011 0.52677007 0.52785968 0.52894897 0.53003792 0.53112653
 0.53221481 0.53330276 0.53439037 0.53547765 0.53656459 0.5376512
 0.53873747 0.53982342 0.54090902 0.5419943  0.54307924 0.54416385
 0.54524812 0.54633206 0.54741567 0.54849895 0.54958189 0.5506645
 0.55174678 0.55282872 0.55391034 0.55499162 0.55607257 0.55715319
 0.55823347 0.55931343 0.56039305 0.56147235 0.56255131 0.56362994
 0.56470824 0.56578621 0.56686385 0.56794116 0.56901814 0.57009479
 0.57117111 0.5722471  0.57332276 0.5743981  0.5754731  0.57654777
 0.57762212 0.57869614 0.57976982 0.58084318 0.58191622 0.58298892
 0.5840613  0.58513335 0.58620507 0.58727646 0.58834753 0.58941827
 0.59048868 0.59155877 0.59262853 0.59369796 0.59476707 0.59583586
 0.59690431 0.59797244 0.59904025 0.60010773 0.60117489 0.60224172
 0.60330822 0.60437441 0.60544026 0.6065058  0.60757101 0.6086359
 0.60970046 0.6107647  0.61182861 0.61289221 0.61395548 0.61501843
 0.61608105 0.61714336 0.61820534 0.619267   0.62032833 0.62138935
 0.62245005 0.62351042 0.62457047 0.62563021 0.62668962 0.62774871
 0.62880748 0.62986593 0.63092406 0.63198188 0.63303937 0.63409654
 0.6351534  0.63620993 0.63726615 0.63832205 0.63937763 0.64043289
 0.64148783 0.64254246 0.64359677 0.64465076 0.64570443 0.64675779
 0.64781083 0.64886356 0.64991596 0.65096806 0.65201983 0.65307129
 0.65412244 0.65517327 0.65622378 0.65727398 0.65832386 0.65937343
 0.66042269 0.66147163 0.66252025 0.66356857 0.66461657 0.66566425
 0.66671162 0.66775868 0.66880543 0.66985186 0.67089798 0.67194379
 0.67298929 0.67403447 0.67507934 0.6761239  0.67716815 0.67821209
 0.67925572 0.68029904 0.68134204 0.68238474 0.68342712 0.6844692
 0.68551096 0.68655242 0.68759356 0.6886344  0.68967493 0.69071515
 0.69175506 0.69279466 0.69383395 0.69487294 0.69591161 0.69694998
 0.69798804 0.6990258  0.70006324 0.70110038 0.70213721 0.70317374
 0.70420996 0.70524587 0.70628148 0.70731678 0.70835178 0.70938647
 0.71042085 0.71145493 0.7124887  0.71352217 0.71455534 0.7155882
 0.71662075 0.717653   0.71868495 0.7197166  0.72074794 0.72177897
 0.72280971 0.72384014 0.72487027 0.72590009 0.72692961 0.72795883
 0.72898775 0.73001637 0.73104468 0.7320727  0.73310041 0.73412782
 0.73515493 0.73618174 0.73720825 0.73823445 0.73926036 0.74028597
 0.74131128 0.74233628 0.74336099 0.7443854  0.74540951 0.74643332
 0.74745683 0.74848004 0.74950296 0.75052557 0.75154789 0.75256991
 0.75359163 0.75461306 0.75563418 0.75665501 0.75767554 0.75869578
 0.75971572 0.76073536 0.7617547  0.76277375 0.76379251 0.76481096
 0.76582912 0.76684699 0.76786456 0.76888183 0.76989881 0.7709155
 0.77193189 0.77294798 0.77396378 0.77497929 0.7759945  0.77700942
 0.77802405 0.77903838 0.78005242 0.78106616 0.78207961 0.78309277
 0.78410564 0.78511821 0.78613049 0.78714248 0.78815418 0.78916558
 0.79017669 0.79118752 0.79219805 0.79320828 0.79421823 0.79522789
 0.79623725 0.79724633 0.79825511 0.79926361 0.80027181 0.80127973
 0.80228735 0.80329468 0.80430173 0.80530849 0.80631495 0.80732113
 0.80832702 0.80933262 0.81033793 0.81134295 0.81234769 0.81335214
 0.81435629 0.81536017 0.81636375 0.81736704 0.81837005 0.81937278
 0.82037521 0.82137736 0.82237922 0.82338079 0.82438208 0.82538308
 0.8263838  0.82738423 0.82838437 0.82938423 0.83038381 0.83138309
 0.8323821  0.83338081 0.83437925 0.8353774  0.83637526 0.83737284
 0.83837013 0.83936714 0.84036387 0.84136031 0.84235647 0.84335235
 0.84434794 0.84534325 0.84633828 0.84733302 0.84832748 0.84932166
 0.85031556 0.85130917 0.8523025  0.85329555 0.85428832 0.8552808
 0.856273   0.85726493 0.85825657 0.85924793 0.86023901 0.8612298
 0.86222032 0.86321056 0.86420051 0.86519019 0.86617959 0.8671687
 0.86815754 0.86914609 0.87013437 0.87112236 0.87211008 0.87309752
 0.87408468 0.87507156 0.87605816 0.87704448 0.87803053 0.87901629
 0.88000178 0.88098699 0.88197192 0.88295658 0.88394095 0.88492505
 0.88590887 0.88689242 0.88787569 0.88885868 0.88984139 0.89082383
 0.89180599 0.89278787 0.89376948 0.89475081 0.89573186 0.89671264
 0.89769314 0.89867337 0.89965332 0.900633   0.9016124  0.90259153
 0.90357038 0.90454896 0.90552726 0.90650529 0.90748304 0.90846052
 0.90943772 0.91041465 0.91139131 0.91236769 0.9133438  0.91431964
 0.9152952  0.91627049 0.91724551 0.91822025 0.91919472 0.92016892
 0.92114284 0.92211649 0.92308987 0.92406298 0.92503582 0.92600838
 0.92698067 0.92795269 0.92892444 0.92989592 0.93086712 0.93183806
 0.93280872 0.93377911 0.93474923 0.93571909 0.93668867 0.93765798
 0.93862701 0.93959578 0.94056428 0.94153251 0.94250047 0.94346816
 0.94443558 0.94540273 0.94636961 0.94733623 0.94830257 0.94926864
 0.95023445 0.95119999 0.95216525 0.95313025 0.95409499 0.95505945
 0.95602364 0.95698757 0.95795123 0.95891462 0.95987774 0.9608406
 0.96180319 0.96276551 0.96372757 0.96468935 0.96565088 0.96661213
 0.96757312 0.96853384 0.96949429 0.97045448 0.9714144  0.97237406
 0.97333345 0.97429257 0.97525143 0.97621002 0.97716835 0.97812641
 0.97908421 0.98004174 0.98099901 0.98195601 0.98291275 0.98386922
 0.98482543 0.98578138 0.98673706 0.98769247 0.98864762 0.98960251
 0.99055714 0.9915115  0.99246559 0.99341943 0.994373   0.9953263
 0.99627935 0.99723213 0.99818465 0.9991369  1.0000889  1.00104063
 1.00199209 1.0029433  1.00389424 1.00484493 1.00579534 1.0067455
 1.0076954  1.00864503 1.00959441 1.01054352 1.01149237 1.01244096
 1.01338929 1.01433736 1.01528516 1.01623271 1.01717999 1.01812702
 1.01907378 1.02002029 1.02096653 1.02191252 1.02285824 1.02380371
 1.02474892 1.02569386 1.02663855 1.02758298 1.02852715 1.02947106
 1.03041471 1.0313581  1.03230123 1.03324411 1.03418672 1.03512908
 1.03607118 1.03701302 1.03795461 1.03889593 1.039837   1.04077781
 1.04171836 1.04265866 1.0435987  1.04453848 1.045478   1.04641727
 1.04735628 1.04829503 1.04923353 1.05017177 1.05110975 1.05204748
 1.05298495 1.05392216 1.05485912 1.05579583 1.05673227 1.05766847
 1.0586044  1.05954008 1.06047551 1.06141068 1.0623456  1.06328026
 1.06421466 1.06514881 1.06608271 1.06701635 1.06794974 1.06888287
 1.06981575 1.07074838 1.07168075 1.07261287 1.07354473 1.07447634
 1.0754077  1.0763388  1.07726965 1.07820025 1.0791306  1.08006069
 1.08099053 1.08192011 1.08284945 1.08377853]
t = [1.08646259e+09 1.08646263e+09 1.08646268e+09 1.08646272e+09
 1.08646276e+09 1.08646280e+09 1.08646284e+09 1.08646289e+09
 1.08646293e+09 1.08646297e+09 1.08646301e+09 1.08646306e+09
 1.08646310e+09 1.08646314e+09 1.08646318e+09 1.08646323e+09
 1.08646327e+09 1.08646331e+09 1.08646335e+09 1.08646340e+09
 1.08646344e+09 1.08646348e+09 1.08646352e+09 1.08646356e+09
 1.08646361e+09 1.08646365e+09 1.08646369e+09 1.08646373e+09
 1.08646378e+09 1.08646382e+09 1.08646386e+09 1.08646390e+09
 1.08646395e+09 1.08646399e+09 1.08646403e+09 1.08646407e+09
 1.08646412e+09 1.08646416e+09 1.08646420e+09 1.08646424e+09
 1.08646428e+09 1.08646433e+09 1.08646437e+09 1.08646441e+09
 1.08646445e+09 1.08646450e+09 1.08646454e+09 1.08646458e+09
 1.08646462e+09 1.08646467e+09 1.08646471e+09 1.08646475e+09
 1.08646479e+09 1.08646484e+09 1.08646488e+09 1.08646492e+09
 1.08646496e+09 1.08646500e+09 1.08646505e+09 1.08646509e+09
 1.08646513e+09 1.08646517e+09 1.08646522e+09 1.08646526e+09
 1.08646530e+09 1.08646534e+09 1.08646539e+09 1.08646543e+09
 1.08646547e+09 1.08646551e+09 1.08646556e+09 1.08646560e+09
 1.08646564e+09 1.08646568e+09 1.08646572e+09 1.08646577e+09
 1.08646581e+09 1.08646585e+09 1.08646589e+09 1.08646594e+09
 1.08646598e+09 1.08646602e+09 1.08646606e+09 1.08646611e+09
 1.08646615e+09 1.08646619e+09 1.08646623e+09 1.08646628e+09
 1.08646632e+09 1.08646636e+09 1.08646640e+09 1.08646644e+09
 1.08646649e+09 1.08646653e+09 1.08646657e+09 1.08646661e+09
 1.08646666e+09 1.08646670e+09 1.08646674e+09 1.08646678e+09
 1.08646683e+09 1.08646687e+09 1.08646691e+09 1.08646695e+09
 1.08646700e+09 1.08646704e+09 1.08646708e+09 1.08646712e+09
 1.08646716e+09 1.08646721e+09 1.08646725e+09 1.08646729e+09
 1.08646733e+09 1.08646738e+09 1.08646742e+09 1.08646746e+09
 1.08646750e+09 1.08646755e+09 1.08646759e+09 1.08646763e+09
 1.08646767e+09 1.08646772e+09 1.08646776e+09 1.08646780e+09
 1.08646784e+09 1.08646788e+09 1.08646793e+09 1.08646797e+09
 1.08646801e+09 1.08646805e+09 1.08646810e+09 1.08646814e+09
 1.08646818e+09 1.08646822e+09 1.08646827e+09 1.08646831e+09
 1.08646835e+09 1.08646839e+09 1.08646844e+09 1.08646848e+09
 1.08646852e+09 1.08646856e+09 1.08646860e+09 1.08646865e+09
 1.08646869e+09 1.08646873e+09 1.08646877e+09 1.08646882e+09
 1.08646886e+09 1.08646890e+09 1.08646894e+09 1.08646899e+09
 1.08646903e+09 1.08646907e+09 1.08646911e+09 1.08646916e+09
 1.08646920e+09 1.08646924e+09 1.08646928e+09 1.08646932e+09
 1.08646937e+09 1.08646941e+09 1.08646945e+09 1.08646949e+09
 1.08646954e+09 1.08646958e+09 1.08646962e+09 1.08646966e+09
 1.08646971e+09 1.08646975e+09 1.08646979e+09 1.08646983e+09
 1.08646988e+09 1.08646992e+09 1.08646996e+09 1.08647000e+09
 1.08647004e+09 1.08647009e+09 1.08647013e+09 1.08647017e+09
 1.08647021e+09 1.08647026e+09 1.08647030e+09 1.08647034e+09
 1.08647038e+09 1.08647043e+09 1.08647047e+09 1.08647051e+09
 1.08647055e+09 1.08647060e+09 1.08647064e+09 1.08647068e+09
 1.08647072e+09 1.08647076e+09 1.08647081e+09 1.08647085e+09
 1.08647089e+09 1.08647093e+09 1.08647098e+09 1.08647102e+09
 1.08647106e+09 1.08647110e+09 1.08647115e+09 1.08647119e+09
 1.08647123e+09 1.08647127e+09 1.08647132e+09 1.08647136e+09
 1.08647140e+09 1.08647144e+09 1.08647148e+09 1.08647153e+09
 1.08647157e+09 1.08647161e+09 1.08647165e+09 1.08647170e+09
 1.08647174e+09 1.08647178e+09 1.08647182e+09 1.08647187e+09
 1.08647191e+09 1.08647195e+09 1.08647199e+09 1.08647204e+09
 1.08647208e+09 1.08647212e+09 1.08647216e+09 1.08647220e+09
 1.08647225e+09 1.08647229e+09 1.08647233e+09 1.08647237e+09
 1.08647242e+09 1.08647246e+09 1.08647250e+09 1.08647254e+09
 1.08647259e+09 1.08647263e+09 1.08647267e+09 1.08647271e+09
 1.08647276e+09 1.08647280e+09 1.08647284e+09 1.08647288e+09
 1.08647292e+09 1.08647297e+09 1.08647301e+09 1.08647305e+09
 1.08647309e+09 1.08647314e+09 1.08647318e+09 1.08647322e+09
 1.08647326e+09 1.08647331e+09 1.08647335e+09 1.08647339e+09
 1.08647343e+09 1.08647348e+09 1.08647352e+09 1.08647356e+09
 1.08647360e+09 1.08647364e+09 1.08647369e+09 1.08647373e+09
 1.08647377e+09 1.08647381e+09 1.08647386e+09 1.08647390e+09
 1.08647394e+09 1.08647398e+09 1.08647403e+09 1.08647407e+09
 1.08647411e+09 1.08647415e+09 1.08647420e+09 1.08647424e+09
 1.08647428e+09 1.08647432e+09 1.08647436e+09 1.08647441e+09
 1.08647445e+09 1.08647449e+09 1.08647453e+09 1.08647458e+09
 1.08647462e+09 1.08647466e+09 1.08647470e+09 1.08647475e+09
 1.08647479e+09 1.08647483e+09 1.08647487e+09 1.08647492e+09
 1.08647496e+09 1.08647500e+09 1.08647504e+09 1.08647508e+09
 1.08647513e+09 1.08647517e+09 1.08647521e+09 1.08647525e+09
 1.08647530e+09 1.08647534e+09 1.08647538e+09 1.08647542e+09
 1.08647547e+09 1.08647551e+09 1.08647555e+09 1.08647559e+09
 1.08647564e+09 1.08647568e+09 1.08647572e+09 1.08647576e+09
 1.08647580e+09 1.08647585e+09 1.08647589e+09 1.08647593e+09
 1.08647597e+09 1.08647602e+09 1.08647606e+09 1.08647610e+09
 1.08647614e+09 1.08647619e+09 1.08647623e+09 1.08647627e+09
 1.08647631e+09 1.08647636e+09 1.08647640e+09 1.08647644e+09
 1.08647648e+09 1.08647652e+09 1.08647657e+09 1.08647661e+09
 1.08647665e+09 1.08647669e+09 1.08647674e+09 1.08647678e+09
 1.08647682e+09 1.08647686e+09 1.08647691e+09 1.08647695e+09
 1.08647699e+09 1.08647703e+09 1.08647708e+09 1.08647712e+09
 1.08647716e+09 1.08647720e+09 1.08647724e+09 1.08647729e+09
 1.08647733e+09 1.08647737e+09 1.08647741e+09 1.08647746e+09
 1.08647750e+09 1.08647754e+09 1.08647758e+09 1.08647763e+09
 1.08647767e+09 1.08647771e+09 1.08647775e+09 1.08647780e+09
 1.08647784e+09 1.08647788e+09 1.08647792e+09 1.08647796e+09
 1.08647801e+09 1.08647805e+09 1.08647809e+09 1.08647813e+09
 1.08647818e+09 1.08647822e+09 1.08647826e+09 1.08647830e+09
 1.08647835e+09 1.08647839e+09 1.08647843e+09 1.08647847e+09
 1.08647852e+09 1.08647856e+09 1.08647860e+09 1.08647864e+09
 1.08647868e+09 1.08647873e+09 1.08647877e+09 1.08647881e+09
 1.08647885e+09 1.08647890e+09 1.08647894e+09 1.08647898e+09
 1.08647902e+09 1.08647907e+09 1.08647911e+09 1.08647915e+09
 1.08647919e+09 1.08647924e+09 1.08647928e+09 1.08647932e+09
 1.08647936e+09 1.08647940e+09 1.08647945e+09 1.08647949e+09
 1.08647953e+09 1.08647957e+09 1.08647962e+09 1.08647966e+09
 1.08647970e+09 1.08647974e+09 1.08647979e+09 1.08647983e+09
 1.08647987e+09 1.08647991e+09 1.08647996e+09 1.08648000e+09
 1.08648004e+09 1.08648008e+09 1.08648012e+09 1.08648017e+09
 1.08648021e+09 1.08648025e+09 1.08648029e+09 1.08648034e+09
 1.08648038e+09 1.08648042e+09 1.08648046e+09 1.08648051e+09
 1.08648055e+09 1.08648059e+09 1.08648063e+09 1.08648067e+09
 1.08648072e+09 1.08648076e+09 1.08648080e+09 1.08648084e+09
 1.08648089e+09 1.08648093e+09 1.08648097e+09 1.08648101e+09
 1.08648106e+09 1.08648110e+09 1.08648114e+09 1.08648118e+09
 1.08648123e+09 1.08648127e+09 1.08648131e+09 1.08648135e+09
 1.08648139e+09 1.08648144e+09 1.08648148e+09 1.08648152e+09
 1.08648156e+09 1.08648161e+09 1.08648165e+09 1.08648169e+09
 1.08648173e+09 1.08648178e+09 1.08648182e+09 1.08648186e+09
 1.08648190e+09 1.08648195e+09 1.08648199e+09 1.08648203e+09
 1.08648207e+09 1.08648211e+09 1.08648216e+09 1.08648220e+09
 1.08648224e+09 1.08648228e+09 1.08648233e+09 1.08648237e+09
 1.08648241e+09 1.08648245e+09 1.08648250e+09 1.08648254e+09
 1.08648258e+09 1.08648262e+09 1.08648267e+09 1.08648271e+09
 1.08648275e+09 1.08648279e+09 1.08648283e+09 1.08648288e+09
 1.08648292e+09 1.08648296e+09 1.08648300e+09 1.08648305e+09
 1.08648309e+09 1.08648313e+09 1.08648317e+09 1.08648322e+09
 1.08648326e+09 1.08648330e+09 1.08648334e+09 1.08648339e+09
 1.08648343e+09 1.08648347e+09 1.08648351e+09 1.08648355e+09
 1.08648360e+09 1.08648364e+09 1.08648368e+09 1.08648372e+09
 1.08648377e+09 1.08648381e+09 1.08648385e+09 1.08648389e+09
 1.08648394e+09 1.08648398e+09 1.08648402e+09 1.08648406e+09
 1.08648411e+09 1.08648415e+09 1.08648419e+09 1.08648423e+09
 1.08648427e+09 1.08648432e+09 1.08648436e+09 1.08648440e+09
 1.08648444e+09 1.08648449e+09 1.08648453e+09 1.08648457e+09
 1.08648461e+09 1.08648466e+09 1.08648470e+09 1.08648474e+09
 1.08648478e+09 1.08648483e+09 1.08648487e+09 1.08648491e+09
 1.08648495e+09 1.08648499e+09 1.08648504e+09 1.08648508e+09
 1.08648512e+09 1.08648516e+09 1.08648521e+09 1.08648525e+09
 1.08648529e+09 1.08648533e+09 1.08648538e+09 1.08648542e+09
 1.08648546e+09 1.08648550e+09 1.08648555e+09 1.08648559e+09
 1.08648563e+09 1.08648567e+09 1.08648571e+09 1.08648576e+09
 1.08648580e+09 1.08648584e+09 1.08648588e+09 1.08648593e+09
 1.08648597e+09 1.08648601e+09 1.08648605e+09 1.08648610e+09
 1.08648614e+09 1.08648618e+09 1.08648622e+09 1.08648627e+09
 1.08648631e+09 1.08648635e+09 1.08648639e+09 1.08648643e+09
 1.08648648e+09 1.08648652e+09 1.08648656e+09 1.08648660e+09
 1.08648665e+09 1.08648669e+09 1.08648673e+09 1.08648677e+09
 1.08648682e+09 1.08648686e+09 1.08648690e+09 1.08648694e+09
 1.08648699e+09 1.08648703e+09 1.08648707e+09 1.08648711e+09
 1.08648715e+09 1.08648720e+09 1.08648724e+09 1.08648728e+09
 1.08648732e+09 1.08648737e+09 1.08648741e+09 1.08648745e+09
 1.08648749e+09 1.08648754e+09 1.08648758e+09 1.08648762e+09
 1.08648766e+09 1.08648771e+09 1.08648775e+09 1.08648779e+09
 1.08648783e+09 1.08648787e+09 1.08648792e+09 1.08648796e+09
 1.08648800e+09 1.08648804e+09 1.08648809e+09 1.08648813e+09
 1.08648817e+09 1.08648821e+09 1.08648826e+09 1.08648830e+09
 1.08648834e+09 1.08648838e+09 1.08648843e+09 1.08648847e+09
 1.08648851e+09 1.08648855e+09 1.08648859e+09 1.08648864e+09
 1.08648868e+09 1.08648872e+09 1.08648876e+09 1.08648881e+09
 1.08648885e+09 1.08648889e+09 1.08648893e+09 1.08648898e+09
 1.08648902e+09 1.08648906e+09 1.08648910e+09 1.08648915e+09
 1.08648919e+09 1.08648923e+09 1.08648927e+09 1.08648931e+09
 1.08648936e+09 1.08648940e+09 1.08648944e+09 1.08648948e+09
 1.08648953e+09 1.08648957e+09 1.08648961e+09 1.08648965e+09
 1.08648970e+09 1.08648974e+09 1.08648978e+09 1.08648982e+09
 1.08648987e+09 1.08648991e+09 1.08648995e+09 1.08648999e+09
 1.08649003e+09 1.08649008e+09 1.08649012e+09 1.08649016e+09
 1.08649020e+09 1.08649025e+09 1.08649029e+09 1.08649033e+09
 1.08649037e+09 1.08649042e+09 1.08649046e+09 1.08649050e+09
 1.08649054e+09 1.08649059e+09 1.08649063e+09 1.08649067e+09
 1.08649071e+09 1.08649075e+09 1.08649080e+09 1.08649084e+09
 1.08649088e+09 1.08649092e+09 1.08649097e+09 1.08649101e+09
 1.08649105e+09 1.08649109e+09 1.08649114e+09 1.08649118e+09
 1.08649122e+09 1.08649126e+09 1.08649131e+09 1.08649135e+09
 1.08649139e+09 1.08649143e+09 1.08649147e+09 1.08649152e+09
 1.08649156e+09 1.08649160e+09 1.08649164e+09 1.08649169e+09
 1.08649173e+09 1.08649177e+09 1.08649181e+09 1.08649186e+09
 1.08649190e+09 1.08649194e+09 1.08649198e+09 1.08649203e+09
 1.08649207e+09 1.08649211e+09 1.08649215e+09 1.08649219e+09
 1.08649224e+09 1.08649228e+09 1.08649232e+09 1.08649236e+09
 1.08649241e+09 1.08649245e+09 1.08649249e+09 1.08649253e+09
 1.08649258e+09 1.08649262e+09 1.08649266e+09 1.08649270e+09
 1.08649275e+09 1.08649279e+09 1.08649283e+09 1.08649287e+09
 1.08649291e+09 1.08649296e+09 1.08649300e+09 1.08649304e+09
 1.08649308e+09 1.08649313e+09 1.08649317e+09 1.08649321e+09
 1.08649325e+09 1.08649330e+09 1.08649334e+09 1.08649338e+09
 1.08649342e+09 1.08649347e+09 1.08649351e+09 1.08649355e+09
 1.08649359e+09 1.08649363e+09 1.08649368e+09 1.08649372e+09
 1.08649376e+09 1.08649380e+09 1.08649385e+09 1.08649389e+09
 1.08649393e+09 1.08649397e+09 1.08649402e+09 1.08649406e+09
 1.08649410e+09 1.08649414e+09 1.08649419e+09 1.08649423e+09
 1.08649427e+09 1.08649431e+09 1.08649435e+09 1.08649440e+09
 1.08649444e+09 1.08649448e+09 1.08649452e+09 1.08649457e+09
 1.08649461e+09 1.08649465e+09 1.08649469e+09 1.08649474e+09
 1.08649478e+09 1.08649482e+09 1.08649486e+09 1.08649491e+09
 1.08649495e+09 1.08649499e+09 1.08649503e+09 1.08649507e+09
 1.08649512e+09 1.08649516e+09 1.08649520e+09 1.08649524e+09
 1.08649529e+09 1.08649533e+09 1.08649537e+09 1.08649541e+09
 1.08649546e+09 1.08649550e+09 1.08649554e+09 1.08649558e+09
 1.08649563e+09 1.08649567e+09 1.08649571e+09 1.08649575e+09
 1.08649579e+09 1.08649584e+09 1.08649588e+09 1.08649592e+09
 1.08649596e+09 1.08649601e+09 1.08649605e+09 1.08649609e+09
 1.08649613e+09 1.08649618e+09 1.08649622e+09 1.08649626e+09
 1.08649630e+09 1.08649635e+09 1.08649639e+09 1.08649643e+09
 1.08649647e+09 1.08649651e+09 1.08649656e+09 1.08649660e+09
 1.08649664e+09 1.08649668e+09 1.08649673e+09 1.08649677e+09
 1.08649681e+09 1.08649685e+09 1.08649690e+09 1.08649694e+09
 1.08649698e+09 1.08649702e+09 1.08649707e+09 1.08649711e+09
 1.08649715e+09 1.08649719e+09 1.08649723e+09 1.08649728e+09
 1.08649732e+09 1.08649736e+09 1.08649740e+09 1.08649745e+09
 1.08649749e+09 1.08649753e+09 1.08649757e+09 1.08649762e+09
 1.08649766e+09 1.08649770e+09 1.08649774e+09 1.08649779e+09
 1.08649783e+09 1.08649787e+09 1.08649791e+09 1.08649795e+09
 1.08649800e+09 1.08649804e+09 1.08649808e+09 1.08649812e+09
 1.08649817e+09 1.08649821e+09 1.08649825e+09 1.08649829e+09
 1.08649834e+09 1.08649838e+09 1.08649842e+09 1.08649846e+09
 1.08649851e+09 1.08649855e+09 1.08649859e+09 1.08649863e+09
 1.08649867e+09 1.08649872e+09 1.08649876e+09 1.08649880e+09
 1.08649884e+09 1.08649889e+09 1.08649893e+09 1.08649897e+09
 1.08649901e+09 1.08649906e+09 1.08649910e+09 1.08649914e+09
 1.08649918e+09 1.08649923e+09 1.08649927e+09 1.08649931e+09
 1.08649935e+09 1.08649939e+09 1.08649944e+09 1.08649948e+09
 1.08649952e+09 1.08649956e+09 1.08649961e+09 1.08649965e+09
 1.08649969e+09 1.08649973e+09 1.08649978e+09 1.08649982e+09
 1.08649986e+09 1.08649990e+09 1.08649995e+09 1.08649999e+09
 1.08650003e+09 1.08650007e+09 1.08650011e+09 1.08650016e+09
 1.08650020e+09 1.08650024e+09 1.08650028e+09 1.08650033e+09
 1.08650037e+09 1.08650041e+09 1.08650045e+09 1.08650050e+09
 1.08650054e+09 1.08650058e+09 1.08650062e+09 1.08650067e+09
 1.08650071e+09 1.08650075e+09 1.08650079e+09 1.08650083e+09
 1.08650088e+09 1.08650092e+09 1.08650096e+09 1.08650100e+09
 1.08650105e+09 1.08650109e+09 1.08650113e+09 1.08650117e+09
 1.08650122e+09 1.08650126e+09 1.08650130e+09 1.08650134e+09
 1.08650138e+09 1.08650143e+09 1.08650147e+09 1.08650151e+09
 1.08650155e+09 1.08650160e+09 1.08650164e+09 1.08650168e+09
 1.08650172e+09 1.08650177e+09 1.08650181e+09 1.08650185e+09
 1.08650189e+09 1.08650194e+09 1.08650198e+09 1.08650202e+09
 1.08650206e+09 1.08650210e+09 1.08650215e+09 1.08650219e+09
 1.08650223e+09 1.08650227e+09 1.08650232e+09 1.08650236e+09
 1.08650240e+09 1.08650244e+09 1.08650249e+09 1.08650253e+09
 1.08650257e+09 1.08650261e+09 1.08650266e+09 1.08650270e+09
 1.08650274e+09 1.08650278e+09 1.08650282e+09 1.08650287e+09
 1.08650291e+09 1.08650295e+09 1.08650299e+09 1.08650304e+09
 1.08650308e+09 1.08650312e+09 1.08650316e+09 1.08650321e+09
 1.08650325e+09 1.08650329e+09 1.08650333e+09 1.08650338e+09
 1.08650342e+09 1.08650346e+09 1.08650350e+09 1.08650354e+09
 1.08650359e+09 1.08650363e+09 1.08650367e+09 1.08650371e+09
 1.08650376e+09 1.08650380e+09 1.08650384e+09 1.08650388e+09
 1.08650393e+09 1.08650397e+09 1.08650401e+09 1.08650405e+09
 1.08650410e+09 1.08650414e+09 1.08650418e+09 1.08650422e+09
 1.08650426e+09 1.08650431e+09 1.08650435e+09 1.08650439e+09
 1.08650443e+09 1.08650448e+09 1.08650452e+09 1.08650456e+09
 1.08650460e+09 1.08650465e+09 1.08650469e+09 1.08650473e+09
 1.08650477e+09 1.08650482e+09 1.08650486e+09 1.08650490e+09]
minRes = 0.09333632326680752
minResTime = [1.08646399e+09]
Cov(t) = [100 100 100 100 100 100 100 100 100 100 100 100 100 100 100 100 100 100
 100 100 100 100 100 100 100 100 100 100 100 100 100 100 100 100 100 100
 100 100 100 100 100 100 100 100 100 100 100 100 100 100 100 100 100 100
 100 100 100 100 100 100 100 100 100 100 100 100 100 100 100 100 100 100
 100 100 100 100 100 100 100 100 100 100 100 100 100 100 100 100 100 100
 100 100 100 100 100 100 100 100 100 100 100 100 100 100 100 100 100 100
 100 100 100 100 100 100 100 100 100 100 100 100 100 100 100 100 100 100
 100 100 100 100 100 100 100 100 100 100 100 100 100 100 100 100 100 100
 100 100 100 100 100 100 100 100 100 100 100 100 100 100 100 100 100 100
 100 100 100 100 100 100 100 100 100 100 100 100 100 100 100 100 100 100
 100 100 100 100 100 100 100 100 100 100 100 100 100 100 100 100 100 100
 100 100 100 100 100 100 100 100 100 100 100 100 100 100 100 100 100 100
 100 100 100 100 100 100 100 100 100 100 100 100 100 100 100 100 100 100
 100 100 100 100 100 100 100 100 100 100 100 100 100 100 100 100 100 100
 100 100 100 100 100 100 100 100 100 100 100 100 100 100 100 100 100 100
 100 100 100 100 100 100 100 100 100 100 100 100 100 100 100 100 100 100
 100 100 100 100 100 100 100 100 100 100 100 100 100 100 100 100 100 100
 100 100 100 100 100 100 100 100 100 100 100 100 100 100 100 100 100 100
 100 100 100 100 100 100 100 100 100 100 100 100 100 100 100 100 100 100
 100 100 100 100 100 100 100 100 100 100 100 100 100 100 100 100 100 100
 100 100 100 100 100 100 100 100 100 100 100 100 100 100 100 100 100 100
 100 100 100 100 100 100 100 100 100 100 100 100 100 100 100 100 100 100
 100 100 100 100 100 100 100 100 100 100 100 100 100 100 100 100 100 100
 100 100 100 100 100 100 100 100 100 100 100 100 100 100 100 100 100 100
 100 100 100 100 100 100 100 100 100 100 100 100 100 100 100 100 100 100
 100 100 100 100 100 100 100 100 100 100 100 100 100 100 100 100 100 100
 100 100 100 100 100 100 100 100 100 100 100 100 100 100 100 100 100 100
 100 100 100 100 100 100 100 100 100 100 100 100 100 100 100 100 100 100
 100 100 100 100 100 100 100 100 100 100 100 100 100 100 100 100 100 100
 100 100 100 100 100 100 100 100 100 100 100 100 100 100 100 100 100 100
 100 100 100 100 100 100 100 100 100 100 100 100 100 100 100 100 100 100
 100 100 100 100 100 100 100 100 100 100 100 100 100 100 100 100 100 100
 100 100 100 100 100 100 100 100 100 100 100 100 100 100 100 100 100 100
 100 100 100 100 100 100 100 100 100 100 100 100 100 100 100 100 100 100
 100 100 100 100 100 100 100 100 100 100 100 100 100 100 100 100 100 100
 100 100 100 100 100 100 100 100 100 100 100 100 100 100 100 100 100 100
 100 100 100 100 100 100 100 100 100 100 100 100 100 100 100 100 100 100
 100 100 100 100 100 100 100 100 100 100 100 100 100 100 100 100 100 100
 100 100 100 100 100 100 100 100 100 100 100 100 100 100 100 100 100 100
 100 100 100 100 100 100 100 100 100 100 100 100 100 100 100 100 100 100
 100 100 100 100 100 100 100 100 100 100 100 100 100 100 100 100 100 100
 100 100 100 100 100 100 100 100 100 100 100 100 100 100 100 100 100 100
 100 100 100 100 100 100 100 100 100 100 100 100 100 100 100 100 100 100
 100 100 100 100 100 100 100 100 100 100 100 100 100 100 100 100 100 100
 100 100 100 100 100 100 100 100 100 100 100 100 100 100 100 100 100 100
 100 100 100 100 100 100 100 100 100 100 100 100 100 100 100 100 100 100
 100 100 100 100 100 100 100 100 100 100 100 100 100 100 100 100 100 100
 100 100 100 100 100 100 100 100 100 100 100 100 100 100 100 100 100 100
 100 100 100 100 100 100 100 100 100 100 100 100 100 100 100 100 100 100
 100 100 100 100 100 100 100 100 100 100 100 100 100 100 100 100 100 100
 100 100 100 100 100 100 100 100 100 100 100 100 100 100 100 100 100 100
 100 100 100 100 100 100 100 100 100 100 100 100 100 100 100 100 100 100
 100 100 100 100 100 100 100 100 100 100 100 100 100 100 100 100 100 100
 100 100 100 100 100 100 100 100 100 100 100 100 100 100 100 100 100 100
 100 100 100 100 100 100 100 100 100 100 100 100 100 100 100 100 100 100
 100 100 100 100 100 100 100 100 100 100]
maxCov = 100
maxCovTime = [1.08646259e+09 1.08646263e+09 1.08646268e+09 1.08646272e+09
 1.08646276e+09 1.08646280e+09 1.08646284e+09 1.08646289e+09
 1.08646293e+09 1.08646297e+09 1.08646301e+09 1.08646306e+09
 1.08646310e+09 1.08646314e+09 1.08646318e+09 1.08646323e+09
 1.08646327e+09 1.08646331e+09 1.08646335e+09 1.08646340e+09
 1.08646344e+09 1.08646348e+09 1.08646352e+09 1.08646356e+09
 1.08646361e+09 1.08646365e+09 1.08646369e+09 1.08646373e+09
 1.08646378e+09 1.08646382e+09 1.08646386e+09 1.08646390e+09
 1.08646395e+09 1.08646399e+09 1.08646403e+09 1.08646407e+09
 1.08646412e+09 1.08646416e+09 1.08646420e+09 1.08646424e+09
 1.08646428e+09 1.08646433e+09 1.08646437e+09 1.08646441e+09
 1.08646445e+09 1.08646450e+09 1.08646454e+09 1.08646458e+09
 1.08646462e+09 1.08646467e+09 1.08646471e+09 1.08646475e+09
 1.08646479e+09 1.08646484e+09 1.08646488e+09 1.08646492e+09
 1.08646496e+09 1.08646500e+09 1.08646505e+09 1.08646509e+09
 1.08646513e+09 1.08646517e+09 1.08646522e+09 1.08646526e+09
 1.08646530e+09 1.08646534e+09 1.08646539e+09 1.08646543e+09
 1.08646547e+09 1.08646551e+09 1.08646556e+09 1.08646560e+09
 1.08646564e+09 1.08646568e+09 1.08646572e+09 1.08646577e+09
 1.08646581e+09 1.08646585e+09 1.08646589e+09 1.08646594e+09
 1.08646598e+09 1.08646602e+09 1.08646606e+09 1.08646611e+09
 1.08646615e+09 1.08646619e+09 1.08646623e+09 1.08646628e+09
 1.08646632e+09 1.08646636e+09 1.08646640e+09 1.08646644e+09
 1.08646649e+09 1.08646653e+09 1.08646657e+09 1.08646661e+09
 1.08646666e+09 1.08646670e+09 1.08646674e+09 1.08646678e+09
 1.08646683e+09 1.08646687e+09 1.08646691e+09 1.08646695e+09
 1.08646700e+09 1.08646704e+09 1.08646708e+09 1.08646712e+09
 1.08646716e+09 1.08646721e+09 1.08646725e+09 1.08646729e+09
 1.08646733e+09 1.08646738e+09 1.08646742e+09 1.08646746e+09
 1.08646750e+09 1.08646755e+09 1.08646759e+09 1.08646763e+09
 1.08646767e+09 1.08646772e+09 1.08646776e+09 1.08646780e+09
 1.08646784e+09 1.08646788e+09 1.08646793e+09 1.08646797e+09
 1.08646801e+09 1.08646805e+09 1.08646810e+09 1.08646814e+09
 1.08646818e+09 1.08646822e+09 1.08646827e+09 1.08646831e+09
 1.08646835e+09 1.08646839e+09 1.08646844e+09 1.08646848e+09
 1.08646852e+09 1.08646856e+09 1.08646860e+09 1.08646865e+09
 1.08646869e+09 1.08646873e+09 1.08646877e+09 1.08646882e+09
 1.08646886e+09 1.08646890e+09 1.08646894e+09 1.08646899e+09
 1.08646903e+09 1.08646907e+09 1.08646911e+09 1.08646916e+09
 1.08646920e+09 1.08646924e+09 1.08646928e+09 1.08646932e+09
 1.08646937e+09 1.08646941e+09 1.08646945e+09 1.08646949e+09
 1.08646954e+09 1.08646958e+09 1.08646962e+09 1.08646966e+09
 1.08646971e+09 1.08646975e+09 1.08646979e+09 1.08646983e+09
 1.08646988e+09 1.08646992e+09 1.08646996e+09 1.08647000e+09
 1.08647004e+09 1.08647009e+09 1.08647013e+09 1.08647017e+09
 1.08647021e+09 1.08647026e+09 1.08647030e+09 1.08647034e+09
 1.08647038e+09 1.08647043e+09 1.08647047e+09 1.08647051e+09
 1.08647055e+09 1.08647060e+09 1.08647064e+09 1.08647068e+09
 1.08647072e+09 1.08647076e+09 1.08647081e+09 1.08647085e+09
 1.08647089e+09 1.08647093e+09 1.08647098e+09 1.08647102e+09
 1.08647106e+09 1.08647110e+09 1.08647115e+09 1.08647119e+09
 1.08647123e+09 1.08647127e+09 1.08647132e+09 1.08647136e+09
 1.08647140e+09 1.08647144e+09 1.08647148e+09 1.08647153e+09
 1.08647157e+09 1.08647161e+09 1.08647165e+09 1.08647170e+09
 1.08647174e+09 1.08647178e+09 1.08647182e+09 1.08647187e+09
 1.08647191e+09 1.08647195e+09 1.08647199e+09 1.08647204e+09
 1.08647208e+09 1.08647212e+09 1.08647216e+09 1.08647220e+09
 1.08647225e+09 1.08647229e+09 1.08647233e+09 1.08647237e+09
 1.08647242e+09 1.08647246e+09 1.08647250e+09 1.08647254e+09
 1.08647259e+09 1.08647263e+09 1.08647267e+09 1.08647271e+09
 1.08647276e+09 1.08647280e+09 1.08647284e+09 1.08647288e+09
 1.08647292e+09 1.08647297e+09 1.08647301e+09 1.08647305e+09
 1.08647309e+09 1.08647314e+09 1.08647318e+09 1.08647322e+09
 1.08647326e+09 1.08647331e+09 1.08647335e+09 1.08647339e+09
 1.08647343e+09 1.08647348e+09 1.08647352e+09 1.08647356e+09
 1.08647360e+09 1.08647364e+09 1.08647369e+09 1.08647373e+09
 1.08647377e+09 1.08647381e+09 1.08647386e+09 1.08647390e+09
 1.08647394e+09 1.08647398e+09 1.08647403e+09 1.08647407e+09
 1.08647411e+09 1.08647415e+09 1.08647420e+09 1.08647424e+09
 1.08647428e+09 1.08647432e+09 1.08647436e+09 1.08647441e+09
 1.08647445e+09 1.08647449e+09 1.08647453e+09 1.08647458e+09
 1.08647462e+09 1.08647466e+09 1.08647470e+09 1.08647475e+09
 1.08647479e+09 1.08647483e+09 1.08647487e+09 1.08647492e+09
 1.08647496e+09 1.08647500e+09 1.08647504e+09 1.08647508e+09
 1.08647513e+09 1.08647517e+09 1.08647521e+09 1.08647525e+09
 1.08647530e+09 1.08647534e+09 1.08647538e+09 1.08647542e+09
 1.08647547e+09 1.08647551e+09 1.08647555e+09 1.08647559e+09
 1.08647564e+09 1.08647568e+09 1.08647572e+09 1.08647576e+09
 1.08647580e+09 1.08647585e+09 1.08647589e+09 1.08647593e+09
 1.08647597e+09 1.08647602e+09 1.08647606e+09 1.08647610e+09
 1.08647614e+09 1.08647619e+09 1.08647623e+09 1.08647627e+09
 1.08647631e+09 1.08647636e+09 1.08647640e+09 1.08647644e+09
 1.08647648e+09 1.08647652e+09 1.08647657e+09 1.08647661e+09
 1.08647665e+09 1.08647669e+09 1.08647674e+09 1.08647678e+09
 1.08647682e+09 1.08647686e+09 1.08647691e+09 1.08647695e+09
 1.08647699e+09 1.08647703e+09 1.08647708e+09 1.08647712e+09
 1.08647716e+09 1.08647720e+09 1.08647724e+09 1.08647729e+09
 1.08647733e+09 1.08647737e+09 1.08647741e+09 1.08647746e+09
 1.08647750e+09 1.08647754e+09 1.08647758e+09 1.08647763e+09
 1.08647767e+09 1.08647771e+09 1.08647775e+09 1.08647780e+09
 1.08647784e+09 1.08647788e+09 1.08647792e+09 1.08647796e+09
 1.08647801e+09 1.08647805e+09 1.08647809e+09 1.08647813e+09
 1.08647818e+09 1.08647822e+09 1.08647826e+09 1.08647830e+09
 1.08647835e+09 1.08647839e+09 1.08647843e+09 1.08647847e+09
 1.08647852e+09 1.08647856e+09 1.08647860e+09 1.08647864e+09
 1.08647868e+09 1.08647873e+09 1.08647877e+09 1.08647881e+09
 1.08647885e+09 1.08647890e+09 1.08647894e+09 1.08647898e+09
 1.08647902e+09 1.08647907e+09 1.08647911e+09 1.08647915e+09
 1.08647919e+09 1.08647924e+09 1.08647928e+09 1.08647932e+09
 1.08647936e+09 1.08647940e+09 1.08647945e+09 1.08647949e+09
 1.08647953e+09 1.08647957e+09 1.08647962e+09 1.08647966e+09
 1.08647970e+09 1.08647974e+09 1.08647979e+09 1.08647983e+09
 1.08647987e+09 1.08647991e+09 1.08647996e+09 1.08648000e+09
 1.08648004e+09 1.08648008e+09 1.08648012e+09 1.08648017e+09
 1.08648021e+09 1.08648025e+09 1.08648029e+09 1.08648034e+09
 1.08648038e+09 1.08648042e+09 1.08648046e+09 1.08648051e+09
 1.08648055e+09 1.08648059e+09 1.08648063e+09 1.08648067e+09
 1.08648072e+09 1.08648076e+09 1.08648080e+09 1.08648084e+09
 1.08648089e+09 1.08648093e+09 1.08648097e+09 1.08648101e+09
 1.08648106e+09 1.08648110e+09 1.08648114e+09 1.08648118e+09
 1.08648123e+09 1.08648127e+09 1.08648131e+09 1.08648135e+09
 1.08648139e+09 1.08648144e+09 1.08648148e+09 1.08648152e+09
 1.08648156e+09 1.08648161e+09 1.08648165e+09 1.08648169e+09
 1.08648173e+09 1.08648178e+09 1.08648182e+09 1.08648186e+09
 1.08648190e+09 1.08648195e+09 1.08648199e+09 1.08648203e+09
 1.08648207e+09 1.08648211e+09 1.08648216e+09 1.08648220e+09
 1.08648224e+09 1.08648228e+09 1.08648233e+09 1.08648237e+09
 1.08648241e+09 1.08648245e+09 1.08648250e+09 1.08648254e+09
 1.08648258e+09 1.08648262e+09 1.08648267e+09 1.08648271e+09
 1.08648275e+09 1.08648279e+09 1.08648283e+09 1.08648288e+09
 1.08648292e+09 1.08648296e+09 1.08648300e+09 1.08648305e+09
 1.08648309e+09 1.08648313e+09 1.08648317e+09 1.08648322e+09
 1.08648326e+09 1.08648330e+09 1.08648334e+09 1.08648339e+09
 1.08648343e+09 1.08648347e+09 1.08648351e+09 1.08648355e+09
 1.08648360e+09 1.08648364e+09 1.08648368e+09 1.08648372e+09
 1.08648377e+09 1.08648381e+09 1.08648385e+09 1.08648389e+09
 1.08648394e+09 1.08648398e+09 1.08648402e+09 1.08648406e+09
 1.08648411e+09 1.08648415e+09 1.08648419e+09 1.08648423e+09
 1.08648427e+09 1.08648432e+09 1.08648436e+09 1.08648440e+09
 1.08648444e+09 1.08648449e+09 1.08648453e+09 1.08648457e+09
 1.08648461e+09 1.08648466e+09 1.08648470e+09 1.08648474e+09
 1.08648478e+09 1.08648483e+09 1.08648487e+09 1.08648491e+09
 1.08648495e+09 1.08648499e+09 1.08648504e+09 1.08648508e+09
 1.08648512e+09 1.08648516e+09 1.08648521e+09 1.08648525e+09
 1.08648529e+09 1.08648533e+09 1.08648538e+09 1.08648542e+09
 1.08648546e+09 1.08648550e+09 1.08648555e+09 1.08648559e+09
 1.08648563e+09 1.08648567e+09 1.08648571e+09 1.08648576e+09
 1.08648580e+09 1.08648584e+09 1.08648588e+09 1.08648593e+09
 1.08648597e+09 1.08648601e+09 1.08648605e+09 1.08648610e+09
 1.08648614e+09 1.08648618e+09 1.08648622e+09 1.08648627e+09
 1.08648631e+09 1.08648635e+09 1.08648639e+09 1.08648643e+09
 1.08648648e+09 1.08648652e+09 1.08648656e+09 1.08648660e+09
 1.08648665e+09 1.08648669e+09 1.08648673e+09 1.08648677e+09
 1.08648682e+09 1.08648686e+09 1.08648690e+09 1.08648694e+09
 1.08648699e+09 1.08648703e+09 1.08648707e+09 1.08648711e+09
 1.08648715e+09 1.08648720e+09 1.08648724e+09 1.08648728e+09
 1.08648732e+09 1.08648737e+09 1.08648741e+09 1.08648745e+09
 1.08648749e+09 1.08648754e+09 1.08648758e+09 1.08648762e+09
 1.08648766e+09 1.08648771e+09 1.08648775e+09 1.08648779e+09
 1.08648783e+09 1.08648787e+09 1.08648792e+09 1.08648796e+09
 1.08648800e+09 1.08648804e+09 1.08648809e+09 1.08648813e+09
 1.08648817e+09 1.08648821e+09 1.08648826e+09 1.08648830e+09
 1.08648834e+09 1.08648838e+09 1.08648843e+09 1.08648847e+09
 1.08648851e+09 1.08648855e+09 1.08648859e+09 1.08648864e+09
 1.08648868e+09 1.08648872e+09 1.08648876e+09 1.08648881e+09
 1.08648885e+09 1.08648889e+09 1.08648893e+09 1.08648898e+09
 1.08648902e+09 1.08648906e+09 1.08648910e+09 1.08648915e+09
 1.08648919e+09 1.08648923e+09 1.08648927e+09 1.08648931e+09
 1.08648936e+09 1.08648940e+09 1.08648944e+09 1.08648948e+09
 1.08648953e+09 1.08648957e+09 1.08648961e+09 1.08648965e+09
 1.08648970e+09 1.08648974e+09 1.08648978e+09 1.08648982e+09
 1.08648987e+09 1.08648991e+09 1.08648995e+09 1.08648999e+09
 1.08649003e+09 1.08649008e+09 1.08649012e+09 1.08649016e+09
 1.08649020e+09 1.08649025e+09 1.08649029e+09 1.08649033e+09
 1.08649037e+09 1.08649042e+09 1.08649046e+09 1.08649050e+09
 1.08649054e+09 1.08649059e+09 1.08649063e+09 1.08649067e+09
 1.08649071e+09 1.08649075e+09 1.08649080e+09 1.08649084e+09
 1.08649088e+09 1.08649092e+09 1.08649097e+09 1.08649101e+09
 1.08649105e+09 1.08649109e+09 1.08649114e+09 1.08649118e+09
 1.08649122e+09 1.08649126e+09 1.08649131e+09 1.08649135e+09
 1.08649139e+09 1.08649143e+09 1.08649147e+09 1.08649152e+09
 1.08649156e+09 1.08649160e+09 1.08649164e+09 1.08649169e+09
 1.08649173e+09 1.08649177e+09 1.08649181e+09 1.08649186e+09
 1.08649190e+09 1.08649194e+09 1.08649198e+09 1.08649203e+09
 1.08649207e+09 1.08649211e+09 1.08649215e+09 1.08649219e+09
 1.08649224e+09 1.08649228e+09 1.08649232e+09 1.08649236e+09
 1.08649241e+09 1.08649245e+09 1.08649249e+09 1.08649253e+09
 1.08649258e+09 1.08649262e+09 1.08649266e+09 1.08649270e+09
 1.08649275e+09 1.08649279e+09 1.08649283e+09 1.08649287e+09
 1.08649291e+09 1.08649296e+09 1.08649300e+09 1.08649304e+09
 1.08649308e+09 1.08649313e+09 1.08649317e+09 1.08649321e+09
 1.08649325e+09 1.08649330e+09 1.08649334e+09 1.08649338e+09
 1.08649342e+09 1.08649347e+09 1.08649351e+09 1.08649355e+09
 1.08649359e+09 1.08649363e+09 1.08649368e+09 1.08649372e+09
 1.08649376e+09 1.08649380e+09 1.08649385e+09 1.08649389e+09
 1.08649393e+09 1.08649397e+09 1.08649402e+09 1.08649406e+09
 1.08649410e+09 1.08649414e+09 1.08649419e+09 1.08649423e+09
 1.08649427e+09 1.08649431e+09 1.08649435e+09 1.08649440e+09
 1.08649444e+09 1.08649448e+09 1.08649452e+09 1.08649457e+09
 1.08649461e+09 1.08649465e+09 1.08649469e+09 1.08649474e+09
 1.08649478e+09 1.08649482e+09 1.08649486e+09 1.08649491e+09
 1.08649495e+09 1.08649499e+09 1.08649503e+09 1.08649507e+09
 1.08649512e+09 1.08649516e+09 1.08649520e+09 1.08649524e+09
 1.08649529e+09 1.08649533e+09 1.08649537e+09 1.08649541e+09
 1.08649546e+09 1.08649550e+09 1.08649554e+09 1.08649558e+09
 1.08649563e+09 1.08649567e+09 1.08649571e+09 1.08649575e+09
 1.08649579e+09 1.08649584e+09 1.08649588e+09 1.08649592e+09
 1.08649596e+09 1.08649601e+09 1.08649605e+09 1.08649609e+09
 1.08649613e+09 1.08649618e+09 1.08649622e+09 1.08649626e+09
 1.08649630e+09 1.08649635e+09 1.08649639e+09 1.08649643e+09
 1.08649647e+09 1.08649651e+09 1.08649656e+09 1.08649660e+09
 1.08649664e+09 1.08649668e+09 1.08649673e+09 1.08649677e+09
 1.08649681e+09 1.08649685e+09 1.08649690e+09 1.08649694e+09
 1.08649698e+09 1.08649702e+09 1.08649707e+09 1.08649711e+09
 1.08649715e+09 1.08649719e+09 1.08649723e+09 1.08649728e+09
 1.08649732e+09 1.08649736e+09 1.08649740e+09 1.08649745e+09
 1.08649749e+09 1.08649753e+09 1.08649757e+09 1.08649762e+09
 1.08649766e+09 1.08649770e+09 1.08649774e+09 1.08649779e+09
 1.08649783e+09 1.08649787e+09 1.08649791e+09 1.08649795e+09
 1.08649800e+09 1.08649804e+09 1.08649808e+09 1.08649812e+09
 1.08649817e+09 1.08649821e+09 1.08649825e+09 1.08649829e+09
 1.08649834e+09 1.08649838e+09 1.08649842e+09 1.08649846e+09
 1.08649851e+09 1.08649855e+09 1.08649859e+09 1.08649863e+09
 1.08649867e+09 1.08649872e+09 1.08649876e+09 1.08649880e+09
 1.08649884e+09 1.08649889e+09 1.08649893e+09 1.08649897e+09
 1.08649901e+09 1.08649906e+09 1.08649910e+09 1.08649914e+09
 1.08649918e+09 1.08649923e+09 1.08649927e+09 1.08649931e+09
 1.08649935e+09 1.08649939e+09 1.08649944e+09 1.08649948e+09
 1.08649952e+09 1.08649956e+09 1.08649961e+09 1.08649965e+09
 1.08649969e+09 1.08649973e+09 1.08649978e+09 1.08649982e+09
 1.08649986e+09 1.08649990e+09 1.08649995e+09 1.08649999e+09
 1.08650003e+09 1.08650007e+09 1.08650011e+09 1.08650016e+09
 1.08650020e+09 1.08650024e+09 1.08650028e+09 1.08650033e+09
 1.08650037e+09 1.08650041e+09 1.08650045e+09 1.08650050e+09
 1.08650054e+09 1.08650058e+09 1.08650062e+09 1.08650067e+09
 1.08650071e+09 1.08650075e+09 1.08650079e+09 1.08650083e+09
 1.08650088e+09 1.08650092e+09 1.08650096e+09 1.08650100e+09
 1.08650105e+09 1.08650109e+09 1.08650113e+09 1.08650117e+09
 1.08650122e+09 1.08650126e+09 1.08650130e+09 1.08650134e+09
 1.08650138e+09 1.08650143e+09 1.08650147e+09 1.08650151e+09
 1.08650155e+09 1.08650160e+09 1.08650164e+09 1.08650168e+09
 1.08650172e+09 1.08650177e+09 1.08650181e+09 1.08650185e+09
 1.08650189e+09 1.08650194e+09 1.08650198e+09 1.08650202e+09
 1.08650206e+09 1.08650210e+09 1.08650215e+09 1.08650219e+09
 1.08650223e+09 1.08650227e+09 1.08650232e+09 1.08650236e+09
 1.08650240e+09 1.08650244e+09 1.08650249e+09 1.08650253e+09
 1.08650257e+09 1.08650261e+09 1.08650266e+09 1.08650270e+09
 1.08650274e+09 1.08650278e+09 1.08650282e+09 1.08650287e+09
 1.08650291e+09 1.08650295e+09 1.08650299e+09 1.08650304e+09
 1.08650308e+09 1.08650312e+09 1.08650316e+09 1.08650321e+09
 1.08650325e+09 1.08650329e+09 1.08650333e+09 1.08650338e+09
 1.08650342e+09 1.08650346e+09 1.08650350e+09 1.08650354e+09
 1.08650359e+09 1.08650363e+09 1.08650367e+09 1.08650371e+09
 1.08650376e+09 1.08650380e+09 1.08650384e+09 1.08650388e+09
 1.08650393e+09 1.08650397e+09 1.08650401e+09 1.08650405e+09
 1.08650410e+09 1.08650414e+09 1.08650418e+09 1.08650422e+09
 1.08650426e+09 1.08650431e+09 1.08650435e+09 1.08650439e+09
 1.08650443e+09 1.08650448e+09 1.08650452e+09 1.08650456e+09
 1.08650460e+09 1.08650465e+09 1.08650469e+09 1.08650473e+09
 1.08650477e+09 1.08650482e+09 1.08650486e+09 1.08650490e+09]
