name =JUICE_ROI_GAN_5_0_09
flyby = ['2034 JUN 05 18:53:51', '2034 JUN 06 18:53:51']
Observation TW = <SpiceCell dtype = 1, length = 0, size = 3400, card = 14, is_set = 1, adjust = 0, init = 1, base = 93924625909808, data = 93924625909856>
Res(t) = [0.12792916 0.11891957 0.11951395 0.11710834 0.11136533 0.10981995
 0.10546827 0.10236158 0.09962617 0.09732067 0.09540546 0.09357418
 0.09211712 0.09025907 0.09118669 0.09069531 0.08912872 0.08815048
 0.08704214 0.08623652 0.0864105  0.08599683 0.08551422 0.08511884
 0.08475334 0.08451379 0.0846241  0.08452343 0.084618   0.08445718
 0.08465293 0.08476521 0.08490876 0.08496416 0.08513586 0.08539653
 0.08569638 0.08606024 0.08609133 0.08693121 0.08736224 0.08782467
 0.08835592 0.0888689  0.08940973 0.08997724 0.09057036 0.09118805
 0.09180116 0.09245759 0.09289622 0.09357652 0.09427742 0.09499814
 0.09573795 0.09649615 0.09727206 0.0975745  0.09838294 0.09920724
 0.10004685 0.10090124 0.10176992 0.10265239 0.10354822 0.10445695
 0.10506025 0.10598428 0.10691995 0.10740441 0.1083554  0.1093171
 0.11010913 0.11102837 0.11202556 0.11242378 0.11295953 0.11397893
 0.11500704 0.11624424 0.1173051  0.11837416 0.11945119 0.12053597
 0.12162829 0.12272796 0.12323027 0.12432987 0.12590018 0.12702308
 0.12817636 0.12869838 0.12977867 0.13091988 0.13212196 0.13322938
 0.13369977 0.13489822 0.13530562 0.13646123 0.13762163 0.13878672
 0.13995637 0.14113048 0.14230893 0.14349161 0.14467843 0.14586929
 0.14706409 0.14826274 0.14946516 0.15067125 0.15188093 0.15309413
 0.15431076 0.15553075 0.15675403 0.15747823 0.15869755 0.15991984
 0.16114505 0.16203605 0.1632593  0.16448521 0.16571373 0.16694479
 0.16817835 0.16815841 0.16937162 0.17058684 0.17180403 0.17302313
 0.17424411 0.17546691 0.1766915  0.17791782 0.17916024 0.1804031
 0.18164768 0.18365645 0.1849287  0.18620279 0.18747868 0.18818616
 0.1894532  0.19072181 0.19199195 0.19326359 0.1945367  0.19581125
 0.19708721 0.19836456 0.19964326 0.2009233  0.20220464 0.20348726
 0.20477113 0.20605624 0.20734256 0.20863007 0.20991875 0.21120857
 0.21249952 0.21379157 0.21508472 0.21637893 0.21767419 0.21897048
 0.22026779 0.2215661  0.2228654  0.22416566 0.22546688 0.22676903
 0.22807211 0.2293761  0.23068099 0.23198676 0.23329341 0.23460091
 0.23590926 0.23721845 0.23852846 0.23983929 0.24115092 0.24246335
 0.24383584 0.24514948 0.2464639  0.24777907 0.24909498 0.25041164
 0.25172903 0.25304714 0.25436597 0.25568551 0.25700575 0.25832669
 0.25964832 0.26097062 0.26229361 0.26361727 0.26494159 0.26626657
 0.26759221 0.2689185  0.27024543 0.27157301 0.27290122 0.27423751
 0.2755672  0.27689753 0.2782285  0.27956011 0.28089234 0.28222521
 0.2835587  0.28489282 0.28622756 0.28756293 0.28889891 0.28810271
 0.28942258 0.29074299 0.29206394 0.29338542 0.29470745 0.29603002
 0.29094277 0.29219577 0.29344877 0.29470176 0.29595474 0.2972077
 0.29846065 0.29971357 0.30096647 0.30221935 0.30347219 0.30472501
 0.30597778 0.30723053 0.30848323 0.30973589 0.31098851 0.31224108
 0.3134936  0.31474607 0.3159985  0.32049652 0.32177645 0.3230564
 0.32433636 0.32561634 0.32689633 0.32817633 0.32945634 0.33073635
 0.33201638 0.3332964  0.33457643 0.33585646 0.33713649 0.33841652
 0.33969655 0.34097657 0.34225659 0.3435366  0.34481661 0.34609661
 0.3473766  0.34573459 0.34699437 0.348254   0.3495135  0.35077285
 0.35203206 0.35329113 0.35455006 0.35580884 0.35706747 0.35832595
 0.35958429 0.36084247 0.36210051 0.36335839 0.36461613 0.3658737
 0.36713113 0.3683884  0.36964551 0.37090247 0.37215927 0.37341591
 0.3746724  0.37592872 0.37718489 0.3784409  0.37969674 0.37085682
 0.37203864 0.37322005 0.37440104 0.37558163 0.3767618  0.37794156
 0.37912091 0.38029985 0.38147837 0.38265649 0.38383419 0.38501147
 0.38618835 0.38736481 0.38854086 0.3897165  0.39089173 0.39206655
 0.39324095 0.39441494 0.39558852 0.39676169 0.39793445 0.3991068
 0.40027873 0.40145026 0.40262137 0.40379208 0.40496237 0.40613226
 0.40730173 0.4084708  0.40963946 0.41080771 0.41197555 0.41314299
 0.41642762 0.4176009  0.41877375 0.41994618 0.42111818 0.42228976
 0.42346092 0.42463166 0.42580197 0.42697187 0.42814134 0.42931039
 0.43047902 0.43164723 0.43281502 0.43398239 0.43514934 0.43631587
 0.43748199 0.43864768 0.43981296 0.44097783 0.44214227 0.44330631
 0.44446992 0.44563313 0.45684256 0.45804944 0.45925587 0.46046185
 0.46166737 0.46287244 0.46407705 0.46528121 0.46648492 0.46768817
 0.46889097 0.47009331 0.4712952  0.47249664 0.47369761 0.47489814
 0.47609821 0.47729782 0.47849698 0.47969568 0.48089393 0.48209172
 0.48328906 0.48448594 0.48568237 0.48687834 0.48807385 0.48926891
 0.49046351 0.49165766 0.49285135 0.49404458 0.49523736 0.49642969
 0.49762155 0.49881297 0.50000392 0.50119442 0.50238447 0.50357405
 0.50476319 0.50595186 0.50714009 0.50832785 0.50951516 0.51070202
 0.51188842 0.51307436 0.51425985 0.51544489 0.51662947 0.51781359
 0.51899726 0.52018048 0.52136324 0.52254554 0.5237274  0.52490879
 0.52608974 0.52727023 0.52845026 0.52962985 0.53080898 0.53198765
 0.53316587 0.53434364 0.53552096 0.53669782 0.53787423 0.53905019
 0.54022569 0.54140075 0.54257535 0.5437495  0.5449232  0.54609644
 0.54726924 0.54844158 0.54961348 0.55078492 0.55195591 0.55312645
 0.55429654 0.55546618 0.55663537 0.55780411 0.55897241 0.56014025
 0.56130764 0.56247459 0.56364109 0.56480713 0.56597273 0.56713789
 0.56830259 0.56946685 0.57063066 0.57179402 0.57295694 0.57411941
 0.57528143 0.57644301 0.57760414 0.57876482 0.57992506 0.58108486
 0.58224421 0.58340311 0.58456157 0.58571959 0.58687716 0.58803429
 0.58919098 0.59034722 0.59150302 0.59265838 0.59381329 0.59496776
 0.59612179 0.59727538 0.59842853 0.59958123 0.6007335  0.60188532
 0.60303671 0.60418765 0.60533815 0.60648822 0.60763784 0.60878703
 0.60993578 0.61108409 0.61223196 0.61337939 0.61452638 0.61567294
 0.61681906 0.61796475 0.61910999 0.6202548  0.62139918 0.62254311
 0.62368662 0.62482969 0.62597232 0.62711452 0.62825628 0.62939761
 0.63053851 0.63167897 0.632819   0.63395859 0.63509776 0.63623649
 0.63737479 0.63851265 0.63965009 0.64078709 0.64192366 0.64305981
 0.64419552 0.6453308  0.64646565 0.64760007 0.64873406 0.64986763
 0.65100076 0.65213347 0.65326575 0.6543976  0.65552902 0.65666002
 0.65779059 0.65892073 0.66005044 0.66117973 0.66230859 0.66343703
 0.66456504 0.66569263 0.6668198  0.66794653 0.66907285 0.67019874
 0.6713242  0.67244925 0.67357387 0.67469807 0.67582184 0.6769452
 0.67806813 0.67919064 0.68031273 0.68143439 0.68255564 0.68367647
 0.68479687 0.68591686 0.68703643 0.68815558 0.68927431 0.69039262
 0.69151051 0.69262798 0.69374504 0.69486168 0.6959779  0.6970937
 0.69820909 0.69932406 0.70043862 0.70155276 0.70266649 0.70377979
 0.70489269 0.70600517 0.70711723 0.70822889 0.70934012 0.71045095
 0.71156136 0.71267136 0.71378094 0.71489011 0.71599888 0.71710723
 0.71821516 0.71932269 0.72042981 0.72153651 0.7226428  0.72374869
 0.72485416 0.72595923 0.72706388 0.72816813 0.72927197 0.7303754
 0.73147842 0.73258104 0.73368324 0.73478504 0.73588643 0.73698742
 0.738088   0.73918817 0.74028794 0.7413873  0.74248626 0.74358481
 0.74468295 0.74578069 0.74687803 0.74797497 0.7490715  0.75016762
 0.75126335 0.75235867 0.75345358 0.7545481  0.75564221 0.75673592
 0.75782923 0.75892214 0.76001465 0.76110676 0.76219847 0.76328977
 0.76438068 0.76547119 0.7665613  0.767651   0.76874032 0.76982923
 0.77091774 0.77200586 0.77309357 0.77418089 0.77526782 0.77635434
 0.77744047 0.7785262  0.77961154 0.78069648 0.78178103 0.78286518
 0.78394893 0.78503229 0.78611526 0.78719783 0.78828001 0.78936179
 0.79044318 0.79152418 0.79260478 0.79368499 0.79476481 0.79584424
 0.79692327 0.79800191 0.79908016 0.80015802 0.80123549 0.80231257
 0.80338926 0.80446555 0.80554146 0.80661698 0.80769211 0.80876684
 0.80984119 0.81091516 0.81198873 0.81306191 0.81413471 0.81520712
 0.81627914 0.81735077 0.81842202 0.81949288 0.82056336 0.82163345
 0.82270315 0.82377246 0.82484139 0.82590994 0.8269781  0.82804588
 0.82911327 0.83018027 0.8312469  0.83231314 0.83337899 0.83444446
 0.83550955 0.83657426 0.83763858 0.83870253 0.83976608 0.84082926
 0.84189206 0.84295447 0.84401651 0.84507816 0.84613943 0.84720032
 0.84826083 0.84932096 0.85038072 0.85144009 0.85249908 0.85355769
 0.85461593 0.85567378 0.85673126 0.85778836 0.85884508 0.85990143
 0.86095739 0.86201298 0.86306819 0.86412303 0.86517749 0.86623157
 0.86728528 0.86833861 0.86939157 0.87044414 0.87149635 0.87254818
 0.87359963 0.87465071 0.87570142 0.87675175 0.87780171 0.8788513
 0.87990051 0.88094935 0.88199781 0.8830459  0.88409362 0.88514097
 0.88618795 0.88723455 0.88828078 0.88932664 0.89037213 0.89141725
 0.892462   0.89350638 0.89455038 0.89559402 0.89663729 0.89768018
 0.89872271 0.89976487 0.90080666 0.90184808 0.90288913 0.90392981
 0.90497013 0.90601007 0.90704965 0.90808887 0.90912771 0.91016619
 0.9112043  0.91224204 0.91327942 0.91431643 0.91535307 0.91638935
 0.91742526 0.91846081 0.91949599 0.92053081 0.92156526 0.92259935
 0.92363307 0.92466643 0.92569942 0.92673205 0.92776432 0.92879622
 0.92982776 0.93085894 0.93188975 0.9329202  0.93395029 0.93498002
 0.93600938 0.93703838 0.93806703 0.9390953  0.94012322 0.94115078
 0.94217797 0.94320481 0.94423128 0.9452574  0.94628315 0.94730855
 0.94833358 0.94935826 0.95038257 0.95140653 0.95243013 0.95345337
 0.95447625 0.95549877 0.95652093 0.95754274 0.95856418 0.95958527
 0.96060601 0.96162638 0.9626464  0.96366606 0.96468537 0.96570432
 0.96672291 0.96774114 0.96875902 0.96977655 0.97079372 0.97181053
 0.97282699 0.97384309 0.97485884 0.97587423 0.97688927 0.97790396
 0.97891829 0.97993227 0.98094589 0.98195916 0.98297208 0.98398464
 0.98499685 0.98600871 0.98702021 0.98803136 0.98904216 0.99005261
 0.99106271 0.99207245 0.99308185 0.99409089 0.99509958 0.99610792
 0.99711591 0.99812354 0.99913083 1.00013777 1.00114436 1.00215059
 1.00315648 1.00416202 1.00516721 1.00617204 1.00717653 1.00818068
 1.00918447 1.01018791 1.01119101 1.01219376 1.01319615 1.01419821
 1.01519991 1.01620127 1.01720228 1.01820294 1.01920325 1.02020322
 1.02120284 1.02220212 1.02320105 1.02419963 1.02519786 1.02619576
 1.0271933  1.0281905  1.02918736 1.03018386 1.03118003 1.03217585
 1.03317132 1.03416645 1.03516124 1.03615568 1.03714978 1.03814354
 1.03913695 1.04013001 1.04112274 1.04211512 1.04310716 1.04409885
 1.04509021 1.04608122 1.04707189 1.04806221 1.0490522  1.05004184
 1.05103114 1.0520201  1.05300872 1.05399699 1.05498493 1.05597253
 1.05695978 1.05794669 1.05893327 1.0599195  1.0609054  1.06189095
 1.06287616 1.06386104 1.06484557 1.06582977 1.06681363 1.06779715
 1.06878033 1.06976317 1.07074567 1.07172783 1.07270966 1.07369115
 1.0746723  1.07565311 1.07663359 1.07761373 1.07859353 1.07957299
 1.08055212 1.08153091 1.08250937 1.08348749 1.08446527 1.08544272
 1.08641983 1.0873966  1.08837304 1.08934914 1.09032491 1.09130035
 1.09227545 1.09325021 1.09422464 1.09519874 1.0961725  1.09714592
 1.09811902 1.09909178 1.1000642  1.10103629 1.10200805 1.10297948
 1.10395057 1.10492133 1.10589176 1.10686185 1.10783161 1.10880104
 1.10977014 1.11073891 1.11170734 1.11267544 1.11364321 1.11461065
 1.11557776 1.11654454 1.11751099 1.1184771  1.11944289 1.12040834
 1.12137347 1.12233826 1.12330273 1.12426686 1.12523067 1.12619414
 1.12715729 1.12812011 1.12908259 1.13004475 1.13100658 1.13196809
 1.13292926 1.13389011 1.13485062 1.13581081 1.13677067 1.13773021
 1.13868941 1.13964829 1.14060684 1.14156507]
t = [1.08646218e+09 1.08646222e+09 1.08646226e+09 1.08646231e+09
 1.08646235e+09 1.08646239e+09 1.08646243e+09 1.08646248e+09
 1.08646252e+09 1.08646256e+09 1.08646261e+09 1.08646265e+09
 1.08646269e+09 1.08646273e+09 1.08646278e+09 1.08646282e+09
 1.08646286e+09 1.08646291e+09 1.08646295e+09 1.08646299e+09
 1.08646303e+09 1.08646308e+09 1.08646312e+09 1.08646316e+09
 1.08646320e+09 1.08646325e+09 1.08646329e+09 1.08646333e+09
 1.08646338e+09 1.08646342e+09 1.08646346e+09 1.08646350e+09
 1.08646355e+09 1.08646359e+09 1.08646363e+09 1.08646368e+09
 1.08646372e+09 1.08646376e+09 1.08646380e+09 1.08646385e+09
 1.08646389e+09 1.08646393e+09 1.08646397e+09 1.08646402e+09
 1.08646406e+09 1.08646410e+09 1.08646415e+09 1.08646419e+09
 1.08646423e+09 1.08646427e+09 1.08646432e+09 1.08646436e+09
 1.08646440e+09 1.08646444e+09 1.08646449e+09 1.08646453e+09
 1.08646457e+09 1.08646462e+09 1.08646466e+09 1.08646470e+09
 1.08646474e+09 1.08646479e+09 1.08646483e+09 1.08646487e+09
 1.08646492e+09 1.08646496e+09 1.08646500e+09 1.08646504e+09
 1.08646509e+09 1.08646513e+09 1.08646517e+09 1.08646521e+09
 1.08646526e+09 1.08646530e+09 1.08646534e+09 1.08646539e+09
 1.08646543e+09 1.08646547e+09 1.08646551e+09 1.08646556e+09
 1.08646560e+09 1.08646564e+09 1.08646569e+09 1.08646573e+09
 1.08646577e+09 1.08646581e+09 1.08646586e+09 1.08646590e+09
 1.08646594e+09 1.08646598e+09 1.08646603e+09 1.08646607e+09
 1.08646611e+09 1.08646616e+09 1.08646620e+09 1.08646624e+09
 1.08646628e+09 1.08646633e+09 1.08646637e+09 1.08646641e+09
 1.08646645e+09 1.08646650e+09 1.08646654e+09 1.08646658e+09
 1.08646663e+09 1.08646667e+09 1.08646671e+09 1.08646675e+09
 1.08646680e+09 1.08646684e+09 1.08646688e+09 1.08646693e+09
 1.08646697e+09 1.08646701e+09 1.08646705e+09 1.08646710e+09
 1.08646714e+09 1.08646718e+09 1.08646722e+09 1.08646727e+09
 1.08646731e+09 1.08646735e+09 1.08646740e+09 1.08646744e+09
 1.08646748e+09 1.08646752e+09 1.08646757e+09 1.08646761e+09
 1.08646765e+09 1.08646769e+09 1.08646774e+09 1.08646778e+09
 1.08646782e+09 1.08646787e+09 1.08646791e+09 1.08646795e+09
 1.08646799e+09 1.08646804e+09 1.08646808e+09 1.08646812e+09
 1.08646817e+09 1.08646821e+09 1.08646825e+09 1.08646829e+09
 1.08646834e+09 1.08646838e+09 1.08646842e+09 1.08646846e+09
 1.08646851e+09 1.08646855e+09 1.08646859e+09 1.08646864e+09
 1.08646868e+09 1.08646872e+09 1.08646876e+09 1.08646881e+09
 1.08646885e+09 1.08646889e+09 1.08646894e+09 1.08646898e+09
 1.08646902e+09 1.08646906e+09 1.08646911e+09 1.08646915e+09
 1.08646919e+09 1.08646923e+09 1.08646928e+09 1.08646932e+09
 1.08646936e+09 1.08646941e+09 1.08646945e+09 1.08646949e+09
 1.08646953e+09 1.08646958e+09 1.08646962e+09 1.08646966e+09
 1.08646970e+09 1.08646975e+09 1.08646979e+09 1.08646983e+09
 1.08646988e+09 1.08646992e+09 1.08646996e+09 1.08647000e+09
 1.08647005e+09 1.08647009e+09 1.08647013e+09 1.08647018e+09
 1.08647022e+09 1.08647026e+09 1.08647030e+09 1.08647035e+09
 1.08647039e+09 1.08647043e+09 1.08647047e+09 1.08647052e+09
 1.08647056e+09 1.08647060e+09 1.08647065e+09 1.08647069e+09
 1.08647073e+09 1.08647077e+09 1.08647082e+09 1.08647086e+09
 1.08647090e+09 1.08647095e+09 1.08647099e+09 1.08647103e+09
 1.08647107e+09 1.08647112e+09 1.08647116e+09 1.08647120e+09
 1.08647124e+09 1.08647129e+09 1.08647133e+09 1.08647137e+09
 1.08647142e+09 1.08647146e+09 1.08647150e+09 1.08647154e+09
 1.08647159e+09 1.08647163e+09 1.08647167e+09 1.08647171e+09
 1.08647176e+09 1.08647180e+09 1.08647184e+09 1.08647189e+09
 1.08647193e+09 1.08647197e+09 1.08647201e+09 1.08647206e+09
 1.08647210e+09 1.08647214e+09 1.08647219e+09 1.08647223e+09
 1.08647227e+09 1.08647231e+09 1.08647236e+09 1.08647240e+09
 1.08647244e+09 1.08647248e+09 1.08647253e+09 1.08647257e+09
 1.08647261e+09 1.08647266e+09 1.08647270e+09 1.08647274e+09
 1.08647278e+09 1.08647283e+09 1.08647287e+09 1.08647291e+09
 1.08647295e+09 1.08647300e+09 1.08647304e+09 1.08647308e+09
 1.08647313e+09 1.08647317e+09 1.08647321e+09 1.08647325e+09
 1.08647330e+09 1.08647334e+09 1.08647338e+09 1.08647343e+09
 1.08647347e+09 1.08647351e+09 1.08647355e+09 1.08647360e+09
 1.08647364e+09 1.08647368e+09 1.08647372e+09 1.08647377e+09
 1.08647381e+09 1.08647385e+09 1.08647390e+09 1.08647394e+09
 1.08647398e+09 1.08647402e+09 1.08647407e+09 1.08647411e+09
 1.08647415e+09 1.08647420e+09 1.08647424e+09 1.08647428e+09
 1.08647432e+09 1.08647437e+09 1.08647441e+09 1.08647445e+09
 1.08647449e+09 1.08647454e+09 1.08647458e+09 1.08647462e+09
 1.08647467e+09 1.08647471e+09 1.08647475e+09 1.08647479e+09
 1.08647484e+09 1.08647488e+09 1.08647492e+09 1.08647496e+09
 1.08647501e+09 1.08647505e+09 1.08647509e+09 1.08647514e+09
 1.08647518e+09 1.08647522e+09 1.08647526e+09 1.08647531e+09
 1.08647535e+09 1.08647539e+09 1.08647544e+09 1.08647548e+09
 1.08647552e+09 1.08647556e+09 1.08647561e+09 1.08647565e+09
 1.08647569e+09 1.08647573e+09 1.08647578e+09 1.08647582e+09
 1.08647586e+09 1.08647591e+09 1.08647595e+09 1.08647599e+09
 1.08647603e+09 1.08647608e+09 1.08647612e+09 1.08647616e+09
 1.08647621e+09 1.08647625e+09 1.08647629e+09 1.08647633e+09
 1.08647638e+09 1.08647642e+09 1.08647646e+09 1.08647650e+09
 1.08647655e+09 1.08647659e+09 1.08647663e+09 1.08647668e+09
 1.08647672e+09 1.08647676e+09 1.08647680e+09 1.08647685e+09
 1.08647689e+09 1.08647693e+09 1.08647697e+09 1.08647702e+09
 1.08647706e+09 1.08647710e+09 1.08647715e+09 1.08647719e+09
 1.08647723e+09 1.08647727e+09 1.08647732e+09 1.08647736e+09
 1.08647740e+09 1.08647745e+09 1.08647749e+09 1.08647753e+09
 1.08647757e+09 1.08647762e+09 1.08647766e+09 1.08647770e+09
 1.08647774e+09 1.08647779e+09 1.08647783e+09 1.08647787e+09
 1.08647792e+09 1.08647796e+09 1.08647800e+09 1.08647804e+09
 1.08647809e+09 1.08647813e+09 1.08647817e+09 1.08647822e+09
 1.08647826e+09 1.08647830e+09 1.08647834e+09 1.08647839e+09
 1.08647843e+09 1.08647847e+09 1.08647851e+09 1.08647856e+09
 1.08647860e+09 1.08647864e+09 1.08647869e+09 1.08647873e+09
 1.08647877e+09 1.08647881e+09 1.08647886e+09 1.08647890e+09
 1.08647894e+09 1.08647898e+09 1.08647903e+09 1.08647907e+09
 1.08647911e+09 1.08647916e+09 1.08647920e+09 1.08647924e+09
 1.08647928e+09 1.08647933e+09 1.08647937e+09 1.08647941e+09
 1.08647946e+09 1.08647950e+09 1.08647954e+09 1.08647958e+09
 1.08647963e+09 1.08647967e+09 1.08647971e+09 1.08647975e+09
 1.08647980e+09 1.08647984e+09 1.08647988e+09 1.08647993e+09
 1.08647997e+09 1.08648001e+09 1.08648005e+09 1.08648010e+09
 1.08648014e+09 1.08648018e+09 1.08648022e+09 1.08648027e+09
 1.08648031e+09 1.08648035e+09 1.08648040e+09 1.08648044e+09
 1.08648048e+09 1.08648052e+09 1.08648057e+09 1.08648061e+09
 1.08648065e+09 1.08648070e+09 1.08648074e+09 1.08648078e+09
 1.08648082e+09 1.08648087e+09 1.08648091e+09 1.08648095e+09
 1.08648099e+09 1.08648104e+09 1.08648108e+09 1.08648112e+09
 1.08648117e+09 1.08648121e+09 1.08648125e+09 1.08648129e+09
 1.08648134e+09 1.08648138e+09 1.08648142e+09 1.08648147e+09
 1.08648151e+09 1.08648155e+09 1.08648159e+09 1.08648164e+09
 1.08648168e+09 1.08648172e+09 1.08648176e+09 1.08648181e+09
 1.08648185e+09 1.08648189e+09 1.08648194e+09 1.08648198e+09
 1.08648202e+09 1.08648206e+09 1.08648211e+09 1.08648215e+09
 1.08648219e+09 1.08648223e+09 1.08648228e+09 1.08648232e+09
 1.08648236e+09 1.08648241e+09 1.08648245e+09 1.08648249e+09
 1.08648253e+09 1.08648258e+09 1.08648262e+09 1.08648266e+09
 1.08648271e+09 1.08648275e+09 1.08648279e+09 1.08648283e+09
 1.08648288e+09 1.08648292e+09 1.08648296e+09 1.08648300e+09
 1.08648305e+09 1.08648309e+09 1.08648313e+09 1.08648318e+09
 1.08648322e+09 1.08648326e+09 1.08648330e+09 1.08648335e+09
 1.08648339e+09 1.08648343e+09 1.08648348e+09 1.08648352e+09
 1.08648356e+09 1.08648360e+09 1.08648365e+09 1.08648369e+09
 1.08648373e+09 1.08648377e+09 1.08648382e+09 1.08648386e+09
 1.08648390e+09 1.08648395e+09 1.08648399e+09 1.08648403e+09
 1.08648407e+09 1.08648412e+09 1.08648416e+09 1.08648420e+09
 1.08648424e+09 1.08648429e+09 1.08648433e+09 1.08648437e+09
 1.08648442e+09 1.08648446e+09 1.08648450e+09 1.08648454e+09
 1.08648459e+09 1.08648463e+09 1.08648467e+09 1.08648472e+09
 1.08648476e+09 1.08648480e+09 1.08648484e+09 1.08648489e+09
 1.08648493e+09 1.08648497e+09 1.08648501e+09 1.08648506e+09
 1.08648510e+09 1.08648514e+09 1.08648519e+09 1.08648523e+09
 1.08648527e+09 1.08648531e+09 1.08648536e+09 1.08648540e+09
 1.08648544e+09 1.08648549e+09 1.08648553e+09 1.08648557e+09
 1.08648561e+09 1.08648566e+09 1.08648570e+09 1.08648574e+09
 1.08648578e+09 1.08648583e+09 1.08648587e+09 1.08648591e+09
 1.08648596e+09 1.08648600e+09 1.08648604e+09 1.08648608e+09
 1.08648613e+09 1.08648617e+09 1.08648621e+09 1.08648625e+09
 1.08648630e+09 1.08648634e+09 1.08648638e+09 1.08648643e+09
 1.08648647e+09 1.08648651e+09 1.08648655e+09 1.08648660e+09
 1.08648664e+09 1.08648668e+09 1.08648673e+09 1.08648677e+09
 1.08648681e+09 1.08648685e+09 1.08648690e+09 1.08648694e+09
 1.08648698e+09 1.08648702e+09 1.08648707e+09 1.08648711e+09
 1.08648715e+09 1.08648720e+09 1.08648724e+09 1.08648728e+09
 1.08648732e+09 1.08648737e+09 1.08648741e+09 1.08648745e+09
 1.08648749e+09 1.08648754e+09 1.08648758e+09 1.08648762e+09
 1.08648767e+09 1.08648771e+09 1.08648775e+09 1.08648779e+09
 1.08648784e+09 1.08648788e+09 1.08648792e+09 1.08648797e+09
 1.08648801e+09 1.08648805e+09 1.08648809e+09 1.08648814e+09
 1.08648818e+09 1.08648822e+09 1.08648826e+09 1.08648831e+09
 1.08648835e+09 1.08648839e+09 1.08648844e+09 1.08648848e+09
 1.08648852e+09 1.08648856e+09 1.08648861e+09 1.08648865e+09
 1.08648869e+09 1.08648874e+09 1.08648878e+09 1.08648882e+09
 1.08648886e+09 1.08648891e+09 1.08648895e+09 1.08648899e+09
 1.08648903e+09 1.08648908e+09 1.08648912e+09 1.08648916e+09
 1.08648921e+09 1.08648925e+09 1.08648929e+09 1.08648933e+09
 1.08648938e+09 1.08648942e+09 1.08648946e+09 1.08648950e+09
 1.08648955e+09 1.08648959e+09 1.08648963e+09 1.08648968e+09
 1.08648972e+09 1.08648976e+09 1.08648980e+09 1.08648985e+09
 1.08648989e+09 1.08648993e+09 1.08648998e+09 1.08649002e+09
 1.08649006e+09 1.08649010e+09 1.08649015e+09 1.08649019e+09
 1.08649023e+09 1.08649027e+09 1.08649032e+09 1.08649036e+09
 1.08649040e+09 1.08649045e+09 1.08649049e+09 1.08649053e+09
 1.08649057e+09 1.08649062e+09 1.08649066e+09 1.08649070e+09
 1.08649075e+09 1.08649079e+09 1.08649083e+09 1.08649087e+09
 1.08649092e+09 1.08649096e+09 1.08649100e+09 1.08649104e+09
 1.08649109e+09 1.08649113e+09 1.08649117e+09 1.08649122e+09
 1.08649126e+09 1.08649130e+09 1.08649134e+09 1.08649139e+09
 1.08649143e+09 1.08649147e+09 1.08649151e+09 1.08649156e+09
 1.08649160e+09 1.08649164e+09 1.08649169e+09 1.08649173e+09
 1.08649177e+09 1.08649181e+09 1.08649186e+09 1.08649190e+09
 1.08649194e+09 1.08649199e+09 1.08649203e+09 1.08649207e+09
 1.08649211e+09 1.08649216e+09 1.08649220e+09 1.08649224e+09
 1.08649228e+09 1.08649233e+09 1.08649237e+09 1.08649241e+09
 1.08649246e+09 1.08649250e+09 1.08649254e+09 1.08649258e+09
 1.08649263e+09 1.08649267e+09 1.08649271e+09 1.08649276e+09
 1.08649280e+09 1.08649284e+09 1.08649288e+09 1.08649293e+09
 1.08649297e+09 1.08649301e+09 1.08649305e+09 1.08649310e+09
 1.08649314e+09 1.08649318e+09 1.08649323e+09 1.08649327e+09
 1.08649331e+09 1.08649335e+09 1.08649340e+09 1.08649344e+09
 1.08649348e+09 1.08649352e+09 1.08649357e+09 1.08649361e+09
 1.08649365e+09 1.08649370e+09 1.08649374e+09 1.08649378e+09
 1.08649382e+09 1.08649387e+09 1.08649391e+09 1.08649395e+09
 1.08649400e+09 1.08649404e+09 1.08649408e+09 1.08649412e+09
 1.08649417e+09 1.08649421e+09 1.08649425e+09 1.08649429e+09
 1.08649434e+09 1.08649438e+09 1.08649442e+09 1.08649447e+09
 1.08649451e+09 1.08649455e+09 1.08649459e+09 1.08649464e+09
 1.08649468e+09 1.08649472e+09 1.08649476e+09 1.08649481e+09
 1.08649485e+09 1.08649489e+09 1.08649494e+09 1.08649498e+09
 1.08649502e+09 1.08649506e+09 1.08649511e+09 1.08649515e+09
 1.08649519e+09 1.08649524e+09 1.08649528e+09 1.08649532e+09
 1.08649536e+09 1.08649541e+09 1.08649545e+09 1.08649549e+09
 1.08649553e+09 1.08649558e+09 1.08649562e+09 1.08649566e+09
 1.08649571e+09 1.08649575e+09 1.08649579e+09 1.08649583e+09
 1.08649588e+09 1.08649592e+09 1.08649596e+09 1.08649601e+09
 1.08649605e+09 1.08649609e+09 1.08649613e+09 1.08649618e+09
 1.08649622e+09 1.08649626e+09 1.08649630e+09 1.08649635e+09
 1.08649639e+09 1.08649643e+09 1.08649648e+09 1.08649652e+09
 1.08649656e+09 1.08649660e+09 1.08649665e+09 1.08649669e+09
 1.08649673e+09 1.08649677e+09 1.08649682e+09 1.08649686e+09
 1.08649690e+09 1.08649695e+09 1.08649699e+09 1.08649703e+09
 1.08649707e+09 1.08649712e+09 1.08649716e+09 1.08649720e+09
 1.08649725e+09 1.08649729e+09 1.08649733e+09 1.08649737e+09
 1.08649742e+09 1.08649746e+09 1.08649750e+09 1.08649754e+09
 1.08649759e+09 1.08649763e+09 1.08649767e+09 1.08649772e+09
 1.08649776e+09 1.08649780e+09 1.08649784e+09 1.08649789e+09
 1.08649793e+09 1.08649797e+09 1.08649802e+09 1.08649806e+09
 1.08649810e+09 1.08649814e+09 1.08649819e+09 1.08649823e+09
 1.08649827e+09 1.08649831e+09 1.08649836e+09 1.08649840e+09
 1.08649844e+09 1.08649849e+09 1.08649853e+09 1.08649857e+09
 1.08649861e+09 1.08649866e+09 1.08649870e+09 1.08649874e+09
 1.08649878e+09 1.08649883e+09 1.08649887e+09 1.08649891e+09
 1.08649896e+09 1.08649900e+09 1.08649904e+09 1.08649908e+09
 1.08649913e+09 1.08649917e+09 1.08649921e+09 1.08649926e+09
 1.08649930e+09 1.08649934e+09 1.08649938e+09 1.08649943e+09
 1.08649947e+09 1.08649951e+09 1.08649955e+09 1.08649960e+09
 1.08649964e+09 1.08649968e+09 1.08649973e+09 1.08649977e+09
 1.08649981e+09 1.08649985e+09 1.08649990e+09 1.08649994e+09
 1.08649998e+09 1.08650003e+09 1.08650007e+09 1.08650011e+09
 1.08650015e+09 1.08650020e+09 1.08650024e+09 1.08650028e+09
 1.08650032e+09 1.08650037e+09 1.08650041e+09 1.08650045e+09
 1.08650050e+09 1.08650054e+09 1.08650058e+09 1.08650062e+09
 1.08650067e+09 1.08650071e+09 1.08650075e+09 1.08650079e+09
 1.08650084e+09 1.08650088e+09 1.08650092e+09 1.08650097e+09
 1.08650101e+09 1.08650105e+09 1.08650109e+09 1.08650114e+09
 1.08650118e+09 1.08650122e+09 1.08650127e+09 1.08650131e+09
 1.08650135e+09 1.08650139e+09 1.08650144e+09 1.08650148e+09
 1.08650152e+09 1.08650156e+09 1.08650161e+09 1.08650165e+09
 1.08650169e+09 1.08650174e+09 1.08650178e+09 1.08650182e+09
 1.08650186e+09 1.08650191e+09 1.08650195e+09 1.08650199e+09
 1.08650203e+09 1.08650208e+09 1.08650212e+09 1.08650216e+09
 1.08650221e+09 1.08650225e+09 1.08650229e+09 1.08650233e+09
 1.08650238e+09 1.08650242e+09 1.08650246e+09 1.08650251e+09
 1.08650255e+09 1.08650259e+09 1.08650263e+09 1.08650268e+09
 1.08650272e+09 1.08650276e+09 1.08650280e+09 1.08650285e+09
 1.08650289e+09 1.08650293e+09 1.08650298e+09 1.08650302e+09
 1.08650306e+09 1.08650310e+09 1.08650315e+09 1.08650319e+09
 1.08650323e+09 1.08650328e+09 1.08650332e+09 1.08650336e+09
 1.08650340e+09 1.08650345e+09 1.08650349e+09 1.08650353e+09
 1.08650357e+09 1.08650362e+09 1.08650366e+09 1.08650370e+09
 1.08650375e+09 1.08650379e+09 1.08650383e+09 1.08650387e+09
 1.08650392e+09 1.08650396e+09 1.08650400e+09 1.08650404e+09
 1.08650409e+09 1.08650413e+09 1.08650417e+09 1.08650422e+09
 1.08650426e+09 1.08650430e+09 1.08650434e+09 1.08650439e+09
 1.08650443e+09 1.08650447e+09 1.08650452e+09 1.08650456e+09
 1.08650460e+09 1.08650464e+09 1.08650469e+09 1.08650473e+09
 1.08650477e+09 1.08650481e+09 1.08650486e+09 1.08650490e+09]
minRes = 0.08445717912441737
minResTime = [1.08646342e+09]
Cov(t) = [100 100 100 100 100 100 100 100 100 100 100 100 100 100 100 100 100 100
 100 100 100 100 100 100 100 100 100 100 100 100 100 100 100 100 100 100
 100 100 100 100 100 100 100 100 100 100 100 100 100 100 100 100 100 100
 100 100 100 100 100 100 100 100 100 100 100 100 100 100 100 100 100 100
 100 100 100 100 100 100 100 100 100 100 100 100 100 100 100 100 100 100
 100 100 100 100 100 100 100 100 100 100 100 100 100 100 100 100 100 100
 100 100 100 100 100 100 100 100 100 100 100 100 100 100 100 100 100 100
 100 100 100 100 100 100 100 100 100 100 100 100 100 100 100 100 100 100
 100 100 100 100 100 100 100 100 100 100 100 100 100 100 100 100 100 100
 100 100 100 100 100 100 100 100 100 100 100 100 100 100 100 100 100 100
 100 100 100 100 100 100 100 100 100 100 100 100 100 100 100 100 100 100
 100 100 100 100 100 100 100 100 100 100 100 100 100 100 100 100 100 100
 100 100 100 100 100 100 100 100 100 100 100 100 100 100 100 100 100 100
 100 100 100 100 100 100 100 100 100 100 100 100 100 100 100 100 100 100
 100 100 100 100 100 100 100 100 100 100 100 100 100 100 100 100 100 100
 100 100 100 100 100 100 100 100 100 100 100 100 100 100 100 100 100 100
 100 100 100 100 100 100 100 100 100 100 100 100 100 100 100 100 100 100
 100 100 100 100 100 100 100 100 100 100 100 100 100 100 100 100 100 100
 100 100 100 100 100 100 100 100 100 100 100 100 100 100 100 100 100 100
 100 100 100 100 100 100 100 100 100 100 100 100 100 100 100 100 100 100
 100 100 100 100 100 100 100 100 100 100 100 100 100 100 100 100 100 100
 100 100 100 100 100 100 100 100 100 100 100 100 100 100 100 100 100 100
 100 100 100 100 100 100 100 100 100 100 100 100 100 100 100 100 100 100
 100 100 100 100 100 100 100 100 100 100 100 100 100 100 100 100 100 100
 100 100 100 100 100 100 100 100 100 100 100 100 100 100 100 100 100 100
 100 100 100 100 100 100 100 100 100 100 100 100 100 100 100 100 100 100
 100 100 100 100 100 100 100 100 100 100 100 100 100 100 100 100 100 100
 100 100 100 100 100 100 100 100 100 100 100 100 100 100 100 100 100 100
 100 100 100 100 100 100 100 100 100 100 100 100 100 100 100 100 100 100
 100 100 100 100 100 100 100 100 100 100 100 100 100 100 100 100 100 100
 100 100 100 100 100 100 100 100 100 100 100 100 100 100 100 100 100 100
 100 100 100 100 100 100 100 100 100 100 100 100 100 100 100 100 100 100
 100 100 100 100 100 100 100 100 100 100 100 100 100 100 100 100 100 100
 100 100 100 100 100 100 100 100 100 100 100 100 100 100 100 100 100 100
 100 100 100 100 100 100 100 100 100 100 100 100 100 100 100 100 100 100
 100 100 100 100 100 100 100 100 100 100 100 100 100 100 100 100 100 100
 100 100 100 100 100 100 100 100 100 100 100 100 100 100 100 100 100 100
 100 100 100 100 100 100 100 100 100 100 100 100 100 100 100 100 100 100
 100 100 100 100 100 100 100 100 100 100 100 100 100 100 100 100 100 100
 100 100 100 100 100 100 100 100 100 100 100 100 100 100 100 100 100 100
 100 100 100 100 100 100 100 100 100 100 100 100 100 100 100 100 100 100
 100 100 100 100 100 100 100 100 100 100 100 100 100 100 100 100 100 100
 100 100 100 100 100 100 100 100 100 100 100 100 100 100 100 100 100 100
 100 100 100 100 100 100 100 100 100 100 100 100 100 100 100 100 100 100
 100 100 100 100 100 100 100 100 100 100 100 100 100 100 100 100 100 100
 100 100 100 100 100 100 100 100 100 100 100 100 100 100 100 100 100 100
 100 100 100 100 100 100 100 100 100 100 100 100 100 100 100 100 100 100
 100 100 100 100 100 100 100 100 100 100 100 100 100 100 100 100 100 100
 100 100 100 100 100 100 100 100 100 100 100 100 100 100 100 100 100 100
 100 100 100 100 100 100 100 100 100 100 100 100 100 100 100 100 100 100
 100 100 100 100 100 100 100 100 100 100 100 100 100 100 100 100 100 100
 100 100 100 100 100 100 100 100 100 100 100 100 100 100 100 100 100 100
 100 100 100 100 100 100 100 100 100 100 100 100 100 100 100 100 100 100
 100 100 100 100 100 100 100 100 100 100 100 100 100 100 100 100 100 100
 100 100 100 100 100 100 100 100 100 100 100 100 100 100 100 100 100 100
 100 100 100 100 100 100 100 100 100 100]
maxCov = 100
maxCovTime = [1.08646218e+09 1.08646222e+09 1.08646226e+09 1.08646231e+09
 1.08646235e+09 1.08646239e+09 1.08646243e+09 1.08646248e+09
 1.08646252e+09 1.08646256e+09 1.08646261e+09 1.08646265e+09
 1.08646269e+09 1.08646273e+09 1.08646278e+09 1.08646282e+09
 1.08646286e+09 1.08646291e+09 1.08646295e+09 1.08646299e+09
 1.08646303e+09 1.08646308e+09 1.08646312e+09 1.08646316e+09
 1.08646320e+09 1.08646325e+09 1.08646329e+09 1.08646333e+09
 1.08646338e+09 1.08646342e+09 1.08646346e+09 1.08646350e+09
 1.08646355e+09 1.08646359e+09 1.08646363e+09 1.08646368e+09
 1.08646372e+09 1.08646376e+09 1.08646380e+09 1.08646385e+09
 1.08646389e+09 1.08646393e+09 1.08646397e+09 1.08646402e+09
 1.08646406e+09 1.08646410e+09 1.08646415e+09 1.08646419e+09
 1.08646423e+09 1.08646427e+09 1.08646432e+09 1.08646436e+09
 1.08646440e+09 1.08646444e+09 1.08646449e+09 1.08646453e+09
 1.08646457e+09 1.08646462e+09 1.08646466e+09 1.08646470e+09
 1.08646474e+09 1.08646479e+09 1.08646483e+09 1.08646487e+09
 1.08646492e+09 1.08646496e+09 1.08646500e+09 1.08646504e+09
 1.08646509e+09 1.08646513e+09 1.08646517e+09 1.08646521e+09
 1.08646526e+09 1.08646530e+09 1.08646534e+09 1.08646539e+09
 1.08646543e+09 1.08646547e+09 1.08646551e+09 1.08646556e+09
 1.08646560e+09 1.08646564e+09 1.08646569e+09 1.08646573e+09
 1.08646577e+09 1.08646581e+09 1.08646586e+09 1.08646590e+09
 1.08646594e+09 1.08646598e+09 1.08646603e+09 1.08646607e+09
 1.08646611e+09 1.08646616e+09 1.08646620e+09 1.08646624e+09
 1.08646628e+09 1.08646633e+09 1.08646637e+09 1.08646641e+09
 1.08646645e+09 1.08646650e+09 1.08646654e+09 1.08646658e+09
 1.08646663e+09 1.08646667e+09 1.08646671e+09 1.08646675e+09
 1.08646680e+09 1.08646684e+09 1.08646688e+09 1.08646693e+09
 1.08646697e+09 1.08646701e+09 1.08646705e+09 1.08646710e+09
 1.08646714e+09 1.08646718e+09 1.08646722e+09 1.08646727e+09
 1.08646731e+09 1.08646735e+09 1.08646740e+09 1.08646744e+09
 1.08646748e+09 1.08646752e+09 1.08646757e+09 1.08646761e+09
 1.08646765e+09 1.08646769e+09 1.08646774e+09 1.08646778e+09
 1.08646782e+09 1.08646787e+09 1.08646791e+09 1.08646795e+09
 1.08646799e+09 1.08646804e+09 1.08646808e+09 1.08646812e+09
 1.08646817e+09 1.08646821e+09 1.08646825e+09 1.08646829e+09
 1.08646834e+09 1.08646838e+09 1.08646842e+09 1.08646846e+09
 1.08646851e+09 1.08646855e+09 1.08646859e+09 1.08646864e+09
 1.08646868e+09 1.08646872e+09 1.08646876e+09 1.08646881e+09
 1.08646885e+09 1.08646889e+09 1.08646894e+09 1.08646898e+09
 1.08646902e+09 1.08646906e+09 1.08646911e+09 1.08646915e+09
 1.08646919e+09 1.08646923e+09 1.08646928e+09 1.08646932e+09
 1.08646936e+09 1.08646941e+09 1.08646945e+09 1.08646949e+09
 1.08646953e+09 1.08646958e+09 1.08646962e+09 1.08646966e+09
 1.08646970e+09 1.08646975e+09 1.08646979e+09 1.08646983e+09
 1.08646988e+09 1.08646992e+09 1.08646996e+09 1.08647000e+09
 1.08647005e+09 1.08647009e+09 1.08647013e+09 1.08647018e+09
 1.08647022e+09 1.08647026e+09 1.08647030e+09 1.08647035e+09
 1.08647039e+09 1.08647043e+09 1.08647047e+09 1.08647052e+09
 1.08647056e+09 1.08647060e+09 1.08647065e+09 1.08647069e+09
 1.08647073e+09 1.08647077e+09 1.08647082e+09 1.08647086e+09
 1.08647090e+09 1.08647095e+09 1.08647099e+09 1.08647103e+09
 1.08647107e+09 1.08647112e+09 1.08647116e+09 1.08647120e+09
 1.08647124e+09 1.08647129e+09 1.08647133e+09 1.08647137e+09
 1.08647142e+09 1.08647146e+09 1.08647150e+09 1.08647154e+09
 1.08647159e+09 1.08647163e+09 1.08647167e+09 1.08647171e+09
 1.08647176e+09 1.08647180e+09 1.08647184e+09 1.08647189e+09
 1.08647193e+09 1.08647197e+09 1.08647201e+09 1.08647206e+09
 1.08647210e+09 1.08647214e+09 1.08647219e+09 1.08647223e+09
 1.08647227e+09 1.08647231e+09 1.08647236e+09 1.08647240e+09
 1.08647244e+09 1.08647248e+09 1.08647253e+09 1.08647257e+09
 1.08647261e+09 1.08647266e+09 1.08647270e+09 1.08647274e+09
 1.08647278e+09 1.08647283e+09 1.08647287e+09 1.08647291e+09
 1.08647295e+09 1.08647300e+09 1.08647304e+09 1.08647308e+09
 1.08647313e+09 1.08647317e+09 1.08647321e+09 1.08647325e+09
 1.08647330e+09 1.08647334e+09 1.08647338e+09 1.08647343e+09
 1.08647347e+09 1.08647351e+09 1.08647355e+09 1.08647360e+09
 1.08647364e+09 1.08647368e+09 1.08647372e+09 1.08647377e+09
 1.08647381e+09 1.08647385e+09 1.08647390e+09 1.08647394e+09
 1.08647398e+09 1.08647402e+09 1.08647407e+09 1.08647411e+09
 1.08647415e+09 1.08647420e+09 1.08647424e+09 1.08647428e+09
 1.08647432e+09 1.08647437e+09 1.08647441e+09 1.08647445e+09
 1.08647449e+09 1.08647454e+09 1.08647458e+09 1.08647462e+09
 1.08647467e+09 1.08647471e+09 1.08647475e+09 1.08647479e+09
 1.08647484e+09 1.08647488e+09 1.08647492e+09 1.08647496e+09
 1.08647501e+09 1.08647505e+09 1.08647509e+09 1.08647514e+09
 1.08647518e+09 1.08647522e+09 1.08647526e+09 1.08647531e+09
 1.08647535e+09 1.08647539e+09 1.08647544e+09 1.08647548e+09
 1.08647552e+09 1.08647556e+09 1.08647561e+09 1.08647565e+09
 1.08647569e+09 1.08647573e+09 1.08647578e+09 1.08647582e+09
 1.08647586e+09 1.08647591e+09 1.08647595e+09 1.08647599e+09
 1.08647603e+09 1.08647608e+09 1.08647612e+09 1.08647616e+09
 1.08647621e+09 1.08647625e+09 1.08647629e+09 1.08647633e+09
 1.08647638e+09 1.08647642e+09 1.08647646e+09 1.08647650e+09
 1.08647655e+09 1.08647659e+09 1.08647663e+09 1.08647668e+09
 1.08647672e+09 1.08647676e+09 1.08647680e+09 1.08647685e+09
 1.08647689e+09 1.08647693e+09 1.08647697e+09 1.08647702e+09
 1.08647706e+09 1.08647710e+09 1.08647715e+09 1.08647719e+09
 1.08647723e+09 1.08647727e+09 1.08647732e+09 1.08647736e+09
 1.08647740e+09 1.08647745e+09 1.08647749e+09 1.08647753e+09
 1.08647757e+09 1.08647762e+09 1.08647766e+09 1.08647770e+09
 1.08647774e+09 1.08647779e+09 1.08647783e+09 1.08647787e+09
 1.08647792e+09 1.08647796e+09 1.08647800e+09 1.08647804e+09
 1.08647809e+09 1.08647813e+09 1.08647817e+09 1.08647822e+09
 1.08647826e+09 1.08647830e+09 1.08647834e+09 1.08647839e+09
 1.08647843e+09 1.08647847e+09 1.08647851e+09 1.08647856e+09
 1.08647860e+09 1.08647864e+09 1.08647869e+09 1.08647873e+09
 1.08647877e+09 1.08647881e+09 1.08647886e+09 1.08647890e+09
 1.08647894e+09 1.08647898e+09 1.08647903e+09 1.08647907e+09
 1.08647911e+09 1.08647916e+09 1.08647920e+09 1.08647924e+09
 1.08647928e+09 1.08647933e+09 1.08647937e+09 1.08647941e+09
 1.08647946e+09 1.08647950e+09 1.08647954e+09 1.08647958e+09
 1.08647963e+09 1.08647967e+09 1.08647971e+09 1.08647975e+09
 1.08647980e+09 1.08647984e+09 1.08647988e+09 1.08647993e+09
 1.08647997e+09 1.08648001e+09 1.08648005e+09 1.08648010e+09
 1.08648014e+09 1.08648018e+09 1.08648022e+09 1.08648027e+09
 1.08648031e+09 1.08648035e+09 1.08648040e+09 1.08648044e+09
 1.08648048e+09 1.08648052e+09 1.08648057e+09 1.08648061e+09
 1.08648065e+09 1.08648070e+09 1.08648074e+09 1.08648078e+09
 1.08648082e+09 1.08648087e+09 1.08648091e+09 1.08648095e+09
 1.08648099e+09 1.08648104e+09 1.08648108e+09 1.08648112e+09
 1.08648117e+09 1.08648121e+09 1.08648125e+09 1.08648129e+09
 1.08648134e+09 1.08648138e+09 1.08648142e+09 1.08648147e+09
 1.08648151e+09 1.08648155e+09 1.08648159e+09 1.08648164e+09
 1.08648168e+09 1.08648172e+09 1.08648176e+09 1.08648181e+09
 1.08648185e+09 1.08648189e+09 1.08648194e+09 1.08648198e+09
 1.08648202e+09 1.08648206e+09 1.08648211e+09 1.08648215e+09
 1.08648219e+09 1.08648223e+09 1.08648228e+09 1.08648232e+09
 1.08648236e+09 1.08648241e+09 1.08648245e+09 1.08648249e+09
 1.08648253e+09 1.08648258e+09 1.08648262e+09 1.08648266e+09
 1.08648271e+09 1.08648275e+09 1.08648279e+09 1.08648283e+09
 1.08648288e+09 1.08648292e+09 1.08648296e+09 1.08648300e+09
 1.08648305e+09 1.08648309e+09 1.08648313e+09 1.08648318e+09
 1.08648322e+09 1.08648326e+09 1.08648330e+09 1.08648335e+09
 1.08648339e+09 1.08648343e+09 1.08648348e+09 1.08648352e+09
 1.08648356e+09 1.08648360e+09 1.08648365e+09 1.08648369e+09
 1.08648373e+09 1.08648377e+09 1.08648382e+09 1.08648386e+09
 1.08648390e+09 1.08648395e+09 1.08648399e+09 1.08648403e+09
 1.08648407e+09 1.08648412e+09 1.08648416e+09 1.08648420e+09
 1.08648424e+09 1.08648429e+09 1.08648433e+09 1.08648437e+09
 1.08648442e+09 1.08648446e+09 1.08648450e+09 1.08648454e+09
 1.08648459e+09 1.08648463e+09 1.08648467e+09 1.08648472e+09
 1.08648476e+09 1.08648480e+09 1.08648484e+09 1.08648489e+09
 1.08648493e+09 1.08648497e+09 1.08648501e+09 1.08648506e+09
 1.08648510e+09 1.08648514e+09 1.08648519e+09 1.08648523e+09
 1.08648527e+09 1.08648531e+09 1.08648536e+09 1.08648540e+09
 1.08648544e+09 1.08648549e+09 1.08648553e+09 1.08648557e+09
 1.08648561e+09 1.08648566e+09 1.08648570e+09 1.08648574e+09
 1.08648578e+09 1.08648583e+09 1.08648587e+09 1.08648591e+09
 1.08648596e+09 1.08648600e+09 1.08648604e+09 1.08648608e+09
 1.08648613e+09 1.08648617e+09 1.08648621e+09 1.08648625e+09
 1.08648630e+09 1.08648634e+09 1.08648638e+09 1.08648643e+09
 1.08648647e+09 1.08648651e+09 1.08648655e+09 1.08648660e+09
 1.08648664e+09 1.08648668e+09 1.08648673e+09 1.08648677e+09
 1.08648681e+09 1.08648685e+09 1.08648690e+09 1.08648694e+09
 1.08648698e+09 1.08648702e+09 1.08648707e+09 1.08648711e+09
 1.08648715e+09 1.08648720e+09 1.08648724e+09 1.08648728e+09
 1.08648732e+09 1.08648737e+09 1.08648741e+09 1.08648745e+09
 1.08648749e+09 1.08648754e+09 1.08648758e+09 1.08648762e+09
 1.08648767e+09 1.08648771e+09 1.08648775e+09 1.08648779e+09
 1.08648784e+09 1.08648788e+09 1.08648792e+09 1.08648797e+09
 1.08648801e+09 1.08648805e+09 1.08648809e+09 1.08648814e+09
 1.08648818e+09 1.08648822e+09 1.08648826e+09 1.08648831e+09
 1.08648835e+09 1.08648839e+09 1.08648844e+09 1.08648848e+09
 1.08648852e+09 1.08648856e+09 1.08648861e+09 1.08648865e+09
 1.08648869e+09 1.08648874e+09 1.08648878e+09 1.08648882e+09
 1.08648886e+09 1.08648891e+09 1.08648895e+09 1.08648899e+09
 1.08648903e+09 1.08648908e+09 1.08648912e+09 1.08648916e+09
 1.08648921e+09 1.08648925e+09 1.08648929e+09 1.08648933e+09
 1.08648938e+09 1.08648942e+09 1.08648946e+09 1.08648950e+09
 1.08648955e+09 1.08648959e+09 1.08648963e+09 1.08648968e+09
 1.08648972e+09 1.08648976e+09 1.08648980e+09 1.08648985e+09
 1.08648989e+09 1.08648993e+09 1.08648998e+09 1.08649002e+09
 1.08649006e+09 1.08649010e+09 1.08649015e+09 1.08649019e+09
 1.08649023e+09 1.08649027e+09 1.08649032e+09 1.08649036e+09
 1.08649040e+09 1.08649045e+09 1.08649049e+09 1.08649053e+09
 1.08649057e+09 1.08649062e+09 1.08649066e+09 1.08649070e+09
 1.08649075e+09 1.08649079e+09 1.08649083e+09 1.08649087e+09
 1.08649092e+09 1.08649096e+09 1.08649100e+09 1.08649104e+09
 1.08649109e+09 1.08649113e+09 1.08649117e+09 1.08649122e+09
 1.08649126e+09 1.08649130e+09 1.08649134e+09 1.08649139e+09
 1.08649143e+09 1.08649147e+09 1.08649151e+09 1.08649156e+09
 1.08649160e+09 1.08649164e+09 1.08649169e+09 1.08649173e+09
 1.08649177e+09 1.08649181e+09 1.08649186e+09 1.08649190e+09
 1.08649194e+09 1.08649199e+09 1.08649203e+09 1.08649207e+09
 1.08649211e+09 1.08649216e+09 1.08649220e+09 1.08649224e+09
 1.08649228e+09 1.08649233e+09 1.08649237e+09 1.08649241e+09
 1.08649246e+09 1.08649250e+09 1.08649254e+09 1.08649258e+09
 1.08649263e+09 1.08649267e+09 1.08649271e+09 1.08649276e+09
 1.08649280e+09 1.08649284e+09 1.08649288e+09 1.08649293e+09
 1.08649297e+09 1.08649301e+09 1.08649305e+09 1.08649310e+09
 1.08649314e+09 1.08649318e+09 1.08649323e+09 1.08649327e+09
 1.08649331e+09 1.08649335e+09 1.08649340e+09 1.08649344e+09
 1.08649348e+09 1.08649352e+09 1.08649357e+09 1.08649361e+09
 1.08649365e+09 1.08649370e+09 1.08649374e+09 1.08649378e+09
 1.08649382e+09 1.08649387e+09 1.08649391e+09 1.08649395e+09
 1.08649400e+09 1.08649404e+09 1.08649408e+09 1.08649412e+09
 1.08649417e+09 1.08649421e+09 1.08649425e+09 1.08649429e+09
 1.08649434e+09 1.08649438e+09 1.08649442e+09 1.08649447e+09
 1.08649451e+09 1.08649455e+09 1.08649459e+09 1.08649464e+09
 1.08649468e+09 1.08649472e+09 1.08649476e+09 1.08649481e+09
 1.08649485e+09 1.08649489e+09 1.08649494e+09 1.08649498e+09
 1.08649502e+09 1.08649506e+09 1.08649511e+09 1.08649515e+09
 1.08649519e+09 1.08649524e+09 1.08649528e+09 1.08649532e+09
 1.08649536e+09 1.08649541e+09 1.08649545e+09 1.08649549e+09
 1.08649553e+09 1.08649558e+09 1.08649562e+09 1.08649566e+09
 1.08649571e+09 1.08649575e+09 1.08649579e+09 1.08649583e+09
 1.08649588e+09 1.08649592e+09 1.08649596e+09 1.08649601e+09
 1.08649605e+09 1.08649609e+09 1.08649613e+09 1.08649618e+09
 1.08649622e+09 1.08649626e+09 1.08649630e+09 1.08649635e+09
 1.08649639e+09 1.08649643e+09 1.08649648e+09 1.08649652e+09
 1.08649656e+09 1.08649660e+09 1.08649665e+09 1.08649669e+09
 1.08649673e+09 1.08649677e+09 1.08649682e+09 1.08649686e+09
 1.08649690e+09 1.08649695e+09 1.08649699e+09 1.08649703e+09
 1.08649707e+09 1.08649712e+09 1.08649716e+09 1.08649720e+09
 1.08649725e+09 1.08649729e+09 1.08649733e+09 1.08649737e+09
 1.08649742e+09 1.08649746e+09 1.08649750e+09 1.08649754e+09
 1.08649759e+09 1.08649763e+09 1.08649767e+09 1.08649772e+09
 1.08649776e+09 1.08649780e+09 1.08649784e+09 1.08649789e+09
 1.08649793e+09 1.08649797e+09 1.08649802e+09 1.08649806e+09
 1.08649810e+09 1.08649814e+09 1.08649819e+09 1.08649823e+09
 1.08649827e+09 1.08649831e+09 1.08649836e+09 1.08649840e+09
 1.08649844e+09 1.08649849e+09 1.08649853e+09 1.08649857e+09
 1.08649861e+09 1.08649866e+09 1.08649870e+09 1.08649874e+09
 1.08649878e+09 1.08649883e+09 1.08649887e+09 1.08649891e+09
 1.08649896e+09 1.08649900e+09 1.08649904e+09 1.08649908e+09
 1.08649913e+09 1.08649917e+09 1.08649921e+09 1.08649926e+09
 1.08649930e+09 1.08649934e+09 1.08649938e+09 1.08649943e+09
 1.08649947e+09 1.08649951e+09 1.08649955e+09 1.08649960e+09
 1.08649964e+09 1.08649968e+09 1.08649973e+09 1.08649977e+09
 1.08649981e+09 1.08649985e+09 1.08649990e+09 1.08649994e+09
 1.08649998e+09 1.08650003e+09 1.08650007e+09 1.08650011e+09
 1.08650015e+09 1.08650020e+09 1.08650024e+09 1.08650028e+09
 1.08650032e+09 1.08650037e+09 1.08650041e+09 1.08650045e+09
 1.08650050e+09 1.08650054e+09 1.08650058e+09 1.08650062e+09
 1.08650067e+09 1.08650071e+09 1.08650075e+09 1.08650079e+09
 1.08650084e+09 1.08650088e+09 1.08650092e+09 1.08650097e+09
 1.08650101e+09 1.08650105e+09 1.08650109e+09 1.08650114e+09
 1.08650118e+09 1.08650122e+09 1.08650127e+09 1.08650131e+09
 1.08650135e+09 1.08650139e+09 1.08650144e+09 1.08650148e+09
 1.08650152e+09 1.08650156e+09 1.08650161e+09 1.08650165e+09
 1.08650169e+09 1.08650174e+09 1.08650178e+09 1.08650182e+09
 1.08650186e+09 1.08650191e+09 1.08650195e+09 1.08650199e+09
 1.08650203e+09 1.08650208e+09 1.08650212e+09 1.08650216e+09
 1.08650221e+09 1.08650225e+09 1.08650229e+09 1.08650233e+09
 1.08650238e+09 1.08650242e+09 1.08650246e+09 1.08650251e+09
 1.08650255e+09 1.08650259e+09 1.08650263e+09 1.08650268e+09
 1.08650272e+09 1.08650276e+09 1.08650280e+09 1.08650285e+09
 1.08650289e+09 1.08650293e+09 1.08650298e+09 1.08650302e+09
 1.08650306e+09 1.08650310e+09 1.08650315e+09 1.08650319e+09
 1.08650323e+09 1.08650328e+09 1.08650332e+09 1.08650336e+09
 1.08650340e+09 1.08650345e+09 1.08650349e+09 1.08650353e+09
 1.08650357e+09 1.08650362e+09 1.08650366e+09 1.08650370e+09
 1.08650375e+09 1.08650379e+09 1.08650383e+09 1.08650387e+09
 1.08650392e+09 1.08650396e+09 1.08650400e+09 1.08650404e+09
 1.08650409e+09 1.08650413e+09 1.08650417e+09 1.08650422e+09
 1.08650426e+09 1.08650430e+09 1.08650434e+09 1.08650439e+09
 1.08650443e+09 1.08650447e+09 1.08650452e+09 1.08650456e+09
 1.08650460e+09 1.08650464e+09 1.08650469e+09 1.08650473e+09
 1.08650477e+09 1.08650481e+09 1.08650486e+09 1.08650490e+09]
