name =JUICE_ROI_GAN_4_4_06
flyby = ['2034 SEP 28 18:48:51', '2034 SEP 29 18:48:51']
Observation TW = <SpiceCell dtype = 1, length = 0, size = 2800, card = 8, is_set = 1, adjust = 0, init = 1, base = 94397097908416, data = 94397097908464>
Res(t) = [1.93273582 1.93158367 1.93043546 1.92929118 1.9281508  1.92701433
 1.92588175 1.92475306 1.92362825 1.92250731 1.92139022 1.92027698
 1.91916758 1.91806201 1.91696027 1.91586234 1.91476821 1.91367788
 1.91259133 1.91150857 1.91042957 1.90935433 1.90828284 1.9072151
 1.90615109 1.9050908  1.90403423 1.90298136 1.9019322  1.90088673
 1.89984493 1.89880681 1.89777235 1.89674155 1.8957144  1.89469088
 1.89367099 1.89265473 1.89164208 1.89063303 1.88962757 1.88862571
 1.88762742 1.88663271 1.88564156 1.88465396 1.8836699  1.88268939
 1.8817124  1.88073893 1.87976898 1.87880253 1.87783957 1.87688011
 1.87592412 1.8749716  1.87402255 1.87307695 1.8721348  1.87119609
 1.87026081 1.86932896 1.86840052 1.86747548 1.86655385 1.8656356
 1.86472074 1.86380926 1.86290114 1.86199638 1.86109498 1.86019691
 1.85930219 1.85841079 1.85752271 1.85663795 1.85575649 1.85487833
 1.85400346 1.85313187 1.85226355 1.8513985  1.85053672 1.84967818
 1.84882289 1.84797083 1.847122   1.8462764  1.84543401 1.84459482
 1.84375884 1.84292604 1.84209643 1.84127    1.84044674 1.83962664
 1.83880969 1.83799589 1.83718523 1.83637771 1.83557331 1.83477203
 1.83397386 1.8331788  1.83238683 1.83159795 1.83081216 1.83002944
 1.82924979 1.8284732  1.82769966 1.82692918 1.82616173 1.82539732
 1.82463593 1.82387756 1.82312221 1.82236986 1.82162051 1.82087415
 1.82013077 1.81939037 1.81865295 1.81791849 1.81718699 1.81645843
 1.81573282 1.81501015 1.81429041 1.81357359 1.81285969 1.8121487
 1.81144062 1.81073543 1.81003313 1.80933372 1.80863718 1.80794352
 1.80725272 1.80656477 1.80587968 1.80519743 1.80451802 1.80384145
 1.80316769 1.80249676 1.80182864 1.80116333 1.80050081 1.79984109
 1.79918416 1.79853001 1.79787863 1.79723002 1.79658417 1.79594108
 1.79530073 1.79466314 1.79402827 1.79339614 1.79276673 1.79214005
 1.79151607 1.7908948  1.79027623 1.78966036 1.78904717 1.78843667
 1.78782884 1.78722368 1.78662118 1.78602135 1.78542416 1.78482962
 1.78423773 1.78364846 1.78306183 1.78247782 1.78189642 1.78131763
 1.78074145 1.78016787 1.77959689 1.77902849 1.77846267 1.77789942
 1.77733875 1.77678065 1.7762251  1.7756721  1.77512166 1.77457375
 1.77402838 1.77348554 1.77294523 1.77240743 1.77187215 1.77133938
 1.77080911 1.77028134 1.76975606 1.76923327 1.76871295 1.76819511
 1.76767975 1.76716684 1.7666564  1.76614841 1.76564286 1.76513976
 1.7646391  1.76414087 1.76364506 1.76315168 1.76266071 1.76217215
 1.761686   1.76120225 1.7607209  1.76024193 1.75976535 1.75929115
 1.75881932 1.75834986 1.75788276 1.75741803 1.75695564 1.75649561
 1.75603792 1.75558256 1.75512954 1.75467885 1.75423048 1.75378443
 1.75334069 1.75289926 1.75246013 1.75202331 1.75158877 1.75115652
 1.75072656 1.75029887 1.74987346 1.74945031 1.74902943 1.74861081
 1.74819444 1.74778032 1.74736844 1.74695881 1.74655141 1.74614624
 1.74574329 1.74534256 1.74494405 1.74454775 1.74415366 1.74376177
 1.74337207 1.74298457 1.74259925 1.74221612 1.74183516 1.74145638
 1.74107977 1.74070532 1.74033303 1.73996289 1.73959491 1.73922907
 1.73886537 1.73850381 1.73814439 1.73778709 1.73743191 1.73707886
 1.73672791 1.73637908 1.73603236 1.73568773 1.7353452  1.73500476
 1.73466642 1.73433015 1.73399597 1.73366386 1.73333382 1.73300584
 1.73267993 1.73235608 1.73203427 1.73171452 1.73139682 1.73108115
 1.73076752 1.73045592 1.73014635 1.72983881 1.72953328 1.72922977
 1.72892827 1.72862878 1.72833129 1.7280358  1.7277423  1.72745079
 1.72716127 1.72687374 1.72658818 1.72630459 1.72602298 1.72574333
 1.72546564 1.72518991 1.72491614 1.72464431 1.72437444 1.7241065
 1.7238405  1.72357644 1.7233143  1.7230541  1.72279581 1.72253945
 1.72228499 1.72203245 1.72178182 1.72153309 1.72128626 1.72104132
 1.72079828 1.72055712 1.72031784 1.72008045 1.71984493 1.71961129
 1.71937951 1.7191496  1.71892155 1.71869536 1.71847102 1.71824854
 1.71802789 1.7178091  1.71759214 1.71737701 1.71716372 1.71695226
 1.71674262 1.7165348  1.71632879 1.71612461 1.71592223 1.71572166
 1.71552289 1.71532592 1.71513074 1.71493736 1.71474577 1.71455596
 1.71436793 1.71418169 1.71399721 1.71381451 1.71363357 1.7134544
 1.71327699 1.71310134 1.71292744 1.71275529 1.71258489 1.71241624
 1.71224932 1.71208414 1.71192069 1.71175897 1.71159898 1.71144072
 1.71128417 1.71112934 1.71097622 1.71082481 1.71067512 1.71052712
 1.71038082 1.71023622 1.71009332 1.7099521  1.70981258 1.70967473
 1.70953857 1.70940408 1.70927127 1.70914013 1.70901066 1.70888285
 1.70875671 1.70863222 1.70850939 1.70838821 1.70826868 1.70815079
 1.70803455 1.70791995 1.70780698 1.70769565 1.70758595 1.70747787
 1.70737142 1.70726659 1.70716338 1.70706178 1.7069618  1.70686342
 1.70676666 1.70667149 1.70657793 1.70648596 1.70639558 1.7063068
 1.7062196  1.70613399 1.70604997 1.70596752 1.70588665 1.70580735
 1.70572962 1.70565346 1.70557887 1.70550584 1.70543436 1.70536445
 1.70529608 1.70522927 1.705164   1.70510028 1.7050381  1.70497746
 1.70491836 1.70486079 1.70480475 1.70475024 1.70469726 1.70464579
 1.70459585 1.70454743 1.70450052 1.70445512 1.70441122 1.70436884
 1.70432796 1.70428858 1.70425069 1.70421431 1.70417941 1.70414601
 1.70411409 1.70408366 1.7040547  1.70402723 1.70400124 1.70397672
 1.70395367 1.70393209 1.70391197 1.70389332 1.70387614 1.7038604
 1.70384613 1.70383331 1.70382194 1.70381202 1.70380354 1.70379651
 1.70379092 1.70378676 1.70378404 1.70378276 1.7037829  1.70378448
 1.70378748 1.7037919  1.70379774 1.70380501 1.70381368 1.70382378
 1.70383528 1.70384819 1.70386251 1.70387823 1.70389535 1.70391387
 1.70393379 1.7039551  1.7039778  1.7040019  1.70402738 1.70405424
 1.70408249 1.70411212 1.70414312 1.70417551 1.70420926 1.70424438
 1.70428088 1.70431873 1.70435796 1.70439854 1.70444049 1.70448379
 1.70452844 1.70457445 1.70462181 1.70467051 1.70472057 1.70477196
 1.7048247  1.70487877 1.70493419 1.70499093 1.70504901 1.70510842
 1.70516916 1.70523122 1.70529461 1.70535932 1.70542535 1.7054927
 1.70556136 1.70563133 1.70570262 1.70577521 1.70584911 1.70592431
 1.70600082 1.70607863 1.70615774 1.70623814 1.70631983 1.70640282
 1.7064871  1.70657267 1.70665952 1.70674765 1.70683707 1.70692777
 1.70701974 1.70711299 1.70720751 1.70730331 1.70740037 1.70749871
 1.7075983  1.70769917 1.70780129 1.70790467 1.70800931 1.70811521
 1.70822236 1.70833076 1.70844042 1.70855132 1.70866346 1.70877685
 1.70889149 1.70900736 1.70912447 1.70924282 1.7093624  1.70948322
 1.70960526 1.70972854 1.70985304 1.70997877 1.71010572 1.71023389
 1.71036329 1.7104939  1.71062572 1.71075876 1.71089302 1.71102848
 1.71116515 1.71130303 1.71144212 1.71158241 1.7117239  1.71186659
 1.71201047 1.71215556 1.71230184 1.71244931 1.71259797 1.71274782
 1.71289886 1.71305109 1.7132045  1.71335909 1.71351486 1.71367181
 1.71382994 1.71398925 1.71414972 1.71431137 1.71447419 1.71463818
 1.71480334 1.71496966 1.71513715 1.7153058  1.71547561 1.71564657
 1.7158187  1.71599198 1.71616641 1.716342   1.71651874 1.71669663
 1.71687566 1.71705584 1.71723716 1.71741963 1.71760324 1.71778799
 1.71797387 1.7181609  1.71834906 1.71853835 1.71872877 1.71892032
 1.719113   1.71930681 1.71950175 1.71969781 1.71989499 1.72009329
 1.72029271 1.72049325 1.72069491 1.72089768 1.72110157 1.72130656
 1.72151267 1.72171989 1.72192822 1.72213765 1.72234818 1.72255982
 1.72277256 1.72298641 1.72320135 1.72341739 1.72363452 1.72385275
 1.72407207 1.72429249 1.72451399 1.72473659 1.72496027 1.72518504
 1.72541089 1.72563783 1.72586585 1.72609495 1.72632513 1.72655639
 1.72678872 1.72702213 1.72725662 1.72749217 1.7277288  1.7279665
 1.72820527 1.7284451  1.728686   1.72892797 1.729171   1.72941509
 1.72966024 1.72990645 1.73015372 1.73040205 1.73065143 1.73090187
 1.73115336 1.7314059  1.7316595  1.73191414 1.73216983 1.73242657
 1.73268435 1.73294318 1.73320305 1.73346397 1.73372592 1.73398891
 1.73425295 1.73451802 1.73478412 1.73505126 1.73531944 1.73558865
 1.73585888 1.73613015 1.73640245 1.73667577 1.73695013 1.7372255
 1.7375019  1.73777933 1.73805778 1.73833724 1.73861773 1.73889924
 1.73918176 1.7394653  1.73974985 1.74003542 1.740322   1.7406096
 1.7408982  1.74118782 1.74147844 1.74177007 1.74206271 1.74235635
 1.742651   1.74294665 1.7432433  1.74354096 1.74383961 1.74413926
 1.74443992 1.74474156 1.74504421 1.74534785 1.74565248 1.74595811
 1.74626472 1.74657233 1.74688093 1.74719052 1.74750109 1.74781265
 1.7481252  1.74843874 1.74875325 1.74906875 1.74938523 1.7497027
 1.75002114 1.75034056 1.75066096 1.75098234 1.75130469 1.75162802
 1.75195232 1.7522776  1.75260385 1.75293107 1.75325926 1.75358842
 1.75391855 1.75424965 1.75458172 1.75491475 1.75524874 1.7555837
 1.75591963 1.75625652 1.75659436 1.75693317 1.75727294 1.75761367
 1.75795536 1.758298   1.7586416  1.75898616 1.75933167 1.75967814
 1.76002555 1.76037392 1.76072325 1.76107352 1.76142474 1.76177691
 1.76213004 1.7624841  1.76283912 1.76319508 1.76355198 1.76390983
 1.76426863 1.76462836 1.76498904 1.76535066 1.76571322 1.76607672
 1.76644116 1.76680653 1.76717284 1.76754009 1.76790828 1.7682774
 1.76864746 1.76901845 1.76939037 1.76976322 1.77013701 1.77051173
 1.77088738 1.77126395 1.77164146 1.77201989 1.77239925 1.77277954
 1.77316075 1.77354289 1.77392595 1.77430994 1.77469485 1.77508068
 1.77546744 1.77585511 1.77624371 1.77663323 1.77702366 1.77741502
 1.77780729 1.77820048 1.77859459 1.77898961 1.77938555 1.7797824
 1.78018017 1.78057885 1.78097845 1.78137895 1.78178037 1.7821827
 1.78258594 1.7829901  1.78339516 1.78380113 1.784208   1.78461579
 1.78502448 1.78543408 1.78584459 1.786256   1.78666832 1.78708154
 1.78749566 1.78791069 1.78832662 1.78874346 1.78916119 1.78957983
 1.78999937 1.79041981 1.79084114 1.79126338 1.79168652 1.79211055
 1.79253548 1.79296131 1.79338804 1.79381566 1.79424418 1.79467359
 1.7951039  1.7955351  1.7959672  1.79640019 1.79683407 1.79726885
 1.79770452 1.79814108 1.79857853 1.79901687 1.7994561  1.79989622
 1.80033724 1.80077914 1.80122193 1.8016656  1.80211017 1.80255562
 1.80300196 1.80344919 1.8038973  1.8043463  1.80479619 1.80524696
 1.80569861 1.80615115 1.80660457 1.80705888 1.80751407 1.80797014
 1.8084271  1.80888493 1.80934365 1.80980325 1.81026374 1.8107251
 1.81118734 1.81165047 1.81211447 1.81257935 1.81304511 1.81351175
 1.81397927 1.81444767 1.81491695 1.8153871  1.81585813 1.81633004
 1.81680282 1.81727649 1.81775102 1.81822644 1.81870273 1.81917989
 1.81965793 1.82013684 1.82061663 1.8210973  1.82157883 1.82206125
 1.82254453 1.82302869 1.82351372 1.82399963 1.8244864  1.82497406
 1.82546258 1.82595197 1.82644224 1.82693338 1.82742539 1.82791827
 1.82841202 1.82890664 1.82940213 1.8298985  1.83039573 1.83089384
 1.83139281 1.83189266 1.83239337 1.83289495 1.8333974  1.83390073
 1.83440492 1.83490998 1.8354159  1.8359227  1.83643037 1.8369389
 1.8374483  1.83795857 1.83846971 1.83898171 1.83949459 1.84000833
 1.84052294 1.84103841 1.84155475 1.84207196 1.84259004 1.84310899
 1.8436288  1.84414947 1.84467102 1.84519343 1.84571671 1.84624085
 1.84676586 1.84729174 1.84781848 1.8483461  1.84887457 1.84940392
 1.84993412 1.8504652  1.85099714 1.85152995 1.85206362 1.85259816
 1.85313357 1.85366984 1.85420698 1.85474498 1.85528385 1.85582359
 1.85636419 1.85690566 1.85744799 1.85799119]
t = [1.09639905e+09 1.09639909e+09 1.09639913e+09 1.09639917e+09
 1.09639922e+09 1.09639926e+09 1.09639930e+09 1.09639934e+09
 1.09639938e+09 1.09639942e+09 1.09639947e+09 1.09639951e+09
 1.09639955e+09 1.09639959e+09 1.09639963e+09 1.09639967e+09
 1.09639972e+09 1.09639976e+09 1.09639980e+09 1.09639984e+09
 1.09639988e+09 1.09639992e+09 1.09639997e+09 1.09640001e+09
 1.09640005e+09 1.09640009e+09 1.09640013e+09 1.09640017e+09
 1.09640021e+09 1.09640026e+09 1.09640030e+09 1.09640034e+09
 1.09640038e+09 1.09640042e+09 1.09640046e+09 1.09640051e+09
 1.09640055e+09 1.09640059e+09 1.09640063e+09 1.09640067e+09
 1.09640071e+09 1.09640076e+09 1.09640080e+09 1.09640084e+09
 1.09640088e+09 1.09640092e+09 1.09640096e+09 1.09640100e+09
 1.09640105e+09 1.09640109e+09 1.09640113e+09 1.09640117e+09
 1.09640121e+09 1.09640125e+09 1.09640130e+09 1.09640134e+09
 1.09640138e+09 1.09640142e+09 1.09640146e+09 1.09640150e+09
 1.09640155e+09 1.09640159e+09 1.09640163e+09 1.09640167e+09
 1.09640171e+09 1.09640175e+09 1.09640180e+09 1.09640184e+09
 1.09640188e+09 1.09640192e+09 1.09640196e+09 1.09640200e+09
 1.09640204e+09 1.09640209e+09 1.09640213e+09 1.09640217e+09
 1.09640221e+09 1.09640225e+09 1.09640229e+09 1.09640234e+09
 1.09640238e+09 1.09640242e+09 1.09640246e+09 1.09640250e+09
 1.09640254e+09 1.09640259e+09 1.09640263e+09 1.09640267e+09
 1.09640271e+09 1.09640275e+09 1.09640279e+09 1.09640284e+09
 1.09640288e+09 1.09640292e+09 1.09640296e+09 1.09640300e+09
 1.09640304e+09 1.09640308e+09 1.09640313e+09 1.09640317e+09
 1.09640321e+09 1.09640325e+09 1.09640329e+09 1.09640333e+09
 1.09640338e+09 1.09640342e+09 1.09640346e+09 1.09640350e+09
 1.09640354e+09 1.09640358e+09 1.09640363e+09 1.09640367e+09
 1.09640371e+09 1.09640375e+09 1.09640379e+09 1.09640383e+09
 1.09640387e+09 1.09640392e+09 1.09640396e+09 1.09640400e+09
 1.09640404e+09 1.09640408e+09 1.09640412e+09 1.09640417e+09
 1.09640421e+09 1.09640425e+09 1.09640429e+09 1.09640433e+09
 1.09640437e+09 1.09640442e+09 1.09640446e+09 1.09640450e+09
 1.09640454e+09 1.09640458e+09 1.09640462e+09 1.09640467e+09
 1.09640471e+09 1.09640475e+09 1.09640479e+09 1.09640483e+09
 1.09640487e+09 1.09640491e+09 1.09640496e+09 1.09640500e+09
 1.09640504e+09 1.09640508e+09 1.09640512e+09 1.09640516e+09
 1.09640521e+09 1.09640525e+09 1.09640529e+09 1.09640533e+09
 1.09640537e+09 1.09640541e+09 1.09640546e+09 1.09640550e+09
 1.09640554e+09 1.09640558e+09 1.09640562e+09 1.09640566e+09
 1.09640570e+09 1.09640575e+09 1.09640579e+09 1.09640583e+09
 1.09640587e+09 1.09640591e+09 1.09640595e+09 1.09640600e+09
 1.09640604e+09 1.09640608e+09 1.09640612e+09 1.09640616e+09
 1.09640620e+09 1.09640625e+09 1.09640629e+09 1.09640633e+09
 1.09640637e+09 1.09640641e+09 1.09640645e+09 1.09640650e+09
 1.09640654e+09 1.09640658e+09 1.09640662e+09 1.09640666e+09
 1.09640670e+09 1.09640674e+09 1.09640679e+09 1.09640683e+09
 1.09640687e+09 1.09640691e+09 1.09640695e+09 1.09640699e+09
 1.09640704e+09 1.09640708e+09 1.09640712e+09 1.09640716e+09
 1.09640720e+09 1.09640724e+09 1.09640729e+09 1.09640733e+09
 1.09640737e+09 1.09640741e+09 1.09640745e+09 1.09640749e+09
 1.09640753e+09 1.09640758e+09 1.09640762e+09 1.09640766e+09
 1.09640770e+09 1.09640774e+09 1.09640778e+09 1.09640783e+09
 1.09640787e+09 1.09640791e+09 1.09640795e+09 1.09640799e+09
 1.09640803e+09 1.09640808e+09 1.09640812e+09 1.09640816e+09
 1.09640820e+09 1.09640824e+09 1.09640828e+09 1.09640833e+09
 1.09640837e+09 1.09640841e+09 1.09640845e+09 1.09640849e+09
 1.09640853e+09 1.09640857e+09 1.09640862e+09 1.09640866e+09
 1.09640870e+09 1.09640874e+09 1.09640878e+09 1.09640882e+09
 1.09640887e+09 1.09640891e+09 1.09640895e+09 1.09640899e+09
 1.09640903e+09 1.09640907e+09 1.09640912e+09 1.09640916e+09
 1.09640920e+09 1.09640924e+09 1.09640928e+09 1.09640932e+09
 1.09640936e+09 1.09640941e+09 1.09640945e+09 1.09640949e+09
 1.09640953e+09 1.09640957e+09 1.09640961e+09 1.09640966e+09
 1.09640970e+09 1.09640974e+09 1.09640978e+09 1.09640982e+09
 1.09640986e+09 1.09640991e+09 1.09640995e+09 1.09640999e+09
 1.09641003e+09 1.09641007e+09 1.09641011e+09 1.09641016e+09
 1.09641020e+09 1.09641024e+09 1.09641028e+09 1.09641032e+09
 1.09641036e+09 1.09641040e+09 1.09641045e+09 1.09641049e+09
 1.09641053e+09 1.09641057e+09 1.09641061e+09 1.09641065e+09
 1.09641070e+09 1.09641074e+09 1.09641078e+09 1.09641082e+09
 1.09641086e+09 1.09641090e+09 1.09641095e+09 1.09641099e+09
 1.09641103e+09 1.09641107e+09 1.09641111e+09 1.09641115e+09
 1.09641119e+09 1.09641124e+09 1.09641128e+09 1.09641132e+09
 1.09641136e+09 1.09641140e+09 1.09641144e+09 1.09641149e+09
 1.09641153e+09 1.09641157e+09 1.09641161e+09 1.09641165e+09
 1.09641169e+09 1.09641174e+09 1.09641178e+09 1.09641182e+09
 1.09641186e+09 1.09641190e+09 1.09641194e+09 1.09641199e+09
 1.09641203e+09 1.09641207e+09 1.09641211e+09 1.09641215e+09
 1.09641219e+09 1.09641223e+09 1.09641228e+09 1.09641232e+09
 1.09641236e+09 1.09641240e+09 1.09641244e+09 1.09641248e+09
 1.09641253e+09 1.09641257e+09 1.09641261e+09 1.09641265e+09
 1.09641269e+09 1.09641273e+09 1.09641278e+09 1.09641282e+09
 1.09641286e+09 1.09641290e+09 1.09641294e+09 1.09641298e+09
 1.09641302e+09 1.09641307e+09 1.09641311e+09 1.09641315e+09
 1.09641319e+09 1.09641323e+09 1.09641327e+09 1.09641332e+09
 1.09641336e+09 1.09641340e+09 1.09641344e+09 1.09641348e+09
 1.09641352e+09 1.09641357e+09 1.09641361e+09 1.09641365e+09
 1.09641369e+09 1.09641373e+09 1.09641377e+09 1.09641382e+09
 1.09641386e+09 1.09641390e+09 1.09641394e+09 1.09641398e+09
 1.09641402e+09 1.09641406e+09 1.09641411e+09 1.09641415e+09
 1.09641419e+09 1.09641423e+09 1.09641427e+09 1.09641431e+09
 1.09641436e+09 1.09641440e+09 1.09641444e+09 1.09641448e+09
 1.09641452e+09 1.09641456e+09 1.09641461e+09 1.09641465e+09
 1.09641469e+09 1.09641473e+09 1.09641477e+09 1.09641481e+09
 1.09641485e+09 1.09641490e+09 1.09641494e+09 1.09641498e+09
 1.09641502e+09 1.09641506e+09 1.09641510e+09 1.09641515e+09
 1.09641519e+09 1.09641523e+09 1.09641527e+09 1.09641531e+09
 1.09641535e+09 1.09641540e+09 1.09641544e+09 1.09641548e+09
 1.09641552e+09 1.09641556e+09 1.09641560e+09 1.09641565e+09
 1.09641569e+09 1.09641573e+09 1.09641577e+09 1.09641581e+09
 1.09641585e+09 1.09641589e+09 1.09641594e+09 1.09641598e+09
 1.09641602e+09 1.09641606e+09 1.09641610e+09 1.09641614e+09
 1.09641619e+09 1.09641623e+09 1.09641627e+09 1.09641631e+09
 1.09641635e+09 1.09641639e+09 1.09641644e+09 1.09641648e+09
 1.09641652e+09 1.09641656e+09 1.09641660e+09 1.09641664e+09
 1.09641669e+09 1.09641673e+09 1.09641677e+09 1.09641681e+09
 1.09641685e+09 1.09641689e+09 1.09641693e+09 1.09641698e+09
 1.09641702e+09 1.09641706e+09 1.09641710e+09 1.09641714e+09
 1.09641718e+09 1.09641723e+09 1.09641727e+09 1.09641731e+09
 1.09641735e+09 1.09641739e+09 1.09641743e+09 1.09641748e+09
 1.09641752e+09 1.09641756e+09 1.09641760e+09 1.09641764e+09
 1.09641768e+09 1.09641772e+09 1.09641777e+09 1.09641781e+09
 1.09641785e+09 1.09641789e+09 1.09641793e+09 1.09641797e+09
 1.09641802e+09 1.09641806e+09 1.09641810e+09 1.09641814e+09
 1.09641818e+09 1.09641822e+09 1.09641827e+09 1.09641831e+09
 1.09641835e+09 1.09641839e+09 1.09641843e+09 1.09641847e+09
 1.09641852e+09 1.09641856e+09 1.09641860e+09 1.09641864e+09
 1.09641868e+09 1.09641872e+09 1.09641876e+09 1.09641881e+09
 1.09641885e+09 1.09641889e+09 1.09641893e+09 1.09641897e+09
 1.09641901e+09 1.09641906e+09 1.09641910e+09 1.09641914e+09
 1.09641918e+09 1.09641922e+09 1.09641926e+09 1.09641931e+09
 1.09641935e+09 1.09641939e+09 1.09641943e+09 1.09641947e+09
 1.09641951e+09 1.09641955e+09 1.09641960e+09 1.09641964e+09
 1.09641968e+09 1.09641972e+09 1.09641976e+09 1.09641980e+09
 1.09641985e+09 1.09641989e+09 1.09641993e+09 1.09641997e+09
 1.09642001e+09 1.09642005e+09 1.09642010e+09 1.09642014e+09
 1.09642018e+09 1.09642022e+09 1.09642026e+09 1.09642030e+09
 1.09642035e+09 1.09642039e+09 1.09642043e+09 1.09642047e+09
 1.09642051e+09 1.09642055e+09 1.09642059e+09 1.09642064e+09
 1.09642068e+09 1.09642072e+09 1.09642076e+09 1.09642080e+09
 1.09642084e+09 1.09642089e+09 1.09642093e+09 1.09642097e+09
 1.09642101e+09 1.09642105e+09 1.09642109e+09 1.09642114e+09
 1.09642118e+09 1.09642122e+09 1.09642126e+09 1.09642130e+09
 1.09642134e+09 1.09642138e+09 1.09642143e+09 1.09642147e+09
 1.09642151e+09 1.09642155e+09 1.09642159e+09 1.09642163e+09
 1.09642168e+09 1.09642172e+09 1.09642176e+09 1.09642180e+09
 1.09642184e+09 1.09642188e+09 1.09642193e+09 1.09642197e+09
 1.09642201e+09 1.09642205e+09 1.09642209e+09 1.09642213e+09
 1.09642218e+09 1.09642222e+09 1.09642226e+09 1.09642230e+09
 1.09642234e+09 1.09642238e+09 1.09642242e+09 1.09642247e+09
 1.09642251e+09 1.09642255e+09 1.09642259e+09 1.09642263e+09
 1.09642267e+09 1.09642272e+09 1.09642276e+09 1.09642280e+09
 1.09642284e+09 1.09642288e+09 1.09642292e+09 1.09642297e+09
 1.09642301e+09 1.09642305e+09 1.09642309e+09 1.09642313e+09
 1.09642317e+09 1.09642321e+09 1.09642326e+09 1.09642330e+09
 1.09642334e+09 1.09642338e+09 1.09642342e+09 1.09642346e+09
 1.09642351e+09 1.09642355e+09 1.09642359e+09 1.09642363e+09
 1.09642367e+09 1.09642371e+09 1.09642376e+09 1.09642380e+09
 1.09642384e+09 1.09642388e+09 1.09642392e+09 1.09642396e+09
 1.09642401e+09 1.09642405e+09 1.09642409e+09 1.09642413e+09
 1.09642417e+09 1.09642421e+09 1.09642425e+09 1.09642430e+09
 1.09642434e+09 1.09642438e+09 1.09642442e+09 1.09642446e+09
 1.09642450e+09 1.09642455e+09 1.09642459e+09 1.09642463e+09
 1.09642467e+09 1.09642471e+09 1.09642475e+09 1.09642480e+09
 1.09642484e+09 1.09642488e+09 1.09642492e+09 1.09642496e+09
 1.09642500e+09 1.09642504e+09 1.09642509e+09 1.09642513e+09
 1.09642517e+09 1.09642521e+09 1.09642525e+09 1.09642529e+09
 1.09642534e+09 1.09642538e+09 1.09642542e+09 1.09642546e+09
 1.09642550e+09 1.09642554e+09 1.09642559e+09 1.09642563e+09
 1.09642567e+09 1.09642571e+09 1.09642575e+09 1.09642579e+09
 1.09642584e+09 1.09642588e+09 1.09642592e+09 1.09642596e+09
 1.09642600e+09 1.09642604e+09 1.09642608e+09 1.09642613e+09
 1.09642617e+09 1.09642621e+09 1.09642625e+09 1.09642629e+09
 1.09642633e+09 1.09642638e+09 1.09642642e+09 1.09642646e+09
 1.09642650e+09 1.09642654e+09 1.09642658e+09 1.09642663e+09
 1.09642667e+09 1.09642671e+09 1.09642675e+09 1.09642679e+09
 1.09642683e+09 1.09642687e+09 1.09642692e+09 1.09642696e+09
 1.09642700e+09 1.09642704e+09 1.09642708e+09 1.09642712e+09
 1.09642717e+09 1.09642721e+09 1.09642725e+09 1.09642729e+09
 1.09642733e+09 1.09642737e+09 1.09642742e+09 1.09642746e+09
 1.09642750e+09 1.09642754e+09 1.09642758e+09 1.09642762e+09
 1.09642767e+09 1.09642771e+09 1.09642775e+09 1.09642779e+09
 1.09642783e+09 1.09642787e+09 1.09642791e+09 1.09642796e+09
 1.09642800e+09 1.09642804e+09 1.09642808e+09 1.09642812e+09
 1.09642816e+09 1.09642821e+09 1.09642825e+09 1.09642829e+09
 1.09642833e+09 1.09642837e+09 1.09642841e+09 1.09642846e+09
 1.09642850e+09 1.09642854e+09 1.09642858e+09 1.09642862e+09
 1.09642866e+09 1.09642870e+09 1.09642875e+09 1.09642879e+09
 1.09642883e+09 1.09642887e+09 1.09642891e+09 1.09642895e+09
 1.09642900e+09 1.09642904e+09 1.09642908e+09 1.09642912e+09
 1.09642916e+09 1.09642920e+09 1.09642925e+09 1.09642929e+09
 1.09642933e+09 1.09642937e+09 1.09642941e+09 1.09642945e+09
 1.09642950e+09 1.09642954e+09 1.09642958e+09 1.09642962e+09
 1.09642966e+09 1.09642970e+09 1.09642974e+09 1.09642979e+09
 1.09642983e+09 1.09642987e+09 1.09642991e+09 1.09642995e+09
 1.09642999e+09 1.09643004e+09 1.09643008e+09 1.09643012e+09
 1.09643016e+09 1.09643020e+09 1.09643024e+09 1.09643029e+09
 1.09643033e+09 1.09643037e+09 1.09643041e+09 1.09643045e+09
 1.09643049e+09 1.09643054e+09 1.09643058e+09 1.09643062e+09
 1.09643066e+09 1.09643070e+09 1.09643074e+09 1.09643078e+09
 1.09643083e+09 1.09643087e+09 1.09643091e+09 1.09643095e+09
 1.09643099e+09 1.09643103e+09 1.09643108e+09 1.09643112e+09
 1.09643116e+09 1.09643120e+09 1.09643124e+09 1.09643128e+09
 1.09643133e+09 1.09643137e+09 1.09643141e+09 1.09643145e+09
 1.09643149e+09 1.09643153e+09 1.09643157e+09 1.09643162e+09
 1.09643166e+09 1.09643170e+09 1.09643174e+09 1.09643178e+09
 1.09643182e+09 1.09643187e+09 1.09643191e+09 1.09643195e+09
 1.09643199e+09 1.09643203e+09 1.09643207e+09 1.09643212e+09
 1.09643216e+09 1.09643220e+09 1.09643224e+09 1.09643228e+09
 1.09643232e+09 1.09643237e+09 1.09643241e+09 1.09643245e+09
 1.09643249e+09 1.09643253e+09 1.09643257e+09 1.09643261e+09
 1.09643266e+09 1.09643270e+09 1.09643274e+09 1.09643278e+09
 1.09643282e+09 1.09643286e+09 1.09643291e+09 1.09643295e+09
 1.09643299e+09 1.09643303e+09 1.09643307e+09 1.09643311e+09
 1.09643316e+09 1.09643320e+09 1.09643324e+09 1.09643328e+09
 1.09643332e+09 1.09643336e+09 1.09643340e+09 1.09643345e+09
 1.09643349e+09 1.09643353e+09 1.09643357e+09 1.09643361e+09
 1.09643365e+09 1.09643370e+09 1.09643374e+09 1.09643378e+09
 1.09643382e+09 1.09643386e+09 1.09643390e+09 1.09643395e+09
 1.09643399e+09 1.09643403e+09 1.09643407e+09 1.09643411e+09
 1.09643415e+09 1.09643420e+09 1.09643424e+09 1.09643428e+09
 1.09643432e+09 1.09643436e+09 1.09643440e+09 1.09643444e+09
 1.09643449e+09 1.09643453e+09 1.09643457e+09 1.09643461e+09
 1.09643465e+09 1.09643469e+09 1.09643474e+09 1.09643478e+09
 1.09643482e+09 1.09643486e+09 1.09643490e+09 1.09643494e+09
 1.09643499e+09 1.09643503e+09 1.09643507e+09 1.09643511e+09
 1.09643515e+09 1.09643519e+09 1.09643523e+09 1.09643528e+09
 1.09643532e+09 1.09643536e+09 1.09643540e+09 1.09643544e+09
 1.09643548e+09 1.09643553e+09 1.09643557e+09 1.09643561e+09
 1.09643565e+09 1.09643569e+09 1.09643573e+09 1.09643578e+09
 1.09643582e+09 1.09643586e+09 1.09643590e+09 1.09643594e+09
 1.09643598e+09 1.09643603e+09 1.09643607e+09 1.09643611e+09
 1.09643615e+09 1.09643619e+09 1.09643623e+09 1.09643627e+09
 1.09643632e+09 1.09643636e+09 1.09643640e+09 1.09643644e+09
 1.09643648e+09 1.09643652e+09 1.09643657e+09 1.09643661e+09
 1.09643665e+09 1.09643669e+09 1.09643673e+09 1.09643677e+09
 1.09643682e+09 1.09643686e+09 1.09643690e+09 1.09643694e+09
 1.09643698e+09 1.09643702e+09 1.09643706e+09 1.09643711e+09
 1.09643715e+09 1.09643719e+09 1.09643723e+09 1.09643727e+09
 1.09643731e+09 1.09643736e+09 1.09643740e+09 1.09643744e+09
 1.09643748e+09 1.09643752e+09 1.09643756e+09 1.09643761e+09
 1.09643765e+09 1.09643769e+09 1.09643773e+09 1.09643777e+09
 1.09643781e+09 1.09643786e+09 1.09643790e+09 1.09643794e+09
 1.09643798e+09 1.09643802e+09 1.09643806e+09 1.09643810e+09
 1.09643815e+09 1.09643819e+09 1.09643823e+09 1.09643827e+09
 1.09643831e+09 1.09643835e+09 1.09643840e+09 1.09643844e+09
 1.09643848e+09 1.09643852e+09 1.09643856e+09 1.09643860e+09
 1.09643865e+09 1.09643869e+09 1.09643873e+09 1.09643877e+09
 1.09643881e+09 1.09643885e+09 1.09643889e+09 1.09643894e+09
 1.09643898e+09 1.09643902e+09 1.09643906e+09 1.09643910e+09
 1.09643914e+09 1.09643919e+09 1.09643923e+09 1.09643927e+09
 1.09643931e+09 1.09643935e+09 1.09643939e+09 1.09643944e+09
 1.09643948e+09 1.09643952e+09 1.09643956e+09 1.09643960e+09
 1.09643964e+09 1.09643969e+09 1.09643973e+09 1.09643977e+09
 1.09643981e+09 1.09643985e+09 1.09643989e+09 1.09643993e+09
 1.09643998e+09 1.09644002e+09 1.09644006e+09 1.09644010e+09
 1.09644014e+09 1.09644018e+09 1.09644023e+09 1.09644027e+09
 1.09644031e+09 1.09644035e+09 1.09644039e+09 1.09644043e+09
 1.09644048e+09 1.09644052e+09 1.09644056e+09 1.09644060e+09]
minRes = 1.7037827582184295
minResTime = [1.09641889e+09]
Cov(t) = [ 90.2360037   90.28012338  90.32313301  90.36484725  90.40510108
  90.44394631  90.48143109  90.51760041  90.55249459  90.58615202
  90.61860828  90.64989656  90.68004777  90.70909088  90.73705366
  90.76396198  90.78984008  90.81471133  90.83859762  90.86151989
  90.88349803  90.9045512   90.92469743  90.94395426  90.96233821
  90.97986541  90.99655132  91.01241038  91.02745756  91.04170609
  91.05516941  91.06786072  91.07979248  91.09097637  91.10142441
  91.11114798  91.12015831  91.12846564  91.13608135  91.14301514
  64.61075854  64.56739739  64.52444393  64.48189201  64.43973498
  64.39796376  64.35657327  64.31555524  64.27490453  64.23461415
  64.19467878  64.15509168  64.1158473   64.07694028  64.03836412
  64.00011576  63.96218846  63.92457711  63.88727754  63.85028508
  63.8135941   63.77720134  63.74110257  63.70529197  63.66976674
  63.63452154  63.59955356  63.56485891  63.5304339   63.49627333
  63.46237562  63.42873638  63.39535127  63.36221808  63.32933287
  63.296693    63.26429523  63.23213558  63.20021211  63.16852162
  63.13706088  63.10582723  63.07481725  63.04402976  63.01346057
  62.98310859  62.95296878  62.92304156  62.89332239  62.86380941
  62.83450041  62.80539268  62.77648514  62.74777335  62.7192572
  62.69093331  62.66279994  62.63485513  62.60709667  62.57952218
  62.55212985  62.52491827  62.49788485  62.47102905  62.44434669
  62.41783783  62.39149949  62.36533092 100.         100.
 100.         100.         100.         100.         100.
 100.         100.         100.         100.         100.
 100.         100.         100.         100.         100.
 100.         100.         100.         100.         100.
 100.         100.         100.         100.         100.
 100.         100.         100.         100.         100.
 100.         100.         100.         100.         100.
 100.         100.         100.         100.         100.
 100.         100.         100.         100.         100.
 100.         100.         100.         100.         100.
 100.         100.         100.         100.         100.
 100.         100.         100.         100.         100.
 100.         100.         100.         100.         100.
 100.         100.         100.         100.         100.
 100.         100.         100.         100.         100.
 100.         100.         100.         100.         100.
 100.         100.         100.         100.         100.
 100.         100.         100.         100.         100.
 100.         100.         100.         100.         100.
 100.         100.         100.         100.         100.
 100.         100.         100.         100.         100.
 100.         100.         100.         100.         100.
 100.         100.         100.         100.         100.
 100.         100.         100.         100.         100.
 100.         100.         100.         100.         100.
 100.         100.         100.         100.         100.
 100.         100.         100.         100.         100.
 100.         100.         100.         100.         100.
 100.         100.         100.         100.         100.
 100.         100.         100.         100.         100.
 100.         100.         100.         100.         100.
 100.         100.         100.         100.         100.
 100.         100.         100.         100.         100.
 100.         100.         100.         100.         100.
 100.         100.         100.         100.         100.
 100.         100.         100.         100.         100.
 100.         100.         100.         100.         100.
 100.         100.         100.         100.         100.
 100.         100.         100.         100.         100.
 100.         100.         100.         100.         100.
 100.         100.         100.         100.         100.
 100.         100.         100.         100.         100.
 100.         100.         100.         100.         100.
 100.         100.         100.         100.         100.
 100.         100.         100.         100.         100.
 100.         100.         100.         100.         100.
 100.         100.         100.         100.         100.
 100.         100.         100.         100.         100.
 100.         100.         100.         100.         100.
 100.         100.         100.         100.         100.
 100.         100.         100.         100.         100.
 100.         100.         100.         100.         100.
 100.         100.         100.         100.         100.
 100.         100.         100.         100.         100.
 100.         100.         100.         100.         100.
 100.         100.         100.         100.         100.
 100.         100.         100.         100.         100.
 100.         100.         100.         100.         100.
 100.         100.         100.         100.         100.
 100.         100.         100.         100.         100.
 100.         100.         100.         100.         100.
 100.         100.         100.         100.         100.
 100.         100.         100.         100.         100.
 100.         100.         100.         100.         100.
 100.         100.         100.         100.         100.
 100.         100.         100.         100.         100.
 100.         100.         100.         100.         100.
 100.         100.         100.         100.         100.
 100.         100.         100.         100.         100.
 100.         100.         100.         100.         100.
 100.         100.         100.         100.         100.
 100.         100.         100.         100.         100.
 100.         100.         100.         100.         100.
 100.         100.         100.         100.         100.
 100.         100.         100.         100.         100.
 100.         100.         100.         100.         100.
 100.         100.         100.         100.         100.
 100.         100.         100.         100.         100.
 100.         100.         100.         100.         100.
 100.         100.         100.         100.         100.
 100.         100.         100.         100.         100.
 100.         100.         100.         100.         100.
 100.         100.         100.         100.         100.
 100.         100.         100.         100.         100.
 100.         100.         100.         100.         100.
 100.         100.         100.         100.         100.
 100.         100.         100.         100.         100.
 100.         100.         100.         100.         100.
 100.         100.         100.         100.         100.
 100.         100.         100.         100.         100.
 100.         100.         100.         100.         100.
 100.         100.         100.         100.         100.
 100.         100.         100.         100.         100.
 100.         100.         100.         100.         100.
 100.         100.         100.         100.         100.
 100.         100.         100.         100.         100.
 100.         100.         100.         100.         100.
 100.         100.         100.         100.         100.
 100.         100.         100.         100.         100.
 100.         100.         100.         100.         100.
 100.         100.         100.         100.         100.
 100.         100.         100.         100.         100.
 100.         100.         100.         100.         100.
 100.         100.         100.         100.         100.
 100.         100.         100.         100.         100.
 100.         100.         100.         100.         100.
 100.         100.         100.         100.         100.
 100.         100.         100.         100.         100.
 100.         100.         100.         100.         100.
 100.         100.         100.         100.         100.
 100.         100.         100.         100.         100.
 100.         100.         100.         100.         100.
 100.         100.         100.         100.         100.
 100.         100.         100.         100.         100.
 100.         100.         100.         100.         100.
 100.         100.         100.         100.         100.
 100.         100.         100.         100.         100.
 100.         100.         100.         100.         100.
 100.         100.         100.         100.         100.
 100.         100.         100.         100.         100.
 100.         100.         100.         100.         100.
 100.         100.         100.         100.         100.
 100.         100.         100.         100.         100.
 100.         100.         100.         100.         100.
 100.         100.         100.         100.         100.
 100.         100.         100.         100.         100.
 100.         100.         100.         100.         100.
 100.         100.         100.         100.         100.
 100.         100.         100.         100.         100.
 100.         100.         100.         100.         100.
 100.         100.         100.         100.         100.
 100.         100.         100.         100.         100.
 100.         100.         100.         100.         100.
 100.         100.         100.         100.         100.
 100.         100.         100.         100.         100.
 100.         100.         100.         100.         100.
 100.         100.         100.         100.         100.
 100.         100.         100.         100.         100.
 100.         100.         100.         100.         100.
 100.         100.         100.         100.         100.
 100.         100.         100.         100.         100.
 100.         100.         100.         100.         100.
 100.         100.         100.         100.         100.
 100.         100.         100.         100.         100.
 100.         100.         100.         100.         100.
 100.         100.         100.         100.         100.
 100.         100.         100.         100.         100.
 100.         100.         100.         100.         100.
 100.         100.         100.         100.         100.
 100.         100.         100.         100.         100.
 100.         100.         100.         100.         100.
 100.         100.         100.         100.         100.
 100.         100.         100.         100.         100.
 100.         100.         100.         100.         100.
 100.         100.         100.         100.         100.
 100.         100.         100.         100.         100.
 100.         100.         100.         100.         100.
 100.         100.         100.         100.         100.
 100.         100.         100.         100.         100.
 100.         100.         100.         100.         100.
 100.         100.         100.         100.         100.
 100.         100.         100.         100.         100.
 100.         100.         100.         100.         100.
 100.         100.         100.         100.         100.
 100.         100.         100.         100.         100.
 100.         100.         100.         100.         100.
 100.         100.         100.         100.         100.
 100.         100.         100.         100.         100.
 100.         100.         100.         100.         100.
 100.         100.         100.         100.         100.
 100.         100.         100.         100.         100.
 100.         100.         100.         100.         100.
 100.         100.         100.         100.         100.
 100.         100.         100.         100.         100.
 100.         100.         100.         100.         100.
 100.         100.         100.         100.         100.
 100.         100.         100.         100.         100.
 100.         100.         100.         100.         100.        ]
maxCov = 100.0
maxCovTime = [1.09640354e+09 1.09640358e+09 1.09640363e+09 1.09640367e+09
 1.09640371e+09 1.09640375e+09 1.09640379e+09 1.09640383e+09
 1.09640387e+09 1.09640392e+09 1.09640396e+09 1.09640400e+09
 1.09640404e+09 1.09640408e+09 1.09640412e+09 1.09640417e+09
 1.09640421e+09 1.09640425e+09 1.09640429e+09 1.09640433e+09
 1.09640437e+09 1.09640442e+09 1.09640446e+09 1.09640450e+09
 1.09640454e+09 1.09640458e+09 1.09640462e+09 1.09640467e+09
 1.09640471e+09 1.09640475e+09 1.09640479e+09 1.09640483e+09
 1.09640487e+09 1.09640491e+09 1.09640496e+09 1.09640500e+09
 1.09640504e+09 1.09640508e+09 1.09640512e+09 1.09640516e+09
 1.09640521e+09 1.09640525e+09 1.09640529e+09 1.09640533e+09
 1.09640537e+09 1.09640541e+09 1.09640546e+09 1.09640550e+09
 1.09640554e+09 1.09640558e+09 1.09640562e+09 1.09640566e+09
 1.09640570e+09 1.09640575e+09 1.09640579e+09 1.09640583e+09
 1.09640587e+09 1.09640591e+09 1.09640595e+09 1.09640600e+09
 1.09640604e+09 1.09640608e+09 1.09640612e+09 1.09640616e+09
 1.09640620e+09 1.09640625e+09 1.09640629e+09 1.09640633e+09
 1.09640637e+09 1.09640641e+09 1.09640645e+09 1.09640650e+09
 1.09640654e+09 1.09640658e+09 1.09640662e+09 1.09640666e+09
 1.09640670e+09 1.09640674e+09 1.09640679e+09 1.09640683e+09
 1.09640687e+09 1.09640691e+09 1.09640695e+09 1.09640699e+09
 1.09640704e+09 1.09640708e+09 1.09640712e+09 1.09640716e+09
 1.09640720e+09 1.09640724e+09 1.09640729e+09 1.09640733e+09
 1.09640737e+09 1.09640741e+09 1.09640745e+09 1.09640749e+09
 1.09640753e+09 1.09640758e+09 1.09640762e+09 1.09640766e+09
 1.09640770e+09 1.09640774e+09 1.09640778e+09 1.09640783e+09
 1.09640787e+09 1.09640791e+09 1.09640795e+09 1.09640799e+09
 1.09640803e+09 1.09640808e+09 1.09640812e+09 1.09640816e+09
 1.09640820e+09 1.09640824e+09 1.09640828e+09 1.09640833e+09
 1.09640837e+09 1.09640841e+09 1.09640845e+09 1.09640849e+09
 1.09640853e+09 1.09640857e+09 1.09640862e+09 1.09640866e+09
 1.09640870e+09 1.09640874e+09 1.09640878e+09 1.09640882e+09
 1.09640887e+09 1.09640891e+09 1.09640895e+09 1.09640899e+09
 1.09640903e+09 1.09640907e+09 1.09640912e+09 1.09640916e+09
 1.09640920e+09 1.09640924e+09 1.09640928e+09 1.09640932e+09
 1.09640936e+09 1.09640941e+09 1.09640945e+09 1.09640949e+09
 1.09640953e+09 1.09640957e+09 1.09640961e+09 1.09640966e+09
 1.09640970e+09 1.09640974e+09 1.09640978e+09 1.09640982e+09
 1.09640986e+09 1.09640991e+09 1.09640995e+09 1.09640999e+09
 1.09641003e+09 1.09641007e+09 1.09641011e+09 1.09641016e+09
 1.09641020e+09 1.09641024e+09 1.09641028e+09 1.09641032e+09
 1.09641036e+09 1.09641040e+09 1.09641045e+09 1.09641049e+09
 1.09641053e+09 1.09641057e+09 1.09641061e+09 1.09641065e+09
 1.09641070e+09 1.09641074e+09 1.09641078e+09 1.09641082e+09
 1.09641086e+09 1.09641090e+09 1.09641095e+09 1.09641099e+09
 1.09641103e+09 1.09641107e+09 1.09641111e+09 1.09641115e+09
 1.09641119e+09 1.09641124e+09 1.09641128e+09 1.09641132e+09
 1.09641136e+09 1.09641140e+09 1.09641144e+09 1.09641149e+09
 1.09641153e+09 1.09641157e+09 1.09641161e+09 1.09641165e+09
 1.09641169e+09 1.09641174e+09 1.09641178e+09 1.09641182e+09
 1.09641186e+09 1.09641190e+09 1.09641194e+09 1.09641199e+09
 1.09641203e+09 1.09641207e+09 1.09641211e+09 1.09641215e+09
 1.09641219e+09 1.09641223e+09 1.09641228e+09 1.09641232e+09
 1.09641236e+09 1.09641240e+09 1.09641244e+09 1.09641248e+09
 1.09641253e+09 1.09641257e+09 1.09641261e+09 1.09641265e+09
 1.09641269e+09 1.09641273e+09 1.09641278e+09 1.09641282e+09
 1.09641286e+09 1.09641290e+09 1.09641294e+09 1.09641298e+09
 1.09641302e+09 1.09641307e+09 1.09641311e+09 1.09641315e+09
 1.09641319e+09 1.09641323e+09 1.09641327e+09 1.09641332e+09
 1.09641336e+09 1.09641340e+09 1.09641344e+09 1.09641348e+09
 1.09641352e+09 1.09641357e+09 1.09641361e+09 1.09641365e+09
 1.09641369e+09 1.09641373e+09 1.09641377e+09 1.09641382e+09
 1.09641386e+09 1.09641390e+09 1.09641394e+09 1.09641398e+09
 1.09641402e+09 1.09641406e+09 1.09641411e+09 1.09641415e+09
 1.09641419e+09 1.09641423e+09 1.09641427e+09 1.09641431e+09
 1.09641436e+09 1.09641440e+09 1.09641444e+09 1.09641448e+09
 1.09641452e+09 1.09641456e+09 1.09641461e+09 1.09641465e+09
 1.09641469e+09 1.09641473e+09 1.09641477e+09 1.09641481e+09
 1.09641485e+09 1.09641490e+09 1.09641494e+09 1.09641498e+09
 1.09641502e+09 1.09641506e+09 1.09641510e+09 1.09641515e+09
 1.09641519e+09 1.09641523e+09 1.09641527e+09 1.09641531e+09
 1.09641535e+09 1.09641540e+09 1.09641544e+09 1.09641548e+09
 1.09641552e+09 1.09641556e+09 1.09641560e+09 1.09641565e+09
 1.09641569e+09 1.09641573e+09 1.09641577e+09 1.09641581e+09
 1.09641585e+09 1.09641589e+09 1.09641594e+09 1.09641598e+09
 1.09641602e+09 1.09641606e+09 1.09641610e+09 1.09641614e+09
 1.09641619e+09 1.09641623e+09 1.09641627e+09 1.09641631e+09
 1.09641635e+09 1.09641639e+09 1.09641644e+09 1.09641648e+09
 1.09641652e+09 1.09641656e+09 1.09641660e+09 1.09641664e+09
 1.09641669e+09 1.09641673e+09 1.09641677e+09 1.09641681e+09
 1.09641685e+09 1.09641689e+09 1.09641693e+09 1.09641698e+09
 1.09641702e+09 1.09641706e+09 1.09641710e+09 1.09641714e+09
 1.09641718e+09 1.09641723e+09 1.09641727e+09 1.09641731e+09
 1.09641735e+09 1.09641739e+09 1.09641743e+09 1.09641748e+09
 1.09641752e+09 1.09641756e+09 1.09641760e+09 1.09641764e+09
 1.09641768e+09 1.09641772e+09 1.09641777e+09 1.09641781e+09
 1.09641785e+09 1.09641789e+09 1.09641793e+09 1.09641797e+09
 1.09641802e+09 1.09641806e+09 1.09641810e+09 1.09641814e+09
 1.09641818e+09 1.09641822e+09 1.09641827e+09 1.09641831e+09
 1.09641835e+09 1.09641839e+09 1.09641843e+09 1.09641847e+09
 1.09641852e+09 1.09641856e+09 1.09641860e+09 1.09641864e+09
 1.09641868e+09 1.09641872e+09 1.09641876e+09 1.09641881e+09
 1.09641885e+09 1.09641889e+09 1.09641893e+09 1.09641897e+09
 1.09641901e+09 1.09641906e+09 1.09641910e+09 1.09641914e+09
 1.09641918e+09 1.09641922e+09 1.09641926e+09 1.09641931e+09
 1.09641935e+09 1.09641939e+09 1.09641943e+09 1.09641947e+09
 1.09641951e+09 1.09641955e+09 1.09641960e+09 1.09641964e+09
 1.09641968e+09 1.09641972e+09 1.09641976e+09 1.09641980e+09
 1.09641985e+09 1.09641989e+09 1.09641993e+09 1.09641997e+09
 1.09642001e+09 1.09642005e+09 1.09642010e+09 1.09642014e+09
 1.09642018e+09 1.09642022e+09 1.09642026e+09 1.09642030e+09
 1.09642035e+09 1.09642039e+09 1.09642043e+09 1.09642047e+09
 1.09642051e+09 1.09642055e+09 1.09642059e+09 1.09642064e+09
 1.09642068e+09 1.09642072e+09 1.09642076e+09 1.09642080e+09
 1.09642084e+09 1.09642089e+09 1.09642093e+09 1.09642097e+09
 1.09642101e+09 1.09642105e+09 1.09642109e+09 1.09642114e+09
 1.09642118e+09 1.09642122e+09 1.09642126e+09 1.09642130e+09
 1.09642134e+09 1.09642138e+09 1.09642143e+09 1.09642147e+09
 1.09642151e+09 1.09642155e+09 1.09642159e+09 1.09642163e+09
 1.09642168e+09 1.09642172e+09 1.09642176e+09 1.09642180e+09
 1.09642184e+09 1.09642188e+09 1.09642193e+09 1.09642197e+09
 1.09642201e+09 1.09642205e+09 1.09642209e+09 1.09642213e+09
 1.09642218e+09 1.09642222e+09 1.09642226e+09 1.09642230e+09
 1.09642234e+09 1.09642238e+09 1.09642242e+09 1.09642247e+09
 1.09642251e+09 1.09642255e+09 1.09642259e+09 1.09642263e+09
 1.09642267e+09 1.09642272e+09 1.09642276e+09 1.09642280e+09
 1.09642284e+09 1.09642288e+09 1.09642292e+09 1.09642297e+09
 1.09642301e+09 1.09642305e+09 1.09642309e+09 1.09642313e+09
 1.09642317e+09 1.09642321e+09 1.09642326e+09 1.09642330e+09
 1.09642334e+09 1.09642338e+09 1.09642342e+09 1.09642346e+09
 1.09642351e+09 1.09642355e+09 1.09642359e+09 1.09642363e+09
 1.09642367e+09 1.09642371e+09 1.09642376e+09 1.09642380e+09
 1.09642384e+09 1.09642388e+09 1.09642392e+09 1.09642396e+09
 1.09642401e+09 1.09642405e+09 1.09642409e+09 1.09642413e+09
 1.09642417e+09 1.09642421e+09 1.09642425e+09 1.09642430e+09
 1.09642434e+09 1.09642438e+09 1.09642442e+09 1.09642446e+09
 1.09642450e+09 1.09642455e+09 1.09642459e+09 1.09642463e+09
 1.09642467e+09 1.09642471e+09 1.09642475e+09 1.09642480e+09
 1.09642484e+09 1.09642488e+09 1.09642492e+09 1.09642496e+09
 1.09642500e+09 1.09642504e+09 1.09642509e+09 1.09642513e+09
 1.09642517e+09 1.09642521e+09 1.09642525e+09 1.09642529e+09
 1.09642534e+09 1.09642538e+09 1.09642542e+09 1.09642546e+09
 1.09642550e+09 1.09642554e+09 1.09642559e+09 1.09642563e+09
 1.09642567e+09 1.09642571e+09 1.09642575e+09 1.09642579e+09
 1.09642584e+09 1.09642588e+09 1.09642592e+09 1.09642596e+09
 1.09642600e+09 1.09642604e+09 1.09642608e+09 1.09642613e+09
 1.09642617e+09 1.09642621e+09 1.09642625e+09 1.09642629e+09
 1.09642633e+09 1.09642638e+09 1.09642642e+09 1.09642646e+09
 1.09642650e+09 1.09642654e+09 1.09642658e+09 1.09642663e+09
 1.09642667e+09 1.09642671e+09 1.09642675e+09 1.09642679e+09
 1.09642683e+09 1.09642687e+09 1.09642692e+09 1.09642696e+09
 1.09642700e+09 1.09642704e+09 1.09642708e+09 1.09642712e+09
 1.09642717e+09 1.09642721e+09 1.09642725e+09 1.09642729e+09
 1.09642733e+09 1.09642737e+09 1.09642742e+09 1.09642746e+09
 1.09642750e+09 1.09642754e+09 1.09642758e+09 1.09642762e+09
 1.09642767e+09 1.09642771e+09 1.09642775e+09 1.09642779e+09
 1.09642783e+09 1.09642787e+09 1.09642791e+09 1.09642796e+09
 1.09642800e+09 1.09642804e+09 1.09642808e+09 1.09642812e+09
 1.09642816e+09 1.09642821e+09 1.09642825e+09 1.09642829e+09
 1.09642833e+09 1.09642837e+09 1.09642841e+09 1.09642846e+09
 1.09642850e+09 1.09642854e+09 1.09642858e+09 1.09642862e+09
 1.09642866e+09 1.09642870e+09 1.09642875e+09 1.09642879e+09
 1.09642883e+09 1.09642887e+09 1.09642891e+09 1.09642895e+09
 1.09642900e+09 1.09642904e+09 1.09642908e+09 1.09642912e+09
 1.09642916e+09 1.09642920e+09 1.09642925e+09 1.09642929e+09
 1.09642933e+09 1.09642937e+09 1.09642941e+09 1.09642945e+09
 1.09642950e+09 1.09642954e+09 1.09642958e+09 1.09642962e+09
 1.09642966e+09 1.09642970e+09 1.09642974e+09 1.09642979e+09
 1.09642983e+09 1.09642987e+09 1.09642991e+09 1.09642995e+09
 1.09642999e+09 1.09643004e+09 1.09643008e+09 1.09643012e+09
 1.09643016e+09 1.09643020e+09 1.09643024e+09 1.09643029e+09
 1.09643033e+09 1.09643037e+09 1.09643041e+09 1.09643045e+09
 1.09643049e+09 1.09643054e+09 1.09643058e+09 1.09643062e+09
 1.09643066e+09 1.09643070e+09 1.09643074e+09 1.09643078e+09
 1.09643083e+09 1.09643087e+09 1.09643091e+09 1.09643095e+09
 1.09643099e+09 1.09643103e+09 1.09643108e+09 1.09643112e+09
 1.09643116e+09 1.09643120e+09 1.09643124e+09 1.09643128e+09
 1.09643133e+09 1.09643137e+09 1.09643141e+09 1.09643145e+09
 1.09643149e+09 1.09643153e+09 1.09643157e+09 1.09643162e+09
 1.09643166e+09 1.09643170e+09 1.09643174e+09 1.09643178e+09
 1.09643182e+09 1.09643187e+09 1.09643191e+09 1.09643195e+09
 1.09643199e+09 1.09643203e+09 1.09643207e+09 1.09643212e+09
 1.09643216e+09 1.09643220e+09 1.09643224e+09 1.09643228e+09
 1.09643232e+09 1.09643237e+09 1.09643241e+09 1.09643245e+09
 1.09643249e+09 1.09643253e+09 1.09643257e+09 1.09643261e+09
 1.09643266e+09 1.09643270e+09 1.09643274e+09 1.09643278e+09
 1.09643282e+09 1.09643286e+09 1.09643291e+09 1.09643295e+09
 1.09643299e+09 1.09643303e+09 1.09643307e+09 1.09643311e+09
 1.09643316e+09 1.09643320e+09 1.09643324e+09 1.09643328e+09
 1.09643332e+09 1.09643336e+09 1.09643340e+09 1.09643345e+09
 1.09643349e+09 1.09643353e+09 1.09643357e+09 1.09643361e+09
 1.09643365e+09 1.09643370e+09 1.09643374e+09 1.09643378e+09
 1.09643382e+09 1.09643386e+09 1.09643390e+09 1.09643395e+09
 1.09643399e+09 1.09643403e+09 1.09643407e+09 1.09643411e+09
 1.09643415e+09 1.09643420e+09 1.09643424e+09 1.09643428e+09
 1.09643432e+09 1.09643436e+09 1.09643440e+09 1.09643444e+09
 1.09643449e+09 1.09643453e+09 1.09643457e+09 1.09643461e+09
 1.09643465e+09 1.09643469e+09 1.09643474e+09 1.09643478e+09
 1.09643482e+09 1.09643486e+09 1.09643490e+09 1.09643494e+09
 1.09643499e+09 1.09643503e+09 1.09643507e+09 1.09643511e+09
 1.09643515e+09 1.09643519e+09 1.09643523e+09 1.09643528e+09
 1.09643532e+09 1.09643536e+09 1.09643540e+09 1.09643544e+09
 1.09643548e+09 1.09643553e+09 1.09643557e+09 1.09643561e+09
 1.09643565e+09 1.09643569e+09 1.09643573e+09 1.09643578e+09
 1.09643582e+09 1.09643586e+09 1.09643590e+09 1.09643594e+09
 1.09643598e+09 1.09643603e+09 1.09643607e+09 1.09643611e+09
 1.09643615e+09 1.09643619e+09 1.09643623e+09 1.09643627e+09
 1.09643632e+09 1.09643636e+09 1.09643640e+09 1.09643644e+09
 1.09643648e+09 1.09643652e+09 1.09643657e+09 1.09643661e+09
 1.09643665e+09 1.09643669e+09 1.09643673e+09 1.09643677e+09
 1.09643682e+09 1.09643686e+09 1.09643690e+09 1.09643694e+09
 1.09643698e+09 1.09643702e+09 1.09643706e+09 1.09643711e+09
 1.09643715e+09 1.09643719e+09 1.09643723e+09 1.09643727e+09
 1.09643731e+09 1.09643736e+09 1.09643740e+09 1.09643744e+09
 1.09643748e+09 1.09643752e+09 1.09643756e+09 1.09643761e+09
 1.09643765e+09 1.09643769e+09 1.09643773e+09 1.09643777e+09
 1.09643781e+09 1.09643786e+09 1.09643790e+09 1.09643794e+09
 1.09643798e+09 1.09643802e+09 1.09643806e+09 1.09643810e+09
 1.09643815e+09 1.09643819e+09 1.09643823e+09 1.09643827e+09
 1.09643831e+09 1.09643835e+09 1.09643840e+09 1.09643844e+09
 1.09643848e+09 1.09643852e+09 1.09643856e+09 1.09643860e+09
 1.09643865e+09 1.09643869e+09 1.09643873e+09 1.09643877e+09
 1.09643881e+09 1.09643885e+09 1.09643889e+09 1.09643894e+09
 1.09643898e+09 1.09643902e+09 1.09643906e+09 1.09643910e+09
 1.09643914e+09 1.09643919e+09 1.09643923e+09 1.09643927e+09
 1.09643931e+09 1.09643935e+09 1.09643939e+09 1.09643944e+09
 1.09643948e+09 1.09643952e+09 1.09643956e+09 1.09643960e+09
 1.09643964e+09 1.09643969e+09 1.09643973e+09 1.09643977e+09
 1.09643981e+09 1.09643985e+09 1.09643989e+09 1.09643993e+09
 1.09643998e+09 1.09644002e+09 1.09644006e+09 1.09644010e+09
 1.09644014e+09 1.09644018e+09 1.09644023e+09 1.09644027e+09
 1.09644031e+09 1.09644035e+09 1.09644039e+09 1.09644043e+09
 1.09644048e+09 1.09644052e+09 1.09644056e+09 1.09644060e+09]
