name =JUICE_ROI_GAN_4_6_02
flyby = ['2034 NOV 18 09:58:51', '2034 NOV 19 09:58:51']
Observation TW = <SpiceCell dtype = 1, length = 0, size = 3400, card = 14, is_set = 1, adjust = 0, init = 1, base = 94073126541184, data = 94073126541232>
Res(t) = [1.1854906  1.18382023 1.18214912 1.18047731 1.17880481 1.17713164
 1.17545782 1.17378338 1.17210834 1.17043272 1.16875655 1.16707984
 1.16540261 1.1637249  1.16204672 1.16036809 1.15868904 1.15700959
 1.15532976 1.15364957 1.15196905 1.15028822 1.14860711 1.14692572
 1.14524409 1.14356224 1.1418802  1.14019798 1.1385156  1.1368331
 1.13515049 1.1334678  1.13178505 1.13010225 1.12841944 1.12673664
 1.12505388 1.12337116 1.12168852 1.12000598 1.11832356 1.11664129
 1.11495918 1.11327727 1.11159557 1.10991411 1.1082329  1.10655199
 1.10487137 1.10319109 1.10151115 1.0998316  1.09815244 1.0964737
 1.0947954  1.09311757 1.09144023 1.08976341 1.08808712 1.08641138
 1.08473623 1.08306168 1.08138776 1.07971449 1.07804189 1.07636999
 1.0746988  1.07302836 1.07135868 1.06968978 1.06802169 1.06635444
 1.06468804 1.06302251 1.06135788 1.05969418 1.05803142 1.05636962
 1.05470881 1.05304902 1.05139026 1.04973255 1.04807592 1.04642039
 1.04476598 1.04311272 1.04146062 1.03980971 1.03816001 1.03651154
 1.03486433 1.03321839 1.03157375 1.02993042 1.02828844 1.02664782
 1.02500858 1.02337075 1.02173434 1.02009939 1.0184659  1.0168339
 1.01520341 1.01357445 1.01194705 1.01032122 1.00869698 1.00707437
 1.00545338 1.00383406 1.00221641 1.00060046 0.99898623 0.99737374
 0.99576301 0.99415406 0.9925469  0.99094157 0.98933808 0.98773644
 0.98613669 0.98453883 0.98294289 0.98134889 0.97975685 0.97816679
 0.97657872 0.97499266 0.97340865 0.97182668 0.97024679 0.96866899
 0.9670933  0.96551974 0.96394833 0.96237908 0.96081202 0.95924716
 0.95768452 0.95612412 0.95456597 0.95301011 0.95145653 0.94990527
 0.94835634 0.94680975 0.94526552 0.94372368 0.94218423 0.9406472
 0.9391126  0.93758045 0.93605076 0.93452356 0.93299886 0.93147667
 0.92995702 0.92843992 0.92692538 0.92541342 0.92390406 0.92239731
 0.92089319 0.91939172 0.9178929  0.91639676 0.91490332 0.91341258
 0.91192456 0.91043928 0.90895675 0.90747698 0.906      0.90452582
 0.90305444 0.90158589 0.90012018 0.89865732 0.89719733 0.89574022
 0.89428601 0.8928347  0.89138632 0.88994088 0.88849838 0.88705885
 0.88562229 0.88418872 0.88275816 0.88133061 0.87990609 0.87848461
 0.87706618 0.87565082 0.87423853 0.87282934 0.87142324 0.87002026
 0.86862041 0.86722369 0.86583012 0.86443972 0.86305248 0.86166843
 0.86028757 0.85890992 0.85753548 0.85616428 0.85479631 0.85343158
 0.85207012 0.85071193 0.84935701 0.84800539 0.84665707 0.84531205
 0.84397036 0.84263199 0.84129696 0.83996529 0.83863697 0.83731201
 0.83599044 0.83467225 0.83335745 0.83204605 0.83073807 0.82943351
 0.82813238 0.82683468 0.82554043 0.82424963 0.8229623  0.82167844
 0.82039805 0.81912115 0.81784774 0.81657783 0.81531143 0.81404854
 0.81278918 0.81153335 0.81028105 0.8090323  0.8077871  0.80654545
 0.80530737 0.80407286 0.80284192 0.80161457 0.80039081 0.79917064
 0.79795407 0.79674111 0.79553176 0.79432603 0.79312393 0.79192545
 0.79073061 0.7895394  0.78835184 0.78716794 0.78598768 0.78481109
 0.78363816 0.7824689  0.78130332 0.78014141 0.77898319 0.77782865
 0.7766778  0.77553065 0.7743872  0.77324745 0.77211141 0.77097908
 0.76985046 0.76872556 0.76760438 0.76648693 0.76537321 0.76426321
 0.76315695 0.76205443 0.76095565 0.75986061 0.75876931 0.75768177
 0.75659797 0.75551793 0.75444164 0.75336911 0.75230034 0.75123534
 0.75017409 0.74911662 0.74806291 0.74701297 0.7459668  0.74492441
 0.74388579 0.74285094 0.74181988 0.74079259 0.73976908 0.73874935
 0.73773341 0.73672125 0.73571287 0.73470828 0.73370747 0.73271045
 0.73171721 0.73072776 0.7297421  0.72876023 0.72778215 0.72680785
 0.72583735 0.72487063 0.7239077  0.72294856 0.72199321 0.72104165
 0.72009387 0.71914988 0.71820968 0.71727327 0.71634064 0.7154118
 0.71448674 0.71356546 0.71264797 0.71173427 0.71082434 0.70991819
 0.70901582 0.70811724 0.70722242 0.70633139 0.70544412 0.70456063
 0.70368091 0.70280497 0.70193279 0.70106437 0.70019972 0.69933884
 0.69848171 0.69762835 0.69677874 0.69593288 0.69509078 0.69425244
 0.69341784 0.69258698 0.69175988 0.69093651 0.69011688 0.689301
 0.68848884 0.68768042 0.68687573 0.68607476 0.68527752 0.684484
 0.6836942  0.68290812 0.68212575 0.68134708 0.68057213 0.67980088
 0.67903333 0.67826947 0.67750931 0.67675285 0.67600007 0.67525097
 0.67450556 0.67376382 0.67302576 0.67229136 0.67156064 0.67083358
 0.67011018 0.66939043 0.66867434 0.66796189 0.66725309 0.66654793
 0.66584641 0.66514852 0.66445426 0.66376362 0.66307661 0.66239321
 0.66171343 0.66103725 0.66036468 0.65969571 0.65903033 0.65836854
 0.65771035 0.65705573 0.65640469 0.65575723 0.65511334 0.65447301
 0.65383624 0.65320303 0.65257336 0.65194725 0.65132467 0.65070564
 0.65009013 0.64947815 0.6488697  0.64826476 0.64766334 0.64706542
 0.64647101 0.64588009 0.64529267 0.64470873 0.64412828 0.64355131
 0.6429778  0.64240777 0.6418412  0.64127809 0.64071842 0.64016221
 0.63960943 0.63906009 0.63851419 0.63797171 0.63743264 0.636897
 0.63636476 0.63583593 0.63531049 0.63478845 0.6342698  0.63375453
 0.63324263 0.63273411 0.63222895 0.63172715 0.6312287  0.63073361
 0.63024185 0.62975344 0.62926835 0.62878659 0.62830816 0.62783303
 0.62736121 0.6268927  0.62642748 0.62596556 0.62550692 0.62505156
 0.62459947 0.62415065 0.62370509 0.62326279 0.62282374 0.62238793
 0.62195536 0.62152603 0.62109991 0.62067702 0.62025735 0.61984088
 0.61942761 0.61901754 0.61861066 0.61820696 0.61780644 0.61740909
 0.61701491 0.61662388 0.61623601 0.61585129 0.61546971 0.61509126
 0.61471594 0.61434375 0.61397467 0.6136087  0.61324583 0.61288606
 0.61252939 0.61217579 0.61182528 0.61147784 0.61113347 0.61079216
 0.6104539  0.61011869 0.60978652 0.60945738 0.60913127 0.60880819
 0.60848812 0.60817107 0.60785701 0.60754596 0.60723789 0.60693281
 0.60663071 0.60633158 0.60603541 0.6057422  0.60545195 0.60516464
 0.60488028 0.60459885 0.60432034 0.60404476 0.60377209 0.60350233
 0.60323547 0.6029715  0.60271043 0.60245224 0.60219692 0.60194448
 0.6016949  0.60144817 0.6012043  0.60096327 0.60072508 0.60048972
 0.60025719 0.60002748 0.59980058 0.59957648 0.59935519 0.59913669
 0.59892097 0.59870804 0.59849788 0.59829049 0.59808586 0.59788398
 0.59768486 0.59748847 0.59729483 0.59710391 0.59691572 0.59673024
 0.59654748 0.59636741 0.59619005 0.59601538 0.59584339 0.59567409
 0.59550745 0.59534348 0.59518218 0.59502352 0.59486751 0.59471415
 0.59456342 0.59441532 0.59426984 0.59412697 0.59398672 0.59384907
 0.59371401 0.59358155 0.59345167 0.59332437 0.59319964 0.59307748
 0.59295788 0.59284083 0.59272632 0.59261436 0.59250494 0.59239804
 0.59229366 0.5921918  0.59209245 0.59199561 0.59190126 0.5918094
 0.59172003 0.59163314 0.59154872 0.59146676 0.59138727 0.59131024
 0.59123565 0.5911635  0.59109379 0.59102651 0.59096165 0.59089922
 0.59083919 0.59078157 0.59072635 0.59067353 0.59062309 0.59057503
 0.59052935 0.59048604 0.5904451  0.59040651 0.59037028 0.59033639
 0.59030484 0.59027562 0.59024874 0.59022417 0.59020192 0.59018199
 0.59016436 0.59014902 0.59013598 0.59012523 0.59011676 0.59011056
 0.59010664 0.59010497 0.59010557 0.59010842 0.59011351 0.59012085
 0.59013042 0.59014222 0.59015625 0.59017249 0.59019094 0.5902116
 0.59023447 0.59025952 0.59028677 0.5903162  0.59034781 0.59038159
 0.59041754 0.59045565 0.59049592 0.59053834 0.5905829  0.5906296
 0.59067844 0.5907294  0.59078249 0.59083769 0.59089501 0.59095443
 0.59101596 0.59107958 0.59114529 0.59121308 0.59128296 0.5913549
 0.59142892 0.591505   0.59158314 0.59166333 0.59174557 0.59182985
 0.59191616 0.59200451 0.59209489 0.59218728 0.59228169 0.59237812
 0.59247654 0.59257697 0.59267939 0.59278381 0.5928902  0.59299858
 0.59310893 0.59322125 0.59333554 0.59345178 0.59356998 0.59369013
 0.59381222 0.59393625 0.59406222 0.59419011 0.59431993 0.59445167
 0.59458532 0.59472088 0.59485835 0.59499771 0.59513897 0.59528212
 0.59542716 0.59557407 0.59572286 0.59587352 0.59602605 0.59618043
 0.59633668 0.59649477 0.59665471 0.5968165  0.59698012 0.59714557
 0.59731285 0.59748196 0.59765288 0.59782562 0.59800016 0.59817652
 0.59835467 0.59853462 0.59871635 0.59889988 0.59908519 0.59927227
 0.59946113 0.59965176 0.59984415 0.6000383  0.60023421 0.60043187
 0.60063127 0.60083242 0.6010353  0.60123992 0.60144627 0.60165434
 0.60186413 0.60207564 0.60228886 0.60250379 0.60272042 0.60293875
 0.60315878 0.6033805  0.6036039  0.60382899 0.60405576 0.6042842
 0.60451431 0.60474609 0.60497953 0.60521463 0.60545138 0.60568978
 0.60592983 0.60617152 0.60641485 0.60665981 0.6069064  0.60715462
 0.60740446 0.60765592 0.607909   0.60816368 0.60841997 0.60867787
 0.60893736 0.60919845 0.60946113 0.6097254  0.60999126 0.61025869
 0.6105277  0.61079828 0.61107044 0.61134416 0.61161944 0.61189628
 0.61217467 0.61245461 0.61273611 0.61301914 0.61330372 0.61358983
 0.61387748 0.61416666 0.61445736 0.61474959 0.61504333 0.61533859
 0.61563537 0.61593365 0.61623344 0.61653473 0.61683752 0.61714181
 0.61744758 0.61775485 0.6180636  0.61837384 0.61868555 0.61899874
 0.61931341 0.61962954 0.61994714 0.6202662  0.62058672 0.6209087
 0.62123213 0.62155701 0.62188334 0.62221112 0.62254033 0.62287099
 0.62320307 0.62353659 0.62387154 0.62420792 0.62454572 0.62488494
 0.62522557 0.62556762 0.62591108 0.62625595 0.62660223 0.62694991
 0.62729898 0.62764946 0.62800133 0.62835459 0.62870924 0.62906527
 0.62942269 0.62978149 0.63014166 0.63050321 0.63086614 0.63123043
 0.63159609 0.63196311 0.6323315  0.63270124 0.63307234 0.63344479
 0.6338186  0.63419375 0.63457025 0.6349481  0.63532728 0.6357078
 0.63608966 0.63647286 0.63685738 0.63724323 0.63763041 0.63801892
 0.63840874 0.63879989 0.63919235 0.63958612 0.63998121 0.64037761
 0.64077531 0.64117432 0.64157464 0.64197625 0.64237917 0.64278338
 0.64318888 0.64359568 0.64400376 0.64441314 0.6448238  0.64523574
 0.64564896 0.64606347 0.64647925 0.64689631 0.64731463 0.64773424
 0.6481551  0.64857724 0.64900064 0.64942531 0.64985123 0.65027842
 0.65070686 0.65113656 0.65156751 0.65199972 0.65243317 0.65286787
 0.65330382 0.65374101 0.65417945 0.65461912 0.65506004 0.65550219
 0.65594557 0.65639019 0.65683605 0.65728313 0.65773144 0.65818098
 0.65863175 0.65908373 0.65953694 0.65999137 0.66044702 0.66090389
 0.66136197 0.66182127 0.66228178 0.6627435  0.66320643 0.66367057
 0.66413592 0.66460247 0.66507022 0.66553918 0.66600934 0.66648069
 0.66695325 0.667427   0.66790195 0.66837809 0.66885543 0.66933395
 0.66981367 0.67029458 0.67077667 0.67125995 0.67174441 0.67223006
 0.67271689 0.67320491 0.6736941  0.67418447 0.67467602 0.67516875
 0.67566265 0.67615773 0.67665398 0.67715141 0.67765    0.67814977
 0.6786507  0.6791528  0.67965608 0.68016051 0.68066611 0.68117288
 0.68168081 0.6821899  0.68270015 0.68321157 0.68372414 0.68423787
 0.68475276 0.68526881 0.68578601 0.68630437 0.68682389 0.68734455
 0.68786637 0.68838935 0.68891347 0.68943875 0.68996517 0.69049274
 0.69102147 0.69155134 0.69208235 0.69261452 0.69314783 0.69368228
 0.69421788 0.69475463 0.69529251 0.69583154 0.69637172 0.69691303
 0.69745549 0.69799908 0.69854382 0.69908969 0.69963671 0.70018486
 0.70073415 0.70128458 0.70183615 0.70238885 0.70294269 0.70349767
 0.70405378 0.70461103 0.70516941 0.70572893 0.70628958 0.70685137
 0.70741429 0.70797834 0.70854353 0.70910985]
t = [1.10073915e+09 1.10073923e+09 1.10073930e+09 1.10073938e+09
 1.10073945e+09 1.10073953e+09 1.10073961e+09 1.10073968e+09
 1.10073976e+09 1.10073984e+09 1.10073991e+09 1.10073999e+09
 1.10074006e+09 1.10074014e+09 1.10074022e+09 1.10074029e+09
 1.10074037e+09 1.10074044e+09 1.10074052e+09 1.10074060e+09
 1.10074067e+09 1.10074075e+09 1.10074082e+09 1.10074090e+09
 1.10074098e+09 1.10074105e+09 1.10074113e+09 1.10074121e+09
 1.10074128e+09 1.10074136e+09 1.10074143e+09 1.10074151e+09
 1.10074159e+09 1.10074166e+09 1.10074174e+09 1.10074181e+09
 1.10074189e+09 1.10074197e+09 1.10074204e+09 1.10074212e+09
 1.10074220e+09 1.10074227e+09 1.10074235e+09 1.10074242e+09
 1.10074250e+09 1.10074258e+09 1.10074265e+09 1.10074273e+09
 1.10074280e+09 1.10074288e+09 1.10074296e+09 1.10074303e+09
 1.10074311e+09 1.10074318e+09 1.10074326e+09 1.10074334e+09
 1.10074341e+09 1.10074349e+09 1.10074357e+09 1.10074364e+09
 1.10074372e+09 1.10074379e+09 1.10074387e+09 1.10074395e+09
 1.10074402e+09 1.10074410e+09 1.10074417e+09 1.10074425e+09
 1.10074433e+09 1.10074440e+09 1.10074448e+09 1.10074456e+09
 1.10074463e+09 1.10074471e+09 1.10074478e+09 1.10074486e+09
 1.10074494e+09 1.10074501e+09 1.10074509e+09 1.10074516e+09
 1.10074524e+09 1.10074532e+09 1.10074539e+09 1.10074547e+09
 1.10074554e+09 1.10074562e+09 1.10074570e+09 1.10074577e+09
 1.10074585e+09 1.10074593e+09 1.10074600e+09 1.10074608e+09
 1.10074615e+09 1.10074623e+09 1.10074631e+09 1.10074638e+09
 1.10074646e+09 1.10074653e+09 1.10074661e+09 1.10074669e+09
 1.10074676e+09 1.10074684e+09 1.10074692e+09 1.10074699e+09
 1.10074707e+09 1.10074714e+09 1.10074722e+09 1.10074730e+09
 1.10074737e+09 1.10074745e+09 1.10074752e+09 1.10074760e+09
 1.10074768e+09 1.10074775e+09 1.10074783e+09 1.10074790e+09
 1.10074798e+09 1.10074806e+09 1.10074813e+09 1.10074821e+09
 1.10074829e+09 1.10074836e+09 1.10074844e+09 1.10074851e+09
 1.10074859e+09 1.10074867e+09 1.10074874e+09 1.10074882e+09
 1.10074889e+09 1.10074897e+09 1.10074905e+09 1.10074912e+09
 1.10074920e+09 1.10074927e+09 1.10074935e+09 1.10074943e+09
 1.10074950e+09 1.10074958e+09 1.10074966e+09 1.10074973e+09
 1.10074981e+09 1.10074988e+09 1.10074996e+09 1.10075004e+09
 1.10075011e+09 1.10075019e+09 1.10075026e+09 1.10075034e+09
 1.10075042e+09 1.10075049e+09 1.10075057e+09 1.10075065e+09
 1.10075072e+09 1.10075080e+09 1.10075087e+09 1.10075095e+09
 1.10075103e+09 1.10075110e+09 1.10075118e+09 1.10075125e+09
 1.10075133e+09 1.10075141e+09 1.10075148e+09 1.10075156e+09
 1.10075163e+09 1.10075171e+09 1.10075179e+09 1.10075186e+09
 1.10075194e+09 1.10075202e+09 1.10075209e+09 1.10075217e+09
 1.10075224e+09 1.10075232e+09 1.10075240e+09 1.10075247e+09
 1.10075255e+09 1.10075262e+09 1.10075270e+09 1.10075278e+09
 1.10075285e+09 1.10075293e+09 1.10075301e+09 1.10075308e+09
 1.10075316e+09 1.10075323e+09 1.10075331e+09 1.10075339e+09
 1.10075346e+09 1.10075354e+09 1.10075361e+09 1.10075369e+09
 1.10075377e+09 1.10075384e+09 1.10075392e+09 1.10075399e+09
 1.10075407e+09 1.10075415e+09 1.10075422e+09 1.10075430e+09
 1.10075438e+09 1.10075445e+09 1.10075453e+09 1.10075460e+09
 1.10075468e+09 1.10075476e+09 1.10075483e+09 1.10075491e+09
 1.10075498e+09 1.10075506e+09 1.10075514e+09 1.10075521e+09
 1.10075529e+09 1.10075537e+09 1.10075544e+09 1.10075552e+09
 1.10075559e+09 1.10075567e+09 1.10075575e+09 1.10075582e+09
 1.10075590e+09 1.10075597e+09 1.10075605e+09 1.10075613e+09
 1.10075620e+09 1.10075628e+09 1.10075635e+09 1.10075643e+09
 1.10075651e+09 1.10075658e+09 1.10075666e+09 1.10075674e+09
 1.10075681e+09 1.10075689e+09 1.10075696e+09 1.10075704e+09
 1.10075712e+09 1.10075719e+09 1.10075727e+09 1.10075734e+09
 1.10075742e+09 1.10075750e+09 1.10075757e+09 1.10075765e+09
 1.10075772e+09 1.10075780e+09 1.10075788e+09 1.10075795e+09
 1.10075803e+09 1.10075811e+09 1.10075818e+09 1.10075826e+09
 1.10075833e+09 1.10075841e+09 1.10075849e+09 1.10075856e+09
 1.10075864e+09 1.10075871e+09 1.10075879e+09 1.10075887e+09
 1.10075894e+09 1.10075902e+09 1.10075910e+09 1.10075917e+09
 1.10075925e+09 1.10075932e+09 1.10075940e+09 1.10075948e+09
 1.10075955e+09 1.10075963e+09 1.10075970e+09 1.10075978e+09
 1.10075986e+09 1.10075993e+09 1.10076001e+09 1.10076008e+09
 1.10076016e+09 1.10076024e+09 1.10076031e+09 1.10076039e+09
 1.10076047e+09 1.10076054e+09 1.10076062e+09 1.10076069e+09
 1.10076077e+09 1.10076085e+09 1.10076092e+09 1.10076100e+09
 1.10076107e+09 1.10076115e+09 1.10076123e+09 1.10076130e+09
 1.10076138e+09 1.10076146e+09 1.10076153e+09 1.10076161e+09
 1.10076168e+09 1.10076176e+09 1.10076184e+09 1.10076191e+09
 1.10076199e+09 1.10076206e+09 1.10076214e+09 1.10076222e+09
 1.10076229e+09 1.10076237e+09 1.10076244e+09 1.10076252e+09
 1.10076260e+09 1.10076267e+09 1.10076275e+09 1.10076283e+09
 1.10076290e+09 1.10076298e+09 1.10076305e+09 1.10076313e+09
 1.10076321e+09 1.10076328e+09 1.10076336e+09 1.10076343e+09
 1.10076351e+09 1.10076359e+09 1.10076366e+09 1.10076374e+09
 1.10076382e+09 1.10076389e+09 1.10076397e+09 1.10076404e+09
 1.10076412e+09 1.10076420e+09 1.10076427e+09 1.10076435e+09
 1.10076442e+09 1.10076450e+09 1.10076458e+09 1.10076465e+09
 1.10076473e+09 1.10076480e+09 1.10076488e+09 1.10076496e+09
 1.10076503e+09 1.10076511e+09 1.10076519e+09 1.10076526e+09
 1.10076534e+09 1.10076541e+09 1.10076549e+09 1.10076557e+09
 1.10076564e+09 1.10076572e+09 1.10076579e+09 1.10076587e+09
 1.10076595e+09 1.10076602e+09 1.10076610e+09 1.10076617e+09
 1.10076625e+09 1.10076633e+09 1.10076640e+09 1.10076648e+09
 1.10076656e+09 1.10076663e+09 1.10076671e+09 1.10076678e+09
 1.10076686e+09 1.10076694e+09 1.10076701e+09 1.10076709e+09
 1.10076716e+09 1.10076724e+09 1.10076732e+09 1.10076739e+09
 1.10076747e+09 1.10076755e+09 1.10076762e+09 1.10076770e+09
 1.10076777e+09 1.10076785e+09 1.10076793e+09 1.10076800e+09
 1.10076808e+09 1.10076815e+09 1.10076823e+09 1.10076831e+09
 1.10076838e+09 1.10076846e+09 1.10076853e+09 1.10076861e+09
 1.10076869e+09 1.10076876e+09 1.10076884e+09 1.10076892e+09
 1.10076899e+09 1.10076907e+09 1.10076914e+09 1.10076922e+09
 1.10076930e+09 1.10076937e+09 1.10076945e+09 1.10076952e+09
 1.10076960e+09 1.10076968e+09 1.10076975e+09 1.10076983e+09
 1.10076991e+09 1.10076998e+09 1.10077006e+09 1.10077013e+09
 1.10077021e+09 1.10077029e+09 1.10077036e+09 1.10077044e+09
 1.10077051e+09 1.10077059e+09 1.10077067e+09 1.10077074e+09
 1.10077082e+09 1.10077089e+09 1.10077097e+09 1.10077105e+09
 1.10077112e+09 1.10077120e+09 1.10077128e+09 1.10077135e+09
 1.10077143e+09 1.10077150e+09 1.10077158e+09 1.10077166e+09
 1.10077173e+09 1.10077181e+09 1.10077188e+09 1.10077196e+09
 1.10077204e+09 1.10077211e+09 1.10077219e+09 1.10077227e+09
 1.10077234e+09 1.10077242e+09 1.10077249e+09 1.10077257e+09
 1.10077265e+09 1.10077272e+09 1.10077280e+09 1.10077287e+09
 1.10077295e+09 1.10077303e+09 1.10077310e+09 1.10077318e+09
 1.10077325e+09 1.10077333e+09 1.10077341e+09 1.10077348e+09
 1.10077356e+09 1.10077364e+09 1.10077371e+09 1.10077379e+09
 1.10077386e+09 1.10077394e+09 1.10077402e+09 1.10077409e+09
 1.10077417e+09 1.10077424e+09 1.10077432e+09 1.10077440e+09
 1.10077447e+09 1.10077455e+09 1.10077462e+09 1.10077470e+09
 1.10077478e+09 1.10077485e+09 1.10077493e+09 1.10077501e+09
 1.10077508e+09 1.10077516e+09 1.10077523e+09 1.10077531e+09
 1.10077539e+09 1.10077546e+09 1.10077554e+09 1.10077561e+09
 1.10077569e+09 1.10077577e+09 1.10077584e+09 1.10077592e+09
 1.10077600e+09 1.10077607e+09 1.10077615e+09 1.10077622e+09
 1.10077630e+09 1.10077638e+09 1.10077645e+09 1.10077653e+09
 1.10077660e+09 1.10077668e+09 1.10077676e+09 1.10077683e+09
 1.10077691e+09 1.10077698e+09 1.10077706e+09 1.10077714e+09
 1.10077721e+09 1.10077729e+09 1.10077737e+09 1.10077744e+09
 1.10077752e+09 1.10077759e+09 1.10077767e+09 1.10077775e+09
 1.10077782e+09 1.10077790e+09 1.10077797e+09 1.10077805e+09
 1.10077813e+09 1.10077820e+09 1.10077828e+09 1.10077836e+09
 1.10077843e+09 1.10077851e+09 1.10077858e+09 1.10077866e+09
 1.10077874e+09 1.10077881e+09 1.10077889e+09 1.10077896e+09
 1.10077904e+09 1.10077912e+09 1.10077919e+09 1.10077927e+09
 1.10077934e+09 1.10077942e+09 1.10077950e+09 1.10077957e+09
 1.10077965e+09 1.10077973e+09 1.10077980e+09 1.10077988e+09
 1.10077995e+09 1.10078003e+09 1.10078011e+09 1.10078018e+09
 1.10078026e+09 1.10078033e+09 1.10078041e+09 1.10078049e+09
 1.10078056e+09 1.10078064e+09 1.10078072e+09 1.10078079e+09
 1.10078087e+09 1.10078094e+09 1.10078102e+09 1.10078110e+09
 1.10078117e+09 1.10078125e+09 1.10078132e+09 1.10078140e+09
 1.10078148e+09 1.10078155e+09 1.10078163e+09 1.10078170e+09
 1.10078178e+09 1.10078186e+09 1.10078193e+09 1.10078201e+09
 1.10078209e+09 1.10078216e+09 1.10078224e+09 1.10078231e+09
 1.10078239e+09 1.10078247e+09 1.10078254e+09 1.10078262e+09
 1.10078269e+09 1.10078277e+09 1.10078285e+09 1.10078292e+09
 1.10078300e+09 1.10078307e+09 1.10078315e+09 1.10078323e+09
 1.10078330e+09 1.10078338e+09 1.10078346e+09 1.10078353e+09
 1.10078361e+09 1.10078368e+09 1.10078376e+09 1.10078384e+09
 1.10078391e+09 1.10078399e+09 1.10078406e+09 1.10078414e+09
 1.10078422e+09 1.10078429e+09 1.10078437e+09 1.10078445e+09
 1.10078452e+09 1.10078460e+09 1.10078467e+09 1.10078475e+09
 1.10078483e+09 1.10078490e+09 1.10078498e+09 1.10078505e+09
 1.10078513e+09 1.10078521e+09 1.10078528e+09 1.10078536e+09
 1.10078543e+09 1.10078551e+09 1.10078559e+09 1.10078566e+09
 1.10078574e+09 1.10078582e+09 1.10078589e+09 1.10078597e+09
 1.10078604e+09 1.10078612e+09 1.10078620e+09 1.10078627e+09
 1.10078635e+09 1.10078642e+09 1.10078650e+09 1.10078658e+09
 1.10078665e+09 1.10078673e+09 1.10078681e+09 1.10078688e+09
 1.10078696e+09 1.10078703e+09 1.10078711e+09 1.10078719e+09
 1.10078726e+09 1.10078734e+09 1.10078741e+09 1.10078749e+09
 1.10078757e+09 1.10078764e+09 1.10078772e+09 1.10078779e+09
 1.10078787e+09 1.10078795e+09 1.10078802e+09 1.10078810e+09
 1.10078818e+09 1.10078825e+09 1.10078833e+09 1.10078840e+09
 1.10078848e+09 1.10078856e+09 1.10078863e+09 1.10078871e+09
 1.10078878e+09 1.10078886e+09 1.10078894e+09 1.10078901e+09
 1.10078909e+09 1.10078917e+09 1.10078924e+09 1.10078932e+09
 1.10078939e+09 1.10078947e+09 1.10078955e+09 1.10078962e+09
 1.10078970e+09 1.10078977e+09 1.10078985e+09 1.10078993e+09
 1.10079000e+09 1.10079008e+09 1.10079015e+09 1.10079023e+09
 1.10079031e+09 1.10079038e+09 1.10079046e+09 1.10079054e+09
 1.10079061e+09 1.10079069e+09 1.10079076e+09 1.10079084e+09
 1.10079092e+09 1.10079099e+09 1.10079107e+09 1.10079114e+09
 1.10079122e+09 1.10079130e+09 1.10079137e+09 1.10079145e+09
 1.10079152e+09 1.10079160e+09 1.10079168e+09 1.10079175e+09
 1.10079183e+09 1.10079191e+09 1.10079198e+09 1.10079206e+09
 1.10079213e+09 1.10079221e+09 1.10079229e+09 1.10079236e+09
 1.10079244e+09 1.10079251e+09 1.10079259e+09 1.10079267e+09
 1.10079274e+09 1.10079282e+09 1.10079290e+09 1.10079297e+09
 1.10079305e+09 1.10079312e+09 1.10079320e+09 1.10079328e+09
 1.10079335e+09 1.10079343e+09 1.10079350e+09 1.10079358e+09
 1.10079366e+09 1.10079373e+09 1.10079381e+09 1.10079388e+09
 1.10079396e+09 1.10079404e+09 1.10079411e+09 1.10079419e+09
 1.10079427e+09 1.10079434e+09 1.10079442e+09 1.10079449e+09
 1.10079457e+09 1.10079465e+09 1.10079472e+09 1.10079480e+09
 1.10079487e+09 1.10079495e+09 1.10079503e+09 1.10079510e+09
 1.10079518e+09 1.10079526e+09 1.10079533e+09 1.10079541e+09
 1.10079548e+09 1.10079556e+09 1.10079564e+09 1.10079571e+09
 1.10079579e+09 1.10079586e+09 1.10079594e+09 1.10079602e+09
 1.10079609e+09 1.10079617e+09 1.10079624e+09 1.10079632e+09
 1.10079640e+09 1.10079647e+09 1.10079655e+09 1.10079663e+09
 1.10079670e+09 1.10079678e+09 1.10079685e+09 1.10079693e+09
 1.10079701e+09 1.10079708e+09 1.10079716e+09 1.10079723e+09
 1.10079731e+09 1.10079739e+09 1.10079746e+09 1.10079754e+09
 1.10079762e+09 1.10079769e+09 1.10079777e+09 1.10079784e+09
 1.10079792e+09 1.10079800e+09 1.10079807e+09 1.10079815e+09
 1.10079822e+09 1.10079830e+09 1.10079838e+09 1.10079845e+09
 1.10079853e+09 1.10079860e+09 1.10079868e+09 1.10079876e+09
 1.10079883e+09 1.10079891e+09 1.10079899e+09 1.10079906e+09
 1.10079914e+09 1.10079921e+09 1.10079929e+09 1.10079937e+09
 1.10079944e+09 1.10079952e+09 1.10079959e+09 1.10079967e+09
 1.10079975e+09 1.10079982e+09 1.10079990e+09 1.10079997e+09
 1.10080005e+09 1.10080013e+09 1.10080020e+09 1.10080028e+09
 1.10080036e+09 1.10080043e+09 1.10080051e+09 1.10080058e+09
 1.10080066e+09 1.10080074e+09 1.10080081e+09 1.10080089e+09
 1.10080096e+09 1.10080104e+09 1.10080112e+09 1.10080119e+09
 1.10080127e+09 1.10080135e+09 1.10080142e+09 1.10080150e+09
 1.10080157e+09 1.10080165e+09 1.10080173e+09 1.10080180e+09
 1.10080188e+09 1.10080195e+09 1.10080203e+09 1.10080211e+09
 1.10080218e+09 1.10080226e+09 1.10080233e+09 1.10080241e+09
 1.10080249e+09 1.10080256e+09 1.10080264e+09 1.10080272e+09
 1.10080279e+09 1.10080287e+09 1.10080294e+09 1.10080302e+09
 1.10080310e+09 1.10080317e+09 1.10080325e+09 1.10080332e+09
 1.10080340e+09 1.10080348e+09 1.10080355e+09 1.10080363e+09
 1.10080371e+09 1.10080378e+09 1.10080386e+09 1.10080393e+09
 1.10080401e+09 1.10080409e+09 1.10080416e+09 1.10080424e+09
 1.10080431e+09 1.10080439e+09 1.10080447e+09 1.10080454e+09
 1.10080462e+09 1.10080469e+09 1.10080477e+09 1.10080485e+09
 1.10080492e+09 1.10080500e+09 1.10080508e+09 1.10080515e+09
 1.10080523e+09 1.10080530e+09 1.10080538e+09 1.10080546e+09
 1.10080553e+09 1.10080561e+09 1.10080568e+09 1.10080576e+09
 1.10080584e+09 1.10080591e+09 1.10080599e+09 1.10080607e+09
 1.10080614e+09 1.10080622e+09 1.10080629e+09 1.10080637e+09
 1.10080645e+09 1.10080652e+09 1.10080660e+09 1.10080667e+09
 1.10080675e+09 1.10080683e+09 1.10080690e+09 1.10080698e+09
 1.10080705e+09 1.10080713e+09 1.10080721e+09 1.10080728e+09
 1.10080736e+09 1.10080744e+09 1.10080751e+09 1.10080759e+09
 1.10080766e+09 1.10080774e+09 1.10080782e+09 1.10080789e+09
 1.10080797e+09 1.10080804e+09 1.10080812e+09 1.10080820e+09
 1.10080827e+09 1.10080835e+09 1.10080842e+09 1.10080850e+09
 1.10080858e+09 1.10080865e+09 1.10080873e+09 1.10080881e+09
 1.10080888e+09 1.10080896e+09 1.10080903e+09 1.10080911e+09
 1.10080919e+09 1.10080926e+09 1.10080934e+09 1.10080941e+09
 1.10080949e+09 1.10080957e+09 1.10080964e+09 1.10080972e+09
 1.10080980e+09 1.10080987e+09 1.10080995e+09 1.10081002e+09
 1.10081010e+09 1.10081018e+09 1.10081025e+09 1.10081033e+09
 1.10081040e+09 1.10081048e+09 1.10081056e+09 1.10081063e+09
 1.10081071e+09 1.10081078e+09 1.10081086e+09 1.10081094e+09
 1.10081101e+09 1.10081109e+09 1.10081117e+09 1.10081124e+09
 1.10081132e+09 1.10081139e+09 1.10081147e+09 1.10081155e+09
 1.10081162e+09 1.10081170e+09 1.10081177e+09 1.10081185e+09
 1.10081193e+09 1.10081200e+09 1.10081208e+09 1.10081216e+09
 1.10081223e+09 1.10081231e+09 1.10081238e+09 1.10081246e+09
 1.10081254e+09 1.10081261e+09 1.10081269e+09 1.10081276e+09
 1.10081284e+09 1.10081292e+09 1.10081299e+09 1.10081307e+09
 1.10081314e+09 1.10081322e+09 1.10081330e+09 1.10081337e+09
 1.10081345e+09 1.10081353e+09 1.10081360e+09 1.10081368e+09
 1.10081375e+09 1.10081383e+09 1.10081391e+09 1.10081398e+09
 1.10081406e+09 1.10081413e+09 1.10081421e+09 1.10081429e+09
 1.10081436e+09 1.10081444e+09 1.10081452e+09 1.10081459e+09
 1.10081467e+09 1.10081474e+09 1.10081482e+09 1.10081490e+09
 1.10081497e+09 1.10081505e+09 1.10081512e+09 1.10081520e+09]
minRes = 0.5901049740600589
minResTime = [1.10078673e+09]
Cov(t) = [100 100 100 100 100 100 100 100 100 100 100 100 100 100 100 100 100 100
 100 100 100 100 100 100 100 100 100 100 100 100 100 100 100 100 100 100
 100 100 100 100 100 100 100 100 100 100 100 100 100 100 100 100 100 100
 100 100 100 100 100 100 100 100 100 100 100 100 100 100 100 100 100 100
 100 100 100 100 100 100 100 100 100 100 100 100 100 100 100 100 100 100
 100 100 100 100 100 100 100 100 100 100 100 100 100 100 100 100 100 100
 100 100 100 100 100 100 100 100 100 100 100 100 100 100 100 100 100 100
 100 100 100 100 100 100 100 100 100 100 100 100 100 100 100 100 100 100
 100 100 100 100 100 100 100 100 100 100 100 100 100 100 100 100 100 100
 100 100 100 100 100 100 100 100 100 100 100 100 100 100 100 100 100 100
 100 100 100 100 100 100 100 100 100 100 100 100 100 100 100 100 100 100
 100 100 100 100 100 100 100 100 100 100 100 100 100 100 100 100 100 100
 100 100 100 100 100 100 100 100 100 100 100 100 100 100 100 100 100 100
 100 100 100 100 100 100 100 100 100 100 100 100 100 100 100 100 100 100
 100 100 100 100 100 100 100 100 100 100 100 100 100 100 100 100 100 100
 100 100 100 100 100 100 100 100 100 100 100 100 100 100 100 100 100 100
 100 100 100 100 100 100 100 100 100 100 100 100 100 100 100 100 100 100
 100 100 100 100 100 100 100 100 100 100 100 100 100 100 100 100 100 100
 100 100 100 100 100 100 100 100 100 100 100 100 100 100 100 100 100 100
 100 100 100 100 100 100 100 100 100 100 100 100 100 100 100 100 100 100
 100 100 100 100 100 100 100 100 100 100 100 100 100 100 100 100 100 100
 100 100 100 100 100 100 100 100 100 100 100 100 100 100 100 100 100 100
 100 100 100 100 100 100 100 100 100 100 100 100 100 100 100 100 100 100
 100 100 100 100 100 100 100 100 100 100 100 100 100 100 100 100 100 100
 100 100 100 100 100 100 100 100 100 100 100 100 100 100 100 100 100 100
 100 100 100 100 100 100 100 100 100 100 100 100 100 100 100 100 100 100
 100 100 100 100 100 100 100 100 100 100 100 100 100 100 100 100 100 100
 100 100 100 100 100 100 100 100 100 100 100 100 100 100 100 100 100 100
 100 100 100 100 100 100 100 100 100 100 100 100 100 100 100 100 100 100
 100 100 100 100 100 100 100 100 100 100 100 100 100 100 100 100 100 100
 100 100 100 100 100 100 100 100 100 100 100 100 100 100 100 100 100 100
 100 100 100 100 100 100 100 100 100 100 100 100 100 100 100 100 100 100
 100 100 100 100 100 100 100 100 100 100 100 100 100 100 100 100 100 100
 100 100 100 100 100 100 100 100 100 100 100 100 100 100 100 100 100 100
 100 100 100 100 100 100 100 100 100 100 100 100 100 100 100 100 100 100
 100 100 100 100 100 100 100 100 100 100 100 100 100 100 100 100 100 100
 100 100 100 100 100 100 100 100 100 100 100 100 100 100 100 100 100 100
 100 100 100 100 100 100 100 100 100 100 100 100 100 100 100 100 100 100
 100 100 100 100 100 100 100 100 100 100 100 100 100 100 100 100 100 100
 100 100 100 100 100 100 100 100 100 100 100 100 100 100 100 100 100 100
 100 100 100 100 100 100 100 100 100 100 100 100 100 100 100 100 100 100
 100 100 100 100 100 100 100 100 100 100 100 100 100 100 100 100 100 100
 100 100 100 100 100 100 100 100 100 100 100 100 100 100 100 100 100 100
 100 100 100 100 100 100 100 100 100 100 100 100 100 100 100 100 100 100
 100 100 100 100 100 100 100 100 100 100 100 100 100 100 100 100 100 100
 100 100 100 100 100 100 100 100 100 100 100 100 100 100 100 100 100 100
 100 100 100 100 100 100 100 100 100 100 100 100 100 100 100 100 100 100
 100 100 100 100 100 100 100 100 100 100 100 100 100 100 100 100 100 100
 100 100 100 100 100 100 100 100 100 100 100 100 100 100 100 100 100 100
 100 100 100 100 100 100 100 100 100 100 100 100 100 100 100 100 100 100
 100 100 100 100 100 100 100 100 100 100 100 100 100 100 100 100 100 100
 100 100 100 100 100 100 100 100 100 100 100 100 100 100 100 100 100 100
 100 100 100 100 100 100 100 100 100 100 100 100 100 100 100 100 100 100
 100 100 100 100 100 100 100 100 100 100 100 100 100 100 100 100 100 100
 100 100 100 100 100 100 100 100 100 100 100 100 100 100 100 100 100 100
 100 100 100 100 100 100 100 100 100 100]
maxCov = 100
maxCovTime = [1.10073915e+09 1.10073923e+09 1.10073930e+09 1.10073938e+09
 1.10073945e+09 1.10073953e+09 1.10073961e+09 1.10073968e+09
 1.10073976e+09 1.10073984e+09 1.10073991e+09 1.10073999e+09
 1.10074006e+09 1.10074014e+09 1.10074022e+09 1.10074029e+09
 1.10074037e+09 1.10074044e+09 1.10074052e+09 1.10074060e+09
 1.10074067e+09 1.10074075e+09 1.10074082e+09 1.10074090e+09
 1.10074098e+09 1.10074105e+09 1.10074113e+09 1.10074121e+09
 1.10074128e+09 1.10074136e+09 1.10074143e+09 1.10074151e+09
 1.10074159e+09 1.10074166e+09 1.10074174e+09 1.10074181e+09
 1.10074189e+09 1.10074197e+09 1.10074204e+09 1.10074212e+09
 1.10074220e+09 1.10074227e+09 1.10074235e+09 1.10074242e+09
 1.10074250e+09 1.10074258e+09 1.10074265e+09 1.10074273e+09
 1.10074280e+09 1.10074288e+09 1.10074296e+09 1.10074303e+09
 1.10074311e+09 1.10074318e+09 1.10074326e+09 1.10074334e+09
 1.10074341e+09 1.10074349e+09 1.10074357e+09 1.10074364e+09
 1.10074372e+09 1.10074379e+09 1.10074387e+09 1.10074395e+09
 1.10074402e+09 1.10074410e+09 1.10074417e+09 1.10074425e+09
 1.10074433e+09 1.10074440e+09 1.10074448e+09 1.10074456e+09
 1.10074463e+09 1.10074471e+09 1.10074478e+09 1.10074486e+09
 1.10074494e+09 1.10074501e+09 1.10074509e+09 1.10074516e+09
 1.10074524e+09 1.10074532e+09 1.10074539e+09 1.10074547e+09
 1.10074554e+09 1.10074562e+09 1.10074570e+09 1.10074577e+09
 1.10074585e+09 1.10074593e+09 1.10074600e+09 1.10074608e+09
 1.10074615e+09 1.10074623e+09 1.10074631e+09 1.10074638e+09
 1.10074646e+09 1.10074653e+09 1.10074661e+09 1.10074669e+09
 1.10074676e+09 1.10074684e+09 1.10074692e+09 1.10074699e+09
 1.10074707e+09 1.10074714e+09 1.10074722e+09 1.10074730e+09
 1.10074737e+09 1.10074745e+09 1.10074752e+09 1.10074760e+09
 1.10074768e+09 1.10074775e+09 1.10074783e+09 1.10074790e+09
 1.10074798e+09 1.10074806e+09 1.10074813e+09 1.10074821e+09
 1.10074829e+09 1.10074836e+09 1.10074844e+09 1.10074851e+09
 1.10074859e+09 1.10074867e+09 1.10074874e+09 1.10074882e+09
 1.10074889e+09 1.10074897e+09 1.10074905e+09 1.10074912e+09
 1.10074920e+09 1.10074927e+09 1.10074935e+09 1.10074943e+09
 1.10074950e+09 1.10074958e+09 1.10074966e+09 1.10074973e+09
 1.10074981e+09 1.10074988e+09 1.10074996e+09 1.10075004e+09
 1.10075011e+09 1.10075019e+09 1.10075026e+09 1.10075034e+09
 1.10075042e+09 1.10075049e+09 1.10075057e+09 1.10075065e+09
 1.10075072e+09 1.10075080e+09 1.10075087e+09 1.10075095e+09
 1.10075103e+09 1.10075110e+09 1.10075118e+09 1.10075125e+09
 1.10075133e+09 1.10075141e+09 1.10075148e+09 1.10075156e+09
 1.10075163e+09 1.10075171e+09 1.10075179e+09 1.10075186e+09
 1.10075194e+09 1.10075202e+09 1.10075209e+09 1.10075217e+09
 1.10075224e+09 1.10075232e+09 1.10075240e+09 1.10075247e+09
 1.10075255e+09 1.10075262e+09 1.10075270e+09 1.10075278e+09
 1.10075285e+09 1.10075293e+09 1.10075301e+09 1.10075308e+09
 1.10075316e+09 1.10075323e+09 1.10075331e+09 1.10075339e+09
 1.10075346e+09 1.10075354e+09 1.10075361e+09 1.10075369e+09
 1.10075377e+09 1.10075384e+09 1.10075392e+09 1.10075399e+09
 1.10075407e+09 1.10075415e+09 1.10075422e+09 1.10075430e+09
 1.10075438e+09 1.10075445e+09 1.10075453e+09 1.10075460e+09
 1.10075468e+09 1.10075476e+09 1.10075483e+09 1.10075491e+09
 1.10075498e+09 1.10075506e+09 1.10075514e+09 1.10075521e+09
 1.10075529e+09 1.10075537e+09 1.10075544e+09 1.10075552e+09
 1.10075559e+09 1.10075567e+09 1.10075575e+09 1.10075582e+09
 1.10075590e+09 1.10075597e+09 1.10075605e+09 1.10075613e+09
 1.10075620e+09 1.10075628e+09 1.10075635e+09 1.10075643e+09
 1.10075651e+09 1.10075658e+09 1.10075666e+09 1.10075674e+09
 1.10075681e+09 1.10075689e+09 1.10075696e+09 1.10075704e+09
 1.10075712e+09 1.10075719e+09 1.10075727e+09 1.10075734e+09
 1.10075742e+09 1.10075750e+09 1.10075757e+09 1.10075765e+09
 1.10075772e+09 1.10075780e+09 1.10075788e+09 1.10075795e+09
 1.10075803e+09 1.10075811e+09 1.10075818e+09 1.10075826e+09
 1.10075833e+09 1.10075841e+09 1.10075849e+09 1.10075856e+09
 1.10075864e+09 1.10075871e+09 1.10075879e+09 1.10075887e+09
 1.10075894e+09 1.10075902e+09 1.10075910e+09 1.10075917e+09
 1.10075925e+09 1.10075932e+09 1.10075940e+09 1.10075948e+09
 1.10075955e+09 1.10075963e+09 1.10075970e+09 1.10075978e+09
 1.10075986e+09 1.10075993e+09 1.10076001e+09 1.10076008e+09
 1.10076016e+09 1.10076024e+09 1.10076031e+09 1.10076039e+09
 1.10076047e+09 1.10076054e+09 1.10076062e+09 1.10076069e+09
 1.10076077e+09 1.10076085e+09 1.10076092e+09 1.10076100e+09
 1.10076107e+09 1.10076115e+09 1.10076123e+09 1.10076130e+09
 1.10076138e+09 1.10076146e+09 1.10076153e+09 1.10076161e+09
 1.10076168e+09 1.10076176e+09 1.10076184e+09 1.10076191e+09
 1.10076199e+09 1.10076206e+09 1.10076214e+09 1.10076222e+09
 1.10076229e+09 1.10076237e+09 1.10076244e+09 1.10076252e+09
 1.10076260e+09 1.10076267e+09 1.10076275e+09 1.10076283e+09
 1.10076290e+09 1.10076298e+09 1.10076305e+09 1.10076313e+09
 1.10076321e+09 1.10076328e+09 1.10076336e+09 1.10076343e+09
 1.10076351e+09 1.10076359e+09 1.10076366e+09 1.10076374e+09
 1.10076382e+09 1.10076389e+09 1.10076397e+09 1.10076404e+09
 1.10076412e+09 1.10076420e+09 1.10076427e+09 1.10076435e+09
 1.10076442e+09 1.10076450e+09 1.10076458e+09 1.10076465e+09
 1.10076473e+09 1.10076480e+09 1.10076488e+09 1.10076496e+09
 1.10076503e+09 1.10076511e+09 1.10076519e+09 1.10076526e+09
 1.10076534e+09 1.10076541e+09 1.10076549e+09 1.10076557e+09
 1.10076564e+09 1.10076572e+09 1.10076579e+09 1.10076587e+09
 1.10076595e+09 1.10076602e+09 1.10076610e+09 1.10076617e+09
 1.10076625e+09 1.10076633e+09 1.10076640e+09 1.10076648e+09
 1.10076656e+09 1.10076663e+09 1.10076671e+09 1.10076678e+09
 1.10076686e+09 1.10076694e+09 1.10076701e+09 1.10076709e+09
 1.10076716e+09 1.10076724e+09 1.10076732e+09 1.10076739e+09
 1.10076747e+09 1.10076755e+09 1.10076762e+09 1.10076770e+09
 1.10076777e+09 1.10076785e+09 1.10076793e+09 1.10076800e+09
 1.10076808e+09 1.10076815e+09 1.10076823e+09 1.10076831e+09
 1.10076838e+09 1.10076846e+09 1.10076853e+09 1.10076861e+09
 1.10076869e+09 1.10076876e+09 1.10076884e+09 1.10076892e+09
 1.10076899e+09 1.10076907e+09 1.10076914e+09 1.10076922e+09
 1.10076930e+09 1.10076937e+09 1.10076945e+09 1.10076952e+09
 1.10076960e+09 1.10076968e+09 1.10076975e+09 1.10076983e+09
 1.10076991e+09 1.10076998e+09 1.10077006e+09 1.10077013e+09
 1.10077021e+09 1.10077029e+09 1.10077036e+09 1.10077044e+09
 1.10077051e+09 1.10077059e+09 1.10077067e+09 1.10077074e+09
 1.10077082e+09 1.10077089e+09 1.10077097e+09 1.10077105e+09
 1.10077112e+09 1.10077120e+09 1.10077128e+09 1.10077135e+09
 1.10077143e+09 1.10077150e+09 1.10077158e+09 1.10077166e+09
 1.10077173e+09 1.10077181e+09 1.10077188e+09 1.10077196e+09
 1.10077204e+09 1.10077211e+09 1.10077219e+09 1.10077227e+09
 1.10077234e+09 1.10077242e+09 1.10077249e+09 1.10077257e+09
 1.10077265e+09 1.10077272e+09 1.10077280e+09 1.10077287e+09
 1.10077295e+09 1.10077303e+09 1.10077310e+09 1.10077318e+09
 1.10077325e+09 1.10077333e+09 1.10077341e+09 1.10077348e+09
 1.10077356e+09 1.10077364e+09 1.10077371e+09 1.10077379e+09
 1.10077386e+09 1.10077394e+09 1.10077402e+09 1.10077409e+09
 1.10077417e+09 1.10077424e+09 1.10077432e+09 1.10077440e+09
 1.10077447e+09 1.10077455e+09 1.10077462e+09 1.10077470e+09
 1.10077478e+09 1.10077485e+09 1.10077493e+09 1.10077501e+09
 1.10077508e+09 1.10077516e+09 1.10077523e+09 1.10077531e+09
 1.10077539e+09 1.10077546e+09 1.10077554e+09 1.10077561e+09
 1.10077569e+09 1.10077577e+09 1.10077584e+09 1.10077592e+09
 1.10077600e+09 1.10077607e+09 1.10077615e+09 1.10077622e+09
 1.10077630e+09 1.10077638e+09 1.10077645e+09 1.10077653e+09
 1.10077660e+09 1.10077668e+09 1.10077676e+09 1.10077683e+09
 1.10077691e+09 1.10077698e+09 1.10077706e+09 1.10077714e+09
 1.10077721e+09 1.10077729e+09 1.10077737e+09 1.10077744e+09
 1.10077752e+09 1.10077759e+09 1.10077767e+09 1.10077775e+09
 1.10077782e+09 1.10077790e+09 1.10077797e+09 1.10077805e+09
 1.10077813e+09 1.10077820e+09 1.10077828e+09 1.10077836e+09
 1.10077843e+09 1.10077851e+09 1.10077858e+09 1.10077866e+09
 1.10077874e+09 1.10077881e+09 1.10077889e+09 1.10077896e+09
 1.10077904e+09 1.10077912e+09 1.10077919e+09 1.10077927e+09
 1.10077934e+09 1.10077942e+09 1.10077950e+09 1.10077957e+09
 1.10077965e+09 1.10077973e+09 1.10077980e+09 1.10077988e+09
 1.10077995e+09 1.10078003e+09 1.10078011e+09 1.10078018e+09
 1.10078026e+09 1.10078033e+09 1.10078041e+09 1.10078049e+09
 1.10078056e+09 1.10078064e+09 1.10078072e+09 1.10078079e+09
 1.10078087e+09 1.10078094e+09 1.10078102e+09 1.10078110e+09
 1.10078117e+09 1.10078125e+09 1.10078132e+09 1.10078140e+09
 1.10078148e+09 1.10078155e+09 1.10078163e+09 1.10078170e+09
 1.10078178e+09 1.10078186e+09 1.10078193e+09 1.10078201e+09
 1.10078209e+09 1.10078216e+09 1.10078224e+09 1.10078231e+09
 1.10078239e+09 1.10078247e+09 1.10078254e+09 1.10078262e+09
 1.10078269e+09 1.10078277e+09 1.10078285e+09 1.10078292e+09
 1.10078300e+09 1.10078307e+09 1.10078315e+09 1.10078323e+09
 1.10078330e+09 1.10078338e+09 1.10078346e+09 1.10078353e+09
 1.10078361e+09 1.10078368e+09 1.10078376e+09 1.10078384e+09
 1.10078391e+09 1.10078399e+09 1.10078406e+09 1.10078414e+09
 1.10078422e+09 1.10078429e+09 1.10078437e+09 1.10078445e+09
 1.10078452e+09 1.10078460e+09 1.10078467e+09 1.10078475e+09
 1.10078483e+09 1.10078490e+09 1.10078498e+09 1.10078505e+09
 1.10078513e+09 1.10078521e+09 1.10078528e+09 1.10078536e+09
 1.10078543e+09 1.10078551e+09 1.10078559e+09 1.10078566e+09
 1.10078574e+09 1.10078582e+09 1.10078589e+09 1.10078597e+09
 1.10078604e+09 1.10078612e+09 1.10078620e+09 1.10078627e+09
 1.10078635e+09 1.10078642e+09 1.10078650e+09 1.10078658e+09
 1.10078665e+09 1.10078673e+09 1.10078681e+09 1.10078688e+09
 1.10078696e+09 1.10078703e+09 1.10078711e+09 1.10078719e+09
 1.10078726e+09 1.10078734e+09 1.10078741e+09 1.10078749e+09
 1.10078757e+09 1.10078764e+09 1.10078772e+09 1.10078779e+09
 1.10078787e+09 1.10078795e+09 1.10078802e+09 1.10078810e+09
 1.10078818e+09 1.10078825e+09 1.10078833e+09 1.10078840e+09
 1.10078848e+09 1.10078856e+09 1.10078863e+09 1.10078871e+09
 1.10078878e+09 1.10078886e+09 1.10078894e+09 1.10078901e+09
 1.10078909e+09 1.10078917e+09 1.10078924e+09 1.10078932e+09
 1.10078939e+09 1.10078947e+09 1.10078955e+09 1.10078962e+09
 1.10078970e+09 1.10078977e+09 1.10078985e+09 1.10078993e+09
 1.10079000e+09 1.10079008e+09 1.10079015e+09 1.10079023e+09
 1.10079031e+09 1.10079038e+09 1.10079046e+09 1.10079054e+09
 1.10079061e+09 1.10079069e+09 1.10079076e+09 1.10079084e+09
 1.10079092e+09 1.10079099e+09 1.10079107e+09 1.10079114e+09
 1.10079122e+09 1.10079130e+09 1.10079137e+09 1.10079145e+09
 1.10079152e+09 1.10079160e+09 1.10079168e+09 1.10079175e+09
 1.10079183e+09 1.10079191e+09 1.10079198e+09 1.10079206e+09
 1.10079213e+09 1.10079221e+09 1.10079229e+09 1.10079236e+09
 1.10079244e+09 1.10079251e+09 1.10079259e+09 1.10079267e+09
 1.10079274e+09 1.10079282e+09 1.10079290e+09 1.10079297e+09
 1.10079305e+09 1.10079312e+09 1.10079320e+09 1.10079328e+09
 1.10079335e+09 1.10079343e+09 1.10079350e+09 1.10079358e+09
 1.10079366e+09 1.10079373e+09 1.10079381e+09 1.10079388e+09
 1.10079396e+09 1.10079404e+09 1.10079411e+09 1.10079419e+09
 1.10079427e+09 1.10079434e+09 1.10079442e+09 1.10079449e+09
 1.10079457e+09 1.10079465e+09 1.10079472e+09 1.10079480e+09
 1.10079487e+09 1.10079495e+09 1.10079503e+09 1.10079510e+09
 1.10079518e+09 1.10079526e+09 1.10079533e+09 1.10079541e+09
 1.10079548e+09 1.10079556e+09 1.10079564e+09 1.10079571e+09
 1.10079579e+09 1.10079586e+09 1.10079594e+09 1.10079602e+09
 1.10079609e+09 1.10079617e+09 1.10079624e+09 1.10079632e+09
 1.10079640e+09 1.10079647e+09 1.10079655e+09 1.10079663e+09
 1.10079670e+09 1.10079678e+09 1.10079685e+09 1.10079693e+09
 1.10079701e+09 1.10079708e+09 1.10079716e+09 1.10079723e+09
 1.10079731e+09 1.10079739e+09 1.10079746e+09 1.10079754e+09
 1.10079762e+09 1.10079769e+09 1.10079777e+09 1.10079784e+09
 1.10079792e+09 1.10079800e+09 1.10079807e+09 1.10079815e+09
 1.10079822e+09 1.10079830e+09 1.10079838e+09 1.10079845e+09
 1.10079853e+09 1.10079860e+09 1.10079868e+09 1.10079876e+09
 1.10079883e+09 1.10079891e+09 1.10079899e+09 1.10079906e+09
 1.10079914e+09 1.10079921e+09 1.10079929e+09 1.10079937e+09
 1.10079944e+09 1.10079952e+09 1.10079959e+09 1.10079967e+09
 1.10079975e+09 1.10079982e+09 1.10079990e+09 1.10079997e+09
 1.10080005e+09 1.10080013e+09 1.10080020e+09 1.10080028e+09
 1.10080036e+09 1.10080043e+09 1.10080051e+09 1.10080058e+09
 1.10080066e+09 1.10080074e+09 1.10080081e+09 1.10080089e+09
 1.10080096e+09 1.10080104e+09 1.10080112e+09 1.10080119e+09
 1.10080127e+09 1.10080135e+09 1.10080142e+09 1.10080150e+09
 1.10080157e+09 1.10080165e+09 1.10080173e+09 1.10080180e+09
 1.10080188e+09 1.10080195e+09 1.10080203e+09 1.10080211e+09
 1.10080218e+09 1.10080226e+09 1.10080233e+09 1.10080241e+09
 1.10080249e+09 1.10080256e+09 1.10080264e+09 1.10080272e+09
 1.10080279e+09 1.10080287e+09 1.10080294e+09 1.10080302e+09
 1.10080310e+09 1.10080317e+09 1.10080325e+09 1.10080332e+09
 1.10080340e+09 1.10080348e+09 1.10080355e+09 1.10080363e+09
 1.10080371e+09 1.10080378e+09 1.10080386e+09 1.10080393e+09
 1.10080401e+09 1.10080409e+09 1.10080416e+09 1.10080424e+09
 1.10080431e+09 1.10080439e+09 1.10080447e+09 1.10080454e+09
 1.10080462e+09 1.10080469e+09 1.10080477e+09 1.10080485e+09
 1.10080492e+09 1.10080500e+09 1.10080508e+09 1.10080515e+09
 1.10080523e+09 1.10080530e+09 1.10080538e+09 1.10080546e+09
 1.10080553e+09 1.10080561e+09 1.10080568e+09 1.10080576e+09
 1.10080584e+09 1.10080591e+09 1.10080599e+09 1.10080607e+09
 1.10080614e+09 1.10080622e+09 1.10080629e+09 1.10080637e+09
 1.10080645e+09 1.10080652e+09 1.10080660e+09 1.10080667e+09
 1.10080675e+09 1.10080683e+09 1.10080690e+09 1.10080698e+09
 1.10080705e+09 1.10080713e+09 1.10080721e+09 1.10080728e+09
 1.10080736e+09 1.10080744e+09 1.10080751e+09 1.10080759e+09
 1.10080766e+09 1.10080774e+09 1.10080782e+09 1.10080789e+09
 1.10080797e+09 1.10080804e+09 1.10080812e+09 1.10080820e+09
 1.10080827e+09 1.10080835e+09 1.10080842e+09 1.10080850e+09
 1.10080858e+09 1.10080865e+09 1.10080873e+09 1.10080881e+09
 1.10080888e+09 1.10080896e+09 1.10080903e+09 1.10080911e+09
 1.10080919e+09 1.10080926e+09 1.10080934e+09 1.10080941e+09
 1.10080949e+09 1.10080957e+09 1.10080964e+09 1.10080972e+09
 1.10080980e+09 1.10080987e+09 1.10080995e+09 1.10081002e+09
 1.10081010e+09 1.10081018e+09 1.10081025e+09 1.10081033e+09
 1.10081040e+09 1.10081048e+09 1.10081056e+09 1.10081063e+09
 1.10081071e+09 1.10081078e+09 1.10081086e+09 1.10081094e+09
 1.10081101e+09 1.10081109e+09 1.10081117e+09 1.10081124e+09
 1.10081132e+09 1.10081139e+09 1.10081147e+09 1.10081155e+09
 1.10081162e+09 1.10081170e+09 1.10081177e+09 1.10081185e+09
 1.10081193e+09 1.10081200e+09 1.10081208e+09 1.10081216e+09
 1.10081223e+09 1.10081231e+09 1.10081238e+09 1.10081246e+09
 1.10081254e+09 1.10081261e+09 1.10081269e+09 1.10081276e+09
 1.10081284e+09 1.10081292e+09 1.10081299e+09 1.10081307e+09
 1.10081314e+09 1.10081322e+09 1.10081330e+09 1.10081337e+09
 1.10081345e+09 1.10081353e+09 1.10081360e+09 1.10081368e+09
 1.10081375e+09 1.10081383e+09 1.10081391e+09 1.10081398e+09
 1.10081406e+09 1.10081413e+09 1.10081421e+09 1.10081429e+09
 1.10081436e+09 1.10081444e+09 1.10081452e+09 1.10081459e+09
 1.10081467e+09 1.10081474e+09 1.10081482e+09 1.10081490e+09
 1.10081497e+09 1.10081505e+09 1.10081512e+09 1.10081520e+09]
