name =JUICE_ROI_GAN_4_3_01
flyby = ['2034 JAN 14 06:38:51', '2034 JAN 15 06:38:51']
Observation TW = <SpiceCell dtype = 1, length = 0, size = 2800, card = 8, is_set = 1, adjust = 0, init = 1, base = 94744004117568, data = 94744004117616>
Res(t) = [0.25800273 0.25775531 0.25750793 0.25726059 0.25701328 0.256766
 0.25651876 0.25627155 0.25602438 0.25577724 0.25553014 0.25528308
 0.25503604 0.25478905 0.25454209 0.25429516 0.25404827 0.25380141
 0.25355459 0.25330781 0.25306106 0.25281435 0.25256767 0.25232103
 0.25207442 0.25182785 0.25158132 0.25133482 0.25108836 0.25084194
 0.25059555 0.2503492  0.25010288 0.2498566  0.24961036 0.24936416
 0.24911799 0.24887186 0.24862577 0.24837971 0.24813369 0.24788771
 0.24764177 0.24739586 0.24714999 0.24690416 0.24665836 0.24641261
 0.24616689 0.24592121 0.24567557 0.24542997 0.2451844  0.24493887
 0.24469338 0.24444793 0.24420252 0.24395715 0.24371182 0.24346652
 0.24322127 0.24297605 0.24178032 0.24153605 0.24129182 0.24104764
 0.24080348 0.24055937 0.2403153  0.24007127 0.23982727 0.23958332
 0.2393394  0.23909553 0.23885169 0.23860789 0.23836414 0.23812042
 0.23787674 0.2376331  0.23738951 0.23714595 0.23690243 0.23665896
 0.23641552 0.23617213 0.23592877 0.23568546 0.23544219 0.23519896
 0.23495577 0.23471262 0.23446951 0.23422645 0.23398342 0.23374044
 0.2334975  0.2332546  0.23301175 0.23276893 0.23252616 0.23228343
 0.23204075 0.2317981  0.2315555  0.23131294 0.23107043 0.23082796
 0.23058553 0.23034314 0.2301008  0.2298585  0.22961625 0.22937403
 0.22913187 0.22888974 0.22864766 0.22840563 0.22816364 0.22792169
 0.22767979 0.22743794 0.22764163 0.22739744 0.22715329 0.2269092
 0.22666515 0.22642115 0.2261772  0.2259333  0.22568946 0.22544566
 0.22520191 0.22495821 0.22471456 0.22447096 0.22422741 0.22398392
 0.22374047 0.22349707 0.22325373 0.22301043 0.22276719 0.222524
 0.22228086 0.22203777 0.22179474 0.22155175 0.22130882 0.22106594
 0.22082312 0.22058034 0.22033762 0.22009495 0.21985233 0.21960977
 0.21936726 0.2191248  0.2188824  0.21864005 0.21839775 0.21815551
 0.21791333 0.21767119 0.21742911 0.21718709 0.21694512 0.2167032
 0.21646134 0.21621954 0.21597779 0.2157361  0.21549446 0.21525288
 0.21501135 0.21476988 0.21452846 0.21428711 0.21404581 0.21380456
 0.21356337 0.21332224 0.21308117 0.21284015 0.2125992  0.2123583
 0.21211745 0.21187667 0.21163594 0.21139527 0.21115467 0.21091411
 0.21067362 0.21043319 0.21019282 0.2099525  0.20971225 0.20947205
 0.20923192 0.20899185 0.20875183 0.20851188 0.20827198 0.20803215
 0.20779238 0.20755267 0.20731302 0.20707344 0.20683391 0.20659445
 0.20635505 0.20611571 0.20587643 0.20563722 0.20539807 0.20515898
 0.20491996 0.204681   0.2044421  0.20420327 0.2039645  0.2037258
 0.20348716 0.20324858 0.20301007 0.20277163 0.20253325 0.20229493
 0.20205669 0.2018185  0.20158039 0.20134234 0.20110435 0.20086644
 0.20062859 0.2003908  0.20015309 0.19991544 0.19967786 0.19944035
 0.19920291 0.19896553 0.19872823 0.19849099 0.19825382 0.19801672
 0.19777969 0.19754273 0.19730585 0.19706903 0.19683228 0.1965956
 0.19635899 0.19612246 0.195886   0.1956496  0.19541328 0.19517704
 0.19494086 0.19470476 0.19446873 0.19423277 0.19399689 0.19376108
 0.19352535 0.19328969 0.1930541  0.19281859 0.19258315 0.19234779
 0.1921125  0.19187729 0.19164215 0.1914071  0.19117211 0.19093721
 0.19070238 0.19046763 0.19023295 0.18999836 0.18976384 0.1895294
 0.18929504 0.18906076 0.18882655 0.18859243 0.18835839 0.18812442
 0.18789054 0.18765674 0.18742301 0.18718937 0.18695581 0.18672234
 0.18648894 0.18625563 0.1860224  0.18578925 0.18555618 0.1853232
 0.18509031 0.18485749 0.18462476 0.18439212 0.18415956 0.18392709
 0.1836947  0.1834624  0.18323018 0.18299805 0.18276601 0.18253405
 0.18230219 0.18207041 0.18183871 0.18160711 0.1813756  0.18114417
 0.18091284 0.18068159 0.18045043 0.18021937 0.17998839 0.17975751
 0.17952672 0.17929602 0.17906541 0.1788349  0.17860448 0.17837415
 0.17814391 0.17791377 0.17768372 0.17745377 0.17722392 0.17699415
 0.17676449 0.17653492 0.17630545 0.17607607 0.17584679 0.17561761
 0.17538853 0.17515954 0.17493066 0.17470187 0.17447318 0.17424459
 0.17401611 0.17378772 0.17355944 0.17333125 0.17310317 0.17287519
 0.17264732 0.17241954 0.17219187 0.17196431 0.17173685 0.17150949
 0.17128224 0.17105509 0.17082805 0.17060112 0.17037429 0.17014758
 0.16992096 0.16969446 0.16946807 0.16924178 0.16901561 0.16878954
 0.16856359 0.16833774 0.16811201 0.16788639 0.16766088 0.16743548
 0.16721018 0.16698501 0.16675996 0.16653502 0.16631019 0.16608548
 0.16586089 0.16563641 0.16541205 0.1651878  0.16496368 0.16473967
 0.16451578 0.16429202 0.16406837 0.16384484 0.16362143 0.16339815
 0.16317498 0.16295194 0.16272903 0.16250623 0.16228356 0.16206102
 0.16183859 0.1616163  0.16139413 0.16117209 0.16095018 0.16072839
 0.16050673 0.1602852  0.1600638  0.15984253 0.15962139 0.15940039
 0.15917951 0.15895877 0.15873816 0.15851768 0.15829734 0.15807713
 0.15785706 0.15763712 0.15741732 0.15719766 0.15697813 0.15675874
 0.1565395  0.15632039 0.15610142 0.1558826  0.15566391 0.15544537
 0.15522697 0.15500871 0.1547906  0.15457263 0.1543548  0.15413713
 0.1539196  0.15370221 0.15348498 0.15326789 0.15305095 0.15283416
 0.15261753 0.15240104 0.15218471 0.15196853 0.1517525  0.15153663
 0.15132091 0.15110536 0.15088995 0.1506747  0.15045961 0.15024468
 0.15002991 0.14981529 0.14960084 0.14938655 0.14917242 0.14895845
 0.14874465 0.14853101 0.14831754 0.14810424 0.1478911  0.14767813
 0.14746532 0.14725269 0.14704023 0.14682793 0.14661581 0.14640387
 0.14619209 0.14598049 0.14576907 0.14555782 0.14534674 0.14513585
 0.14492513 0.1447146  0.14450424 0.14429406 0.14408407 0.14387426
 0.14366463 0.14345519 0.14324593 0.14303686 0.14282798 0.14261928
 0.14241078 0.14220246 0.14199434 0.14178641 0.14087586 0.14066749
 0.14045931 0.14025134 0.14004356 0.13983599 0.13962862 0.13942145
 0.13921449 0.13900773 0.13880118 0.13859484 0.13838871 0.13818278
 0.13797707 0.13777157 0.13756628 0.13718085 0.13697458 0.13676853
 0.1365627  0.13635709 0.1361517  0.13594655 0.13574161 0.13490327
 0.13469857 0.13449409 0.13428985 0.13408584 0.13388207 0.13367853
 0.13338506 0.13318348 0.13298215 0.13278105 0.13258021 0.1323796
 0.13217925 0.13197915 0.1317793  0.13157969 0.13138035 0.13118125
 0.13116842 0.13097074 0.13077332 0.13057617 0.13037929 0.13018267
 0.12998632 0.12979025 0.12959444 0.12939891 0.12920366 0.12900868
 0.12881398 0.12858032 0.12838746 0.12819489 0.1280026  0.12781061
 0.12761891 0.1274275  0.12723639 0.12704557 0.12685506 0.12666484
 0.12647493 0.12628532 0.12609602 0.12590702 0.12571833 0.12552996
 0.1253419  0.12515415 0.12496671 0.1247796  0.12459281 0.12440633
 0.12422018 0.12403436 0.12384886 0.1236637  0.12347886 0.12329436
 0.12311019 0.12292636 0.12274287 0.12255972 0.12237691 0.12219445
 0.12201233 0.12183056 0.12164915 0.12146809 0.12128738 0.12110703
 0.12092704 0.12074741 0.12056815 0.12038925 0.12021072 0.12003256
 0.11985478 0.11967736 0.11938642 0.11920989 0.11903374 0.11885797
 0.1186826  0.11850761 0.11833302 0.11815882 0.11798502 0.11781162
 0.11763481 0.11746225 0.1172901  0.11711836 0.11693856 0.11676772
 0.1165973  0.1164273  0.11625772 0.11608857 0.11591985 0.11575156
 0.11558371 0.11541629 0.11524931 0.11508278 0.11491669 0.11489732
 0.11473307 0.11391902 0.11375864 0.11359874 0.11343933 0.11328042
 0.1129387  0.11278085 0.1126235  0.11246667 0.11231037 0.11215458
 0.11199933 0.11184458 0.11169039 0.11153673 0.11138362 0.11130104
 0.11114883 0.11099717 0.11084606 0.11069551 0.11054552 0.1103961
 0.11024724 0.11009897 0.10995127 0.10980415 0.10965761 0.10951167
 0.10936632 0.10922158 0.10907743 0.10893389 0.10879096 0.10864865
 0.10850696 0.10836589 0.10822545 0.10808565 0.10794649 0.10780796
 0.10767009 0.10753287 0.1073963  0.1072604  0.10712517 0.1069906
 0.10685672 0.10672351 0.106591   0.10645917 0.10632804 0.10619762
 0.1060679  0.1059389  0.10581062 0.10568306 0.10555623 0.10543013
 0.10530478 0.10518017 0.10485735 0.10473604 0.1046155  0.10449574
 0.10437677 0.1042586  0.10414122 0.10402466 0.10390891 0.10379398
 0.10367988 0.10356661 0.10345418 0.1033426  0.10320802 0.10309957
 0.102992   0.10288532 0.10277955 0.10267468 0.10257073 0.10195311
 0.10146513 0.10136661 0.10126908 0.10117253 0.10107697 0.10098241
 0.10088887 0.10079634 0.10070484 0.10040275 0.10031435 0.10022703
 0.10014079 0.10005565 0.09997162 0.0998887  0.09980691 0.09972626
 0.09964675 0.0995684  0.09949122 0.09941523 0.09934042 0.09926681
 0.09919442 0.09912326 0.09905333 0.09898465 0.09891723 0.09885109
 0.09878623 0.09872267 0.09866042 0.0985995  0.09853991 0.09904642
 0.09899547 0.09894597 0.09889796 0.09885144 0.09880643 0.09876295
 0.09872102 0.09868064 0.09864184 0.09860464 0.09856905 0.0985351
 0.0985028  0.09847216 0.09844322 0.09841598 0.09839047 0.09836671
 0.09834472 0.09832452 0.09830613 0.09828958 0.09827488 0.09826207
 0.09825115 0.09824217 0.09823513 0.09823007 0.09822701 0.09822598
 0.098227   0.09823013 0.09823534 0.09824268 0.09755616 0.09755772
 0.0975613  0.09756696 0.09757473 0.09758462 0.09759668 0.09761091
 0.09762735 0.09764603 0.09766697 0.09769022 0.09771579 0.09774374
 0.09777408 0.09780685 0.09784209 0.09787983 0.09792013 0.09796299
 0.09800846 0.09805659 0.09810741 0.09816095 0.09821733 0.09827648
 0.0983385  0.09840347 0.09847138 0.09854233 0.0986163  0.0986934
 0.09877371 0.09885719 0.09894397 0.09903409 0.09912761 0.09922459
 0.0993251  0.09837578 0.09846518 0.09855787 0.09865391 0.0987534
 0.09885631 0.09896281 0.09907301 0.09918676 0.0993043  0.09942566
 0.09955081 0.09968004 0.09981329 0.09995063 0.10009231 0.10023824
 0.10038858 0.10054339 0.10070285 0.10069845 0.10086676 0.10104
 0.0998192  0.09997484 0.10013495 0.10029964 0.100469   0.10064315
 0.10082223 0.1010062  0.10119535 0.1013898  0.10002138 0.10019396
 0.10037115 0.10055305 0.10073976 0.10093139 0.10112805 0.10132986
 0.10153693 0.10174939 0.10196738 0.10219102 0.10242047 0.10265587
 0.10289738 0.10314518 0.10339942 0.1036603  0.10392802 0.10398109
 0.1042451  0.10451586 0.10479355 0.10507839 0.1053706  0.10567039
 0.10597801 0.10629372 0.1066178  0.10695053 0.10729239 0.10764333
 0.10800398 0.10837466 0.10875578 0.1091478  0.10955118 0.10996645
 0.10983185 0.11023658 0.11065279 0.111081   0.11152175 0.11197567
 0.11244341 0.1126878  0.11318262 0.11012933 0.11054492 0.11097142
 0.11140925 0.11185885 0.11232068 0.1127955  0.11328336 0.11378506
 0.11430121 0.11483246 0.11537951 0.11594307 0.11564178 0.11618934
 0.11675283 0.11733295 0.11793047 0.11854618 0.11918089 0.11983538
 0.1205104  0.12184505 0.12262271 0.12343412 0.12428267 0.12517244
 0.12610836 0.12709656 0.12785314 0.12896891 0.13016955 0.13147451
 0.12447209 0.1262642  0.12721542 0.12821467 0.12926771 0.13038164
 0.13156537 0.13009291 0.13116071 0.132286   0.13347632 0.13474113
 0.1360925  0.13754636 0.13912445 0.14085773 0.14279283 0.14433834
 0.14694858 0.15025294 0.15499637 0.15904391 0.14258899 0.14459136
 0.14684918 0.14945926 0.15259492 0.15661671 0.1624829  0.14786799
 0.15083795 0.15469441 0.16045311 0.16393444 0.14317033 0.14517378
 0.147466   0.15016732 0.15349624 0.15791657 0.16472298 0.16807935
 0.14679177 0.15080008 0.15829121 0.14073138 0.14202157 0.14339029
 0.14485095 0.14642109 0.14812448 0.14999438 0.15207972 0.15445689
 0.15725598 0.16072851 0.16308161 0.17132042 0.15362449 0.15548253
 0.15750454 0.15973007 0.16221524 0.16504322]
t = [1.07414355e+09 1.07414355e+09 1.07414356e+09 1.07414356e+09
 1.07414357e+09 1.07414357e+09 1.07414358e+09 1.07414358e+09
 1.07414359e+09 1.07414359e+09 1.07414360e+09 1.07414360e+09
 1.07414361e+09 1.07414361e+09 1.07414362e+09 1.07414362e+09
 1.07414363e+09 1.07414363e+09 1.07414363e+09 1.07414364e+09
 1.07414364e+09 1.07414365e+09 1.07414365e+09 1.07414366e+09
 1.07414366e+09 1.07414367e+09 1.07414367e+09 1.07414368e+09
 1.07414368e+09 1.07414369e+09 1.07414369e+09 1.07414370e+09
 1.07414370e+09 1.07414371e+09 1.07414371e+09 1.07414371e+09
 1.07414372e+09 1.07414372e+09 1.07414373e+09 1.07414373e+09
 1.07414374e+09 1.07414374e+09 1.07414375e+09 1.07414375e+09
 1.07414376e+09 1.07414376e+09 1.07414377e+09 1.07414377e+09
 1.07414378e+09 1.07414378e+09 1.07414379e+09 1.07414379e+09
 1.07414379e+09 1.07414380e+09 1.07414380e+09 1.07414381e+09
 1.07414381e+09 1.07414382e+09 1.07414382e+09 1.07414383e+09
 1.07414383e+09 1.07414384e+09 1.07414384e+09 1.07414385e+09
 1.07414385e+09 1.07414386e+09 1.07414386e+09 1.07414386e+09
 1.07414387e+09 1.07414387e+09 1.07414388e+09 1.07414388e+09
 1.07414389e+09 1.07414389e+09 1.07414390e+09 1.07414390e+09
 1.07414391e+09 1.07414391e+09 1.07414392e+09 1.07414392e+09
 1.07414393e+09 1.07414393e+09 1.07414394e+09 1.07414394e+09
 1.07414394e+09 1.07414395e+09 1.07414395e+09 1.07414396e+09
 1.07414396e+09 1.07414397e+09 1.07414397e+09 1.07414398e+09
 1.07414398e+09 1.07414399e+09 1.07414399e+09 1.07414400e+09
 1.07414400e+09 1.07414401e+09 1.07414401e+09 1.07414402e+09
 1.07414402e+09 1.07414402e+09 1.07414403e+09 1.07414403e+09
 1.07414404e+09 1.07414404e+09 1.07414405e+09 1.07414405e+09
 1.07414406e+09 1.07414406e+09 1.07414407e+09 1.07414407e+09
 1.07414408e+09 1.07414408e+09 1.07414409e+09 1.07414409e+09
 1.07414410e+09 1.07414410e+09 1.07414410e+09 1.07414411e+09
 1.07414411e+09 1.07414412e+09 1.07414412e+09 1.07414413e+09
 1.07414413e+09 1.07414414e+09 1.07414414e+09 1.07414415e+09
 1.07414415e+09 1.07414416e+09 1.07414416e+09 1.07414417e+09
 1.07414417e+09 1.07414417e+09 1.07414418e+09 1.07414418e+09
 1.07414419e+09 1.07414419e+09 1.07414420e+09 1.07414420e+09
 1.07414421e+09 1.07414421e+09 1.07414422e+09 1.07414422e+09
 1.07414423e+09 1.07414423e+09 1.07414424e+09 1.07414424e+09
 1.07414425e+09 1.07414425e+09 1.07414425e+09 1.07414426e+09
 1.07414426e+09 1.07414427e+09 1.07414427e+09 1.07414428e+09
 1.07414428e+09 1.07414429e+09 1.07414429e+09 1.07414430e+09
 1.07414430e+09 1.07414431e+09 1.07414431e+09 1.07414432e+09
 1.07414432e+09 1.07414433e+09 1.07414433e+09 1.07414433e+09
 1.07414434e+09 1.07414434e+09 1.07414435e+09 1.07414435e+09
 1.07414436e+09 1.07414436e+09 1.07414437e+09 1.07414437e+09
 1.07414438e+09 1.07414438e+09 1.07414439e+09 1.07414439e+09
 1.07414440e+09 1.07414440e+09 1.07414441e+09 1.07414441e+09
 1.07414441e+09 1.07414442e+09 1.07414442e+09 1.07414443e+09
 1.07414443e+09 1.07414444e+09 1.07414444e+09 1.07414445e+09
 1.07414445e+09 1.07414446e+09 1.07414446e+09 1.07414447e+09
 1.07414447e+09 1.07414448e+09 1.07414448e+09 1.07414448e+09
 1.07414449e+09 1.07414449e+09 1.07414450e+09 1.07414450e+09
 1.07414451e+09 1.07414451e+09 1.07414452e+09 1.07414452e+09
 1.07414453e+09 1.07414453e+09 1.07414454e+09 1.07414454e+09
 1.07414455e+09 1.07414455e+09 1.07414456e+09 1.07414456e+09
 1.07414456e+09 1.07414457e+09 1.07414457e+09 1.07414458e+09
 1.07414458e+09 1.07414459e+09 1.07414459e+09 1.07414460e+09
 1.07414460e+09 1.07414461e+09 1.07414461e+09 1.07414462e+09
 1.07414462e+09 1.07414463e+09 1.07414463e+09 1.07414464e+09
 1.07414464e+09 1.07414464e+09 1.07414465e+09 1.07414465e+09
 1.07414466e+09 1.07414466e+09 1.07414467e+09 1.07414467e+09
 1.07414468e+09 1.07414468e+09 1.07414469e+09 1.07414469e+09
 1.07414470e+09 1.07414470e+09 1.07414471e+09 1.07414471e+09
 1.07414472e+09 1.07414472e+09 1.07414472e+09 1.07414473e+09
 1.07414473e+09 1.07414474e+09 1.07414474e+09 1.07414475e+09
 1.07414475e+09 1.07414476e+09 1.07414476e+09 1.07414477e+09
 1.07414477e+09 1.07414478e+09 1.07414478e+09 1.07414479e+09
 1.07414479e+09 1.07414479e+09 1.07414480e+09 1.07414480e+09
 1.07414481e+09 1.07414481e+09 1.07414482e+09 1.07414482e+09
 1.07414483e+09 1.07414483e+09 1.07414484e+09 1.07414484e+09
 1.07414485e+09 1.07414485e+09 1.07414486e+09 1.07414486e+09
 1.07414487e+09 1.07414487e+09 1.07414487e+09 1.07414488e+09
 1.07414488e+09 1.07414489e+09 1.07414489e+09 1.07414490e+09
 1.07414490e+09 1.07414491e+09 1.07414491e+09 1.07414492e+09
 1.07414492e+09 1.07414493e+09 1.07414493e+09 1.07414494e+09
 1.07414494e+09 1.07414495e+09 1.07414495e+09 1.07414495e+09
 1.07414496e+09 1.07414496e+09 1.07414497e+09 1.07414497e+09
 1.07414498e+09 1.07414498e+09 1.07414499e+09 1.07414499e+09
 1.07414500e+09 1.07414500e+09 1.07414501e+09 1.07414501e+09
 1.07414502e+09 1.07414502e+09 1.07414503e+09 1.07414503e+09
 1.07414503e+09 1.07414504e+09 1.07414504e+09 1.07414505e+09
 1.07414505e+09 1.07414506e+09 1.07414506e+09 1.07414507e+09
 1.07414507e+09 1.07414508e+09 1.07414508e+09 1.07414509e+09
 1.07414509e+09 1.07414510e+09 1.07414510e+09 1.07414510e+09
 1.07414511e+09 1.07414511e+09 1.07414512e+09 1.07414512e+09
 1.07414513e+09 1.07414513e+09 1.07414514e+09 1.07414514e+09
 1.07414515e+09 1.07414515e+09 1.07414516e+09 1.07414516e+09
 1.07414517e+09 1.07414517e+09 1.07414518e+09 1.07414518e+09
 1.07414518e+09 1.07414519e+09 1.07414519e+09 1.07414520e+09
 1.07414520e+09 1.07414521e+09 1.07414521e+09 1.07414522e+09
 1.07414522e+09 1.07414523e+09 1.07414523e+09 1.07414524e+09
 1.07414524e+09 1.07414525e+09 1.07414525e+09 1.07414526e+09
 1.07414526e+09 1.07414526e+09 1.07414527e+09 1.07414527e+09
 1.07414528e+09 1.07414528e+09 1.07414529e+09 1.07414529e+09
 1.07414530e+09 1.07414530e+09 1.07414531e+09 1.07414531e+09
 1.07414532e+09 1.07414532e+09 1.07414533e+09 1.07414533e+09
 1.07414534e+09 1.07414534e+09 1.07414534e+09 1.07414535e+09
 1.07414535e+09 1.07414536e+09 1.07414536e+09 1.07414537e+09
 1.07414537e+09 1.07414538e+09 1.07414538e+09 1.07414539e+09
 1.07414539e+09 1.07414540e+09 1.07414540e+09 1.07414541e+09
 1.07414541e+09 1.07414541e+09 1.07414542e+09 1.07414542e+09
 1.07414543e+09 1.07414543e+09 1.07414544e+09 1.07414544e+09
 1.07414545e+09 1.07414545e+09 1.07414546e+09 1.07414546e+09
 1.07414547e+09 1.07414547e+09 1.07414548e+09 1.07414548e+09
 1.07414549e+09 1.07414549e+09 1.07414549e+09 1.07414550e+09
 1.07414550e+09 1.07414551e+09 1.07414551e+09 1.07414552e+09
 1.07414552e+09 1.07414553e+09 1.07414553e+09 1.07414554e+09
 1.07414554e+09 1.07414555e+09 1.07414555e+09 1.07414556e+09
 1.07414556e+09 1.07414557e+09 1.07414557e+09 1.07414557e+09
 1.07414558e+09 1.07414558e+09 1.07414559e+09 1.07414559e+09
 1.07414560e+09 1.07414560e+09 1.07414561e+09 1.07414561e+09
 1.07414562e+09 1.07414562e+09 1.07414563e+09 1.07414563e+09
 1.07414564e+09 1.07414564e+09 1.07414564e+09 1.07414565e+09
 1.07414565e+09 1.07414566e+09 1.07414566e+09 1.07414567e+09
 1.07414567e+09 1.07414568e+09 1.07414568e+09 1.07414569e+09
 1.07414569e+09 1.07414570e+09 1.07414570e+09 1.07414571e+09
 1.07414571e+09 1.07414572e+09 1.07414572e+09 1.07414572e+09
 1.07414573e+09 1.07414573e+09 1.07414574e+09 1.07414574e+09
 1.07414575e+09 1.07414575e+09 1.07414576e+09 1.07414576e+09
 1.07414577e+09 1.07414577e+09 1.07414578e+09 1.07414578e+09
 1.07414579e+09 1.07414579e+09 1.07414580e+09 1.07414580e+09
 1.07414580e+09 1.07414581e+09 1.07414581e+09 1.07414582e+09
 1.07414582e+09 1.07414583e+09 1.07414583e+09 1.07414584e+09
 1.07414584e+09 1.07414585e+09 1.07414585e+09 1.07414586e+09
 1.07414586e+09 1.07414587e+09 1.07414587e+09 1.07414588e+09
 1.07414588e+09 1.07414588e+09 1.07414589e+09 1.07414589e+09
 1.07414590e+09 1.07414590e+09 1.07414591e+09 1.07414591e+09
 1.07414592e+09 1.07414592e+09 1.07414593e+09 1.07414593e+09
 1.07414594e+09 1.07414594e+09 1.07414595e+09 1.07414595e+09
 1.07414595e+09 1.07414596e+09 1.07414596e+09 1.07414597e+09
 1.07414597e+09 1.07414598e+09 1.07414598e+09 1.07414599e+09
 1.07414599e+09 1.07414600e+09 1.07414600e+09 1.07414601e+09
 1.07414601e+09 1.07414602e+09 1.07414602e+09 1.07414603e+09
 1.07414603e+09 1.07414603e+09 1.07414604e+09 1.07414604e+09
 1.07414605e+09 1.07414605e+09 1.07414606e+09 1.07414606e+09
 1.07414607e+09 1.07414607e+09 1.07414608e+09 1.07414608e+09
 1.07414609e+09 1.07414609e+09 1.07414610e+09 1.07414610e+09
 1.07414611e+09 1.07414611e+09 1.07414611e+09 1.07414612e+09
 1.07414612e+09 1.07414613e+09 1.07414613e+09 1.07414614e+09
 1.07414614e+09 1.07414615e+09 1.07414615e+09 1.07414616e+09
 1.07414616e+09 1.07414617e+09 1.07414617e+09 1.07414618e+09
 1.07414618e+09 1.07414619e+09 1.07414619e+09 1.07414619e+09
 1.07414620e+09 1.07414620e+09 1.07414621e+09 1.07414621e+09
 1.07414622e+09 1.07414622e+09 1.07414623e+09 1.07414623e+09
 1.07414624e+09 1.07414624e+09 1.07414625e+09 1.07414625e+09
 1.07414626e+09 1.07414626e+09 1.07414626e+09 1.07414627e+09
 1.07414627e+09 1.07414628e+09 1.07414628e+09 1.07414629e+09
 1.07414629e+09 1.07414630e+09 1.07414630e+09 1.07414631e+09
 1.07414631e+09 1.07414632e+09 1.07414632e+09 1.07414633e+09
 1.07414633e+09 1.07414634e+09 1.07414634e+09 1.07414634e+09
 1.07414635e+09 1.07414635e+09 1.07414636e+09 1.07414636e+09
 1.07414637e+09 1.07414637e+09 1.07414638e+09 1.07414638e+09
 1.07414639e+09 1.07414639e+09 1.07414640e+09 1.07414640e+09
 1.07414641e+09 1.07414641e+09 1.07414642e+09 1.07414642e+09
 1.07414642e+09 1.07414643e+09 1.07414643e+09 1.07414644e+09
 1.07414644e+09 1.07414645e+09 1.07414645e+09 1.07414646e+09
 1.07414646e+09 1.07414647e+09 1.07414647e+09 1.07414648e+09
 1.07414648e+09 1.07414649e+09 1.07414649e+09 1.07414650e+09
 1.07414650e+09 1.07414650e+09 1.07414651e+09 1.07414651e+09
 1.07414652e+09 1.07414652e+09 1.07414653e+09 1.07414653e+09
 1.07414654e+09 1.07414654e+09 1.07414655e+09 1.07414655e+09
 1.07414656e+09 1.07414656e+09 1.07414657e+09 1.07414657e+09
 1.07414657e+09 1.07414658e+09 1.07414658e+09 1.07414659e+09
 1.07414659e+09 1.07414660e+09 1.07414660e+09 1.07414661e+09
 1.07414661e+09 1.07414662e+09 1.07414662e+09 1.07414663e+09
 1.07414663e+09 1.07414664e+09 1.07414664e+09 1.07414665e+09
 1.07414665e+09 1.07414665e+09 1.07414666e+09 1.07414666e+09
 1.07414667e+09 1.07414667e+09 1.07414668e+09 1.07414668e+09
 1.07414669e+09 1.07414669e+09 1.07414670e+09 1.07414670e+09
 1.07414671e+09 1.07414671e+09 1.07414672e+09 1.07414672e+09
 1.07414673e+09 1.07414673e+09 1.07414673e+09 1.07414674e+09
 1.07414674e+09 1.07414675e+09 1.07414675e+09 1.07414676e+09
 1.07414676e+09 1.07414677e+09 1.07414677e+09 1.07414678e+09
 1.07414678e+09 1.07414679e+09 1.07414679e+09 1.07414680e+09
 1.07414680e+09 1.07414681e+09 1.07414681e+09 1.07414681e+09
 1.07414682e+09 1.07414682e+09 1.07414683e+09 1.07414683e+09
 1.07414684e+09 1.07414684e+09 1.07414685e+09 1.07414685e+09
 1.07414686e+09 1.07414686e+09 1.07414687e+09 1.07414687e+09
 1.07414688e+09 1.07414688e+09 1.07414688e+09 1.07414689e+09
 1.07414689e+09 1.07414690e+09 1.07414690e+09 1.07414691e+09
 1.07414691e+09 1.07414692e+09 1.07414692e+09 1.07414693e+09
 1.07414693e+09 1.07414694e+09 1.07414694e+09 1.07414695e+09
 1.07414695e+09 1.07414696e+09 1.07414696e+09 1.07414696e+09
 1.07414697e+09 1.07414697e+09 1.07414698e+09 1.07414698e+09
 1.07414699e+09 1.07414699e+09 1.07414700e+09 1.07414700e+09
 1.07414701e+09 1.07414701e+09 1.07414702e+09 1.07414702e+09
 1.07414703e+09 1.07414703e+09 1.07414704e+09 1.07414704e+09
 1.07414704e+09 1.07414705e+09 1.07414705e+09 1.07414706e+09
 1.07414706e+09 1.07414707e+09 1.07414707e+09 1.07414708e+09
 1.07414708e+09 1.07414709e+09 1.07414709e+09 1.07414710e+09
 1.07414710e+09 1.07414711e+09 1.07414711e+09 1.07414712e+09
 1.07414712e+09 1.07414712e+09 1.07414713e+09 1.07414713e+09
 1.07414714e+09 1.07414714e+09 1.07414715e+09 1.07414715e+09
 1.07414716e+09 1.07414716e+09 1.07414717e+09 1.07414717e+09
 1.07414718e+09 1.07414718e+09 1.07414719e+09 1.07414719e+09
 1.07414719e+09 1.07414720e+09 1.07414720e+09 1.07414721e+09
 1.07414721e+09 1.07414722e+09 1.07414722e+09 1.07414723e+09
 1.07414723e+09 1.07414724e+09 1.07414724e+09 1.07414725e+09
 1.07414725e+09 1.07414726e+09 1.07414726e+09 1.07414727e+09
 1.07414727e+09 1.07414727e+09 1.07414728e+09 1.07414728e+09
 1.07414729e+09 1.07414729e+09 1.07414730e+09 1.07414730e+09
 1.07414731e+09 1.07414731e+09 1.07414732e+09 1.07414732e+09
 1.07414733e+09 1.07414733e+09 1.07414734e+09 1.07414734e+09
 1.07414735e+09 1.07414735e+09 1.07414735e+09 1.07414736e+09
 1.07414736e+09 1.07414737e+09 1.07414737e+09 1.07414738e+09
 1.07414738e+09 1.07414739e+09 1.07414739e+09 1.07414740e+09
 1.07414740e+09 1.07414741e+09 1.07414741e+09 1.07414742e+09
 1.07414742e+09 1.07414743e+09 1.07414743e+09 1.07414743e+09
 1.07414744e+09 1.07414744e+09 1.07414745e+09 1.07414745e+09
 1.07414746e+09 1.07414746e+09 1.07414747e+09 1.07414747e+09
 1.07414748e+09 1.07414748e+09 1.07414749e+09 1.07414749e+09
 1.07414750e+09 1.07414750e+09 1.07414750e+09 1.07414751e+09
 1.07414751e+09 1.07414752e+09 1.07414752e+09 1.07414753e+09
 1.07414753e+09 1.07414754e+09 1.07414754e+09 1.07414755e+09
 1.07414755e+09 1.07414756e+09 1.07414756e+09 1.07414757e+09
 1.07414757e+09 1.07414758e+09 1.07414758e+09 1.07414758e+09
 1.07414759e+09 1.07414759e+09 1.07414760e+09 1.07414760e+09
 1.07414761e+09 1.07414761e+09 1.07414762e+09 1.07414762e+09
 1.07414763e+09 1.07414763e+09 1.07414764e+09 1.07414764e+09
 1.07414765e+09 1.07414765e+09 1.07414766e+09 1.07414766e+09
 1.07414766e+09 1.07414767e+09 1.07414767e+09 1.07414768e+09
 1.07414768e+09 1.07414769e+09 1.07414769e+09 1.07414770e+09
 1.07414770e+09 1.07414771e+09 1.07414771e+09 1.07414772e+09
 1.07414772e+09 1.07414773e+09 1.07414773e+09 1.07414774e+09
 1.07414774e+09 1.07414774e+09 1.07414775e+09 1.07414775e+09
 1.07414776e+09 1.07414776e+09 1.07414777e+09 1.07414777e+09
 1.07414778e+09 1.07414778e+09 1.07414779e+09 1.07414779e+09
 1.07414780e+09 1.07414780e+09 1.07414781e+09 1.07414781e+09
 1.07414781e+09 1.07414782e+09 1.07414782e+09 1.07414783e+09
 1.07414783e+09 1.07414784e+09 1.07414784e+09 1.07414785e+09
 1.07414785e+09 1.07414786e+09 1.07414786e+09 1.07414787e+09
 1.07414787e+09 1.07414788e+09 1.07414788e+09 1.07414789e+09
 1.07414789e+09 1.07414789e+09 1.07414790e+09 1.07414790e+09
 1.07414791e+09 1.07414791e+09 1.07414792e+09 1.07414792e+09
 1.07414793e+09 1.07414793e+09 1.07414794e+09 1.07414794e+09
 1.07414795e+09 1.07414795e+09 1.07414796e+09 1.07414796e+09
 1.07414797e+09 1.07414797e+09 1.07414797e+09 1.07414798e+09
 1.07414798e+09 1.07414799e+09 1.07414799e+09 1.07414800e+09
 1.07414800e+09 1.07414801e+09 1.07414801e+09 1.07414802e+09
 1.07414802e+09 1.07414803e+09 1.07414803e+09 1.07414804e+09
 1.07414804e+09 1.07414805e+09 1.07414805e+09 1.07414805e+09
 1.07414806e+09 1.07414806e+09 1.07414807e+09 1.07414807e+09
 1.07414808e+09 1.07414808e+09 1.07414809e+09 1.07414809e+09
 1.07414810e+09 1.07414810e+09 1.07414811e+09 1.07414811e+09
 1.07414812e+09 1.07414812e+09 1.07414812e+09 1.07414813e+09
 1.07414813e+09 1.07414814e+09 1.07414814e+09 1.07414815e+09
 1.07414815e+09 1.07414816e+09 1.07414816e+09 1.07414817e+09
 1.07414817e+09 1.07414818e+09 1.07414818e+09 1.07414819e+09
 1.07414819e+09 1.07414820e+09 1.07414820e+09 1.07414820e+09
 1.07414821e+09 1.07414821e+09 1.07414822e+09 1.07414822e+09
 1.07414823e+09 1.07414823e+09 1.07414824e+09 1.07414824e+09]
minRes = 0.09755615998570107
minResTime = [1.07414723e+09]
Cov(t) = [100.         100.         100.         100.         100.
 100.         100.         100.         100.         100.
 100.         100.         100.         100.         100.
 100.         100.         100.         100.         100.
 100.         100.         100.         100.         100.
 100.         100.         100.         100.         100.
 100.         100.         100.         100.         100.
 100.         100.         100.         100.         100.
 100.         100.         100.         100.         100.
 100.         100.         100.         100.         100.
 100.         100.         100.         100.         100.
 100.         100.         100.         100.         100.
 100.         100.         100.         100.         100.
 100.         100.         100.         100.         100.
 100.         100.         100.         100.         100.
 100.         100.         100.         100.         100.
 100.         100.         100.         100.         100.
 100.         100.         100.         100.         100.
 100.         100.         100.         100.         100.
 100.         100.         100.         100.         100.
 100.         100.         100.         100.         100.
 100.         100.         100.         100.         100.
 100.         100.         100.         100.         100.
 100.         100.         100.         100.         100.
 100.         100.         100.         100.         100.
 100.         100.         100.         100.         100.
 100.         100.         100.         100.         100.
 100.         100.         100.         100.         100.
 100.         100.         100.         100.         100.
 100.         100.         100.         100.         100.
 100.         100.         100.         100.         100.
 100.         100.         100.         100.         100.
 100.         100.         100.         100.         100.
 100.         100.         100.         100.         100.
 100.         100.         100.         100.         100.
 100.         100.         100.         100.         100.
 100.         100.         100.         100.         100.
 100.         100.         100.         100.         100.
 100.         100.         100.         100.         100.
 100.         100.         100.         100.         100.
 100.         100.         100.         100.         100.
 100.         100.         100.         100.         100.
 100.         100.         100.         100.         100.
 100.         100.         100.         100.         100.
 100.         100.         100.         100.         100.
 100.         100.         100.         100.         100.
 100.         100.         100.         100.         100.
 100.         100.         100.         100.         100.
 100.         100.         100.         100.         100.
 100.         100.         100.         100.         100.
 100.         100.         100.         100.         100.
 100.         100.         100.         100.         100.
 100.         100.         100.         100.         100.
 100.         100.         100.         100.         100.
 100.         100.         100.         100.         100.
 100.         100.         100.         100.         100.
 100.         100.         100.         100.         100.
 100.         100.         100.         100.         100.
 100.         100.         100.         100.         100.
 100.         100.         100.         100.         100.
 100.         100.         100.         100.         100.
 100.         100.         100.         100.         100.
 100.         100.         100.         100.         100.
 100.         100.         100.         100.         100.
 100.         100.         100.         100.         100.
 100.         100.         100.         100.         100.
 100.         100.         100.         100.         100.
 100.         100.         100.         100.         100.
 100.         100.         100.         100.         100.
 100.         100.         100.         100.         100.
 100.         100.         100.         100.         100.
 100.         100.         100.         100.         100.
 100.         100.         100.         100.         100.
 100.         100.         100.         100.         100.
 100.         100.         100.         100.         100.
 100.         100.         100.         100.         100.
 100.         100.         100.         100.         100.
 100.         100.         100.         100.         100.
 100.         100.         100.         100.         100.
 100.         100.         100.         100.         100.
 100.         100.         100.         100.         100.
 100.         100.         100.         100.         100.
 100.         100.         100.         100.         100.
 100.         100.         100.         100.         100.
 100.         100.         100.         100.         100.
 100.         100.         100.         100.         100.
 100.         100.         100.         100.         100.
 100.         100.         100.         100.         100.
 100.         100.         100.         100.         100.
 100.         100.         100.         100.         100.
 100.         100.         100.         100.         100.
 100.         100.         100.         100.         100.
 100.         100.         100.         100.         100.
 100.         100.         100.         100.         100.
 100.         100.         100.         100.         100.
 100.         100.         100.         100.         100.
 100.         100.         100.         100.         100.
 100.         100.         100.         100.         100.
 100.         100.         100.         100.         100.
 100.         100.         100.         100.         100.
 100.         100.         100.         100.         100.
 100.         100.         100.         100.         100.
 100.         100.         100.         100.         100.
 100.         100.         100.         100.         100.
 100.         100.         100.         100.         100.
 100.         100.         100.         100.         100.
 100.         100.         100.         100.         100.
 100.         100.         100.         100.         100.
 100.         100.         100.         100.         100.
 100.         100.         100.         100.         100.
 100.         100.         100.         100.         100.
 100.         100.         100.         100.         100.
 100.         100.         100.         100.         100.
 100.         100.         100.         100.         100.
 100.         100.         100.         100.         100.
 100.         100.         100.         100.         100.
 100.         100.         100.         100.         100.
 100.         100.         100.         100.         100.
 100.         100.         100.         100.         100.
 100.         100.         100.         100.         100.
 100.         100.         100.         100.         100.
 100.         100.         100.         100.         100.
 100.         100.         100.         100.         100.
 100.         100.         100.         100.         100.
 100.         100.         100.         100.         100.
 100.         100.         100.         100.         100.
 100.         100.         100.         100.         100.
 100.         100.         100.         100.         100.
 100.         100.         100.         100.         100.
 100.         100.         100.         100.         100.
 100.         100.         100.         100.         100.
 100.         100.         100.         100.         100.
 100.         100.         100.         100.         100.
 100.         100.         100.         100.         100.
 100.         100.         100.         100.         100.
 100.         100.         100.         100.         100.
 100.         100.         100.         100.         100.
 100.         100.         100.         100.         100.
 100.         100.         100.         100.         100.
 100.         100.         100.         100.         100.
 100.         100.         100.         100.         100.
 100.         100.         100.         100.         100.
 100.         100.         100.         100.         100.
 100.         100.         100.         100.         100.
 100.         100.         100.         100.         100.
 100.         100.         100.         100.         100.
 100.         100.         100.         100.         100.
 100.         100.         100.         100.         100.
 100.         100.         100.         100.         100.
 100.         100.         100.         100.         100.
 100.         100.         100.         100.         100.
 100.         100.         100.         100.         100.
 100.         100.         100.         100.         100.
 100.         100.         100.         100.         100.
 100.         100.         100.         100.         100.
 100.         100.         100.         100.         100.
 100.         100.         100.         100.         100.
 100.         100.         100.         100.         100.
 100.         100.         100.         100.         100.
 100.         100.         100.         100.         100.
 100.         100.         100.         100.         100.
 100.         100.         100.         100.         100.
 100.         100.         100.         100.         100.
 100.         100.         100.         100.         100.
 100.         100.         100.         100.         100.
 100.         100.         100.         100.         100.
 100.         100.         100.         100.         100.
 100.         100.         100.         100.         100.
 100.         100.         100.         100.         100.
 100.         100.         100.         100.         100.
 100.         100.         100.         100.         100.
 100.         100.         100.         100.         100.
 100.         100.         100.         100.         100.
 100.         100.         100.         100.         100.
 100.         100.         100.         100.         100.
 100.         100.         100.         100.         100.
 100.         100.         100.         100.         100.
 100.         100.         100.         100.         100.
 100.         100.         100.         100.         100.
 100.         100.         100.         100.         100.
 100.         100.         100.         100.         100.
 100.         100.         100.         100.         100.
 100.         100.         100.         100.         100.
 100.         100.         100.         100.         100.
 100.         100.         100.         100.         100.
 100.         100.         100.         100.         100.
 100.         100.         100.         100.         100.
 100.         100.         100.         100.         100.
 100.         100.         100.         100.         100.
 100.         100.         100.         100.         100.
 100.         100.         100.         100.         100.
 100.         100.         100.         100.         100.
 100.         100.         100.         100.         100.
 100.         100.         100.         100.         100.
  92.92461247  93.25440263  93.58529031  93.91750641  94.25128528
  94.58695683  94.92492555 100.          91.33951825  91.80689889
  92.28601227  93.50099317  93.78609202  94.34080252  94.88389661
 100.         100.         100.         100.         100.
 100.         100.          94.72764139 100.         100.
 100.         100.         100.         100.         100.        ]
maxCov = 100.0
maxCovTime = [1.07414355e+09 1.07414355e+09 1.07414356e+09 1.07414356e+09
 1.07414357e+09 1.07414357e+09 1.07414358e+09 1.07414358e+09
 1.07414359e+09 1.07414359e+09 1.07414360e+09 1.07414360e+09
 1.07414361e+09 1.07414361e+09 1.07414362e+09 1.07414362e+09
 1.07414363e+09 1.07414363e+09 1.07414363e+09 1.07414364e+09
 1.07414364e+09 1.07414365e+09 1.07414365e+09 1.07414366e+09
 1.07414366e+09 1.07414367e+09 1.07414367e+09 1.07414368e+09
 1.07414368e+09 1.07414369e+09 1.07414369e+09 1.07414370e+09
 1.07414370e+09 1.07414371e+09 1.07414371e+09 1.07414371e+09
 1.07414372e+09 1.07414372e+09 1.07414373e+09 1.07414373e+09
 1.07414374e+09 1.07414374e+09 1.07414375e+09 1.07414375e+09
 1.07414376e+09 1.07414376e+09 1.07414377e+09 1.07414377e+09
 1.07414378e+09 1.07414378e+09 1.07414379e+09 1.07414379e+09
 1.07414379e+09 1.07414380e+09 1.07414380e+09 1.07414381e+09
 1.07414381e+09 1.07414382e+09 1.07414382e+09 1.07414383e+09
 1.07414383e+09 1.07414384e+09 1.07414384e+09 1.07414385e+09
 1.07414385e+09 1.07414386e+09 1.07414386e+09 1.07414386e+09
 1.07414387e+09 1.07414387e+09 1.07414388e+09 1.07414388e+09
 1.07414389e+09 1.07414389e+09 1.07414390e+09 1.07414390e+09
 1.07414391e+09 1.07414391e+09 1.07414392e+09 1.07414392e+09
 1.07414393e+09 1.07414393e+09 1.07414394e+09 1.07414394e+09
 1.07414394e+09 1.07414395e+09 1.07414395e+09 1.07414396e+09
 1.07414396e+09 1.07414397e+09 1.07414397e+09 1.07414398e+09
 1.07414398e+09 1.07414399e+09 1.07414399e+09 1.07414400e+09
 1.07414400e+09 1.07414401e+09 1.07414401e+09 1.07414402e+09
 1.07414402e+09 1.07414402e+09 1.07414403e+09 1.07414403e+09
 1.07414404e+09 1.07414404e+09 1.07414405e+09 1.07414405e+09
 1.07414406e+09 1.07414406e+09 1.07414407e+09 1.07414407e+09
 1.07414408e+09 1.07414408e+09 1.07414409e+09 1.07414409e+09
 1.07414410e+09 1.07414410e+09 1.07414410e+09 1.07414411e+09
 1.07414411e+09 1.07414412e+09 1.07414412e+09 1.07414413e+09
 1.07414413e+09 1.07414414e+09 1.07414414e+09 1.07414415e+09
 1.07414415e+09 1.07414416e+09 1.07414416e+09 1.07414417e+09
 1.07414417e+09 1.07414417e+09 1.07414418e+09 1.07414418e+09
 1.07414419e+09 1.07414419e+09 1.07414420e+09 1.07414420e+09
 1.07414421e+09 1.07414421e+09 1.07414422e+09 1.07414422e+09
 1.07414423e+09 1.07414423e+09 1.07414424e+09 1.07414424e+09
 1.07414425e+09 1.07414425e+09 1.07414425e+09 1.07414426e+09
 1.07414426e+09 1.07414427e+09 1.07414427e+09 1.07414428e+09
 1.07414428e+09 1.07414429e+09 1.07414429e+09 1.07414430e+09
 1.07414430e+09 1.07414431e+09 1.07414431e+09 1.07414432e+09
 1.07414432e+09 1.07414433e+09 1.07414433e+09 1.07414433e+09
 1.07414434e+09 1.07414434e+09 1.07414435e+09 1.07414435e+09
 1.07414436e+09 1.07414436e+09 1.07414437e+09 1.07414437e+09
 1.07414438e+09 1.07414438e+09 1.07414439e+09 1.07414439e+09
 1.07414440e+09 1.07414440e+09 1.07414441e+09 1.07414441e+09
 1.07414441e+09 1.07414442e+09 1.07414442e+09 1.07414443e+09
 1.07414443e+09 1.07414444e+09 1.07414444e+09 1.07414445e+09
 1.07414445e+09 1.07414446e+09 1.07414446e+09 1.07414447e+09
 1.07414447e+09 1.07414448e+09 1.07414448e+09 1.07414448e+09
 1.07414449e+09 1.07414449e+09 1.07414450e+09 1.07414450e+09
 1.07414451e+09 1.07414451e+09 1.07414452e+09 1.07414452e+09
 1.07414453e+09 1.07414453e+09 1.07414454e+09 1.07414454e+09
 1.07414455e+09 1.07414455e+09 1.07414456e+09 1.07414456e+09
 1.07414456e+09 1.07414457e+09 1.07414457e+09 1.07414458e+09
 1.07414458e+09 1.07414459e+09 1.07414459e+09 1.07414460e+09
 1.07414460e+09 1.07414461e+09 1.07414461e+09 1.07414462e+09
 1.07414462e+09 1.07414463e+09 1.07414463e+09 1.07414464e+09
 1.07414464e+09 1.07414464e+09 1.07414465e+09 1.07414465e+09
 1.07414466e+09 1.07414466e+09 1.07414467e+09 1.07414467e+09
 1.07414468e+09 1.07414468e+09 1.07414469e+09 1.07414469e+09
 1.07414470e+09 1.07414470e+09 1.07414471e+09 1.07414471e+09
 1.07414472e+09 1.07414472e+09 1.07414472e+09 1.07414473e+09
 1.07414473e+09 1.07414474e+09 1.07414474e+09 1.07414475e+09
 1.07414475e+09 1.07414476e+09 1.07414476e+09 1.07414477e+09
 1.07414477e+09 1.07414478e+09 1.07414478e+09 1.07414479e+09
 1.07414479e+09 1.07414479e+09 1.07414480e+09 1.07414480e+09
 1.07414481e+09 1.07414481e+09 1.07414482e+09 1.07414482e+09
 1.07414483e+09 1.07414483e+09 1.07414484e+09 1.07414484e+09
 1.07414485e+09 1.07414485e+09 1.07414486e+09 1.07414486e+09
 1.07414487e+09 1.07414487e+09 1.07414487e+09 1.07414488e+09
 1.07414488e+09 1.07414489e+09 1.07414489e+09 1.07414490e+09
 1.07414490e+09 1.07414491e+09 1.07414491e+09 1.07414492e+09
 1.07414492e+09 1.07414493e+09 1.07414493e+09 1.07414494e+09
 1.07414494e+09 1.07414495e+09 1.07414495e+09 1.07414495e+09
 1.07414496e+09 1.07414496e+09 1.07414497e+09 1.07414497e+09
 1.07414498e+09 1.07414498e+09 1.07414499e+09 1.07414499e+09
 1.07414500e+09 1.07414500e+09 1.07414501e+09 1.07414501e+09
 1.07414502e+09 1.07414502e+09 1.07414503e+09 1.07414503e+09
 1.07414503e+09 1.07414504e+09 1.07414504e+09 1.07414505e+09
 1.07414505e+09 1.07414506e+09 1.07414506e+09 1.07414507e+09
 1.07414507e+09 1.07414508e+09 1.07414508e+09 1.07414509e+09
 1.07414509e+09 1.07414510e+09 1.07414510e+09 1.07414510e+09
 1.07414511e+09 1.07414511e+09 1.07414512e+09 1.07414512e+09
 1.07414513e+09 1.07414513e+09 1.07414514e+09 1.07414514e+09
 1.07414515e+09 1.07414515e+09 1.07414516e+09 1.07414516e+09
 1.07414517e+09 1.07414517e+09 1.07414518e+09 1.07414518e+09
 1.07414518e+09 1.07414519e+09 1.07414519e+09 1.07414520e+09
 1.07414520e+09 1.07414521e+09 1.07414521e+09 1.07414522e+09
 1.07414522e+09 1.07414523e+09 1.07414523e+09 1.07414524e+09
 1.07414524e+09 1.07414525e+09 1.07414525e+09 1.07414526e+09
 1.07414526e+09 1.07414526e+09 1.07414527e+09 1.07414527e+09
 1.07414528e+09 1.07414528e+09 1.07414529e+09 1.07414529e+09
 1.07414530e+09 1.07414530e+09 1.07414531e+09 1.07414531e+09
 1.07414532e+09 1.07414532e+09 1.07414533e+09 1.07414533e+09
 1.07414534e+09 1.07414534e+09 1.07414534e+09 1.07414535e+09
 1.07414535e+09 1.07414536e+09 1.07414536e+09 1.07414537e+09
 1.07414537e+09 1.07414538e+09 1.07414538e+09 1.07414539e+09
 1.07414539e+09 1.07414540e+09 1.07414540e+09 1.07414541e+09
 1.07414541e+09 1.07414541e+09 1.07414542e+09 1.07414542e+09
 1.07414543e+09 1.07414543e+09 1.07414544e+09 1.07414544e+09
 1.07414545e+09 1.07414545e+09 1.07414546e+09 1.07414546e+09
 1.07414547e+09 1.07414547e+09 1.07414548e+09 1.07414548e+09
 1.07414549e+09 1.07414549e+09 1.07414549e+09 1.07414550e+09
 1.07414550e+09 1.07414551e+09 1.07414551e+09 1.07414552e+09
 1.07414552e+09 1.07414553e+09 1.07414553e+09 1.07414554e+09
 1.07414554e+09 1.07414555e+09 1.07414555e+09 1.07414556e+09
 1.07414556e+09 1.07414557e+09 1.07414557e+09 1.07414557e+09
 1.07414558e+09 1.07414558e+09 1.07414559e+09 1.07414559e+09
 1.07414560e+09 1.07414560e+09 1.07414561e+09 1.07414561e+09
 1.07414562e+09 1.07414562e+09 1.07414563e+09 1.07414563e+09
 1.07414564e+09 1.07414564e+09 1.07414564e+09 1.07414565e+09
 1.07414565e+09 1.07414566e+09 1.07414566e+09 1.07414567e+09
 1.07414567e+09 1.07414568e+09 1.07414568e+09 1.07414569e+09
 1.07414569e+09 1.07414570e+09 1.07414570e+09 1.07414571e+09
 1.07414571e+09 1.07414572e+09 1.07414572e+09 1.07414572e+09
 1.07414573e+09 1.07414573e+09 1.07414574e+09 1.07414574e+09
 1.07414575e+09 1.07414575e+09 1.07414576e+09 1.07414576e+09
 1.07414577e+09 1.07414577e+09 1.07414578e+09 1.07414578e+09
 1.07414579e+09 1.07414579e+09 1.07414580e+09 1.07414580e+09
 1.07414580e+09 1.07414581e+09 1.07414581e+09 1.07414582e+09
 1.07414582e+09 1.07414583e+09 1.07414583e+09 1.07414584e+09
 1.07414584e+09 1.07414585e+09 1.07414585e+09 1.07414586e+09
 1.07414586e+09 1.07414587e+09 1.07414587e+09 1.07414588e+09
 1.07414588e+09 1.07414588e+09 1.07414589e+09 1.07414589e+09
 1.07414590e+09 1.07414590e+09 1.07414591e+09 1.07414591e+09
 1.07414592e+09 1.07414592e+09 1.07414593e+09 1.07414593e+09
 1.07414594e+09 1.07414594e+09 1.07414595e+09 1.07414595e+09
 1.07414595e+09 1.07414596e+09 1.07414596e+09 1.07414597e+09
 1.07414597e+09 1.07414598e+09 1.07414598e+09 1.07414599e+09
 1.07414599e+09 1.07414600e+09 1.07414600e+09 1.07414601e+09
 1.07414601e+09 1.07414602e+09 1.07414602e+09 1.07414603e+09
 1.07414603e+09 1.07414603e+09 1.07414604e+09 1.07414604e+09
 1.07414605e+09 1.07414605e+09 1.07414606e+09 1.07414606e+09
 1.07414607e+09 1.07414607e+09 1.07414608e+09 1.07414608e+09
 1.07414609e+09 1.07414609e+09 1.07414610e+09 1.07414610e+09
 1.07414611e+09 1.07414611e+09 1.07414611e+09 1.07414612e+09
 1.07414612e+09 1.07414613e+09 1.07414613e+09 1.07414614e+09
 1.07414614e+09 1.07414615e+09 1.07414615e+09 1.07414616e+09
 1.07414616e+09 1.07414617e+09 1.07414617e+09 1.07414618e+09
 1.07414618e+09 1.07414619e+09 1.07414619e+09 1.07414619e+09
 1.07414620e+09 1.07414620e+09 1.07414621e+09 1.07414621e+09
 1.07414622e+09 1.07414622e+09 1.07414623e+09 1.07414623e+09
 1.07414624e+09 1.07414624e+09 1.07414625e+09 1.07414625e+09
 1.07414626e+09 1.07414626e+09 1.07414626e+09 1.07414627e+09
 1.07414627e+09 1.07414628e+09 1.07414628e+09 1.07414629e+09
 1.07414629e+09 1.07414630e+09 1.07414630e+09 1.07414631e+09
 1.07414631e+09 1.07414632e+09 1.07414632e+09 1.07414633e+09
 1.07414633e+09 1.07414634e+09 1.07414634e+09 1.07414634e+09
 1.07414635e+09 1.07414635e+09 1.07414636e+09 1.07414636e+09
 1.07414637e+09 1.07414637e+09 1.07414638e+09 1.07414638e+09
 1.07414639e+09 1.07414639e+09 1.07414640e+09 1.07414640e+09
 1.07414641e+09 1.07414641e+09 1.07414642e+09 1.07414642e+09
 1.07414642e+09 1.07414643e+09 1.07414643e+09 1.07414644e+09
 1.07414644e+09 1.07414645e+09 1.07414645e+09 1.07414646e+09
 1.07414646e+09 1.07414647e+09 1.07414647e+09 1.07414648e+09
 1.07414648e+09 1.07414649e+09 1.07414649e+09 1.07414650e+09
 1.07414650e+09 1.07414650e+09 1.07414651e+09 1.07414651e+09
 1.07414652e+09 1.07414652e+09 1.07414653e+09 1.07414653e+09
 1.07414654e+09 1.07414654e+09 1.07414655e+09 1.07414655e+09
 1.07414656e+09 1.07414656e+09 1.07414657e+09 1.07414657e+09
 1.07414657e+09 1.07414658e+09 1.07414658e+09 1.07414659e+09
 1.07414659e+09 1.07414660e+09 1.07414660e+09 1.07414661e+09
 1.07414661e+09 1.07414662e+09 1.07414662e+09 1.07414663e+09
 1.07414663e+09 1.07414664e+09 1.07414664e+09 1.07414665e+09
 1.07414665e+09 1.07414665e+09 1.07414666e+09 1.07414666e+09
 1.07414667e+09 1.07414667e+09 1.07414668e+09 1.07414668e+09
 1.07414669e+09 1.07414669e+09 1.07414670e+09 1.07414670e+09
 1.07414671e+09 1.07414671e+09 1.07414672e+09 1.07414672e+09
 1.07414673e+09 1.07414673e+09 1.07414673e+09 1.07414674e+09
 1.07414674e+09 1.07414675e+09 1.07414675e+09 1.07414676e+09
 1.07414676e+09 1.07414677e+09 1.07414677e+09 1.07414678e+09
 1.07414678e+09 1.07414679e+09 1.07414679e+09 1.07414680e+09
 1.07414680e+09 1.07414681e+09 1.07414681e+09 1.07414681e+09
 1.07414682e+09 1.07414682e+09 1.07414683e+09 1.07414683e+09
 1.07414684e+09 1.07414684e+09 1.07414685e+09 1.07414685e+09
 1.07414686e+09 1.07414686e+09 1.07414687e+09 1.07414687e+09
 1.07414688e+09 1.07414688e+09 1.07414688e+09 1.07414689e+09
 1.07414689e+09 1.07414690e+09 1.07414690e+09 1.07414691e+09
 1.07414691e+09 1.07414692e+09 1.07414692e+09 1.07414693e+09
 1.07414693e+09 1.07414694e+09 1.07414694e+09 1.07414695e+09
 1.07414695e+09 1.07414696e+09 1.07414696e+09 1.07414696e+09
 1.07414697e+09 1.07414697e+09 1.07414698e+09 1.07414698e+09
 1.07414699e+09 1.07414699e+09 1.07414700e+09 1.07414700e+09
 1.07414701e+09 1.07414701e+09 1.07414702e+09 1.07414702e+09
 1.07414703e+09 1.07414703e+09 1.07414704e+09 1.07414704e+09
 1.07414704e+09 1.07414705e+09 1.07414705e+09 1.07414706e+09
 1.07414706e+09 1.07414707e+09 1.07414707e+09 1.07414708e+09
 1.07414708e+09 1.07414709e+09 1.07414709e+09 1.07414710e+09
 1.07414710e+09 1.07414711e+09 1.07414711e+09 1.07414712e+09
 1.07414712e+09 1.07414712e+09 1.07414713e+09 1.07414713e+09
 1.07414714e+09 1.07414714e+09 1.07414715e+09 1.07414715e+09
 1.07414716e+09 1.07414716e+09 1.07414717e+09 1.07414717e+09
 1.07414718e+09 1.07414718e+09 1.07414719e+09 1.07414719e+09
 1.07414719e+09 1.07414720e+09 1.07414720e+09 1.07414721e+09
 1.07414721e+09 1.07414722e+09 1.07414722e+09 1.07414723e+09
 1.07414723e+09 1.07414724e+09 1.07414724e+09 1.07414725e+09
 1.07414725e+09 1.07414726e+09 1.07414726e+09 1.07414727e+09
 1.07414727e+09 1.07414727e+09 1.07414728e+09 1.07414728e+09
 1.07414729e+09 1.07414729e+09 1.07414730e+09 1.07414730e+09
 1.07414731e+09 1.07414731e+09 1.07414732e+09 1.07414732e+09
 1.07414733e+09 1.07414733e+09 1.07414734e+09 1.07414734e+09
 1.07414735e+09 1.07414735e+09 1.07414735e+09 1.07414736e+09
 1.07414736e+09 1.07414737e+09 1.07414737e+09 1.07414738e+09
 1.07414738e+09 1.07414739e+09 1.07414739e+09 1.07414740e+09
 1.07414740e+09 1.07414741e+09 1.07414741e+09 1.07414742e+09
 1.07414742e+09 1.07414743e+09 1.07414743e+09 1.07414743e+09
 1.07414744e+09 1.07414744e+09 1.07414745e+09 1.07414745e+09
 1.07414746e+09 1.07414746e+09 1.07414747e+09 1.07414747e+09
 1.07414748e+09 1.07414748e+09 1.07414749e+09 1.07414749e+09
 1.07414750e+09 1.07414750e+09 1.07414750e+09 1.07414751e+09
 1.07414751e+09 1.07414752e+09 1.07414752e+09 1.07414753e+09
 1.07414753e+09 1.07414754e+09 1.07414754e+09 1.07414755e+09
 1.07414755e+09 1.07414756e+09 1.07414756e+09 1.07414757e+09
 1.07414757e+09 1.07414758e+09 1.07414758e+09 1.07414758e+09
 1.07414759e+09 1.07414759e+09 1.07414760e+09 1.07414760e+09
 1.07414761e+09 1.07414761e+09 1.07414762e+09 1.07414762e+09
 1.07414763e+09 1.07414763e+09 1.07414764e+09 1.07414764e+09
 1.07414765e+09 1.07414765e+09 1.07414766e+09 1.07414766e+09
 1.07414766e+09 1.07414767e+09 1.07414767e+09 1.07414768e+09
 1.07414768e+09 1.07414769e+09 1.07414769e+09 1.07414770e+09
 1.07414770e+09 1.07414771e+09 1.07414771e+09 1.07414772e+09
 1.07414772e+09 1.07414773e+09 1.07414773e+09 1.07414774e+09
 1.07414774e+09 1.07414774e+09 1.07414775e+09 1.07414775e+09
 1.07414776e+09 1.07414776e+09 1.07414777e+09 1.07414777e+09
 1.07414778e+09 1.07414778e+09 1.07414779e+09 1.07414779e+09
 1.07414780e+09 1.07414780e+09 1.07414781e+09 1.07414781e+09
 1.07414781e+09 1.07414782e+09 1.07414782e+09 1.07414783e+09
 1.07414783e+09 1.07414784e+09 1.07414784e+09 1.07414785e+09
 1.07414785e+09 1.07414786e+09 1.07414786e+09 1.07414787e+09
 1.07414787e+09 1.07414788e+09 1.07414788e+09 1.07414789e+09
 1.07414789e+09 1.07414789e+09 1.07414790e+09 1.07414790e+09
 1.07414791e+09 1.07414791e+09 1.07414792e+09 1.07414792e+09
 1.07414793e+09 1.07414793e+09 1.07414794e+09 1.07414794e+09
 1.07414795e+09 1.07414795e+09 1.07414796e+09 1.07414796e+09
 1.07414797e+09 1.07414797e+09 1.07414797e+09 1.07414798e+09
 1.07414798e+09 1.07414799e+09 1.07414799e+09 1.07414800e+09
 1.07414800e+09 1.07414801e+09 1.07414801e+09 1.07414802e+09
 1.07414802e+09 1.07414803e+09 1.07414803e+09 1.07414804e+09
 1.07414804e+09 1.07414805e+09 1.07414805e+09 1.07414805e+09
 1.07414806e+09 1.07414806e+09 1.07414807e+09 1.07414807e+09
 1.07414808e+09 1.07414808e+09 1.07414809e+09 1.07414809e+09
 1.07414810e+09 1.07414810e+09 1.07414814e+09 1.07414818e+09
 1.07414818e+09 1.07414819e+09 1.07414819e+09 1.07414820e+09
 1.07414820e+09 1.07414820e+09 1.07414821e+09 1.07414822e+09
 1.07414822e+09 1.07414823e+09 1.07414823e+09 1.07414824e+09
 1.07414824e+09]
