name =JUICE_ROI_GAN_6_1_02
flyby = ['2034 SEP 28 18:48:51', '2034 SEP 29 18:48:51']
Observation TW = <SpiceCell dtype = 1, length = 0, size = 3400, card = 14, is_set = 1, adjust = 0, init = 1, base = 94025687156240, data = 94025687156288>
Res(t) = [1.14403984 1.14375127 1.14346469 1.14318009 1.14289748 1.14261686
 1.14233822 1.14206157 1.14178691 1.14151423 1.14124354 1.14097483
 1.14070811 1.14044337 1.14018061 1.13991984 1.13966106 1.13940426
 1.13914944 1.1388966  1.13864575 1.13839688 1.13814999 1.13790508
 1.13766216 1.13742121 1.13718225 1.13694526 1.13671026 1.13647723
 1.13624619 1.13601712 1.13579003 1.13556492 1.13534178 1.13512062
 1.13490144 1.13468423 1.134469   1.13425574 1.13404445 1.13383514
 1.13362781 1.13342244 1.13321905 1.13301763 1.13281818 1.1326207
 1.13242519 1.13223164 1.13204007 1.13185047 1.13166283 1.13147716
 1.13129345 1.13111171 1.13093193 1.13075412 1.13057827 1.13040439
 1.13023246 1.1300625  1.1298945  1.12972845 1.12956437 1.12940224
 1.12924207 1.12908386 1.12892761 1.1287733  1.12862096 1.12847057
 1.12832212 1.12817564 1.1280311  1.12788851 1.12774787 1.12760918
 1.12747244 1.12733764 1.12720479 1.12707389 1.12694493 1.12681791
 1.12669283 1.1265697  1.1264485  1.12632925 1.12621193 1.12609655
 1.1259831  1.12587159 1.12576202 1.12565438 1.12554867 1.12544489
 1.12534304 1.12524312 1.12514513 1.12504906 1.12495492 1.12486271
 1.12477242 1.12468405 1.1245976  1.12451307 1.12443046 1.12434977
 1.12427099 1.12419413 1.12411919 1.12404616 1.12397504 1.12390582
 1.12383852 1.12377313 1.12370964 1.12364806 1.12358838 1.12353061
 1.12347473 1.12342076 1.12336869 1.12331851 1.12327023 1.12322384
 1.12317935 1.12313675 1.12309604 1.12305722 1.12302029 1.12298524
 1.12295208 1.12292081 1.12289141 1.1228639  1.12283826 1.1228145
 1.12279262 1.12277262 1.12275448 1.12273822 1.12272383 1.12271131
 1.12270065 1.12269186 1.12268494 1.12267987 1.12267667 1.12267533
 1.12267584 1.12267821 1.12268243 1.12268851 1.12269644 1.12270621
 1.12271784 1.12273131 1.12274662 1.12276378 1.12278278 1.12280361
 1.12282629 1.1228508  1.12287714 1.12290532 1.12293532 1.12296716
 1.12300082 1.1230363  1.12307361 1.12311274 1.12315369 1.12319646
 1.12324104 1.12328744 1.12333564 1.12338566 1.12343749 1.12349112
 1.12354656 1.1236038  1.12366283 1.12372367 1.12378631 1.12385073
 1.12391696 1.12398497 1.12405477 1.12412635 1.12419972 1.12427488
 1.12435181 1.12443052 1.12451101 1.12459327 1.1246773  1.12476311
 1.12485068 1.12494002 1.12503112 1.12512398 1.1252186  1.12531498
 1.12541311 1.125513   1.12561464 1.12571802 1.12582315 1.12593003
 1.12603865 1.126149   1.1262611  1.12637493 1.12649049 1.12660778
 1.1267268  1.12684755 1.12697002 1.12709421 1.12722012 1.12734774
 1.12747708 1.12760814 1.1277409  1.12787537 1.12801154 1.12814942
 1.12828899 1.12843027 1.12857324 1.1287179  1.12886425 1.12901229
 1.12916202 1.12931342 1.12946651 1.12962128 1.12977772 1.12993583
 1.13009562 1.13025707 1.13042019 1.13058497 1.13075141 1.13091951
 1.13108926 1.13126067 1.13143373 1.13160843 1.13178478 1.13196277
 1.1321424  1.13232367 1.13250657 1.1326911  1.13287726 1.13306505
 1.13325446 1.13344549 1.13363814 1.13383241 1.13402828 1.13422577
 1.13442487 1.13462557 1.13482787 1.13503177 1.13523727 1.13544436
 1.13565304 1.1358633  1.13607516 1.13628859 1.13650361 1.1367202
 1.13693837 1.1371581  1.13737941 1.13760228 1.13782671 1.1380527
 1.13828025 1.13850935 1.13874    1.1389722  1.13920595 1.13944124
 1.13967806 1.13991642 1.14015632 1.14039774 1.1406407  1.14088517
 1.14113117 1.14137869 1.14162772 1.14187827 1.14213032 1.14238388
 1.14263894 1.1428955  1.14315356 1.14341312 1.14367416 1.1439367
 1.14420071 1.14446621 1.14473319 1.14500165 1.14527157 1.14554297
 1.14581583 1.14609015 1.14636594 1.14664318 1.14692188 1.14720202
 1.14748361 1.14776665 1.14805113 1.14833704 1.1486244  1.14891318
 1.14920339 1.14949502 1.14978808 1.15008255 1.15037845 1.15067575
 1.15097446 1.15127458 1.1515761  1.15187901 1.15218333 1.15248904
 1.15279613 1.15310461 1.15341448 1.15372572 1.15403834 1.15435233
 1.15466769 1.15498442 1.15530251 1.15562196 1.15594277 1.15626492
 1.15658843 1.15691329 1.15723948 1.15756702 1.15789589 1.15822609
 1.15855762 1.15889048 1.15922466 1.15956016 1.15989697 1.1602351
 1.16057453 1.16091527 1.16125731 1.16160065 1.16194528 1.16229121
 1.16263842 1.16298692 1.16333669 1.16368775 1.16404008 1.16439368
 1.16474854 1.16510467 1.16546206 1.16582071 1.16618061 1.16654175
 1.16690415 1.16726778 1.16763266 1.16799877 1.16836611 1.16873468
 1.16910447 1.16947549 1.16984772 1.17022117 1.17059582 1.17097169
 1.17134875 1.17172702 1.17210648 1.17248714 1.17286898 1.17325201
 1.17363622 1.17402161 1.17440817 1.1747959  1.1751848  1.17557487
 1.17596609 1.17635847 1.17675201 1.17714669 1.17754252 1.17793948
 1.17833759 1.17873683 1.1791372  1.1795387  1.17994133 1.18034507
 1.18074993 1.1811559  1.18156298 1.18197116 1.18238045 1.18279083
 1.18320231 1.18361488 1.18402853 1.18444327 1.18485909 1.18527598
 1.18569394 1.18611298 1.18653307 1.18695423 1.18737644 1.18779971
 1.18822403 1.18864939 1.1890758  1.18950324 1.18993172 1.19036123
 1.19079177 1.19122333 1.1916559  1.1920895  1.19252411 1.19295972
 1.19339634 1.19383397 1.19427258 1.1947122  1.1951528  1.19559439
 1.19603696 1.19648051 1.19692503 1.19737052 1.19781699 1.19826441
 1.19871279 1.19916213 1.19961243 1.20006367 1.20051585 1.20096898
 1.20142304 1.20187804 1.20233396 1.20279081 1.20324859 1.20370728
 1.20416688 1.2046274  1.20508882 1.20555115 1.20601437 1.20647849
 1.2069435  1.2074094  1.20787618 1.20834385 1.20881239 1.2092818
 1.20975208 1.21022323 1.21069523 1.2111681  1.21164182 1.21211639
 1.2125918  1.21306806 1.21354515 1.21402308 1.21450184 1.21498143
 1.21546184 1.21594308 1.21642512 1.21690798 1.21739165 1.21787612
 1.21836139 1.21884746 1.21933432 1.21982197 1.22031041 1.22079963
 1.22128962 1.22178039 1.22227193 1.22276424 1.22325731 1.22375114
 1.22424572 1.22474105 1.22523714 1.22573396 1.22623153 1.22672983
 1.22722886 1.22772863 1.22822912 1.22873032 1.22923225 1.22973489
 1.23023824 1.2307423  1.23124706 1.23175251 1.23225866 1.23276551
 1.23327304 1.23378125 1.23429014 1.23479971 1.23530995 1.23582086
 1.23633243 1.23684467 1.23735756 1.2378711  1.2383853  1.23890014
 1.23941562 1.23993174 1.2404485  1.24096589 1.2414839  1.24200254
 1.24252179 1.24304167 1.24356215 1.24408325 1.24460495 1.24512725
 1.24565014 1.24617364 1.24669772 1.24722238 1.24774764 1.24827346
 1.24879987 1.24932684 1.24985439 1.2503825  1.25091116 1.25144039
 1.25197017 1.25250049 1.25303137 1.25356278 1.25409474 1.25462722
 1.25516024 1.25569379 1.25622786 1.25676245 1.25729756 1.25783318
 1.2583693  1.25890594 1.25944307 1.25998071 1.26051883 1.26105745
 1.26159656 1.26213615 1.26267622 1.26321677 1.26375779 1.26429928
 1.26484123 1.26538365 1.26592652 1.26646985 1.26701363 1.26755786
 1.26810253 1.26864764 1.26919319 1.26973918 1.27028559 1.27083243
 1.27137969 1.27192737 1.27247547 1.27302398 1.27357289 1.27412221
 1.27467194 1.27522206 1.27577257 1.27632348 1.27687477 1.27742645
 1.27797851 1.27853094 1.27908375 1.27963693 1.28019047 1.28074438
 1.28129864 1.28185326 1.28240824 1.28296356 1.28351923 1.28407524
 1.28463159 1.28518827 1.28574529 1.28630263 1.2868603  1.28741829
 1.2879766  1.28853522 1.28909416 1.2896534  1.29021294 1.29077279
 1.29133294 1.29189337 1.2924541  1.29301512 1.29357642 1.294138
 1.29469986 1.29526199 1.2958244  1.29638707 1.29695    1.2975132
 1.29807665 1.29864036 1.29920431 1.29976852 1.30033297 1.30089765
 1.30146258 1.30202774 1.30259313 1.30315875 1.30372459 1.30429066
 1.30485694 1.30542344 1.30599014 1.30655706 1.30712418 1.3076915
 1.30825902 1.30882674 1.30939464 1.30996274 1.31053102 1.31109948
 1.31166813 1.31223694 1.31280593 1.31337509 1.31394442 1.31451391
 1.31508356 1.31565337 1.31622333 1.31679344 1.3173637  1.3179341
 1.31850465 1.31907533 1.31964615 1.32021709 1.32078817 1.32135938
 1.3219307  1.32250215 1.32307371 1.32364539 1.32421717 1.32478907
 1.32536106 1.32593316 1.32650536 1.32707765 1.32765004 1.32822251
 1.32879507 1.32936772 1.32994044 1.33051324 1.33108611 1.33165906
 1.33223207 1.33280515 1.3333783  1.3339515  1.33452476 1.33509807
 1.33567143 1.33624484 1.33681829 1.33739179 1.33796533 1.3385389
 1.3391125  1.33968614 1.3402598  1.34083349 1.3414072  1.34198093
 1.34255467 1.34312843 1.34370219 1.34427597 1.34484975 1.34542353
 1.34599731 1.34657109 1.34714486 1.34771862 1.34829237 1.34886611
 1.34943983 1.35001352 1.3505872  1.35116085 1.35173447 1.35230806
 1.35288161 1.35345513 1.35402861 1.35460205 1.35517544 1.35574879
 1.35632208 1.35689532 1.35746851 1.35804164 1.35861471 1.35918771
 1.35976065 1.36033352 1.36090632 1.36147905 1.3620517  1.36262427
 1.36319676 1.36376916 1.36434148 1.36491371 1.36548584 1.36605788
 1.36662983 1.36720168 1.36777342 1.36834506 1.36891659 1.36948801
 1.37005932 1.37063052 1.3712016  1.37177256 1.3723434  1.37291411
 1.3734847  1.37405515 1.37462548 1.37519567 1.37576572 1.37633564
 1.37690541 1.37747504 1.37804453 1.37861386 1.37918305 1.37975208
 1.38032095 1.38088967 1.38145823 1.38202662 1.38259485 1.38316291
 1.3837308  1.38429852 1.38486607 1.38543344 1.38600063 1.38656763
 1.38713446 1.3877011  1.38826755 1.38883381 1.38939988 1.38996575
 1.39053143 1.3910969  1.39166218 1.39222725 1.39279212 1.39335677
 1.39392122 1.39448546 1.39504948 1.39561328 1.39617687 1.39674023
 1.39730337 1.39786629 1.39842898 1.39899143 1.39955366 1.40011566
 1.40067741 1.40123893 1.40180021 1.40236125 1.40292204 1.40348259
 1.40404289 1.40460294 1.40516274 1.40572228 1.40628156 1.40684059
 1.40739936 1.40795786 1.40851611 1.40907408 1.40963179 1.41018922
 1.41074639 1.41130328 1.41185989 1.41241623 1.41297228 1.41352806
 1.41408355 1.41463875 1.41519367 1.4157483  1.41630263 1.41685668
 1.41741042 1.41796387 1.41851703 1.41906988 1.41962243 1.42017468
 1.42072661 1.42127825 1.42182957 1.42238058 1.42293128 1.42348166
 1.42403172 1.42458147 1.4251309  1.42568    1.42622878 1.42677724
 1.42732537 1.42787317 1.42842064 1.42896777 1.42951457 1.43006104
 1.43060717 1.43115296 1.43169841 1.43224352 1.43278828 1.43333269
 1.43387676 1.43442048 1.43496385 1.43550687 1.43604954 1.43659184
 1.4371338  1.43767539 1.43821662 1.43875749 1.439298   1.43983814
 1.44037792 1.44091733 1.44145637 1.44199504 1.44253333 1.44307125
 1.4436088  1.44414597 1.44468276 1.44521917 1.4457552  1.44629085
 1.44682611 1.44736098 1.44789547 1.44842957 1.44896328 1.4494966
 1.45002953 1.45056206 1.4510942  1.45162594 1.45215728 1.45268822
 1.45321876 1.45374889 1.45427862 1.45480795 1.45533687 1.45586539
 1.45639349 1.45692118 1.45744846 1.45797533 1.45850178 1.45902782
 1.45955344 1.46007865 1.46060343 1.46112779 1.46165173 1.46217525
 1.46269834 1.463221   1.46374324 1.46426505 1.46478644 1.46530739
 1.46582791 1.46634799 1.46686764 1.46738686 1.46790564 1.46842398
 1.46894189 1.46945935 1.46997637 1.47049295 1.47100909 1.47152478
 1.47204003 1.47255483 1.47306918 1.47358308 1.47409654 1.47460954
 1.47512209 1.47563419 1.47614583 1.47665702 1.47716775 1.47767803
 1.47818784 1.4786972  1.4792061  1.47971453 1.4802225  1.48073001
 1.48123706 1.48174364 1.48224975 1.4827554  1.48326058 1.48376529
 1.48426953 1.4847733  1.4852766  1.48577942 1.48628177 1.48678365
 1.48728505 1.48778597 1.48828642 1.48878639 1.48928588 1.48978488
 1.49028341 1.49078146 1.49127903 1.49177611]
t = [1.09638015e+09 1.09638021e+09 1.09638027e+09 1.09638033e+09
 1.09638039e+09 1.09638045e+09 1.09638051e+09 1.09638057e+09
 1.09638063e+09 1.09638069e+09 1.09638076e+09 1.09638082e+09
 1.09638088e+09 1.09638094e+09 1.09638100e+09 1.09638106e+09
 1.09638112e+09 1.09638118e+09 1.09638124e+09 1.09638130e+09
 1.09638136e+09 1.09638142e+09 1.09638148e+09 1.09638154e+09
 1.09638160e+09 1.09638166e+09 1.09638172e+09 1.09638178e+09
 1.09638184e+09 1.09638190e+09 1.09638197e+09 1.09638203e+09
 1.09638209e+09 1.09638215e+09 1.09638221e+09 1.09638227e+09
 1.09638233e+09 1.09638239e+09 1.09638245e+09 1.09638251e+09
 1.09638257e+09 1.09638263e+09 1.09638269e+09 1.09638275e+09
 1.09638281e+09 1.09638287e+09 1.09638293e+09 1.09638299e+09
 1.09638305e+09 1.09638312e+09 1.09638318e+09 1.09638324e+09
 1.09638330e+09 1.09638336e+09 1.09638342e+09 1.09638348e+09
 1.09638354e+09 1.09638360e+09 1.09638366e+09 1.09638372e+09
 1.09638378e+09 1.09638384e+09 1.09638390e+09 1.09638396e+09
 1.09638402e+09 1.09638408e+09 1.09638414e+09 1.09638420e+09
 1.09638426e+09 1.09638433e+09 1.09638439e+09 1.09638445e+09
 1.09638451e+09 1.09638457e+09 1.09638463e+09 1.09638469e+09
 1.09638475e+09 1.09638481e+09 1.09638487e+09 1.09638493e+09
 1.09638499e+09 1.09638505e+09 1.09638511e+09 1.09638517e+09
 1.09638523e+09 1.09638529e+09 1.09638535e+09 1.09638541e+09
 1.09638548e+09 1.09638554e+09 1.09638560e+09 1.09638566e+09
 1.09638572e+09 1.09638578e+09 1.09638584e+09 1.09638590e+09
 1.09638596e+09 1.09638602e+09 1.09638608e+09 1.09638614e+09
 1.09638620e+09 1.09638626e+09 1.09638632e+09 1.09638638e+09
 1.09638644e+09 1.09638650e+09 1.09638656e+09 1.09638662e+09
 1.09638669e+09 1.09638675e+09 1.09638681e+09 1.09638687e+09
 1.09638693e+09 1.09638699e+09 1.09638705e+09 1.09638711e+09
 1.09638717e+09 1.09638723e+09 1.09638729e+09 1.09638735e+09
 1.09638741e+09 1.09638747e+09 1.09638753e+09 1.09638759e+09
 1.09638765e+09 1.09638771e+09 1.09638777e+09 1.09638784e+09
 1.09638790e+09 1.09638796e+09 1.09638802e+09 1.09638808e+09
 1.09638814e+09 1.09638820e+09 1.09638826e+09 1.09638832e+09
 1.09638838e+09 1.09638844e+09 1.09638850e+09 1.09638856e+09
 1.09638862e+09 1.09638868e+09 1.09638874e+09 1.09638880e+09
 1.09638886e+09 1.09638892e+09 1.09638898e+09 1.09638905e+09
 1.09638911e+09 1.09638917e+09 1.09638923e+09 1.09638929e+09
 1.09638935e+09 1.09638941e+09 1.09638947e+09 1.09638953e+09
 1.09638959e+09 1.09638965e+09 1.09638971e+09 1.09638977e+09
 1.09638983e+09 1.09638989e+09 1.09638995e+09 1.09639001e+09
 1.09639007e+09 1.09639013e+09 1.09639019e+09 1.09639026e+09
 1.09639032e+09 1.09639038e+09 1.09639044e+09 1.09639050e+09
 1.09639056e+09 1.09639062e+09 1.09639068e+09 1.09639074e+09
 1.09639080e+09 1.09639086e+09 1.09639092e+09 1.09639098e+09
 1.09639104e+09 1.09639110e+09 1.09639116e+09 1.09639122e+09
 1.09639128e+09 1.09639134e+09 1.09639141e+09 1.09639147e+09
 1.09639153e+09 1.09639159e+09 1.09639165e+09 1.09639171e+09
 1.09639177e+09 1.09639183e+09 1.09639189e+09 1.09639195e+09
 1.09639201e+09 1.09639207e+09 1.09639213e+09 1.09639219e+09
 1.09639225e+09 1.09639231e+09 1.09639237e+09 1.09639243e+09
 1.09639249e+09 1.09639255e+09 1.09639262e+09 1.09639268e+09
 1.09639274e+09 1.09639280e+09 1.09639286e+09 1.09639292e+09
 1.09639298e+09 1.09639304e+09 1.09639310e+09 1.09639316e+09
 1.09639322e+09 1.09639328e+09 1.09639334e+09 1.09639340e+09
 1.09639346e+09 1.09639352e+09 1.09639358e+09 1.09639364e+09
 1.09639370e+09 1.09639377e+09 1.09639383e+09 1.09639389e+09
 1.09639395e+09 1.09639401e+09 1.09639407e+09 1.09639413e+09
 1.09639419e+09 1.09639425e+09 1.09639431e+09 1.09639437e+09
 1.09639443e+09 1.09639449e+09 1.09639455e+09 1.09639461e+09
 1.09639467e+09 1.09639473e+09 1.09639479e+09 1.09639485e+09
 1.09639491e+09 1.09639498e+09 1.09639504e+09 1.09639510e+09
 1.09639516e+09 1.09639522e+09 1.09639528e+09 1.09639534e+09
 1.09639540e+09 1.09639546e+09 1.09639552e+09 1.09639558e+09
 1.09639564e+09 1.09639570e+09 1.09639576e+09 1.09639582e+09
 1.09639588e+09 1.09639594e+09 1.09639600e+09 1.09639606e+09
 1.09639612e+09 1.09639619e+09 1.09639625e+09 1.09639631e+09
 1.09639637e+09 1.09639643e+09 1.09639649e+09 1.09639655e+09
 1.09639661e+09 1.09639667e+09 1.09639673e+09 1.09639679e+09
 1.09639685e+09 1.09639691e+09 1.09639697e+09 1.09639703e+09
 1.09639709e+09 1.09639715e+09 1.09639721e+09 1.09639727e+09
 1.09639734e+09 1.09639740e+09 1.09639746e+09 1.09639752e+09
 1.09639758e+09 1.09639764e+09 1.09639770e+09 1.09639776e+09
 1.09639782e+09 1.09639788e+09 1.09639794e+09 1.09639800e+09
 1.09639806e+09 1.09639812e+09 1.09639818e+09 1.09639824e+09
 1.09639830e+09 1.09639836e+09 1.09639842e+09 1.09639848e+09
 1.09639855e+09 1.09639861e+09 1.09639867e+09 1.09639873e+09
 1.09639879e+09 1.09639885e+09 1.09639891e+09 1.09639897e+09
 1.09639903e+09 1.09639909e+09 1.09639915e+09 1.09639921e+09
 1.09639927e+09 1.09639933e+09 1.09639939e+09 1.09639945e+09
 1.09639951e+09 1.09639957e+09 1.09639963e+09 1.09639970e+09
 1.09639976e+09 1.09639982e+09 1.09639988e+09 1.09639994e+09
 1.09640000e+09 1.09640006e+09 1.09640012e+09 1.09640018e+09
 1.09640024e+09 1.09640030e+09 1.09640036e+09 1.09640042e+09
 1.09640048e+09 1.09640054e+09 1.09640060e+09 1.09640066e+09
 1.09640072e+09 1.09640078e+09 1.09640084e+09 1.09640091e+09
 1.09640097e+09 1.09640103e+09 1.09640109e+09 1.09640115e+09
 1.09640121e+09 1.09640127e+09 1.09640133e+09 1.09640139e+09
 1.09640145e+09 1.09640151e+09 1.09640157e+09 1.09640163e+09
 1.09640169e+09 1.09640175e+09 1.09640181e+09 1.09640187e+09
 1.09640193e+09 1.09640199e+09 1.09640205e+09 1.09640212e+09
 1.09640218e+09 1.09640224e+09 1.09640230e+09 1.09640236e+09
 1.09640242e+09 1.09640248e+09 1.09640254e+09 1.09640260e+09
 1.09640266e+09 1.09640272e+09 1.09640278e+09 1.09640284e+09
 1.09640290e+09 1.09640296e+09 1.09640302e+09 1.09640308e+09
 1.09640314e+09 1.09640320e+09 1.09640327e+09 1.09640333e+09
 1.09640339e+09 1.09640345e+09 1.09640351e+09 1.09640357e+09
 1.09640363e+09 1.09640369e+09 1.09640375e+09 1.09640381e+09
 1.09640387e+09 1.09640393e+09 1.09640399e+09 1.09640405e+09
 1.09640411e+09 1.09640417e+09 1.09640423e+09 1.09640429e+09
 1.09640435e+09 1.09640441e+09 1.09640448e+09 1.09640454e+09
 1.09640460e+09 1.09640466e+09 1.09640472e+09 1.09640478e+09
 1.09640484e+09 1.09640490e+09 1.09640496e+09 1.09640502e+09
 1.09640508e+09 1.09640514e+09 1.09640520e+09 1.09640526e+09
 1.09640532e+09 1.09640538e+09 1.09640544e+09 1.09640550e+09
 1.09640556e+09 1.09640563e+09 1.09640569e+09 1.09640575e+09
 1.09640581e+09 1.09640587e+09 1.09640593e+09 1.09640599e+09
 1.09640605e+09 1.09640611e+09 1.09640617e+09 1.09640623e+09
 1.09640629e+09 1.09640635e+09 1.09640641e+09 1.09640647e+09
 1.09640653e+09 1.09640659e+09 1.09640665e+09 1.09640671e+09
 1.09640677e+09 1.09640684e+09 1.09640690e+09 1.09640696e+09
 1.09640702e+09 1.09640708e+09 1.09640714e+09 1.09640720e+09
 1.09640726e+09 1.09640732e+09 1.09640738e+09 1.09640744e+09
 1.09640750e+09 1.09640756e+09 1.09640762e+09 1.09640768e+09
 1.09640774e+09 1.09640780e+09 1.09640786e+09 1.09640792e+09
 1.09640799e+09 1.09640805e+09 1.09640811e+09 1.09640817e+09
 1.09640823e+09 1.09640829e+09 1.09640835e+09 1.09640841e+09
 1.09640847e+09 1.09640853e+09 1.09640859e+09 1.09640865e+09
 1.09640871e+09 1.09640877e+09 1.09640883e+09 1.09640889e+09
 1.09640895e+09 1.09640901e+09 1.09640907e+09 1.09640913e+09
 1.09640920e+09 1.09640926e+09 1.09640932e+09 1.09640938e+09
 1.09640944e+09 1.09640950e+09 1.09640956e+09 1.09640962e+09
 1.09640968e+09 1.09640974e+09 1.09640980e+09 1.09640986e+09
 1.09640992e+09 1.09640998e+09 1.09641004e+09 1.09641010e+09
 1.09641016e+09 1.09641022e+09 1.09641028e+09 1.09641034e+09
 1.09641041e+09 1.09641047e+09 1.09641053e+09 1.09641059e+09
 1.09641065e+09 1.09641071e+09 1.09641077e+09 1.09641083e+09
 1.09641089e+09 1.09641095e+09 1.09641101e+09 1.09641107e+09
 1.09641113e+09 1.09641119e+09 1.09641125e+09 1.09641131e+09
 1.09641137e+09 1.09641143e+09 1.09641149e+09 1.09641156e+09
 1.09641162e+09 1.09641168e+09 1.09641174e+09 1.09641180e+09
 1.09641186e+09 1.09641192e+09 1.09641198e+09 1.09641204e+09
 1.09641210e+09 1.09641216e+09 1.09641222e+09 1.09641228e+09
 1.09641234e+09 1.09641240e+09 1.09641246e+09 1.09641252e+09
 1.09641258e+09 1.09641264e+09 1.09641270e+09 1.09641277e+09
 1.09641283e+09 1.09641289e+09 1.09641295e+09 1.09641301e+09
 1.09641307e+09 1.09641313e+09 1.09641319e+09 1.09641325e+09
 1.09641331e+09 1.09641337e+09 1.09641343e+09 1.09641349e+09
 1.09641355e+09 1.09641361e+09 1.09641367e+09 1.09641373e+09
 1.09641379e+09 1.09641385e+09 1.09641392e+09 1.09641398e+09
 1.09641404e+09 1.09641410e+09 1.09641416e+09 1.09641422e+09
 1.09641428e+09 1.09641434e+09 1.09641440e+09 1.09641446e+09
 1.09641452e+09 1.09641458e+09 1.09641464e+09 1.09641470e+09
 1.09641476e+09 1.09641482e+09 1.09641488e+09 1.09641494e+09
 1.09641500e+09 1.09641506e+09 1.09641513e+09 1.09641519e+09
 1.09641525e+09 1.09641531e+09 1.09641537e+09 1.09641543e+09
 1.09641549e+09 1.09641555e+09 1.09641561e+09 1.09641567e+09
 1.09641573e+09 1.09641579e+09 1.09641585e+09 1.09641591e+09
 1.09641597e+09 1.09641603e+09 1.09641609e+09 1.09641615e+09
 1.09641621e+09 1.09641627e+09 1.09641634e+09 1.09641640e+09
 1.09641646e+09 1.09641652e+09 1.09641658e+09 1.09641664e+09
 1.09641670e+09 1.09641676e+09 1.09641682e+09 1.09641688e+09
 1.09641694e+09 1.09641700e+09 1.09641706e+09 1.09641712e+09
 1.09641718e+09 1.09641724e+09 1.09641730e+09 1.09641736e+09
 1.09641742e+09 1.09641749e+09 1.09641755e+09 1.09641761e+09
 1.09641767e+09 1.09641773e+09 1.09641779e+09 1.09641785e+09
 1.09641791e+09 1.09641797e+09 1.09641803e+09 1.09641809e+09
 1.09641815e+09 1.09641821e+09 1.09641827e+09 1.09641833e+09
 1.09641839e+09 1.09641845e+09 1.09641851e+09 1.09641857e+09
 1.09641863e+09 1.09641870e+09 1.09641876e+09 1.09641882e+09
 1.09641888e+09 1.09641894e+09 1.09641900e+09 1.09641906e+09
 1.09641912e+09 1.09641918e+09 1.09641924e+09 1.09641930e+09
 1.09641936e+09 1.09641942e+09 1.09641948e+09 1.09641954e+09
 1.09641960e+09 1.09641966e+09 1.09641972e+09 1.09641978e+09
 1.09641985e+09 1.09641991e+09 1.09641997e+09 1.09642003e+09
 1.09642009e+09 1.09642015e+09 1.09642021e+09 1.09642027e+09
 1.09642033e+09 1.09642039e+09 1.09642045e+09 1.09642051e+09
 1.09642057e+09 1.09642063e+09 1.09642069e+09 1.09642075e+09
 1.09642081e+09 1.09642087e+09 1.09642093e+09 1.09642099e+09
 1.09642106e+09 1.09642112e+09 1.09642118e+09 1.09642124e+09
 1.09642130e+09 1.09642136e+09 1.09642142e+09 1.09642148e+09
 1.09642154e+09 1.09642160e+09 1.09642166e+09 1.09642172e+09
 1.09642178e+09 1.09642184e+09 1.09642190e+09 1.09642196e+09
 1.09642202e+09 1.09642208e+09 1.09642214e+09 1.09642220e+09
 1.09642227e+09 1.09642233e+09 1.09642239e+09 1.09642245e+09
 1.09642251e+09 1.09642257e+09 1.09642263e+09 1.09642269e+09
 1.09642275e+09 1.09642281e+09 1.09642287e+09 1.09642293e+09
 1.09642299e+09 1.09642305e+09 1.09642311e+09 1.09642317e+09
 1.09642323e+09 1.09642329e+09 1.09642335e+09 1.09642342e+09
 1.09642348e+09 1.09642354e+09 1.09642360e+09 1.09642366e+09
 1.09642372e+09 1.09642378e+09 1.09642384e+09 1.09642390e+09
 1.09642396e+09 1.09642402e+09 1.09642408e+09 1.09642414e+09
 1.09642420e+09 1.09642426e+09 1.09642432e+09 1.09642438e+09
 1.09642444e+09 1.09642450e+09 1.09642456e+09 1.09642463e+09
 1.09642469e+09 1.09642475e+09 1.09642481e+09 1.09642487e+09
 1.09642493e+09 1.09642499e+09 1.09642505e+09 1.09642511e+09
 1.09642517e+09 1.09642523e+09 1.09642529e+09 1.09642535e+09
 1.09642541e+09 1.09642547e+09 1.09642553e+09 1.09642559e+09
 1.09642565e+09 1.09642571e+09 1.09642578e+09 1.09642584e+09
 1.09642590e+09 1.09642596e+09 1.09642602e+09 1.09642608e+09
 1.09642614e+09 1.09642620e+09 1.09642626e+09 1.09642632e+09
 1.09642638e+09 1.09642644e+09 1.09642650e+09 1.09642656e+09
 1.09642662e+09 1.09642668e+09 1.09642674e+09 1.09642680e+09
 1.09642686e+09 1.09642692e+09 1.09642699e+09 1.09642705e+09
 1.09642711e+09 1.09642717e+09 1.09642723e+09 1.09642729e+09
 1.09642735e+09 1.09642741e+09 1.09642747e+09 1.09642753e+09
 1.09642759e+09 1.09642765e+09 1.09642771e+09 1.09642777e+09
 1.09642783e+09 1.09642789e+09 1.09642795e+09 1.09642801e+09
 1.09642807e+09 1.09642814e+09 1.09642820e+09 1.09642826e+09
 1.09642832e+09 1.09642838e+09 1.09642844e+09 1.09642850e+09
 1.09642856e+09 1.09642862e+09 1.09642868e+09 1.09642874e+09
 1.09642880e+09 1.09642886e+09 1.09642892e+09 1.09642898e+09
 1.09642904e+09 1.09642910e+09 1.09642916e+09 1.09642922e+09
 1.09642928e+09 1.09642935e+09 1.09642941e+09 1.09642947e+09
 1.09642953e+09 1.09642959e+09 1.09642965e+09 1.09642971e+09
 1.09642977e+09 1.09642983e+09 1.09642989e+09 1.09642995e+09
 1.09643001e+09 1.09643007e+09 1.09643013e+09 1.09643019e+09
 1.09643025e+09 1.09643031e+09 1.09643037e+09 1.09643043e+09
 1.09643049e+09 1.09643056e+09 1.09643062e+09 1.09643068e+09
 1.09643074e+09 1.09643080e+09 1.09643086e+09 1.09643092e+09
 1.09643098e+09 1.09643104e+09 1.09643110e+09 1.09643116e+09
 1.09643122e+09 1.09643128e+09 1.09643134e+09 1.09643140e+09
 1.09643146e+09 1.09643152e+09 1.09643158e+09 1.09643164e+09
 1.09643171e+09 1.09643177e+09 1.09643183e+09 1.09643189e+09
 1.09643195e+09 1.09643201e+09 1.09643207e+09 1.09643213e+09
 1.09643219e+09 1.09643225e+09 1.09643231e+09 1.09643237e+09
 1.09643243e+09 1.09643249e+09 1.09643255e+09 1.09643261e+09
 1.09643267e+09 1.09643273e+09 1.09643279e+09 1.09643285e+09
 1.09643292e+09 1.09643298e+09 1.09643304e+09 1.09643310e+09
 1.09643316e+09 1.09643322e+09 1.09643328e+09 1.09643334e+09
 1.09643340e+09 1.09643346e+09 1.09643352e+09 1.09643358e+09
 1.09643364e+09 1.09643370e+09 1.09643376e+09 1.09643382e+09
 1.09643388e+09 1.09643394e+09 1.09643400e+09 1.09643407e+09
 1.09643413e+09 1.09643419e+09 1.09643425e+09 1.09643431e+09
 1.09643437e+09 1.09643443e+09 1.09643449e+09 1.09643455e+09
 1.09643461e+09 1.09643467e+09 1.09643473e+09 1.09643479e+09
 1.09643485e+09 1.09643491e+09 1.09643497e+09 1.09643503e+09
 1.09643509e+09 1.09643515e+09 1.09643521e+09 1.09643528e+09
 1.09643534e+09 1.09643540e+09 1.09643546e+09 1.09643552e+09
 1.09643558e+09 1.09643564e+09 1.09643570e+09 1.09643576e+09
 1.09643582e+09 1.09643588e+09 1.09643594e+09 1.09643600e+09
 1.09643606e+09 1.09643612e+09 1.09643618e+09 1.09643624e+09
 1.09643630e+09 1.09643636e+09 1.09643642e+09 1.09643649e+09
 1.09643655e+09 1.09643661e+09 1.09643667e+09 1.09643673e+09
 1.09643679e+09 1.09643685e+09 1.09643691e+09 1.09643697e+09
 1.09643703e+09 1.09643709e+09 1.09643715e+09 1.09643721e+09
 1.09643727e+09 1.09643733e+09 1.09643739e+09 1.09643745e+09
 1.09643751e+09 1.09643757e+09 1.09643764e+09 1.09643770e+09
 1.09643776e+09 1.09643782e+09 1.09643788e+09 1.09643794e+09
 1.09643800e+09 1.09643806e+09 1.09643812e+09 1.09643818e+09
 1.09643824e+09 1.09643830e+09 1.09643836e+09 1.09643842e+09
 1.09643848e+09 1.09643854e+09 1.09643860e+09 1.09643866e+09
 1.09643872e+09 1.09643878e+09 1.09643885e+09 1.09643891e+09
 1.09643897e+09 1.09643903e+09 1.09643909e+09 1.09643915e+09
 1.09643921e+09 1.09643927e+09 1.09643933e+09 1.09643939e+09
 1.09643945e+09 1.09643951e+09 1.09643957e+09 1.09643963e+09
 1.09643969e+09 1.09643975e+09 1.09643981e+09 1.09643987e+09
 1.09643993e+09 1.09644000e+09 1.09644006e+09 1.09644012e+09
 1.09644018e+09 1.09644024e+09 1.09644030e+09 1.09644036e+09
 1.09644042e+09 1.09644048e+09 1.09644054e+09 1.09644060e+09]
minRes = 1.1226753262162055
minResTime = [1.09638917e+09]
Cov(t) = [100 100 100 100 100 100 100 100 100 100 100 100 100 100 100 100 100 100
 100 100 100 100 100 100 100 100 100 100 100 100 100 100 100 100 100 100
 100 100 100 100 100 100 100 100 100 100 100 100 100 100 100 100 100 100
 100 100 100 100 100 100 100 100 100 100 100 100 100 100 100 100 100 100
 100 100 100 100 100 100 100 100 100 100 100 100 100 100 100 100 100 100
 100 100 100 100 100 100 100 100 100 100 100 100 100 100 100 100 100 100
 100 100 100 100 100 100 100 100 100 100 100 100 100 100 100 100 100 100
 100 100 100 100 100 100 100 100 100 100 100 100 100 100 100 100 100 100
 100 100 100 100 100 100 100 100 100 100 100 100 100 100 100 100 100 100
 100 100 100 100 100 100 100 100 100 100 100 100 100 100 100 100 100 100
 100 100 100 100 100 100 100 100 100 100 100 100 100 100 100 100 100 100
 100 100 100 100 100 100 100 100 100 100 100 100 100 100 100 100 100 100
 100 100 100 100 100 100 100 100 100 100 100 100 100 100 100 100 100 100
 100 100 100 100 100 100 100 100 100 100 100 100 100 100 100 100 100 100
 100 100 100 100 100 100 100 100 100 100 100 100 100 100 100 100 100 100
 100 100 100 100 100 100 100 100 100 100 100 100 100 100 100 100 100 100
 100 100 100 100 100 100 100 100 100 100 100 100 100 100 100 100 100 100
 100 100 100 100 100 100 100 100 100 100 100 100 100 100 100 100 100 100
 100 100 100 100 100 100 100 100 100 100 100 100 100 100 100 100 100 100
 100 100 100 100 100 100 100 100 100 100 100 100 100 100 100 100 100 100
 100 100 100 100 100 100 100 100 100 100 100 100 100 100 100 100 100 100
 100 100 100 100 100 100 100 100 100 100 100 100 100 100 100 100 100 100
 100 100 100 100 100 100 100 100 100 100 100 100 100 100 100 100 100 100
 100 100 100 100 100 100 100 100 100 100 100 100 100 100 100 100 100 100
 100 100 100 100 100 100 100 100 100 100 100 100 100 100 100 100 100 100
 100 100 100 100 100 100 100 100 100 100 100 100 100 100 100 100 100 100
 100 100 100 100 100 100 100 100 100 100 100 100 100 100 100 100 100 100
 100 100 100 100 100 100 100 100 100 100 100 100 100 100 100 100 100 100
 100 100 100 100 100 100 100 100 100 100 100 100 100 100 100 100 100 100
 100 100 100 100 100 100 100 100 100 100 100 100 100 100 100 100 100 100
 100 100 100 100 100 100 100 100 100 100 100 100 100 100 100 100 100 100
 100 100 100 100 100 100 100 100 100 100 100 100 100 100 100 100 100 100
 100 100 100 100 100 100 100 100 100 100 100 100 100 100 100 100 100 100
 100 100 100 100 100 100 100 100 100 100 100 100 100 100 100 100 100 100
 100 100 100 100 100 100 100 100 100 100 100 100 100 100 100 100 100 100
 100 100 100 100 100 100 100 100 100 100 100 100 100 100 100 100 100 100
 100 100 100 100 100 100 100 100 100 100 100 100 100 100 100 100 100 100
 100 100 100 100 100 100 100 100 100 100 100 100 100 100 100 100 100 100
 100 100 100 100 100 100 100 100 100 100 100 100 100 100 100 100 100 100
 100 100 100 100 100 100 100 100 100 100 100 100 100 100 100 100 100 100
 100 100 100 100 100 100 100 100 100 100 100 100 100 100 100 100 100 100
 100 100 100 100 100 100 100 100 100 100 100 100 100 100 100 100 100 100
 100 100 100 100 100 100 100 100 100 100 100 100 100 100 100 100 100 100
 100 100 100 100 100 100 100 100 100 100 100 100 100 100 100 100 100 100
 100 100 100 100 100 100 100 100 100 100 100 100 100 100 100 100 100 100
 100 100 100 100 100 100 100 100 100 100 100 100 100 100 100 100 100 100
 100 100 100 100 100 100 100 100 100 100 100 100 100 100 100 100 100 100
 100 100 100 100 100 100 100 100 100 100 100 100 100 100 100 100 100 100
 100 100 100 100 100 100 100 100 100 100 100 100 100 100 100 100 100 100
 100 100 100 100 100 100 100 100 100 100 100 100 100 100 100 100 100 100
 100 100 100 100 100 100 100 100 100 100 100 100 100 100 100 100 100 100
 100 100 100 100 100 100 100 100 100 100 100 100 100 100 100 100 100 100
 100 100 100 100 100 100 100 100 100 100 100 100 100 100 100 100 100 100
 100 100 100 100 100 100 100 100 100 100 100 100 100 100 100 100 100 100
 100 100 100 100 100 100 100 100 100 100 100 100 100 100 100 100 100 100
 100 100 100 100 100 100 100 100 100 100]
maxCov = 100
maxCovTime = [1.09638015e+09 1.09638021e+09 1.09638027e+09 1.09638033e+09
 1.09638039e+09 1.09638045e+09 1.09638051e+09 1.09638057e+09
 1.09638063e+09 1.09638069e+09 1.09638076e+09 1.09638082e+09
 1.09638088e+09 1.09638094e+09 1.09638100e+09 1.09638106e+09
 1.09638112e+09 1.09638118e+09 1.09638124e+09 1.09638130e+09
 1.09638136e+09 1.09638142e+09 1.09638148e+09 1.09638154e+09
 1.09638160e+09 1.09638166e+09 1.09638172e+09 1.09638178e+09
 1.09638184e+09 1.09638190e+09 1.09638197e+09 1.09638203e+09
 1.09638209e+09 1.09638215e+09 1.09638221e+09 1.09638227e+09
 1.09638233e+09 1.09638239e+09 1.09638245e+09 1.09638251e+09
 1.09638257e+09 1.09638263e+09 1.09638269e+09 1.09638275e+09
 1.09638281e+09 1.09638287e+09 1.09638293e+09 1.09638299e+09
 1.09638305e+09 1.09638312e+09 1.09638318e+09 1.09638324e+09
 1.09638330e+09 1.09638336e+09 1.09638342e+09 1.09638348e+09
 1.09638354e+09 1.09638360e+09 1.09638366e+09 1.09638372e+09
 1.09638378e+09 1.09638384e+09 1.09638390e+09 1.09638396e+09
 1.09638402e+09 1.09638408e+09 1.09638414e+09 1.09638420e+09
 1.09638426e+09 1.09638433e+09 1.09638439e+09 1.09638445e+09
 1.09638451e+09 1.09638457e+09 1.09638463e+09 1.09638469e+09
 1.09638475e+09 1.09638481e+09 1.09638487e+09 1.09638493e+09
 1.09638499e+09 1.09638505e+09 1.09638511e+09 1.09638517e+09
 1.09638523e+09 1.09638529e+09 1.09638535e+09 1.09638541e+09
 1.09638548e+09 1.09638554e+09 1.09638560e+09 1.09638566e+09
 1.09638572e+09 1.09638578e+09 1.09638584e+09 1.09638590e+09
 1.09638596e+09 1.09638602e+09 1.09638608e+09 1.09638614e+09
 1.09638620e+09 1.09638626e+09 1.09638632e+09 1.09638638e+09
 1.09638644e+09 1.09638650e+09 1.09638656e+09 1.09638662e+09
 1.09638669e+09 1.09638675e+09 1.09638681e+09 1.09638687e+09
 1.09638693e+09 1.09638699e+09 1.09638705e+09 1.09638711e+09
 1.09638717e+09 1.09638723e+09 1.09638729e+09 1.09638735e+09
 1.09638741e+09 1.09638747e+09 1.09638753e+09 1.09638759e+09
 1.09638765e+09 1.09638771e+09 1.09638777e+09 1.09638784e+09
 1.09638790e+09 1.09638796e+09 1.09638802e+09 1.09638808e+09
 1.09638814e+09 1.09638820e+09 1.09638826e+09 1.09638832e+09
 1.09638838e+09 1.09638844e+09 1.09638850e+09 1.09638856e+09
 1.09638862e+09 1.09638868e+09 1.09638874e+09 1.09638880e+09
 1.09638886e+09 1.09638892e+09 1.09638898e+09 1.09638905e+09
 1.09638911e+09 1.09638917e+09 1.09638923e+09 1.09638929e+09
 1.09638935e+09 1.09638941e+09 1.09638947e+09 1.09638953e+09
 1.09638959e+09 1.09638965e+09 1.09638971e+09 1.09638977e+09
 1.09638983e+09 1.09638989e+09 1.09638995e+09 1.09639001e+09
 1.09639007e+09 1.09639013e+09 1.09639019e+09 1.09639026e+09
 1.09639032e+09 1.09639038e+09 1.09639044e+09 1.09639050e+09
 1.09639056e+09 1.09639062e+09 1.09639068e+09 1.09639074e+09
 1.09639080e+09 1.09639086e+09 1.09639092e+09 1.09639098e+09
 1.09639104e+09 1.09639110e+09 1.09639116e+09 1.09639122e+09
 1.09639128e+09 1.09639134e+09 1.09639141e+09 1.09639147e+09
 1.09639153e+09 1.09639159e+09 1.09639165e+09 1.09639171e+09
 1.09639177e+09 1.09639183e+09 1.09639189e+09 1.09639195e+09
 1.09639201e+09 1.09639207e+09 1.09639213e+09 1.09639219e+09
 1.09639225e+09 1.09639231e+09 1.09639237e+09 1.09639243e+09
 1.09639249e+09 1.09639255e+09 1.09639262e+09 1.09639268e+09
 1.09639274e+09 1.09639280e+09 1.09639286e+09 1.09639292e+09
 1.09639298e+09 1.09639304e+09 1.09639310e+09 1.09639316e+09
 1.09639322e+09 1.09639328e+09 1.09639334e+09 1.09639340e+09
 1.09639346e+09 1.09639352e+09 1.09639358e+09 1.09639364e+09
 1.09639370e+09 1.09639377e+09 1.09639383e+09 1.09639389e+09
 1.09639395e+09 1.09639401e+09 1.09639407e+09 1.09639413e+09
 1.09639419e+09 1.09639425e+09 1.09639431e+09 1.09639437e+09
 1.09639443e+09 1.09639449e+09 1.09639455e+09 1.09639461e+09
 1.09639467e+09 1.09639473e+09 1.09639479e+09 1.09639485e+09
 1.09639491e+09 1.09639498e+09 1.09639504e+09 1.09639510e+09
 1.09639516e+09 1.09639522e+09 1.09639528e+09 1.09639534e+09
 1.09639540e+09 1.09639546e+09 1.09639552e+09 1.09639558e+09
 1.09639564e+09 1.09639570e+09 1.09639576e+09 1.09639582e+09
 1.09639588e+09 1.09639594e+09 1.09639600e+09 1.09639606e+09
 1.09639612e+09 1.09639619e+09 1.09639625e+09 1.09639631e+09
 1.09639637e+09 1.09639643e+09 1.09639649e+09 1.09639655e+09
 1.09639661e+09 1.09639667e+09 1.09639673e+09 1.09639679e+09
 1.09639685e+09 1.09639691e+09 1.09639697e+09 1.09639703e+09
 1.09639709e+09 1.09639715e+09 1.09639721e+09 1.09639727e+09
 1.09639734e+09 1.09639740e+09 1.09639746e+09 1.09639752e+09
 1.09639758e+09 1.09639764e+09 1.09639770e+09 1.09639776e+09
 1.09639782e+09 1.09639788e+09 1.09639794e+09 1.09639800e+09
 1.09639806e+09 1.09639812e+09 1.09639818e+09 1.09639824e+09
 1.09639830e+09 1.09639836e+09 1.09639842e+09 1.09639848e+09
 1.09639855e+09 1.09639861e+09 1.09639867e+09 1.09639873e+09
 1.09639879e+09 1.09639885e+09 1.09639891e+09 1.09639897e+09
 1.09639903e+09 1.09639909e+09 1.09639915e+09 1.09639921e+09
 1.09639927e+09 1.09639933e+09 1.09639939e+09 1.09639945e+09
 1.09639951e+09 1.09639957e+09 1.09639963e+09 1.09639970e+09
 1.09639976e+09 1.09639982e+09 1.09639988e+09 1.09639994e+09
 1.09640000e+09 1.09640006e+09 1.09640012e+09 1.09640018e+09
 1.09640024e+09 1.09640030e+09 1.09640036e+09 1.09640042e+09
 1.09640048e+09 1.09640054e+09 1.09640060e+09 1.09640066e+09
 1.09640072e+09 1.09640078e+09 1.09640084e+09 1.09640091e+09
 1.09640097e+09 1.09640103e+09 1.09640109e+09 1.09640115e+09
 1.09640121e+09 1.09640127e+09 1.09640133e+09 1.09640139e+09
 1.09640145e+09 1.09640151e+09 1.09640157e+09 1.09640163e+09
 1.09640169e+09 1.09640175e+09 1.09640181e+09 1.09640187e+09
 1.09640193e+09 1.09640199e+09 1.09640205e+09 1.09640212e+09
 1.09640218e+09 1.09640224e+09 1.09640230e+09 1.09640236e+09
 1.09640242e+09 1.09640248e+09 1.09640254e+09 1.09640260e+09
 1.09640266e+09 1.09640272e+09 1.09640278e+09 1.09640284e+09
 1.09640290e+09 1.09640296e+09 1.09640302e+09 1.09640308e+09
 1.09640314e+09 1.09640320e+09 1.09640327e+09 1.09640333e+09
 1.09640339e+09 1.09640345e+09 1.09640351e+09 1.09640357e+09
 1.09640363e+09 1.09640369e+09 1.09640375e+09 1.09640381e+09
 1.09640387e+09 1.09640393e+09 1.09640399e+09 1.09640405e+09
 1.09640411e+09 1.09640417e+09 1.09640423e+09 1.09640429e+09
 1.09640435e+09 1.09640441e+09 1.09640448e+09 1.09640454e+09
 1.09640460e+09 1.09640466e+09 1.09640472e+09 1.09640478e+09
 1.09640484e+09 1.09640490e+09 1.09640496e+09 1.09640502e+09
 1.09640508e+09 1.09640514e+09 1.09640520e+09 1.09640526e+09
 1.09640532e+09 1.09640538e+09 1.09640544e+09 1.09640550e+09
 1.09640556e+09 1.09640563e+09 1.09640569e+09 1.09640575e+09
 1.09640581e+09 1.09640587e+09 1.09640593e+09 1.09640599e+09
 1.09640605e+09 1.09640611e+09 1.09640617e+09 1.09640623e+09
 1.09640629e+09 1.09640635e+09 1.09640641e+09 1.09640647e+09
 1.09640653e+09 1.09640659e+09 1.09640665e+09 1.09640671e+09
 1.09640677e+09 1.09640684e+09 1.09640690e+09 1.09640696e+09
 1.09640702e+09 1.09640708e+09 1.09640714e+09 1.09640720e+09
 1.09640726e+09 1.09640732e+09 1.09640738e+09 1.09640744e+09
 1.09640750e+09 1.09640756e+09 1.09640762e+09 1.09640768e+09
 1.09640774e+09 1.09640780e+09 1.09640786e+09 1.09640792e+09
 1.09640799e+09 1.09640805e+09 1.09640811e+09 1.09640817e+09
 1.09640823e+09 1.09640829e+09 1.09640835e+09 1.09640841e+09
 1.09640847e+09 1.09640853e+09 1.09640859e+09 1.09640865e+09
 1.09640871e+09 1.09640877e+09 1.09640883e+09 1.09640889e+09
 1.09640895e+09 1.09640901e+09 1.09640907e+09 1.09640913e+09
 1.09640920e+09 1.09640926e+09 1.09640932e+09 1.09640938e+09
 1.09640944e+09 1.09640950e+09 1.09640956e+09 1.09640962e+09
 1.09640968e+09 1.09640974e+09 1.09640980e+09 1.09640986e+09
 1.09640992e+09 1.09640998e+09 1.09641004e+09 1.09641010e+09
 1.09641016e+09 1.09641022e+09 1.09641028e+09 1.09641034e+09
 1.09641041e+09 1.09641047e+09 1.09641053e+09 1.09641059e+09
 1.09641065e+09 1.09641071e+09 1.09641077e+09 1.09641083e+09
 1.09641089e+09 1.09641095e+09 1.09641101e+09 1.09641107e+09
 1.09641113e+09 1.09641119e+09 1.09641125e+09 1.09641131e+09
 1.09641137e+09 1.09641143e+09 1.09641149e+09 1.09641156e+09
 1.09641162e+09 1.09641168e+09 1.09641174e+09 1.09641180e+09
 1.09641186e+09 1.09641192e+09 1.09641198e+09 1.09641204e+09
 1.09641210e+09 1.09641216e+09 1.09641222e+09 1.09641228e+09
 1.09641234e+09 1.09641240e+09 1.09641246e+09 1.09641252e+09
 1.09641258e+09 1.09641264e+09 1.09641270e+09 1.09641277e+09
 1.09641283e+09 1.09641289e+09 1.09641295e+09 1.09641301e+09
 1.09641307e+09 1.09641313e+09 1.09641319e+09 1.09641325e+09
 1.09641331e+09 1.09641337e+09 1.09641343e+09 1.09641349e+09
 1.09641355e+09 1.09641361e+09 1.09641367e+09 1.09641373e+09
 1.09641379e+09 1.09641385e+09 1.09641392e+09 1.09641398e+09
 1.09641404e+09 1.09641410e+09 1.09641416e+09 1.09641422e+09
 1.09641428e+09 1.09641434e+09 1.09641440e+09 1.09641446e+09
 1.09641452e+09 1.09641458e+09 1.09641464e+09 1.09641470e+09
 1.09641476e+09 1.09641482e+09 1.09641488e+09 1.09641494e+09
 1.09641500e+09 1.09641506e+09 1.09641513e+09 1.09641519e+09
 1.09641525e+09 1.09641531e+09 1.09641537e+09 1.09641543e+09
 1.09641549e+09 1.09641555e+09 1.09641561e+09 1.09641567e+09
 1.09641573e+09 1.09641579e+09 1.09641585e+09 1.09641591e+09
 1.09641597e+09 1.09641603e+09 1.09641609e+09 1.09641615e+09
 1.09641621e+09 1.09641627e+09 1.09641634e+09 1.09641640e+09
 1.09641646e+09 1.09641652e+09 1.09641658e+09 1.09641664e+09
 1.09641670e+09 1.09641676e+09 1.09641682e+09 1.09641688e+09
 1.09641694e+09 1.09641700e+09 1.09641706e+09 1.09641712e+09
 1.09641718e+09 1.09641724e+09 1.09641730e+09 1.09641736e+09
 1.09641742e+09 1.09641749e+09 1.09641755e+09 1.09641761e+09
 1.09641767e+09 1.09641773e+09 1.09641779e+09 1.09641785e+09
 1.09641791e+09 1.09641797e+09 1.09641803e+09 1.09641809e+09
 1.09641815e+09 1.09641821e+09 1.09641827e+09 1.09641833e+09
 1.09641839e+09 1.09641845e+09 1.09641851e+09 1.09641857e+09
 1.09641863e+09 1.09641870e+09 1.09641876e+09 1.09641882e+09
 1.09641888e+09 1.09641894e+09 1.09641900e+09 1.09641906e+09
 1.09641912e+09 1.09641918e+09 1.09641924e+09 1.09641930e+09
 1.09641936e+09 1.09641942e+09 1.09641948e+09 1.09641954e+09
 1.09641960e+09 1.09641966e+09 1.09641972e+09 1.09641978e+09
 1.09641985e+09 1.09641991e+09 1.09641997e+09 1.09642003e+09
 1.09642009e+09 1.09642015e+09 1.09642021e+09 1.09642027e+09
 1.09642033e+09 1.09642039e+09 1.09642045e+09 1.09642051e+09
 1.09642057e+09 1.09642063e+09 1.09642069e+09 1.09642075e+09
 1.09642081e+09 1.09642087e+09 1.09642093e+09 1.09642099e+09
 1.09642106e+09 1.09642112e+09 1.09642118e+09 1.09642124e+09
 1.09642130e+09 1.09642136e+09 1.09642142e+09 1.09642148e+09
 1.09642154e+09 1.09642160e+09 1.09642166e+09 1.09642172e+09
 1.09642178e+09 1.09642184e+09 1.09642190e+09 1.09642196e+09
 1.09642202e+09 1.09642208e+09 1.09642214e+09 1.09642220e+09
 1.09642227e+09 1.09642233e+09 1.09642239e+09 1.09642245e+09
 1.09642251e+09 1.09642257e+09 1.09642263e+09 1.09642269e+09
 1.09642275e+09 1.09642281e+09 1.09642287e+09 1.09642293e+09
 1.09642299e+09 1.09642305e+09 1.09642311e+09 1.09642317e+09
 1.09642323e+09 1.09642329e+09 1.09642335e+09 1.09642342e+09
 1.09642348e+09 1.09642354e+09 1.09642360e+09 1.09642366e+09
 1.09642372e+09 1.09642378e+09 1.09642384e+09 1.09642390e+09
 1.09642396e+09 1.09642402e+09 1.09642408e+09 1.09642414e+09
 1.09642420e+09 1.09642426e+09 1.09642432e+09 1.09642438e+09
 1.09642444e+09 1.09642450e+09 1.09642456e+09 1.09642463e+09
 1.09642469e+09 1.09642475e+09 1.09642481e+09 1.09642487e+09
 1.09642493e+09 1.09642499e+09 1.09642505e+09 1.09642511e+09
 1.09642517e+09 1.09642523e+09 1.09642529e+09 1.09642535e+09
 1.09642541e+09 1.09642547e+09 1.09642553e+09 1.09642559e+09
 1.09642565e+09 1.09642571e+09 1.09642578e+09 1.09642584e+09
 1.09642590e+09 1.09642596e+09 1.09642602e+09 1.09642608e+09
 1.09642614e+09 1.09642620e+09 1.09642626e+09 1.09642632e+09
 1.09642638e+09 1.09642644e+09 1.09642650e+09 1.09642656e+09
 1.09642662e+09 1.09642668e+09 1.09642674e+09 1.09642680e+09
 1.09642686e+09 1.09642692e+09 1.09642699e+09 1.09642705e+09
 1.09642711e+09 1.09642717e+09 1.09642723e+09 1.09642729e+09
 1.09642735e+09 1.09642741e+09 1.09642747e+09 1.09642753e+09
 1.09642759e+09 1.09642765e+09 1.09642771e+09 1.09642777e+09
 1.09642783e+09 1.09642789e+09 1.09642795e+09 1.09642801e+09
 1.09642807e+09 1.09642814e+09 1.09642820e+09 1.09642826e+09
 1.09642832e+09 1.09642838e+09 1.09642844e+09 1.09642850e+09
 1.09642856e+09 1.09642862e+09 1.09642868e+09 1.09642874e+09
 1.09642880e+09 1.09642886e+09 1.09642892e+09 1.09642898e+09
 1.09642904e+09 1.09642910e+09 1.09642916e+09 1.09642922e+09
 1.09642928e+09 1.09642935e+09 1.09642941e+09 1.09642947e+09
 1.09642953e+09 1.09642959e+09 1.09642965e+09 1.09642971e+09
 1.09642977e+09 1.09642983e+09 1.09642989e+09 1.09642995e+09
 1.09643001e+09 1.09643007e+09 1.09643013e+09 1.09643019e+09
 1.09643025e+09 1.09643031e+09 1.09643037e+09 1.09643043e+09
 1.09643049e+09 1.09643056e+09 1.09643062e+09 1.09643068e+09
 1.09643074e+09 1.09643080e+09 1.09643086e+09 1.09643092e+09
 1.09643098e+09 1.09643104e+09 1.09643110e+09 1.09643116e+09
 1.09643122e+09 1.09643128e+09 1.09643134e+09 1.09643140e+09
 1.09643146e+09 1.09643152e+09 1.09643158e+09 1.09643164e+09
 1.09643171e+09 1.09643177e+09 1.09643183e+09 1.09643189e+09
 1.09643195e+09 1.09643201e+09 1.09643207e+09 1.09643213e+09
 1.09643219e+09 1.09643225e+09 1.09643231e+09 1.09643237e+09
 1.09643243e+09 1.09643249e+09 1.09643255e+09 1.09643261e+09
 1.09643267e+09 1.09643273e+09 1.09643279e+09 1.09643285e+09
 1.09643292e+09 1.09643298e+09 1.09643304e+09 1.09643310e+09
 1.09643316e+09 1.09643322e+09 1.09643328e+09 1.09643334e+09
 1.09643340e+09 1.09643346e+09 1.09643352e+09 1.09643358e+09
 1.09643364e+09 1.09643370e+09 1.09643376e+09 1.09643382e+09
 1.09643388e+09 1.09643394e+09 1.09643400e+09 1.09643407e+09
 1.09643413e+09 1.09643419e+09 1.09643425e+09 1.09643431e+09
 1.09643437e+09 1.09643443e+09 1.09643449e+09 1.09643455e+09
 1.09643461e+09 1.09643467e+09 1.09643473e+09 1.09643479e+09
 1.09643485e+09 1.09643491e+09 1.09643497e+09 1.09643503e+09
 1.09643509e+09 1.09643515e+09 1.09643521e+09 1.09643528e+09
 1.09643534e+09 1.09643540e+09 1.09643546e+09 1.09643552e+09
 1.09643558e+09 1.09643564e+09 1.09643570e+09 1.09643576e+09
 1.09643582e+09 1.09643588e+09 1.09643594e+09 1.09643600e+09
 1.09643606e+09 1.09643612e+09 1.09643618e+09 1.09643624e+09
 1.09643630e+09 1.09643636e+09 1.09643642e+09 1.09643649e+09
 1.09643655e+09 1.09643661e+09 1.09643667e+09 1.09643673e+09
 1.09643679e+09 1.09643685e+09 1.09643691e+09 1.09643697e+09
 1.09643703e+09 1.09643709e+09 1.09643715e+09 1.09643721e+09
 1.09643727e+09 1.09643733e+09 1.09643739e+09 1.09643745e+09
 1.09643751e+09 1.09643757e+09 1.09643764e+09 1.09643770e+09
 1.09643776e+09 1.09643782e+09 1.09643788e+09 1.09643794e+09
 1.09643800e+09 1.09643806e+09 1.09643812e+09 1.09643818e+09
 1.09643824e+09 1.09643830e+09 1.09643836e+09 1.09643842e+09
 1.09643848e+09 1.09643854e+09 1.09643860e+09 1.09643866e+09
 1.09643872e+09 1.09643878e+09 1.09643885e+09 1.09643891e+09
 1.09643897e+09 1.09643903e+09 1.09643909e+09 1.09643915e+09
 1.09643921e+09 1.09643927e+09 1.09643933e+09 1.09643939e+09
 1.09643945e+09 1.09643951e+09 1.09643957e+09 1.09643963e+09
 1.09643969e+09 1.09643975e+09 1.09643981e+09 1.09643987e+09
 1.09643993e+09 1.09644000e+09 1.09644006e+09 1.09644012e+09
 1.09644018e+09 1.09644024e+09 1.09644030e+09 1.09644036e+09
 1.09644042e+09 1.09644048e+09 1.09644054e+09 1.09644060e+09]
