name =JUICE_ROI_GAN_6_1_04
flyby = ['2034 JAN 14 06:38:51', '2034 JAN 15 06:38:51']
Observation TW = <SpiceCell dtype = 1, length = 0, size = 3000, card = 10, is_set = 1, adjust = 0, init = 1, base = 94540022989072, data = 94540022989120>
Res(t) = [0.10790675 0.10730487 0.10652395 0.10572776 0.10495805 0.10443115
 0.10088034 0.10030393 0.0997462  0.09972234 0.09875732 0.098272
 0.09780319 0.09735053 0.09691362 0.0964923  0.09608602 0.09593576
 0.09426626 0.09393747 0.0936211  0.09331703 0.09302492 0.09318553
 0.0928906  0.09301912 0.09273421 0.09246156 0.09220098 0.09081612
 0.09061612 0.08912131 0.08902068 0.08866751 0.08785652 0.08781438
 0.0877786  0.08774916 0.08772603 0.08770916 0.08769855 0.08769413
 0.08769586 0.08770371 0.08771763 0.08773757 0.08776348 0.08764149
 0.08767481 0.08798481 0.08749415 0.08755112 0.08761362 0.08768159
 0.08775499 0.08783378 0.08792435 0.08801409 0.08810904 0.08820918
 0.08831443 0.08842476 0.08854011 0.08866043 0.08852547 0.08866039
 0.08880001 0.08894428 0.08868228 0.08883135 0.08898497 0.08914308
 0.08930564 0.08947261 0.08919038 0.08936514 0.08925312 0.08943961
 0.08963021 0.0898249  0.08988471 0.0900904  0.09029997 0.09028615
 0.09049439 0.09070654 0.09060487 0.09081771 0.09103449 0.09125516
 0.09147964 0.0917079  0.09193995 0.0921757  0.09241512 0.09265814
 0.09290475 0.09278335 0.09303633 0.09329278 0.09355266 0.09381591
 0.09385894 0.09412818 0.09440072 0.09467651 0.09495552 0.09523771
 0.09552304 0.09581147 0.09579755 0.09609177 0.09638903 0.09668926
 0.09699245 0.09661988 0.09692747 0.09723791 0.09755117 0.09786721
 0.09818601 0.09850754 0.09883175 0.09915863 0.09948813 0.09982024
 0.10005369 0.10039048 0.1007298  0.10107164 0.10141597 0.10176275
 0.10211195 0.10246356 0.10281754 0.10317387 0.10353252 0.10389346
 0.10425038 0.10461459 0.10498105 0.10534974 0.10572062 0.10609367
 0.10646888 0.10630233 0.10667708 0.10705391 0.10743281 0.10781374
 0.1082331  0.10861365 0.10851379 0.10889347 0.10927513 0.10965874
 0.11004428 0.11043173 0.11082107 0.11121227 0.11160532 0.11200019
 0.11239686 0.11220407 0.11260064 0.11299894 0.11339896 0.11380068
 0.11420408 0.11460913 0.11501588 0.1154242  0.11491615 0.11532622
 0.11573786 0.11615104 0.11656576 0.116982   0.11739974 0.11781897
 0.11823966 0.1186618  0.11908538 0.11951039 0.1199368  0.1203646
 0.12079378 0.12122433 0.12165622 0.12208945 0.122524   0.12294464
 0.12338181 0.1238349  0.1242748  0.12461799 0.1250455  0.12549028
 0.12593629 0.12638354 0.12675295 0.12720095 0.12669455 0.12713867
 0.12758395 0.12803038 0.12870382 0.12922164 0.12967245 0.1301541
 0.13060735 0.13071381 0.13116792 0.1316231  0.13211164 0.13256919
 0.13302778 0.1334874  0.13278744 0.13324486 0.13370325 0.13416263
 0.13462296 0.13508425 0.13554648 0.13600965 0.13647374 0.13693875
 0.13740467 0.13787149 0.1383392  0.13880779 0.13927726 0.13974759
 0.14021877 0.14069081 0.14116369 0.1416374  0.14211194 0.1425873
 0.14236162 0.14283907 0.14331733 0.14379639 0.14427623 0.14475686
 0.14525095 0.14543246 0.14597889 0.14646926 0.14696042 0.14745236
 0.14794508 0.14843856 0.1489328  0.14942779 0.14992353 0.15042002
 0.15091724 0.1514152  0.15191387 0.15241327 0.15291338 0.15341419
 0.15391571 0.15441793 0.15492084 0.15542443 0.15592871 0.15643366
 0.15693929 0.15744558 0.15795253 0.15846014 0.1589684  0.15947731
 0.15998686 0.16049706 0.16100788 0.16151933 0.16203141 0.16254411
 0.16173819 0.16224427 0.16275092 0.16325813 0.16376591 0.16427424
 0.16478313 0.16529256 0.16580254 0.16631306 0.16682412 0.16733571
 0.16784783 0.16836046 0.16887363 0.16938731 0.16990148 0.17041619
 0.1709314  0.17144712 0.17196334 0.17248006 0.17299726 0.17351496
 0.17403315 0.17455182 0.17507096 0.17559059 0.17611069 0.17560184
 0.17611694 0.17663248 0.17714846 0.17766488 0.17790329 0.17841643
 0.17892997 0.17944392 0.17995827 0.18047303 0.18098817 0.18150372
 0.18201965 0.18253597 0.18305268 0.18356977 0.18408724 0.18460509
 0.18512331 0.1856419  0.18616086 0.18668019 0.18719988 0.18771994
 0.18824035 0.18876112 0.18928225 0.18980372 0.19032555 0.19084772
 0.19137024 0.1918931  0.1924163  0.19293984 0.19346371 0.19398792
 0.19451246 0.19503733 0.19556252 0.19608804 0.19661388 0.19714005
 0.19766653 0.19819333 0.19872045 0.19924787 0.19977561 0.20030366
 0.20083202 0.20136068 0.20188964 0.2024189  0.20294847 0.20347833
 0.20400849 0.20453895 0.20506969 0.20560073 0.20613206 0.20666367
 0.20719558 0.20772776 0.20826023 0.20879298 0.20932601 0.20985932
 0.21039291 0.21092677 0.2114609  0.21199531 0.21252998 0.21306493
 0.21360014 0.21413563 0.21467137 0.21520738 0.21574365 0.21628018
 0.21681698 0.21735403 0.21789133 0.2184289  0.21896671 0.21950478
 0.22004311 0.22058168 0.2211205  0.22165957 0.22219889 0.22273845
 0.22327826 0.22381831 0.22435861 0.22489914 0.22543992 0.22598093
 0.22652218 0.22706367 0.2276054  0.22814736 0.22868955 0.22923198
 0.22977463 0.23031752 0.23086064 0.23140399 0.23194756 0.23249136
 0.23303539 0.23357965 0.23412412 0.23466882 0.23521374 0.23575889
 0.23630425 0.23684983 0.23739563 0.23794165 0.23848789 0.23903434
 0.23958101 0.2401279  0.24067499 0.2412223  0.24176982 0.24231756
 0.2428655  0.24341365 0.24396202 0.24451059 0.24505937 0.24560835
 0.24615755 0.24670695 0.24724919 0.24779893 0.24834888 0.24889903
 0.24944938 0.24999994 0.25055069 0.25110165 0.25165281 0.25220417
 0.25275573 0.25330749 0.25385944 0.2544116  0.25496395 0.2555165
 0.25606924 0.25662218 0.25717532 0.25772864 0.25828217 0.25883588
 0.25938979 0.25994389 0.26049818 0.26105266 0.26160734 0.2621622
 0.26271725 0.2632725  0.26382793 0.26438355 0.26493936 0.26549535
 0.26605154 0.2666079  0.26716446 0.2677212  0.26827813 0.26883524
 0.26939253 0.26995001 0.27050768 0.27106552 0.27162355 0.27218177
 0.27274016 0.27329874 0.27385749 0.27441643 0.27497555 0.27553485
 0.27609433 0.27665399 0.27721383 0.27777385 0.27833405 0.27889443
 0.27945498 0.28001571 0.28057662 0.28113771 0.28169897 0.28226041
 0.28282203 0.28336924 0.28393064 0.28449221 0.28505395 0.28561587
 0.28617797 0.28674023 0.28730267 0.28786529 0.28842808 0.28899104
 0.28955417 0.28780859 0.28836585 0.28892328 0.28948086 0.2900386
 0.29059651 0.29115457 0.2917128  0.29227119 0.29282973 0.29338844
 0.29394731 0.29450634 0.29506552 0.29562487 0.29618438 0.29674404
 0.29730387 0.29786385 0.298424   0.2989843  0.29954476 0.30010538
 0.30066616 0.3012271  0.30178819 0.30234945 0.30291086 0.30347243
 0.30403416 0.30459604 0.30515809 0.30572029 0.29994559 0.30048258
 0.30101965 0.3015568  0.30209402 0.30263133 0.30316872 0.30370618
 0.30424373 0.30478135 0.30531905 0.30585682 0.30639467 0.3069326
 0.30747061 0.3080087  0.30854685 0.31170732 0.312255   0.31280276
 0.31335062 0.31389856 0.31444659 0.31499471 0.31554291 0.3160912
 0.31663957 0.31718804 0.31773658 0.31828522 0.31883394 0.31938274
 0.31993163 0.3204806  0.32102966 0.32157881 0.32212804 0.32267735
 0.32322675 0.32377623 0.32432579 0.32487544 0.32542517 0.32288607
 0.3234295  0.323973   0.32451656 0.32506019 0.32560388 0.32614764
 0.32669146 0.32723535 0.32777931 0.32832333 0.32886741 0.32941156
 0.32995577 0.33050005 0.33097797 0.33152239 0.33219316 0.33273768
 0.33328226 0.3338269  0.33437161 0.33491637 0.3354612  0.3360061
 0.33655105 0.33709607 0.33764114 0.33818628 0.33873148 0.33927674
 0.33982207 0.34036745 0.34091289 0.3414584  0.34200396 0.34254959
 0.34309527 0.34364102 0.34418682 0.34473269 0.34527861 0.3458246
 0.34637064 0.34691674 0.3474629  0.34800912 0.3485554  0.34910174
 0.34964814 0.35019459 0.3507411  0.35128768 0.35183431 0.35238099
 0.35292774 0.35347454 0.3540214  0.35456832 0.3551153  0.35566233
 0.35620942 0.35675657 0.35730378 0.35785104 0.35839836 0.35894573
 0.35949317 0.36004065 0.3605882  0.3611358  0.36168346 0.36223118
 0.36277895 0.36332677 0.36728546 0.36784735 0.36840931 0.36897135
 0.36953347 0.37009566 0.37065793 0.37122027 0.37178269 0.37234519
 0.37290776 0.37347041 0.37403314 0.37459594 0.37515882 0.37572177
 0.3762848  0.37684791 0.37741109 0.37797434 0.37853767 0.37910108
 0.37966456 0.38022812 0.38079175 0.38135546 0.38191924 0.3824831
 0.38304703 0.38361104 0.38417512 0.38473928 0.38530351 0.38586782
 0.3864322  0.38699665 0.38756118 0.38812579 0.38869047 0.38925522
 0.38982005 0.39038495 0.39094993 0.39151498 0.39208011 0.3926453
 0.39321058 0.39377592 0.39434135 0.39490684 0.39547241 0.39603805
 0.39660377 0.39716956 0.39773543 0.39830137 0.39886738 0.39943346
 0.39999962 0.40056586 0.40113216 0.40169854 0.402265   0.40283153
 0.40339813 0.4039648  0.40453155 0.40509837 0.40566527 0.40623224
 0.40679928 0.4073664  0.40793358 0.40850085 0.40906818 0.40963559
 0.41020307 0.41077063 0.41133826 0.41190596 0.41247374 0.41304159
 0.41360951 0.4141775  0.41474557 0.41531371 0.41588193 0.41645022
 0.41701858 0.41758701 0.41815552 0.4187241  0.41929276 0.41986148
 0.42043028 0.42099916 0.42156811 0.42213713 0.42270622 0.42327539
 0.42384463 0.42441394 0.42498333 0.42555279 0.42612232 0.42669193
 0.42726161 0.42783136 0.42341463 0.42396845 0.42452231 0.42507623
 0.42563021 0.42618423 0.42673831 0.42729244 0.42511531 0.42565523
 0.42619514 0.42673505 0.42727495 0.42781485 0.42835475 0.42889465
 0.42943455 0.42997444 0.43051433 0.43105421 0.43159409 0.43213397
 0.43267384 0.43321372 0.43375358 0.43429345 0.43483331 0.43537316
 0.43591302 0.43645287 0.43699271 0.43753255 0.43807239 0.43861222
 0.43915205 0.43969187 0.44023169 0.4407715  0.44131131 0.44185112
 0.44239092 0.44293071 0.4434705  0.44401029 0.44455007 0.44508985
 0.44562962 0.44616938 0.44670914 0.4472489  0.44778865 0.44832839
 0.44886813 0.44940786 0.44994759 0.45048731 0.45102703 0.45156674
 0.45210644 0.45264614 0.45318583 0.45372552 0.4542652  0.45480487
 0.45534454 0.4558842  0.45642386 0.4569635  0.45750315 0.45804278
 0.45858241 0.45912203 0.45966165 0.46020126 0.46074086 0.46128046
 0.46182005 0.46235963 0.4628992  0.46343877 0.46397833 0.46451789
 0.46505743 0.46559697 0.46613651 0.46667603 0.46721555 0.46775506
 0.46829456 0.46883406 0.46937354 0.46991302 0.4704525  0.47099196
 0.47153142 0.47207087 0.47261031 0.47314974 0.47368917 0.47422859
 0.47476799 0.4753074  0.47584679 0.47638617 0.47692555 0.47746492
 0.47800428 0.47854363 0.47908298 0.47962231 0.48016164 0.48070096
 0.48124027 0.48177957 0.48231886 0.48285815 0.48339742 0.48393669
 0.48447595 0.48501519 0.48555443 0.48609367 0.48663289 0.4871721
 0.48771131 0.4882505  0.48878969 0.48932886 0.48986803 0.49040719
 0.49094634 0.49148548 0.49202461 0.49256373 0.49310285 0.49364195
 0.49418104 0.49472013 0.4952592  0.49579827 0.49633732 0.49687637
 0.49741541 0.49795443 0.49849345 0.49903246 0.49957145 0.50011044
 0.50064942 0.50118839 0.50172735 0.50226629 0.50280523 0.50334416
 0.50388308 0.50442199 0.50496089 0.50549977 0.50603865 0.50657752
 0.50711638 0.50765522 0.50819406 0.50873289 0.5092717  0.50981051
 0.51034931 0.51088809 0.51142687 0.51196563 0.51250439 0.51304313
 0.51358186 0.51412059 0.5146593  0.515198   0.51573669 0.51627537
 0.51681404 0.5173527  0.51789135 0.51842999 0.51896861 0.51950723
 0.52004583 0.52058443 0.52112301 0.52166159 0.52220015 0.5227387
 0.52327724 0.52381577 0.52435428 0.52489279 0.52543129 0.52596977
 0.52650825 0.52704671 0.52758516 0.5281236  0.52866203 0.52920045
 0.52973885 0.53027725 0.53081563 0.53135401 0.53189237 0.53243072
 0.53296906 0.53350739 0.5340457  0.53458401 0.5351223  0.53566059
 0.53619886 0.53673712 0.53727536 0.5378136 ]
t = [1.07414915e+09 1.07414916e+09 1.07414917e+09 1.07414918e+09
 1.07414919e+09 1.07414920e+09 1.07414921e+09 1.07414922e+09
 1.07414923e+09 1.07414924e+09 1.07414925e+09 1.07414926e+09
 1.07414927e+09 1.07414928e+09 1.07414929e+09 1.07414930e+09
 1.07414931e+09 1.07414932e+09 1.07414933e+09 1.07414934e+09
 1.07414935e+09 1.07414936e+09 1.07414937e+09 1.07414938e+09
 1.07414938e+09 1.07414939e+09 1.07414940e+09 1.07414941e+09
 1.07414942e+09 1.07414943e+09 1.07414944e+09 1.07414945e+09
 1.07414946e+09 1.07414947e+09 1.07414948e+09 1.07414949e+09
 1.07414950e+09 1.07414951e+09 1.07414952e+09 1.07414953e+09
 1.07414954e+09 1.07414955e+09 1.07414956e+09 1.07414957e+09
 1.07414958e+09 1.07414959e+09 1.07414960e+09 1.07414961e+09
 1.07414962e+09 1.07414963e+09 1.07414964e+09 1.07414965e+09
 1.07414966e+09 1.07414967e+09 1.07414968e+09 1.07414969e+09
 1.07414970e+09 1.07414971e+09 1.07414971e+09 1.07414972e+09
 1.07414973e+09 1.07414974e+09 1.07414975e+09 1.07414976e+09
 1.07414977e+09 1.07414978e+09 1.07414979e+09 1.07414980e+09
 1.07414981e+09 1.07414982e+09 1.07414983e+09 1.07414984e+09
 1.07414985e+09 1.07414986e+09 1.07414987e+09 1.07414988e+09
 1.07414989e+09 1.07414990e+09 1.07414991e+09 1.07414992e+09
 1.07414993e+09 1.07414994e+09 1.07414995e+09 1.07414996e+09
 1.07414997e+09 1.07414998e+09 1.07414999e+09 1.07415000e+09
 1.07415001e+09 1.07415002e+09 1.07415003e+09 1.07415004e+09
 1.07415004e+09 1.07415005e+09 1.07415006e+09 1.07415007e+09
 1.07415008e+09 1.07415009e+09 1.07415010e+09 1.07415011e+09
 1.07415012e+09 1.07415013e+09 1.07415014e+09 1.07415015e+09
 1.07415016e+09 1.07415017e+09 1.07415018e+09 1.07415019e+09
 1.07415020e+09 1.07415021e+09 1.07415022e+09 1.07415023e+09
 1.07415024e+09 1.07415025e+09 1.07415026e+09 1.07415027e+09
 1.07415028e+09 1.07415029e+09 1.07415030e+09 1.07415031e+09
 1.07415032e+09 1.07415033e+09 1.07415034e+09 1.07415035e+09
 1.07415036e+09 1.07415037e+09 1.07415037e+09 1.07415038e+09
 1.07415039e+09 1.07415040e+09 1.07415041e+09 1.07415042e+09
 1.07415043e+09 1.07415044e+09 1.07415045e+09 1.07415046e+09
 1.07415047e+09 1.07415048e+09 1.07415049e+09 1.07415050e+09
 1.07415051e+09 1.07415052e+09 1.07415053e+09 1.07415054e+09
 1.07415055e+09 1.07415056e+09 1.07415057e+09 1.07415058e+09
 1.07415059e+09 1.07415060e+09 1.07415061e+09 1.07415062e+09
 1.07415063e+09 1.07415064e+09 1.07415065e+09 1.07415066e+09
 1.07415067e+09 1.07415068e+09 1.07415069e+09 1.07415070e+09
 1.07415071e+09 1.07415071e+09 1.07415072e+09 1.07415073e+09
 1.07415074e+09 1.07415075e+09 1.07415076e+09 1.07415077e+09
 1.07415078e+09 1.07415079e+09 1.07415080e+09 1.07415081e+09
 1.07415082e+09 1.07415083e+09 1.07415084e+09 1.07415085e+09
 1.07415086e+09 1.07415087e+09 1.07415088e+09 1.07415089e+09
 1.07415090e+09 1.07415091e+09 1.07415092e+09 1.07415093e+09
 1.07415094e+09 1.07415095e+09 1.07415096e+09 1.07415097e+09
 1.07415098e+09 1.07415099e+09 1.07415100e+09 1.07415101e+09
 1.07415102e+09 1.07415103e+09 1.07415104e+09 1.07415104e+09
 1.07415105e+09 1.07415106e+09 1.07415107e+09 1.07415108e+09
 1.07415109e+09 1.07415110e+09 1.07415111e+09 1.07415112e+09
 1.07415113e+09 1.07415114e+09 1.07415115e+09 1.07415116e+09
 1.07415117e+09 1.07415118e+09 1.07415119e+09 1.07415120e+09
 1.07415121e+09 1.07415122e+09 1.07415123e+09 1.07415124e+09
 1.07415125e+09 1.07415126e+09 1.07415127e+09 1.07415128e+09
 1.07415129e+09 1.07415130e+09 1.07415131e+09 1.07415132e+09
 1.07415133e+09 1.07415134e+09 1.07415135e+09 1.07415136e+09
 1.07415137e+09 1.07415137e+09 1.07415138e+09 1.07415139e+09
 1.07415140e+09 1.07415141e+09 1.07415142e+09 1.07415143e+09
 1.07415144e+09 1.07415145e+09 1.07415146e+09 1.07415147e+09
 1.07415148e+09 1.07415149e+09 1.07415150e+09 1.07415151e+09
 1.07415152e+09 1.07415153e+09 1.07415154e+09 1.07415155e+09
 1.07415156e+09 1.07415157e+09 1.07415158e+09 1.07415159e+09
 1.07415160e+09 1.07415161e+09 1.07415162e+09 1.07415163e+09
 1.07415164e+09 1.07415165e+09 1.07415166e+09 1.07415167e+09
 1.07415168e+09 1.07415169e+09 1.07415170e+09 1.07415170e+09
 1.07415171e+09 1.07415172e+09 1.07415173e+09 1.07415174e+09
 1.07415175e+09 1.07415176e+09 1.07415177e+09 1.07415178e+09
 1.07415179e+09 1.07415180e+09 1.07415181e+09 1.07415182e+09
 1.07415183e+09 1.07415184e+09 1.07415185e+09 1.07415186e+09
 1.07415187e+09 1.07415188e+09 1.07415189e+09 1.07415190e+09
 1.07415191e+09 1.07415192e+09 1.07415193e+09 1.07415194e+09
 1.07415195e+09 1.07415196e+09 1.07415197e+09 1.07415198e+09
 1.07415199e+09 1.07415200e+09 1.07415201e+09 1.07415202e+09
 1.07415203e+09 1.07415204e+09 1.07415204e+09 1.07415205e+09
 1.07415206e+09 1.07415207e+09 1.07415208e+09 1.07415209e+09
 1.07415210e+09 1.07415211e+09 1.07415212e+09 1.07415213e+09
 1.07415214e+09 1.07415215e+09 1.07415216e+09 1.07415217e+09
 1.07415218e+09 1.07415219e+09 1.07415220e+09 1.07415221e+09
 1.07415222e+09 1.07415223e+09 1.07415224e+09 1.07415225e+09
 1.07415226e+09 1.07415227e+09 1.07415228e+09 1.07415229e+09
 1.07415230e+09 1.07415231e+09 1.07415232e+09 1.07415233e+09
 1.07415234e+09 1.07415235e+09 1.07415236e+09 1.07415237e+09
 1.07415237e+09 1.07415238e+09 1.07415239e+09 1.07415240e+09
 1.07415241e+09 1.07415242e+09 1.07415243e+09 1.07415244e+09
 1.07415245e+09 1.07415246e+09 1.07415247e+09 1.07415248e+09
 1.07415249e+09 1.07415250e+09 1.07415251e+09 1.07415252e+09
 1.07415253e+09 1.07415254e+09 1.07415255e+09 1.07415256e+09
 1.07415257e+09 1.07415258e+09 1.07415259e+09 1.07415260e+09
 1.07415261e+09 1.07415262e+09 1.07415263e+09 1.07415264e+09
 1.07415265e+09 1.07415266e+09 1.07415267e+09 1.07415268e+09
 1.07415269e+09 1.07415270e+09 1.07415270e+09 1.07415271e+09
 1.07415272e+09 1.07415273e+09 1.07415274e+09 1.07415275e+09
 1.07415276e+09 1.07415277e+09 1.07415278e+09 1.07415279e+09
 1.07415280e+09 1.07415281e+09 1.07415282e+09 1.07415283e+09
 1.07415284e+09 1.07415285e+09 1.07415286e+09 1.07415287e+09
 1.07415288e+09 1.07415289e+09 1.07415290e+09 1.07415291e+09
 1.07415292e+09 1.07415293e+09 1.07415294e+09 1.07415295e+09
 1.07415296e+09 1.07415297e+09 1.07415298e+09 1.07415299e+09
 1.07415300e+09 1.07415301e+09 1.07415302e+09 1.07415303e+09
 1.07415304e+09 1.07415304e+09 1.07415305e+09 1.07415306e+09
 1.07415307e+09 1.07415308e+09 1.07415309e+09 1.07415310e+09
 1.07415311e+09 1.07415312e+09 1.07415313e+09 1.07415314e+09
 1.07415315e+09 1.07415316e+09 1.07415317e+09 1.07415318e+09
 1.07415319e+09 1.07415320e+09 1.07415321e+09 1.07415322e+09
 1.07415323e+09 1.07415324e+09 1.07415325e+09 1.07415326e+09
 1.07415327e+09 1.07415328e+09 1.07415329e+09 1.07415330e+09
 1.07415331e+09 1.07415332e+09 1.07415333e+09 1.07415334e+09
 1.07415335e+09 1.07415336e+09 1.07415337e+09 1.07415337e+09
 1.07415338e+09 1.07415339e+09 1.07415340e+09 1.07415341e+09
 1.07415342e+09 1.07415343e+09 1.07415344e+09 1.07415345e+09
 1.07415346e+09 1.07415347e+09 1.07415348e+09 1.07415349e+09
 1.07415350e+09 1.07415351e+09 1.07415352e+09 1.07415353e+09
 1.07415354e+09 1.07415355e+09 1.07415356e+09 1.07415357e+09
 1.07415358e+09 1.07415359e+09 1.07415360e+09 1.07415361e+09
 1.07415362e+09 1.07415363e+09 1.07415364e+09 1.07415365e+09
 1.07415366e+09 1.07415367e+09 1.07415368e+09 1.07415369e+09
 1.07415370e+09 1.07415370e+09 1.07415371e+09 1.07415372e+09
 1.07415373e+09 1.07415374e+09 1.07415375e+09 1.07415376e+09
 1.07415377e+09 1.07415378e+09 1.07415379e+09 1.07415380e+09
 1.07415381e+09 1.07415382e+09 1.07415383e+09 1.07415384e+09
 1.07415385e+09 1.07415386e+09 1.07415387e+09 1.07415388e+09
 1.07415389e+09 1.07415390e+09 1.07415391e+09 1.07415392e+09
 1.07415393e+09 1.07415394e+09 1.07415395e+09 1.07415396e+09
 1.07415397e+09 1.07415398e+09 1.07415399e+09 1.07415400e+09
 1.07415401e+09 1.07415402e+09 1.07415403e+09 1.07415403e+09
 1.07415404e+09 1.07415405e+09 1.07415406e+09 1.07415407e+09
 1.07415408e+09 1.07415409e+09 1.07415410e+09 1.07415411e+09
 1.07415412e+09 1.07415413e+09 1.07415414e+09 1.07415415e+09
 1.07415416e+09 1.07415417e+09 1.07415418e+09 1.07415419e+09
 1.07415420e+09 1.07415421e+09 1.07415422e+09 1.07415423e+09
 1.07415424e+09 1.07415425e+09 1.07415426e+09 1.07415427e+09
 1.07415428e+09 1.07415429e+09 1.07415430e+09 1.07415431e+09
 1.07415432e+09 1.07415433e+09 1.07415434e+09 1.07415435e+09
 1.07415436e+09 1.07415437e+09 1.07415437e+09 1.07415438e+09
 1.07415439e+09 1.07415440e+09 1.07415441e+09 1.07415442e+09
 1.07415443e+09 1.07415444e+09 1.07415445e+09 1.07415446e+09
 1.07415447e+09 1.07415448e+09 1.07415449e+09 1.07415450e+09
 1.07415451e+09 1.07415452e+09 1.07415453e+09 1.07415454e+09
 1.07415455e+09 1.07415456e+09 1.07415457e+09 1.07415458e+09
 1.07415459e+09 1.07415460e+09 1.07415461e+09 1.07415462e+09
 1.07415463e+09 1.07415464e+09 1.07415465e+09 1.07415466e+09
 1.07415467e+09 1.07415468e+09 1.07415469e+09 1.07415470e+09
 1.07415470e+09 1.07415471e+09 1.07415472e+09 1.07415473e+09
 1.07415474e+09 1.07415475e+09 1.07415476e+09 1.07415477e+09
 1.07415478e+09 1.07415479e+09 1.07415480e+09 1.07415481e+09
 1.07415482e+09 1.07415483e+09 1.07415484e+09 1.07415485e+09
 1.07415486e+09 1.07415487e+09 1.07415488e+09 1.07415489e+09
 1.07415490e+09 1.07415491e+09 1.07415492e+09 1.07415493e+09
 1.07415494e+09 1.07415495e+09 1.07415496e+09 1.07415497e+09
 1.07415498e+09 1.07415499e+09 1.07415500e+09 1.07415501e+09
 1.07415502e+09 1.07415503e+09 1.07415503e+09 1.07415504e+09
 1.07415505e+09 1.07415506e+09 1.07415507e+09 1.07415508e+09
 1.07415509e+09 1.07415510e+09 1.07415511e+09 1.07415512e+09
 1.07415513e+09 1.07415514e+09 1.07415515e+09 1.07415516e+09
 1.07415517e+09 1.07415518e+09 1.07415519e+09 1.07415520e+09
 1.07415521e+09 1.07415522e+09 1.07415523e+09 1.07415524e+09
 1.07415525e+09 1.07415526e+09 1.07415527e+09 1.07415528e+09
 1.07415529e+09 1.07415530e+09 1.07415531e+09 1.07415532e+09
 1.07415533e+09 1.07415534e+09 1.07415535e+09 1.07415536e+09
 1.07415536e+09 1.07415537e+09 1.07415538e+09 1.07415539e+09
 1.07415540e+09 1.07415541e+09 1.07415542e+09 1.07415543e+09
 1.07415544e+09 1.07415545e+09 1.07415546e+09 1.07415547e+09
 1.07415548e+09 1.07415549e+09 1.07415550e+09 1.07415551e+09
 1.07415552e+09 1.07415553e+09 1.07415554e+09 1.07415555e+09
 1.07415556e+09 1.07415557e+09 1.07415558e+09 1.07415559e+09
 1.07415560e+09 1.07415561e+09 1.07415562e+09 1.07415563e+09
 1.07415564e+09 1.07415565e+09 1.07415566e+09 1.07415567e+09
 1.07415568e+09 1.07415569e+09 1.07415570e+09 1.07415570e+09
 1.07415571e+09 1.07415572e+09 1.07415573e+09 1.07415574e+09
 1.07415575e+09 1.07415576e+09 1.07415577e+09 1.07415578e+09
 1.07415579e+09 1.07415580e+09 1.07415581e+09 1.07415582e+09
 1.07415583e+09 1.07415584e+09 1.07415585e+09 1.07415586e+09
 1.07415587e+09 1.07415588e+09 1.07415589e+09 1.07415590e+09
 1.07415591e+09 1.07415592e+09 1.07415593e+09 1.07415594e+09
 1.07415595e+09 1.07415596e+09 1.07415597e+09 1.07415598e+09
 1.07415599e+09 1.07415600e+09 1.07415601e+09 1.07415602e+09
 1.07415603e+09 1.07415603e+09 1.07415604e+09 1.07415605e+09
 1.07415606e+09 1.07415607e+09 1.07415608e+09 1.07415609e+09
 1.07415610e+09 1.07415611e+09 1.07415612e+09 1.07415613e+09
 1.07415614e+09 1.07415615e+09 1.07415616e+09 1.07415617e+09
 1.07415618e+09 1.07415619e+09 1.07415620e+09 1.07415621e+09
 1.07415622e+09 1.07415623e+09 1.07415624e+09 1.07415625e+09
 1.07415626e+09 1.07415627e+09 1.07415628e+09 1.07415629e+09
 1.07415630e+09 1.07415631e+09 1.07415632e+09 1.07415633e+09
 1.07415634e+09 1.07415635e+09 1.07415636e+09 1.07415636e+09
 1.07415637e+09 1.07415638e+09 1.07415639e+09 1.07415640e+09
 1.07415641e+09 1.07415642e+09 1.07415643e+09 1.07415644e+09
 1.07415645e+09 1.07415646e+09 1.07415647e+09 1.07415648e+09
 1.07415649e+09 1.07415650e+09 1.07415651e+09 1.07415652e+09
 1.07415653e+09 1.07415654e+09 1.07415655e+09 1.07415656e+09
 1.07415657e+09 1.07415658e+09 1.07415659e+09 1.07415660e+09
 1.07415661e+09 1.07415662e+09 1.07415663e+09 1.07415664e+09
 1.07415665e+09 1.07415666e+09 1.07415667e+09 1.07415668e+09
 1.07415669e+09 1.07415669e+09 1.07415670e+09 1.07415671e+09
 1.07415672e+09 1.07415673e+09 1.07415674e+09 1.07415675e+09
 1.07415676e+09 1.07415677e+09 1.07415678e+09 1.07415679e+09
 1.07415680e+09 1.07415681e+09 1.07415682e+09 1.07415683e+09
 1.07415684e+09 1.07415685e+09 1.07415686e+09 1.07415687e+09
 1.07415688e+09 1.07415689e+09 1.07415690e+09 1.07415691e+09
 1.07415692e+09 1.07415693e+09 1.07415694e+09 1.07415695e+09
 1.07415696e+09 1.07415697e+09 1.07415698e+09 1.07415699e+09
 1.07415700e+09 1.07415701e+09 1.07415702e+09 1.07415703e+09
 1.07415703e+09 1.07415704e+09 1.07415705e+09 1.07415706e+09
 1.07415707e+09 1.07415708e+09 1.07415709e+09 1.07415710e+09
 1.07415711e+09 1.07415712e+09 1.07415713e+09 1.07415714e+09
 1.07415715e+09 1.07415716e+09 1.07415717e+09 1.07415718e+09
 1.07415719e+09 1.07415720e+09 1.07415721e+09 1.07415722e+09
 1.07415723e+09 1.07415724e+09 1.07415725e+09 1.07415726e+09
 1.07415727e+09 1.07415728e+09 1.07415729e+09 1.07415730e+09
 1.07415731e+09 1.07415732e+09 1.07415733e+09 1.07415734e+09
 1.07415735e+09 1.07415736e+09 1.07415736e+09 1.07415737e+09
 1.07415738e+09 1.07415739e+09 1.07415740e+09 1.07415741e+09
 1.07415742e+09 1.07415743e+09 1.07415744e+09 1.07415745e+09
 1.07415746e+09 1.07415747e+09 1.07415748e+09 1.07415749e+09
 1.07415750e+09 1.07415751e+09 1.07415752e+09 1.07415753e+09
 1.07415754e+09 1.07415755e+09 1.07415756e+09 1.07415757e+09
 1.07415758e+09 1.07415759e+09 1.07415760e+09 1.07415761e+09
 1.07415762e+09 1.07415763e+09 1.07415764e+09 1.07415765e+09
 1.07415766e+09 1.07415767e+09 1.07415768e+09 1.07415769e+09
 1.07415769e+09 1.07415770e+09 1.07415771e+09 1.07415772e+09
 1.07415773e+09 1.07415774e+09 1.07415775e+09 1.07415776e+09
 1.07415777e+09 1.07415778e+09 1.07415779e+09 1.07415780e+09
 1.07415781e+09 1.07415782e+09 1.07415783e+09 1.07415784e+09
 1.07415785e+09 1.07415786e+09 1.07415787e+09 1.07415788e+09
 1.07415789e+09 1.07415790e+09 1.07415791e+09 1.07415792e+09
 1.07415793e+09 1.07415794e+09 1.07415795e+09 1.07415796e+09
 1.07415797e+09 1.07415798e+09 1.07415799e+09 1.07415800e+09
 1.07415801e+09 1.07415802e+09 1.07415802e+09 1.07415803e+09
 1.07415804e+09 1.07415805e+09 1.07415806e+09 1.07415807e+09
 1.07415808e+09 1.07415809e+09 1.07415810e+09 1.07415811e+09
 1.07415812e+09 1.07415813e+09 1.07415814e+09 1.07415815e+09
 1.07415816e+09 1.07415817e+09 1.07415818e+09 1.07415819e+09
 1.07415820e+09 1.07415821e+09 1.07415822e+09 1.07415823e+09
 1.07415824e+09 1.07415825e+09 1.07415826e+09 1.07415827e+09
 1.07415828e+09 1.07415829e+09 1.07415830e+09 1.07415831e+09
 1.07415832e+09 1.07415833e+09 1.07415834e+09 1.07415835e+09
 1.07415836e+09 1.07415836e+09 1.07415837e+09 1.07415838e+09
 1.07415839e+09 1.07415840e+09 1.07415841e+09 1.07415842e+09
 1.07415843e+09 1.07415844e+09 1.07415845e+09 1.07415846e+09
 1.07415847e+09 1.07415848e+09 1.07415849e+09 1.07415850e+09
 1.07415851e+09 1.07415852e+09 1.07415853e+09 1.07415854e+09
 1.07415855e+09 1.07415856e+09 1.07415857e+09 1.07415858e+09
 1.07415859e+09 1.07415860e+09 1.07415861e+09 1.07415862e+09
 1.07415863e+09 1.07415864e+09 1.07415865e+09 1.07415866e+09
 1.07415867e+09 1.07415868e+09 1.07415869e+09 1.07415869e+09
 1.07415870e+09 1.07415871e+09 1.07415872e+09 1.07415873e+09
 1.07415874e+09 1.07415875e+09 1.07415876e+09 1.07415877e+09
 1.07415878e+09 1.07415879e+09 1.07415880e+09 1.07415881e+09
 1.07415882e+09 1.07415883e+09 1.07415884e+09 1.07415885e+09]
minRes = 0.08749415493380262
minResTime = [1.07414964e+09]
Cov(t) = [100 100 100 100 100 100 100 100 100 100 100 100 100 100 100 100 100 100
 100 100 100 100 100 100 100 100 100 100 100 100 100 100 100 100 100 100
 100 100 100 100 100 100 100 100 100 100 100 100 100 100 100 100 100 100
 100 100 100 100 100 100 100 100 100 100 100 100 100 100 100 100 100 100
 100 100 100 100 100 100 100 100 100 100 100 100 100 100 100 100 100 100
 100 100 100 100 100 100 100 100 100 100 100 100 100 100 100 100 100 100
 100 100 100 100 100 100 100 100 100 100 100 100 100 100 100 100 100 100
 100 100 100 100 100 100 100 100 100 100 100 100 100 100 100 100 100 100
 100 100 100 100 100 100 100 100 100 100 100 100 100 100 100 100 100 100
 100 100 100 100 100 100 100 100 100 100 100 100 100 100 100 100 100 100
 100 100 100 100 100 100 100 100 100 100 100 100 100 100 100 100 100 100
 100 100 100 100 100 100 100 100 100 100 100 100 100 100 100 100 100 100
 100 100 100 100 100 100 100 100 100 100 100 100 100 100 100 100 100 100
 100 100 100 100 100 100 100 100 100 100 100 100 100 100 100 100 100 100
 100 100 100 100 100 100 100 100 100 100 100 100 100 100 100 100 100 100
 100 100 100 100 100 100 100 100 100 100 100 100 100 100 100 100 100 100
 100 100 100 100 100 100 100 100 100 100 100 100 100 100 100 100 100 100
 100 100 100 100 100 100 100 100 100 100 100 100 100 100 100 100 100 100
 100 100 100 100 100 100 100 100 100 100 100 100 100 100 100 100 100 100
 100 100 100 100 100 100 100 100 100 100 100 100 100 100 100 100 100 100
 100 100 100 100 100 100 100 100 100 100 100 100 100 100 100 100 100 100
 100 100 100 100 100 100 100 100 100 100 100 100 100 100 100 100 100 100
 100 100 100 100 100 100 100 100 100 100 100 100 100 100 100 100 100 100
 100 100 100 100 100 100 100 100 100 100 100 100 100 100 100 100 100 100
 100 100 100 100 100 100 100 100 100 100 100 100 100 100 100 100 100 100
 100 100 100 100 100 100 100 100 100 100 100 100 100 100 100 100 100 100
 100 100 100 100 100 100 100 100 100 100 100 100 100 100 100 100 100 100
 100 100 100 100 100 100 100 100 100 100 100 100 100 100 100 100 100 100
 100 100 100 100 100 100 100 100 100 100 100 100 100 100 100 100 100 100
 100 100 100 100 100 100 100 100 100 100 100 100 100 100 100 100 100 100
 100 100 100 100 100 100 100 100 100 100 100 100 100 100 100 100 100 100
 100 100 100 100 100 100 100 100 100 100 100 100 100 100 100 100 100 100
 100 100 100 100 100 100 100 100 100 100 100 100 100 100 100 100 100 100
 100 100 100 100 100 100 100 100 100 100 100 100 100 100 100 100 100 100
 100 100 100 100 100 100 100 100 100 100 100 100 100 100 100 100 100 100
 100 100 100 100 100 100 100 100 100 100 100 100 100 100 100 100 100 100
 100 100 100 100 100 100 100 100 100 100 100 100 100 100 100 100 100 100
 100 100 100 100 100 100 100 100 100 100 100 100 100 100 100 100 100 100
 100 100 100 100 100 100 100 100 100 100 100 100 100 100 100 100 100 100
 100 100 100 100 100 100 100 100 100 100 100 100 100 100 100 100 100 100
 100 100 100 100 100 100 100 100 100 100 100 100 100 100 100 100 100 100
 100 100 100 100 100 100 100 100 100 100 100 100 100 100 100 100 100 100
 100 100 100 100 100 100 100 100 100 100 100 100 100 100 100 100 100 100
 100 100 100 100 100 100 100 100 100 100 100 100 100 100 100 100 100 100
 100 100 100 100 100 100 100 100 100 100 100 100 100 100 100 100 100 100
 100 100 100 100 100 100 100 100 100 100 100 100 100 100 100 100 100 100
 100 100 100 100 100 100 100 100 100 100 100 100 100 100 100 100 100 100
 100 100 100 100 100 100 100 100 100 100 100 100 100 100 100 100 100 100
 100 100 100 100 100 100 100 100 100 100 100 100 100 100 100 100 100 100
 100 100 100 100 100 100 100 100 100 100 100 100 100 100 100 100 100 100
 100 100 100 100 100 100 100 100 100 100 100 100 100 100 100 100 100 100
 100 100 100 100 100 100 100 100 100 100 100 100 100 100 100 100 100 100
 100 100 100 100 100 100 100 100 100 100 100 100 100 100 100 100 100 100
 100 100 100 100 100 100 100 100 100 100 100 100 100 100 100 100 100 100
 100 100 100 100 100 100 100 100 100 100 100 100 100 100 100 100 100 100
 100 100 100 100 100 100 100 100 100 100]
maxCov = 100
maxCovTime = [1.07414915e+09 1.07414916e+09 1.07414917e+09 1.07414918e+09
 1.07414919e+09 1.07414920e+09 1.07414921e+09 1.07414922e+09
 1.07414923e+09 1.07414924e+09 1.07414925e+09 1.07414926e+09
 1.07414927e+09 1.07414928e+09 1.07414929e+09 1.07414930e+09
 1.07414931e+09 1.07414932e+09 1.07414933e+09 1.07414934e+09
 1.07414935e+09 1.07414936e+09 1.07414937e+09 1.07414938e+09
 1.07414938e+09 1.07414939e+09 1.07414940e+09 1.07414941e+09
 1.07414942e+09 1.07414943e+09 1.07414944e+09 1.07414945e+09
 1.07414946e+09 1.07414947e+09 1.07414948e+09 1.07414949e+09
 1.07414950e+09 1.07414951e+09 1.07414952e+09 1.07414953e+09
 1.07414954e+09 1.07414955e+09 1.07414956e+09 1.07414957e+09
 1.07414958e+09 1.07414959e+09 1.07414960e+09 1.07414961e+09
 1.07414962e+09 1.07414963e+09 1.07414964e+09 1.07414965e+09
 1.07414966e+09 1.07414967e+09 1.07414968e+09 1.07414969e+09
 1.07414970e+09 1.07414971e+09 1.07414971e+09 1.07414972e+09
 1.07414973e+09 1.07414974e+09 1.07414975e+09 1.07414976e+09
 1.07414977e+09 1.07414978e+09 1.07414979e+09 1.07414980e+09
 1.07414981e+09 1.07414982e+09 1.07414983e+09 1.07414984e+09
 1.07414985e+09 1.07414986e+09 1.07414987e+09 1.07414988e+09
 1.07414989e+09 1.07414990e+09 1.07414991e+09 1.07414992e+09
 1.07414993e+09 1.07414994e+09 1.07414995e+09 1.07414996e+09
 1.07414997e+09 1.07414998e+09 1.07414999e+09 1.07415000e+09
 1.07415001e+09 1.07415002e+09 1.07415003e+09 1.07415004e+09
 1.07415004e+09 1.07415005e+09 1.07415006e+09 1.07415007e+09
 1.07415008e+09 1.07415009e+09 1.07415010e+09 1.07415011e+09
 1.07415012e+09 1.07415013e+09 1.07415014e+09 1.07415015e+09
 1.07415016e+09 1.07415017e+09 1.07415018e+09 1.07415019e+09
 1.07415020e+09 1.07415021e+09 1.07415022e+09 1.07415023e+09
 1.07415024e+09 1.07415025e+09 1.07415026e+09 1.07415027e+09
 1.07415028e+09 1.07415029e+09 1.07415030e+09 1.07415031e+09
 1.07415032e+09 1.07415033e+09 1.07415034e+09 1.07415035e+09
 1.07415036e+09 1.07415037e+09 1.07415037e+09 1.07415038e+09
 1.07415039e+09 1.07415040e+09 1.07415041e+09 1.07415042e+09
 1.07415043e+09 1.07415044e+09 1.07415045e+09 1.07415046e+09
 1.07415047e+09 1.07415048e+09 1.07415049e+09 1.07415050e+09
 1.07415051e+09 1.07415052e+09 1.07415053e+09 1.07415054e+09
 1.07415055e+09 1.07415056e+09 1.07415057e+09 1.07415058e+09
 1.07415059e+09 1.07415060e+09 1.07415061e+09 1.07415062e+09
 1.07415063e+09 1.07415064e+09 1.07415065e+09 1.07415066e+09
 1.07415067e+09 1.07415068e+09 1.07415069e+09 1.07415070e+09
 1.07415071e+09 1.07415071e+09 1.07415072e+09 1.07415073e+09
 1.07415074e+09 1.07415075e+09 1.07415076e+09 1.07415077e+09
 1.07415078e+09 1.07415079e+09 1.07415080e+09 1.07415081e+09
 1.07415082e+09 1.07415083e+09 1.07415084e+09 1.07415085e+09
 1.07415086e+09 1.07415087e+09 1.07415088e+09 1.07415089e+09
 1.07415090e+09 1.07415091e+09 1.07415092e+09 1.07415093e+09
 1.07415094e+09 1.07415095e+09 1.07415096e+09 1.07415097e+09
 1.07415098e+09 1.07415099e+09 1.07415100e+09 1.07415101e+09
 1.07415102e+09 1.07415103e+09 1.07415104e+09 1.07415104e+09
 1.07415105e+09 1.07415106e+09 1.07415107e+09 1.07415108e+09
 1.07415109e+09 1.07415110e+09 1.07415111e+09 1.07415112e+09
 1.07415113e+09 1.07415114e+09 1.07415115e+09 1.07415116e+09
 1.07415117e+09 1.07415118e+09 1.07415119e+09 1.07415120e+09
 1.07415121e+09 1.07415122e+09 1.07415123e+09 1.07415124e+09
 1.07415125e+09 1.07415126e+09 1.07415127e+09 1.07415128e+09
 1.07415129e+09 1.07415130e+09 1.07415131e+09 1.07415132e+09
 1.07415133e+09 1.07415134e+09 1.07415135e+09 1.07415136e+09
 1.07415137e+09 1.07415137e+09 1.07415138e+09 1.07415139e+09
 1.07415140e+09 1.07415141e+09 1.07415142e+09 1.07415143e+09
 1.07415144e+09 1.07415145e+09 1.07415146e+09 1.07415147e+09
 1.07415148e+09 1.07415149e+09 1.07415150e+09 1.07415151e+09
 1.07415152e+09 1.07415153e+09 1.07415154e+09 1.07415155e+09
 1.07415156e+09 1.07415157e+09 1.07415158e+09 1.07415159e+09
 1.07415160e+09 1.07415161e+09 1.07415162e+09 1.07415163e+09
 1.07415164e+09 1.07415165e+09 1.07415166e+09 1.07415167e+09
 1.07415168e+09 1.07415169e+09 1.07415170e+09 1.07415170e+09
 1.07415171e+09 1.07415172e+09 1.07415173e+09 1.07415174e+09
 1.07415175e+09 1.07415176e+09 1.07415177e+09 1.07415178e+09
 1.07415179e+09 1.07415180e+09 1.07415181e+09 1.07415182e+09
 1.07415183e+09 1.07415184e+09 1.07415185e+09 1.07415186e+09
 1.07415187e+09 1.07415188e+09 1.07415189e+09 1.07415190e+09
 1.07415191e+09 1.07415192e+09 1.07415193e+09 1.07415194e+09
 1.07415195e+09 1.07415196e+09 1.07415197e+09 1.07415198e+09
 1.07415199e+09 1.07415200e+09 1.07415201e+09 1.07415202e+09
 1.07415203e+09 1.07415204e+09 1.07415204e+09 1.07415205e+09
 1.07415206e+09 1.07415207e+09 1.07415208e+09 1.07415209e+09
 1.07415210e+09 1.07415211e+09 1.07415212e+09 1.07415213e+09
 1.07415214e+09 1.07415215e+09 1.07415216e+09 1.07415217e+09
 1.07415218e+09 1.07415219e+09 1.07415220e+09 1.07415221e+09
 1.07415222e+09 1.07415223e+09 1.07415224e+09 1.07415225e+09
 1.07415226e+09 1.07415227e+09 1.07415228e+09 1.07415229e+09
 1.07415230e+09 1.07415231e+09 1.07415232e+09 1.07415233e+09
 1.07415234e+09 1.07415235e+09 1.07415236e+09 1.07415237e+09
 1.07415237e+09 1.07415238e+09 1.07415239e+09 1.07415240e+09
 1.07415241e+09 1.07415242e+09 1.07415243e+09 1.07415244e+09
 1.07415245e+09 1.07415246e+09 1.07415247e+09 1.07415248e+09
 1.07415249e+09 1.07415250e+09 1.07415251e+09 1.07415252e+09
 1.07415253e+09 1.07415254e+09 1.07415255e+09 1.07415256e+09
 1.07415257e+09 1.07415258e+09 1.07415259e+09 1.07415260e+09
 1.07415261e+09 1.07415262e+09 1.07415263e+09 1.07415264e+09
 1.07415265e+09 1.07415266e+09 1.07415267e+09 1.07415268e+09
 1.07415269e+09 1.07415270e+09 1.07415270e+09 1.07415271e+09
 1.07415272e+09 1.07415273e+09 1.07415274e+09 1.07415275e+09
 1.07415276e+09 1.07415277e+09 1.07415278e+09 1.07415279e+09
 1.07415280e+09 1.07415281e+09 1.07415282e+09 1.07415283e+09
 1.07415284e+09 1.07415285e+09 1.07415286e+09 1.07415287e+09
 1.07415288e+09 1.07415289e+09 1.07415290e+09 1.07415291e+09
 1.07415292e+09 1.07415293e+09 1.07415294e+09 1.07415295e+09
 1.07415296e+09 1.07415297e+09 1.07415298e+09 1.07415299e+09
 1.07415300e+09 1.07415301e+09 1.07415302e+09 1.07415303e+09
 1.07415304e+09 1.07415304e+09 1.07415305e+09 1.07415306e+09
 1.07415307e+09 1.07415308e+09 1.07415309e+09 1.07415310e+09
 1.07415311e+09 1.07415312e+09 1.07415313e+09 1.07415314e+09
 1.07415315e+09 1.07415316e+09 1.07415317e+09 1.07415318e+09
 1.07415319e+09 1.07415320e+09 1.07415321e+09 1.07415322e+09
 1.07415323e+09 1.07415324e+09 1.07415325e+09 1.07415326e+09
 1.07415327e+09 1.07415328e+09 1.07415329e+09 1.07415330e+09
 1.07415331e+09 1.07415332e+09 1.07415333e+09 1.07415334e+09
 1.07415335e+09 1.07415336e+09 1.07415337e+09 1.07415337e+09
 1.07415338e+09 1.07415339e+09 1.07415340e+09 1.07415341e+09
 1.07415342e+09 1.07415343e+09 1.07415344e+09 1.07415345e+09
 1.07415346e+09 1.07415347e+09 1.07415348e+09 1.07415349e+09
 1.07415350e+09 1.07415351e+09 1.07415352e+09 1.07415353e+09
 1.07415354e+09 1.07415355e+09 1.07415356e+09 1.07415357e+09
 1.07415358e+09 1.07415359e+09 1.07415360e+09 1.07415361e+09
 1.07415362e+09 1.07415363e+09 1.07415364e+09 1.07415365e+09
 1.07415366e+09 1.07415367e+09 1.07415368e+09 1.07415369e+09
 1.07415370e+09 1.07415370e+09 1.07415371e+09 1.07415372e+09
 1.07415373e+09 1.07415374e+09 1.07415375e+09 1.07415376e+09
 1.07415377e+09 1.07415378e+09 1.07415379e+09 1.07415380e+09
 1.07415381e+09 1.07415382e+09 1.07415383e+09 1.07415384e+09
 1.07415385e+09 1.07415386e+09 1.07415387e+09 1.07415388e+09
 1.07415389e+09 1.07415390e+09 1.07415391e+09 1.07415392e+09
 1.07415393e+09 1.07415394e+09 1.07415395e+09 1.07415396e+09
 1.07415397e+09 1.07415398e+09 1.07415399e+09 1.07415400e+09
 1.07415401e+09 1.07415402e+09 1.07415403e+09 1.07415403e+09
 1.07415404e+09 1.07415405e+09 1.07415406e+09 1.07415407e+09
 1.07415408e+09 1.07415409e+09 1.07415410e+09 1.07415411e+09
 1.07415412e+09 1.07415413e+09 1.07415414e+09 1.07415415e+09
 1.07415416e+09 1.07415417e+09 1.07415418e+09 1.07415419e+09
 1.07415420e+09 1.07415421e+09 1.07415422e+09 1.07415423e+09
 1.07415424e+09 1.07415425e+09 1.07415426e+09 1.07415427e+09
 1.07415428e+09 1.07415429e+09 1.07415430e+09 1.07415431e+09
 1.07415432e+09 1.07415433e+09 1.07415434e+09 1.07415435e+09
 1.07415436e+09 1.07415437e+09 1.07415437e+09 1.07415438e+09
 1.07415439e+09 1.07415440e+09 1.07415441e+09 1.07415442e+09
 1.07415443e+09 1.07415444e+09 1.07415445e+09 1.07415446e+09
 1.07415447e+09 1.07415448e+09 1.07415449e+09 1.07415450e+09
 1.07415451e+09 1.07415452e+09 1.07415453e+09 1.07415454e+09
 1.07415455e+09 1.07415456e+09 1.07415457e+09 1.07415458e+09
 1.07415459e+09 1.07415460e+09 1.07415461e+09 1.07415462e+09
 1.07415463e+09 1.07415464e+09 1.07415465e+09 1.07415466e+09
 1.07415467e+09 1.07415468e+09 1.07415469e+09 1.07415470e+09
 1.07415470e+09 1.07415471e+09 1.07415472e+09 1.07415473e+09
 1.07415474e+09 1.07415475e+09 1.07415476e+09 1.07415477e+09
 1.07415478e+09 1.07415479e+09 1.07415480e+09 1.07415481e+09
 1.07415482e+09 1.07415483e+09 1.07415484e+09 1.07415485e+09
 1.07415486e+09 1.07415487e+09 1.07415488e+09 1.07415489e+09
 1.07415490e+09 1.07415491e+09 1.07415492e+09 1.07415493e+09
 1.07415494e+09 1.07415495e+09 1.07415496e+09 1.07415497e+09
 1.07415498e+09 1.07415499e+09 1.07415500e+09 1.07415501e+09
 1.07415502e+09 1.07415503e+09 1.07415503e+09 1.07415504e+09
 1.07415505e+09 1.07415506e+09 1.07415507e+09 1.07415508e+09
 1.07415509e+09 1.07415510e+09 1.07415511e+09 1.07415512e+09
 1.07415513e+09 1.07415514e+09 1.07415515e+09 1.07415516e+09
 1.07415517e+09 1.07415518e+09 1.07415519e+09 1.07415520e+09
 1.07415521e+09 1.07415522e+09 1.07415523e+09 1.07415524e+09
 1.07415525e+09 1.07415526e+09 1.07415527e+09 1.07415528e+09
 1.07415529e+09 1.07415530e+09 1.07415531e+09 1.07415532e+09
 1.07415533e+09 1.07415534e+09 1.07415535e+09 1.07415536e+09
 1.07415536e+09 1.07415537e+09 1.07415538e+09 1.07415539e+09
 1.07415540e+09 1.07415541e+09 1.07415542e+09 1.07415543e+09
 1.07415544e+09 1.07415545e+09 1.07415546e+09 1.07415547e+09
 1.07415548e+09 1.07415549e+09 1.07415550e+09 1.07415551e+09
 1.07415552e+09 1.07415553e+09 1.07415554e+09 1.07415555e+09
 1.07415556e+09 1.07415557e+09 1.07415558e+09 1.07415559e+09
 1.07415560e+09 1.07415561e+09 1.07415562e+09 1.07415563e+09
 1.07415564e+09 1.07415565e+09 1.07415566e+09 1.07415567e+09
 1.07415568e+09 1.07415569e+09 1.07415570e+09 1.07415570e+09
 1.07415571e+09 1.07415572e+09 1.07415573e+09 1.07415574e+09
 1.07415575e+09 1.07415576e+09 1.07415577e+09 1.07415578e+09
 1.07415579e+09 1.07415580e+09 1.07415581e+09 1.07415582e+09
 1.07415583e+09 1.07415584e+09 1.07415585e+09 1.07415586e+09
 1.07415587e+09 1.07415588e+09 1.07415589e+09 1.07415590e+09
 1.07415591e+09 1.07415592e+09 1.07415593e+09 1.07415594e+09
 1.07415595e+09 1.07415596e+09 1.07415597e+09 1.07415598e+09
 1.07415599e+09 1.07415600e+09 1.07415601e+09 1.07415602e+09
 1.07415603e+09 1.07415603e+09 1.07415604e+09 1.07415605e+09
 1.07415606e+09 1.07415607e+09 1.07415608e+09 1.07415609e+09
 1.07415610e+09 1.07415611e+09 1.07415612e+09 1.07415613e+09
 1.07415614e+09 1.07415615e+09 1.07415616e+09 1.07415617e+09
 1.07415618e+09 1.07415619e+09 1.07415620e+09 1.07415621e+09
 1.07415622e+09 1.07415623e+09 1.07415624e+09 1.07415625e+09
 1.07415626e+09 1.07415627e+09 1.07415628e+09 1.07415629e+09
 1.07415630e+09 1.07415631e+09 1.07415632e+09 1.07415633e+09
 1.07415634e+09 1.07415635e+09 1.07415636e+09 1.07415636e+09
 1.07415637e+09 1.07415638e+09 1.07415639e+09 1.07415640e+09
 1.07415641e+09 1.07415642e+09 1.07415643e+09 1.07415644e+09
 1.07415645e+09 1.07415646e+09 1.07415647e+09 1.07415648e+09
 1.07415649e+09 1.07415650e+09 1.07415651e+09 1.07415652e+09
 1.07415653e+09 1.07415654e+09 1.07415655e+09 1.07415656e+09
 1.07415657e+09 1.07415658e+09 1.07415659e+09 1.07415660e+09
 1.07415661e+09 1.07415662e+09 1.07415663e+09 1.07415664e+09
 1.07415665e+09 1.07415666e+09 1.07415667e+09 1.07415668e+09
 1.07415669e+09 1.07415669e+09 1.07415670e+09 1.07415671e+09
 1.07415672e+09 1.07415673e+09 1.07415674e+09 1.07415675e+09
 1.07415676e+09 1.07415677e+09 1.07415678e+09 1.07415679e+09
 1.07415680e+09 1.07415681e+09 1.07415682e+09 1.07415683e+09
 1.07415684e+09 1.07415685e+09 1.07415686e+09 1.07415687e+09
 1.07415688e+09 1.07415689e+09 1.07415690e+09 1.07415691e+09
 1.07415692e+09 1.07415693e+09 1.07415694e+09 1.07415695e+09
 1.07415696e+09 1.07415697e+09 1.07415698e+09 1.07415699e+09
 1.07415700e+09 1.07415701e+09 1.07415702e+09 1.07415703e+09
 1.07415703e+09 1.07415704e+09 1.07415705e+09 1.07415706e+09
 1.07415707e+09 1.07415708e+09 1.07415709e+09 1.07415710e+09
 1.07415711e+09 1.07415712e+09 1.07415713e+09 1.07415714e+09
 1.07415715e+09 1.07415716e+09 1.07415717e+09 1.07415718e+09
 1.07415719e+09 1.07415720e+09 1.07415721e+09 1.07415722e+09
 1.07415723e+09 1.07415724e+09 1.07415725e+09 1.07415726e+09
 1.07415727e+09 1.07415728e+09 1.07415729e+09 1.07415730e+09
 1.07415731e+09 1.07415732e+09 1.07415733e+09 1.07415734e+09
 1.07415735e+09 1.07415736e+09 1.07415736e+09 1.07415737e+09
 1.07415738e+09 1.07415739e+09 1.07415740e+09 1.07415741e+09
 1.07415742e+09 1.07415743e+09 1.07415744e+09 1.07415745e+09
 1.07415746e+09 1.07415747e+09 1.07415748e+09 1.07415749e+09
 1.07415750e+09 1.07415751e+09 1.07415752e+09 1.07415753e+09
 1.07415754e+09 1.07415755e+09 1.07415756e+09 1.07415757e+09
 1.07415758e+09 1.07415759e+09 1.07415760e+09 1.07415761e+09
 1.07415762e+09 1.07415763e+09 1.07415764e+09 1.07415765e+09
 1.07415766e+09 1.07415767e+09 1.07415768e+09 1.07415769e+09
 1.07415769e+09 1.07415770e+09 1.07415771e+09 1.07415772e+09
 1.07415773e+09 1.07415774e+09 1.07415775e+09 1.07415776e+09
 1.07415777e+09 1.07415778e+09 1.07415779e+09 1.07415780e+09
 1.07415781e+09 1.07415782e+09 1.07415783e+09 1.07415784e+09
 1.07415785e+09 1.07415786e+09 1.07415787e+09 1.07415788e+09
 1.07415789e+09 1.07415790e+09 1.07415791e+09 1.07415792e+09
 1.07415793e+09 1.07415794e+09 1.07415795e+09 1.07415796e+09
 1.07415797e+09 1.07415798e+09 1.07415799e+09 1.07415800e+09
 1.07415801e+09 1.07415802e+09 1.07415802e+09 1.07415803e+09
 1.07415804e+09 1.07415805e+09 1.07415806e+09 1.07415807e+09
 1.07415808e+09 1.07415809e+09 1.07415810e+09 1.07415811e+09
 1.07415812e+09 1.07415813e+09 1.07415814e+09 1.07415815e+09
 1.07415816e+09 1.07415817e+09 1.07415818e+09 1.07415819e+09
 1.07415820e+09 1.07415821e+09 1.07415822e+09 1.07415823e+09
 1.07415824e+09 1.07415825e+09 1.07415826e+09 1.07415827e+09
 1.07415828e+09 1.07415829e+09 1.07415830e+09 1.07415831e+09
 1.07415832e+09 1.07415833e+09 1.07415834e+09 1.07415835e+09
 1.07415836e+09 1.07415836e+09 1.07415837e+09 1.07415838e+09
 1.07415839e+09 1.07415840e+09 1.07415841e+09 1.07415842e+09
 1.07415843e+09 1.07415844e+09 1.07415845e+09 1.07415846e+09
 1.07415847e+09 1.07415848e+09 1.07415849e+09 1.07415850e+09
 1.07415851e+09 1.07415852e+09 1.07415853e+09 1.07415854e+09
 1.07415855e+09 1.07415856e+09 1.07415857e+09 1.07415858e+09
 1.07415859e+09 1.07415860e+09 1.07415861e+09 1.07415862e+09
 1.07415863e+09 1.07415864e+09 1.07415865e+09 1.07415866e+09
 1.07415867e+09 1.07415868e+09 1.07415869e+09 1.07415869e+09
 1.07415870e+09 1.07415871e+09 1.07415872e+09 1.07415873e+09
 1.07415874e+09 1.07415875e+09 1.07415876e+09 1.07415877e+09
 1.07415878e+09 1.07415879e+09 1.07415880e+09 1.07415881e+09
 1.07415882e+09 1.07415883e+09 1.07415884e+09 1.07415885e+09]
