name =JUICE_ROI_GAN_6_2_06
flyby = ['2033 NOV 26 18:22:11', '2033 NOV 27 18:22:11']
Observation TW = <SpiceCell dtype = 1, length = 0, size = 2400, card = 4, is_set = 1, adjust = 0, init = 1, base = 94479039017248, data = 94479039017296>
Res(t) = [0.38815565 0.39000061 0.39185814 0.39372778 0.39560908 0.39750162
 0.39940501 0.40131885 0.40324279 0.40517647 0.40711955 0.40907171
 0.41103265 0.41300206 0.41497967 0.4169652  0.46475212 0.46671186
 0.46868393 0.47066792 0.47266342 0.47467004 0.4766874  0.47871514
 0.48075293 0.48280042 0.4848573  0.48692328 0.48899805 0.49108133
 0.49317286 0.49527237 0.49737961 0.49949436 0.50161636 0.5037454
 0.50588127 0.50802375 0.51017266 0.51232779 0.51448896 0.516656
 0.51882872 0.52100697 0.52319058 0.5253794  0.52757328 0.52977207
 0.53197563 0.53418383 0.53639653 0.53861361 0.54083495 0.54306043
 0.54528993 0.54752334 0.54976056 0.55200148 0.55424599 0.55649401
 0.55874543 0.56100017 0.56325813 0.56551923 0.56778338 0.5700505
 0.57232052 0.57459335 0.57686893 0.57914718 0.58142803 0.58371141
 0.58599725 0.5882855  0.59057609 0.59286895 0.59516403 0.59746128
 0.59976062 0.60206202 0.60436542 0.60667077 0.60897801 0.61128709
 0.61359798 0.61591063 0.61822498 0.62054099 0.62285863 0.62517785
 0.62749861 0.62982087 0.6321446  0.63446975 0.63679629 0.63912418
 0.64145339 0.64378388 0.64611563 0.6484486  0.65078275 0.65311806
 0.6554545  0.65779204 0.66013065 0.6624703  0.66481097 0.66715262
 0.66949524 0.6718388  0.67418327 0.67652863 0.67887485 0.68122192
 0.68356981 0.6859185  0.68826797 0.6906182  0.69296916 0.69532083
 0.69767321 0.70002626 0.70237997 0.70473433 0.70708931 0.70944489
 0.71180107 0.71415781 0.71651512 0.71887296 0.72123134 0.72359022
 0.7259496  0.72830945 0.73066978 0.73303056 0.73539178 0.73775342
 0.74011548 0.74247794 0.74484079 0.74720401 0.7495676  0.75193154
 0.75429582 0.75666044 0.75902537 0.76139061 0.76375615 0.76612198
 0.76848809 0.77085446 0.77322109 0.77558798 0.7779551  0.78032245
 0.78269003 0.78505782 0.78742582 0.78979401 0.7921624  0.79453096
 0.7968997  0.7992686  0.80163767 0.80400688 0.80637624 0.80874574
 0.81111537 0.81348512 0.81585499 0.81822497 0.82059505 0.82296524
 0.82533551 0.82770588 0.83007632 0.83244684 0.83481743 0.83718809
 0.8395588  0.84192957 0.84430039 0.84667125 0.84904215 0.85141309
 0.85378405 0.85615505 0.85852606 0.86089709 0.86326813 0.86563918
 0.86801024 0.87038129 0.87275235 0.87512339 0.87749442 0.87986544
 0.88223644 0.88460742 0.88697838 0.8893493  0.8917202  0.89409106
 0.89646188 0.89883266 0.90120339 0.90357408 0.90594472 0.9083153
 0.91068583 0.91305631 0.91542672 0.91779707 0.92016735 0.92253757
 0.92490771 0.92727778 0.92964778 0.9320177  0.93438754 0.9367573
 0.93912698 0.94149657 0.94386607 0.94623549 0.94860481 0.95097404
 0.95334318 0.95571222 0.95808116 0.96045    0.96281875 0.96518738
 0.96755592 0.96992435 0.97229267 0.97466089 0.97702899 0.97939699
 0.98176487 0.98413264 0.98650029 0.98886783 0.99123525 0.99360256
 0.99596974 0.99833681 1.00070375 1.00307058 1.00543728 1.00780385
 1.01017031 1.01253664 1.01490284 1.01726891 1.01963486 1.02200068
 1.02436637 1.02673193 1.02909736 1.03146267 1.03382784 1.03619287
 1.03855778 1.04092255 1.0432872  1.0456517  1.04801608 1.05038032
 1.05274442 1.05510839 1.05747222 1.05983592 1.06219948 1.06456291
 1.0669262  1.06928936 1.07165237 1.07401525 1.076378   1.0787406
 1.08110307 1.08346541 1.0858276  1.08818966 1.09055158 1.09291336
 1.095275   1.09763651 1.09999788 1.10235911 1.10472021 1.10708117
 1.10944199 1.11180267 1.11416322 1.11652363 1.11888391 1.12124405
 1.12360405 1.12596392 1.12832365 1.13068324 1.1330427  1.13540203
 1.13776122 1.14012028 1.1424792  1.14483799 1.14719665 1.14955517
 1.15191357 1.15427182 1.15662995 1.15898795 1.16134581 1.16370355
 1.16606115 1.16841863 1.17077598 1.17313319 1.17549028 1.17784725
 1.18020408 1.18256079 1.18491737 1.18727383 1.18963016 1.19198637
 1.19434245 1.19669841 1.19905425 1.20140996 1.20376556 1.20612103
 1.20847638 1.21083161 1.21318673 1.21554172 1.2178966  1.22025136
 1.222606   1.22496053 1.22731495 1.22966925 1.23202343 1.2343775
 1.23673147 1.23908531 1.24143905 1.24379268 1.2461462  1.24849961
 1.25085292 1.25320611 1.2555592  1.25791219 1.26026507 1.26261785
 1.26497052 1.2673231  1.26967557 1.27202794 1.27438021 1.27673238
 1.27908446 1.28143644 1.28378832 1.2861401  1.2884918  1.2908434
 1.2931949  1.29554632 1.29789764 1.30024887 1.30260002 1.30495107
 1.30730204 1.30965293 1.31200373 1.31435444 1.31670507 1.31905562
 1.32140608 1.32375647 1.32610677 1.328457   1.33080715 1.33315722
 1.33550722 1.33785714 1.34020699 1.34255676 1.34490647 1.3472561
 1.34960566 1.35195516 1.35430458 1.35665394 1.35900324 1.36135246
 1.36370163 1.36605073 1.36839977 1.37074875 1.37309767 1.37544654
 1.37779534 1.38014409 1.38249278 1.38484142 1.38719001 1.38953854
 1.39188702 1.39423546 1.39658384 1.39893218 1.40128046 1.40362871
 1.40597691 1.40832506 1.41067317 1.41302125 1.41536928 1.41771727
 1.42006523 1.42241314 1.42476103 1.42710887 1.42945669 1.43180447
 1.43415222 1.43649994 1.43884763 1.44119529 1.44354293 1.44589054
 1.44823813 1.45058569 1.45293324 1.45528076 1.45762826 1.45997574
 1.4623232  1.46467065 1.46701809 1.46936551 1.47171291 1.47406031
 1.47640769 1.47875507 1.48110243 1.48344979 1.48579715 1.4881445
 1.49049185 1.49283919 1.49518653 1.49753388 1.49988122 1.50222857
 1.50457592 1.50692328 1.50927064 1.51161801 1.51396539 1.51631278
 1.51866018 1.52100759 1.52335501 1.52570245 1.52804991 1.53039738
 1.53274487 1.53509238 1.53743991 1.53978747 1.54213504 1.54448265
 1.54683027 1.54917793 1.55152561 1.55387332 1.55622106 1.55856883
 1.56091664 1.56326448 1.56561236 1.56796027 1.57030822 1.57265621
 1.57500425 1.57735232 1.57970043 1.5820486  1.5843968  1.58674505
 1.58909336 1.59144171 1.59379011 1.59613856 1.59848706 1.60083563
 1.60318424 1.60553291 1.60788164 1.61023044 1.61257929 1.6149282
 1.61727718 1.61962622 1.62197532 1.6243245  1.62667374 1.62902305
 1.63137243 1.63372189 1.63607141 1.63842102 1.6407707  1.64312045
 1.64547029 1.6478202  1.6501702  1.65252027 1.65487044 1.65722068
 1.65957101 1.66192144 1.66427194 1.66662254 1.66897323 1.67132402
 1.6736749  1.67602587 1.67837694 1.68072811 1.68307937 1.68543074
 1.68778221 1.69013378 1.69248546 1.69483724 1.69718913 1.69954113
 1.70189323 1.70424545 1.70659778 1.70895022 1.71130278 1.71365546
 1.71600825 1.71836116 1.72071419 1.72306734 1.72542062 1.72777402
 1.73012754 1.73248119 1.73483497 1.73718888 1.73954292 1.74189709
 1.74425139 1.74660583 1.7489604  1.75131511 1.75366996 1.75602495
 1.75838008 1.76073535 1.76309077 1.76544633 1.76780204 1.77015789
 1.77251389 1.77487005 1.77722635 1.77958281 1.78193943 1.78429619
 1.78665312 1.7890102  1.79136745 1.79372485 1.79608242 1.79844015
 1.80079804 1.8031561  1.80551433 1.80787273 1.81023129 1.81259003
 1.81494894 1.81730803 1.81966729 1.82202673 1.82438634 1.82674614
 1.82910612 1.83146627 1.83382662 1.83618714 1.83854785 1.84090875
 1.84326984 1.84563112 1.84799259 1.85035426 1.85271611 1.85507816
 1.85744041 1.85980286 1.86216551 1.86452836 1.8668914  1.86925466
 1.87161811 1.87398178 1.87634565 1.87870973 1.88107402 1.88343852
 1.88580323 1.88816816 1.89053331 1.89289867 1.89526425 1.89763004
 1.89999606 1.9023623  1.90472877 1.90709546 1.90946237 1.91182951
 1.91419688 1.91656449 1.91893232 1.92130038 1.92366868 1.92603722
 1.92840599 1.930775   1.93314425 1.93551374 1.93788347 1.94025345
 1.94262367 1.94499414 1.94736485 1.94973582 1.95210703 1.9544785
 1.95685022 1.95922219 1.96159442 1.9639669  1.96633964 1.96871265
 1.97108591 1.97345944 1.97583323 1.97820728 1.9805816  1.98295619
 1.98533105 1.98770618 1.99008157 1.99245725 1.99483319 1.99720942
 1.99958592 2.00196269 2.00433975 2.00671709 2.00909471 2.01147261
 2.0138508  2.01622928 2.01860804 2.0209871  2.02336644 2.02574607
 2.028126   2.03050622 2.03288674 2.03526756 2.03764867 2.04003009
 2.0424118  2.04479382 2.04717614 2.04955876 2.0519417  2.05432494
 2.05670849 2.05909235 2.06147652 2.063861   2.0662458  2.06863092
 2.07101635 2.0734021  2.07578817 2.07817457 2.08056128 2.08294832
 2.08533569 2.08772338 2.09011139 2.09249974 2.09488842 2.09727743
 2.09966678 2.10205645 2.10444647 2.10683682 2.10922751 2.11161854
 2.11400991 2.11640163 2.11879369 2.12118609 2.12357884 2.12597194
 2.12836539 2.13075918 2.13315333 2.13554784 2.1379427  2.14033791
 2.14273348 2.14512941 2.1475257  2.14992236 2.15231937 2.15471675
 2.15711449 2.1595126  2.16191108 2.16430993 2.16670915 2.16910874
 2.17150871 2.17390905 2.17630976 2.17871085 2.18111233 2.18351418
 2.18591641 2.18831903 2.19072203 2.19312541 2.19552918 2.19793334
 2.20033789 2.20274283 2.20514816 2.20755389 2.20996001 2.21236653
 2.21477344 2.21718075 2.21958847 2.22199658 2.2244051  2.22681402
 2.22922334 2.23163308 2.23404322 2.23645377 2.23886473 2.2412761
 2.24368789 2.24610009 2.24851271 2.25092574 2.2533392  2.25575307
 2.25816737 2.26058208 2.26299723 2.26541279 2.26782879 2.27024521
 2.27266206 2.27507934 2.27749705 2.2799152  2.28233378 2.2847528
 2.28717225 2.28959215 2.29201248 2.29443326 2.29685447 2.29927613
 2.30169824 2.30412079 2.30654379 2.30896724 2.31139115 2.3138155
 2.3162403  2.31866556 2.32109128 2.32351745 2.32594408 2.32837118
 2.33079873 2.33322674 2.33565522 2.33808417 2.34051358 2.34294346
 2.3453738  2.34780462 2.35023591 2.35266767 2.35509991 2.35753262
 2.35996581 2.36239948 2.36483362 2.36726825 2.36970336 2.37213896
 2.37457504 2.3770116  2.37944865 2.38188619 2.38432423 2.38676275
 2.38920177 2.39164128 2.39408128 2.39652178 2.39896278 2.40140428
 2.40384628 2.40628879 2.40873179 2.4111753  2.41361932 2.41606384
 2.41850887 2.42095441 2.42340047 2.42584703 2.42829411 2.43074171
 2.43318982 2.43563845 2.43808759 2.44053726 2.44298745 2.44543817
 2.4478894  2.45034117 2.45279345 2.45524627 2.45769962 2.4601535
 2.46260791 2.46506285 2.46751833 2.46997435 2.4724309  2.47488799
 2.47734562 2.47980379 2.48226251 2.48472177 2.48718157 2.48964192
 2.49210282 2.49456427 2.49702626 2.49948881 2.50195192 2.50441557
 2.50687979 2.50934456 2.51180988 2.51427577 2.51674222 2.51920923
 2.5216768  2.52414494 2.52661365 2.52908292 2.53155276 2.53402317
 2.53649415 2.53896571 2.54143784 2.54391054 2.54638382 2.54885768
 2.55133211 2.55380713 2.55628273 2.55875891 2.56123568 2.56371303
 2.56619097 2.56866949 2.57114861 2.57362832 2.57610861 2.57858951
 2.58107099 2.58355308 2.58603575 2.58851903 2.59100291 2.59348739
 2.59597247 2.59845816 2.60094444 2.60343134 2.60591884 2.60840696
 2.61089568 2.61338501 2.61587496 2.61836552 2.62085669 2.62334849
 2.6258409  2.62833392 2.63082757 2.63332185 2.63581674 2.63831226
 2.6408084  2.64330517 2.64580257 2.6483006  2.65079926 2.65329855
 2.65579847 2.65829903 2.66080022 2.66330206 2.66580452 2.66830763
 2.67081138 2.67331578 2.67582081 2.67832649 2.68083282 2.68333979
 2.68584742 2.68835569 2.69086461 2.69337419 2.69588442 2.6983953
 2.70090685 2.70341904 2.7059319  2.70844542 2.7109596  2.71347444
 2.71598995 2.71850612 2.72102295 2.72354046 2.72605863 2.72857748
 2.73109699 2.73361718 2.73613805 2.73865958 2.7411818  2.74370469
 2.74622827 2.74875252 2.75127745 2.75380307 2.75632937 2.75885636
 2.76138403 2.7639124  2.76644145 2.76897119 2.77150162 2.77403275
 2.77656457 2.77909709 2.78163031 2.78416422 2.78669883 2.78923414
 2.79177016 2.79430688 2.7968443  2.79938243]
t = [1.06996194e+09 1.06996198e+09 1.06996202e+09 1.06996205e+09
 1.06996209e+09 1.06996213e+09 1.06996217e+09 1.06996221e+09
 1.06996225e+09 1.06996229e+09 1.06996232e+09 1.06996236e+09
 1.06996240e+09 1.06996244e+09 1.06996248e+09 1.06996252e+09
 1.06996256e+09 1.06996260e+09 1.06996263e+09 1.06996267e+09
 1.06996271e+09 1.06996275e+09 1.06996279e+09 1.06996283e+09
 1.06996287e+09 1.06996291e+09 1.06996294e+09 1.06996298e+09
 1.06996302e+09 1.06996306e+09 1.06996310e+09 1.06996314e+09
 1.06996318e+09 1.06996321e+09 1.06996325e+09 1.06996329e+09
 1.06996333e+09 1.06996337e+09 1.06996341e+09 1.06996345e+09
 1.06996349e+09 1.06996352e+09 1.06996356e+09 1.06996360e+09
 1.06996364e+09 1.06996368e+09 1.06996372e+09 1.06996376e+09
 1.06996380e+09 1.06996383e+09 1.06996387e+09 1.06996391e+09
 1.06996395e+09 1.06996399e+09 1.06996403e+09 1.06996407e+09
 1.06996410e+09 1.06996414e+09 1.06996418e+09 1.06996422e+09
 1.06996426e+09 1.06996430e+09 1.06996434e+09 1.06996438e+09
 1.06996441e+09 1.06996445e+09 1.06996449e+09 1.06996453e+09
 1.06996457e+09 1.06996461e+09 1.06996465e+09 1.06996469e+09
 1.06996472e+09 1.06996476e+09 1.06996480e+09 1.06996484e+09
 1.06996488e+09 1.06996492e+09 1.06996496e+09 1.06996500e+09
 1.06996503e+09 1.06996507e+09 1.06996511e+09 1.06996515e+09
 1.06996519e+09 1.06996523e+09 1.06996527e+09 1.06996530e+09
 1.06996534e+09 1.06996538e+09 1.06996542e+09 1.06996546e+09
 1.06996550e+09 1.06996554e+09 1.06996558e+09 1.06996561e+09
 1.06996565e+09 1.06996569e+09 1.06996573e+09 1.06996577e+09
 1.06996581e+09 1.06996585e+09 1.06996589e+09 1.06996592e+09
 1.06996596e+09 1.06996600e+09 1.06996604e+09 1.06996608e+09
 1.06996612e+09 1.06996616e+09 1.06996619e+09 1.06996623e+09
 1.06996627e+09 1.06996631e+09 1.06996635e+09 1.06996639e+09
 1.06996643e+09 1.06996647e+09 1.06996650e+09 1.06996654e+09
 1.06996658e+09 1.06996662e+09 1.06996666e+09 1.06996670e+09
 1.06996674e+09 1.06996678e+09 1.06996681e+09 1.06996685e+09
 1.06996689e+09 1.06996693e+09 1.06996697e+09 1.06996701e+09
 1.06996705e+09 1.06996708e+09 1.06996712e+09 1.06996716e+09
 1.06996720e+09 1.06996724e+09 1.06996728e+09 1.06996732e+09
 1.06996736e+09 1.06996739e+09 1.06996743e+09 1.06996747e+09
 1.06996751e+09 1.06996755e+09 1.06996759e+09 1.06996763e+09
 1.06996767e+09 1.06996770e+09 1.06996774e+09 1.06996778e+09
 1.06996782e+09 1.06996786e+09 1.06996790e+09 1.06996794e+09
 1.06996798e+09 1.06996801e+09 1.06996805e+09 1.06996809e+09
 1.06996813e+09 1.06996817e+09 1.06996821e+09 1.06996825e+09
 1.06996828e+09 1.06996832e+09 1.06996836e+09 1.06996840e+09
 1.06996844e+09 1.06996848e+09 1.06996852e+09 1.06996856e+09
 1.06996859e+09 1.06996863e+09 1.06996867e+09 1.06996871e+09
 1.06996875e+09 1.06996879e+09 1.06996883e+09 1.06996887e+09
 1.06996890e+09 1.06996894e+09 1.06996898e+09 1.06996902e+09
 1.06996906e+09 1.06996910e+09 1.06996914e+09 1.06996917e+09
 1.06996921e+09 1.06996925e+09 1.06996929e+09 1.06996933e+09
 1.06996937e+09 1.06996941e+09 1.06996945e+09 1.06996948e+09
 1.06996952e+09 1.06996956e+09 1.06996960e+09 1.06996964e+09
 1.06996968e+09 1.06996972e+09 1.06996976e+09 1.06996979e+09
 1.06996983e+09 1.06996987e+09 1.06996991e+09 1.06996995e+09
 1.06996999e+09 1.06997003e+09 1.06997006e+09 1.06997010e+09
 1.06997014e+09 1.06997018e+09 1.06997022e+09 1.06997026e+09
 1.06997030e+09 1.06997034e+09 1.06997037e+09 1.06997041e+09
 1.06997045e+09 1.06997049e+09 1.06997053e+09 1.06997057e+09
 1.06997061e+09 1.06997065e+09 1.06997068e+09 1.06997072e+09
 1.06997076e+09 1.06997080e+09 1.06997084e+09 1.06997088e+09
 1.06997092e+09 1.06997096e+09 1.06997099e+09 1.06997103e+09
 1.06997107e+09 1.06997111e+09 1.06997115e+09 1.06997119e+09
 1.06997123e+09 1.06997126e+09 1.06997130e+09 1.06997134e+09
 1.06997138e+09 1.06997142e+09 1.06997146e+09 1.06997150e+09
 1.06997154e+09 1.06997157e+09 1.06997161e+09 1.06997165e+09
 1.06997169e+09 1.06997173e+09 1.06997177e+09 1.06997181e+09
 1.06997185e+09 1.06997188e+09 1.06997192e+09 1.06997196e+09
 1.06997200e+09 1.06997204e+09 1.06997208e+09 1.06997212e+09
 1.06997215e+09 1.06997219e+09 1.06997223e+09 1.06997227e+09
 1.06997231e+09 1.06997235e+09 1.06997239e+09 1.06997243e+09
 1.06997246e+09 1.06997250e+09 1.06997254e+09 1.06997258e+09
 1.06997262e+09 1.06997266e+09 1.06997270e+09 1.06997274e+09
 1.06997277e+09 1.06997281e+09 1.06997285e+09 1.06997289e+09
 1.06997293e+09 1.06997297e+09 1.06997301e+09 1.06997304e+09
 1.06997308e+09 1.06997312e+09 1.06997316e+09 1.06997320e+09
 1.06997324e+09 1.06997328e+09 1.06997332e+09 1.06997335e+09
 1.06997339e+09 1.06997343e+09 1.06997347e+09 1.06997351e+09
 1.06997355e+09 1.06997359e+09 1.06997363e+09 1.06997366e+09
 1.06997370e+09 1.06997374e+09 1.06997378e+09 1.06997382e+09
 1.06997386e+09 1.06997390e+09 1.06997394e+09 1.06997397e+09
 1.06997401e+09 1.06997405e+09 1.06997409e+09 1.06997413e+09
 1.06997417e+09 1.06997421e+09 1.06997424e+09 1.06997428e+09
 1.06997432e+09 1.06997436e+09 1.06997440e+09 1.06997444e+09
 1.06997448e+09 1.06997452e+09 1.06997455e+09 1.06997459e+09
 1.06997463e+09 1.06997467e+09 1.06997471e+09 1.06997475e+09
 1.06997479e+09 1.06997483e+09 1.06997486e+09 1.06997490e+09
 1.06997494e+09 1.06997498e+09 1.06997502e+09 1.06997506e+09
 1.06997510e+09 1.06997513e+09 1.06997517e+09 1.06997521e+09
 1.06997525e+09 1.06997529e+09 1.06997533e+09 1.06997537e+09
 1.06997541e+09 1.06997544e+09 1.06997548e+09 1.06997552e+09
 1.06997556e+09 1.06997560e+09 1.06997564e+09 1.06997568e+09
 1.06997572e+09 1.06997575e+09 1.06997579e+09 1.06997583e+09
 1.06997587e+09 1.06997591e+09 1.06997595e+09 1.06997599e+09
 1.06997602e+09 1.06997606e+09 1.06997610e+09 1.06997614e+09
 1.06997618e+09 1.06997622e+09 1.06997626e+09 1.06997630e+09
 1.06997633e+09 1.06997637e+09 1.06997641e+09 1.06997645e+09
 1.06997649e+09 1.06997653e+09 1.06997657e+09 1.06997661e+09
 1.06997664e+09 1.06997668e+09 1.06997672e+09 1.06997676e+09
 1.06997680e+09 1.06997684e+09 1.06997688e+09 1.06997692e+09
 1.06997695e+09 1.06997699e+09 1.06997703e+09 1.06997707e+09
 1.06997711e+09 1.06997715e+09 1.06997719e+09 1.06997722e+09
 1.06997726e+09 1.06997730e+09 1.06997734e+09 1.06997738e+09
 1.06997742e+09 1.06997746e+09 1.06997750e+09 1.06997753e+09
 1.06997757e+09 1.06997761e+09 1.06997765e+09 1.06997769e+09
 1.06997773e+09 1.06997777e+09 1.06997781e+09 1.06997784e+09
 1.06997788e+09 1.06997792e+09 1.06997796e+09 1.06997800e+09
 1.06997804e+09 1.06997808e+09 1.06997811e+09 1.06997815e+09
 1.06997819e+09 1.06997823e+09 1.06997827e+09 1.06997831e+09
 1.06997835e+09 1.06997839e+09 1.06997842e+09 1.06997846e+09
 1.06997850e+09 1.06997854e+09 1.06997858e+09 1.06997862e+09
 1.06997866e+09 1.06997870e+09 1.06997873e+09 1.06997877e+09
 1.06997881e+09 1.06997885e+09 1.06997889e+09 1.06997893e+09
 1.06997897e+09 1.06997900e+09 1.06997904e+09 1.06997908e+09
 1.06997912e+09 1.06997916e+09 1.06997920e+09 1.06997924e+09
 1.06997928e+09 1.06997931e+09 1.06997935e+09 1.06997939e+09
 1.06997943e+09 1.06997947e+09 1.06997951e+09 1.06997955e+09
 1.06997959e+09 1.06997962e+09 1.06997966e+09 1.06997970e+09
 1.06997974e+09 1.06997978e+09 1.06997982e+09 1.06997986e+09
 1.06997990e+09 1.06997993e+09 1.06997997e+09 1.06998001e+09
 1.06998005e+09 1.06998009e+09 1.06998013e+09 1.06998017e+09
 1.06998020e+09 1.06998024e+09 1.06998028e+09 1.06998032e+09
 1.06998036e+09 1.06998040e+09 1.06998044e+09 1.06998048e+09
 1.06998051e+09 1.06998055e+09 1.06998059e+09 1.06998063e+09
 1.06998067e+09 1.06998071e+09 1.06998075e+09 1.06998079e+09
 1.06998082e+09 1.06998086e+09 1.06998090e+09 1.06998094e+09
 1.06998098e+09 1.06998102e+09 1.06998106e+09 1.06998109e+09
 1.06998113e+09 1.06998117e+09 1.06998121e+09 1.06998125e+09
 1.06998129e+09 1.06998133e+09 1.06998137e+09 1.06998140e+09
 1.06998144e+09 1.06998148e+09 1.06998152e+09 1.06998156e+09
 1.06998160e+09 1.06998164e+09 1.06998168e+09 1.06998171e+09
 1.06998175e+09 1.06998179e+09 1.06998183e+09 1.06998187e+09
 1.06998191e+09 1.06998195e+09 1.06998198e+09 1.06998202e+09
 1.06998206e+09 1.06998210e+09 1.06998214e+09 1.06998218e+09
 1.06998222e+09 1.06998226e+09 1.06998229e+09 1.06998233e+09
 1.06998237e+09 1.06998241e+09 1.06998245e+09 1.06998249e+09
 1.06998253e+09 1.06998257e+09 1.06998260e+09 1.06998264e+09
 1.06998268e+09 1.06998272e+09 1.06998276e+09 1.06998280e+09
 1.06998284e+09 1.06998288e+09 1.06998291e+09 1.06998295e+09
 1.06998299e+09 1.06998303e+09 1.06998307e+09 1.06998311e+09
 1.06998315e+09 1.06998318e+09 1.06998322e+09 1.06998326e+09
 1.06998330e+09 1.06998334e+09 1.06998338e+09 1.06998342e+09
 1.06998346e+09 1.06998349e+09 1.06998353e+09 1.06998357e+09
 1.06998361e+09 1.06998365e+09 1.06998369e+09 1.06998373e+09
 1.06998377e+09 1.06998380e+09 1.06998384e+09 1.06998388e+09
 1.06998392e+09 1.06998396e+09 1.06998400e+09 1.06998404e+09
 1.06998407e+09 1.06998411e+09 1.06998415e+09 1.06998419e+09
 1.06998423e+09 1.06998427e+09 1.06998431e+09 1.06998435e+09
 1.06998438e+09 1.06998442e+09 1.06998446e+09 1.06998450e+09
 1.06998454e+09 1.06998458e+09 1.06998462e+09 1.06998466e+09
 1.06998469e+09 1.06998473e+09 1.06998477e+09 1.06998481e+09
 1.06998485e+09 1.06998489e+09 1.06998493e+09 1.06998496e+09
 1.06998500e+09 1.06998504e+09 1.06998508e+09 1.06998512e+09
 1.06998516e+09 1.06998520e+09 1.06998524e+09 1.06998527e+09
 1.06998531e+09 1.06998535e+09 1.06998539e+09 1.06998543e+09
 1.06998547e+09 1.06998551e+09 1.06998555e+09 1.06998558e+09
 1.06998562e+09 1.06998566e+09 1.06998570e+09 1.06998574e+09
 1.06998578e+09 1.06998582e+09 1.06998586e+09 1.06998589e+09
 1.06998593e+09 1.06998597e+09 1.06998601e+09 1.06998605e+09
 1.06998609e+09 1.06998613e+09 1.06998616e+09 1.06998620e+09
 1.06998624e+09 1.06998628e+09 1.06998632e+09 1.06998636e+09
 1.06998640e+09 1.06998644e+09 1.06998647e+09 1.06998651e+09
 1.06998655e+09 1.06998659e+09 1.06998663e+09 1.06998667e+09
 1.06998671e+09 1.06998675e+09 1.06998678e+09 1.06998682e+09
 1.06998686e+09 1.06998690e+09 1.06998694e+09 1.06998698e+09
 1.06998702e+09 1.06998705e+09 1.06998709e+09 1.06998713e+09
 1.06998717e+09 1.06998721e+09 1.06998725e+09 1.06998729e+09
 1.06998733e+09 1.06998736e+09 1.06998740e+09 1.06998744e+09
 1.06998748e+09 1.06998752e+09 1.06998756e+09 1.06998760e+09
 1.06998764e+09 1.06998767e+09 1.06998771e+09 1.06998775e+09
 1.06998779e+09 1.06998783e+09 1.06998787e+09 1.06998791e+09
 1.06998794e+09 1.06998798e+09 1.06998802e+09 1.06998806e+09
 1.06998810e+09 1.06998814e+09 1.06998818e+09 1.06998822e+09
 1.06998825e+09 1.06998829e+09 1.06998833e+09 1.06998837e+09
 1.06998841e+09 1.06998845e+09 1.06998849e+09 1.06998853e+09
 1.06998856e+09 1.06998860e+09 1.06998864e+09 1.06998868e+09
 1.06998872e+09 1.06998876e+09 1.06998880e+09 1.06998884e+09
 1.06998887e+09 1.06998891e+09 1.06998895e+09 1.06998899e+09
 1.06998903e+09 1.06998907e+09 1.06998911e+09 1.06998914e+09
 1.06998918e+09 1.06998922e+09 1.06998926e+09 1.06998930e+09
 1.06998934e+09 1.06998938e+09 1.06998942e+09 1.06998945e+09
 1.06998949e+09 1.06998953e+09 1.06998957e+09 1.06998961e+09
 1.06998965e+09 1.06998969e+09 1.06998973e+09 1.06998976e+09
 1.06998980e+09 1.06998984e+09 1.06998988e+09 1.06998992e+09
 1.06998996e+09 1.06999000e+09 1.06999003e+09 1.06999007e+09
 1.06999011e+09 1.06999015e+09 1.06999019e+09 1.06999023e+09
 1.06999027e+09 1.06999031e+09 1.06999034e+09 1.06999038e+09
 1.06999042e+09 1.06999046e+09 1.06999050e+09 1.06999054e+09
 1.06999058e+09 1.06999062e+09 1.06999065e+09 1.06999069e+09
 1.06999073e+09 1.06999077e+09 1.06999081e+09 1.06999085e+09
 1.06999089e+09 1.06999092e+09 1.06999096e+09 1.06999100e+09
 1.06999104e+09 1.06999108e+09 1.06999112e+09 1.06999116e+09
 1.06999120e+09 1.06999123e+09 1.06999127e+09 1.06999131e+09
 1.06999135e+09 1.06999139e+09 1.06999143e+09 1.06999147e+09
 1.06999151e+09 1.06999154e+09 1.06999158e+09 1.06999162e+09
 1.06999166e+09 1.06999170e+09 1.06999174e+09 1.06999178e+09
 1.06999182e+09 1.06999185e+09 1.06999189e+09 1.06999193e+09
 1.06999197e+09 1.06999201e+09 1.06999205e+09 1.06999209e+09
 1.06999212e+09 1.06999216e+09 1.06999220e+09 1.06999224e+09
 1.06999228e+09 1.06999232e+09 1.06999236e+09 1.06999240e+09
 1.06999243e+09 1.06999247e+09 1.06999251e+09 1.06999255e+09
 1.06999259e+09 1.06999263e+09 1.06999267e+09 1.06999271e+09
 1.06999274e+09 1.06999278e+09 1.06999282e+09 1.06999286e+09
 1.06999290e+09 1.06999294e+09 1.06999298e+09 1.06999301e+09
 1.06999305e+09 1.06999309e+09 1.06999313e+09 1.06999317e+09
 1.06999321e+09 1.06999325e+09 1.06999329e+09 1.06999332e+09
 1.06999336e+09 1.06999340e+09 1.06999344e+09 1.06999348e+09
 1.06999352e+09 1.06999356e+09 1.06999360e+09 1.06999363e+09
 1.06999367e+09 1.06999371e+09 1.06999375e+09 1.06999379e+09
 1.06999383e+09 1.06999387e+09 1.06999390e+09 1.06999394e+09
 1.06999398e+09 1.06999402e+09 1.06999406e+09 1.06999410e+09
 1.06999414e+09 1.06999418e+09 1.06999421e+09 1.06999425e+09
 1.06999429e+09 1.06999433e+09 1.06999437e+09 1.06999441e+09
 1.06999445e+09 1.06999449e+09 1.06999452e+09 1.06999456e+09
 1.06999460e+09 1.06999464e+09 1.06999468e+09 1.06999472e+09
 1.06999476e+09 1.06999480e+09 1.06999483e+09 1.06999487e+09
 1.06999491e+09 1.06999495e+09 1.06999499e+09 1.06999503e+09
 1.06999507e+09 1.06999510e+09 1.06999514e+09 1.06999518e+09
 1.06999522e+09 1.06999526e+09 1.06999530e+09 1.06999534e+09
 1.06999538e+09 1.06999541e+09 1.06999545e+09 1.06999549e+09
 1.06999553e+09 1.06999557e+09 1.06999561e+09 1.06999565e+09
 1.06999569e+09 1.06999572e+09 1.06999576e+09 1.06999580e+09
 1.06999584e+09 1.06999588e+09 1.06999592e+09 1.06999596e+09
 1.06999599e+09 1.06999603e+09 1.06999607e+09 1.06999611e+09
 1.06999615e+09 1.06999619e+09 1.06999623e+09 1.06999627e+09
 1.06999630e+09 1.06999634e+09 1.06999638e+09 1.06999642e+09
 1.06999646e+09 1.06999650e+09 1.06999654e+09 1.06999658e+09
 1.06999661e+09 1.06999665e+09 1.06999669e+09 1.06999673e+09
 1.06999677e+09 1.06999681e+09 1.06999685e+09 1.06999688e+09
 1.06999692e+09 1.06999696e+09 1.06999700e+09 1.06999704e+09
 1.06999708e+09 1.06999712e+09 1.06999716e+09 1.06999719e+09
 1.06999723e+09 1.06999727e+09 1.06999731e+09 1.06999735e+09
 1.06999739e+09 1.06999743e+09 1.06999747e+09 1.06999750e+09
 1.06999754e+09 1.06999758e+09 1.06999762e+09 1.06999766e+09
 1.06999770e+09 1.06999774e+09 1.06999777e+09 1.06999781e+09
 1.06999785e+09 1.06999789e+09 1.06999793e+09 1.06999797e+09
 1.06999801e+09 1.06999805e+09 1.06999808e+09 1.06999812e+09
 1.06999816e+09 1.06999820e+09 1.06999824e+09 1.06999828e+09
 1.06999832e+09 1.06999836e+09 1.06999839e+09 1.06999843e+09
 1.06999847e+09 1.06999851e+09 1.06999855e+09 1.06999859e+09
 1.06999863e+09 1.06999867e+09 1.06999870e+09 1.06999874e+09
 1.06999878e+09 1.06999882e+09 1.06999886e+09 1.06999890e+09
 1.06999894e+09 1.06999897e+09 1.06999901e+09 1.06999905e+09
 1.06999909e+09 1.06999913e+09 1.06999917e+09 1.06999921e+09
 1.06999925e+09 1.06999928e+09 1.06999932e+09 1.06999936e+09
 1.06999940e+09 1.06999944e+09 1.06999948e+09 1.06999952e+09
 1.06999956e+09 1.06999959e+09 1.06999963e+09 1.06999967e+09
 1.06999971e+09 1.06999975e+09 1.06999979e+09 1.06999983e+09
 1.06999986e+09 1.06999990e+09 1.06999994e+09 1.06999998e+09
 1.07000002e+09 1.07000006e+09 1.07000010e+09 1.07000014e+09
 1.07000017e+09 1.07000021e+09 1.07000025e+09 1.07000029e+09
 1.07000033e+09 1.07000037e+09 1.07000041e+09 1.07000045e+09
 1.07000048e+09 1.07000052e+09 1.07000056e+09 1.07000060e+09]
minRes = 0.3881556537345233
minResTime = [1.06996194e+09]
Cov(t) = [ 93.41194202  93.71511573  93.99784396  94.26265507  94.51051038
  92.0544988   92.23115303  92.39423392  92.54698745  92.69048238
 100.         100.         100.         100.         100.
 100.          91.31456392  91.63515731  91.94942623  92.25740211
  92.5591137   92.8545875   93.14384762  93.42691605  93.70381283
  93.97455522  94.23905821  94.49726744  94.7491535   94.994683
 100.         100.         100.         100.         100.
 100.         100.         100.         100.         100.
 100.         100.         100.         100.         100.
 100.         100.         100.         100.         100.
 100.         100.         100.         100.         100.
 100.         100.         100.         100.         100.
 100.         100.         100.         100.         100.
 100.         100.         100.         100.         100.
 100.         100.         100.         100.         100.
 100.         100.         100.         100.         100.
 100.         100.         100.         100.         100.
 100.         100.         100.         100.         100.
 100.         100.         100.         100.         100.
 100.         100.         100.         100.         100.
 100.         100.         100.         100.         100.
 100.         100.         100.         100.         100.
 100.         100.         100.         100.         100.
 100.         100.         100.         100.         100.
 100.         100.         100.         100.         100.
 100.         100.         100.         100.         100.
 100.         100.         100.         100.         100.
 100.         100.         100.         100.         100.
 100.         100.         100.         100.         100.
 100.         100.         100.         100.         100.
 100.         100.         100.         100.         100.
 100.         100.         100.         100.         100.
 100.         100.         100.         100.         100.
 100.         100.         100.         100.         100.
 100.         100.         100.         100.         100.
 100.         100.         100.         100.         100.
 100.         100.         100.         100.         100.
 100.         100.         100.         100.         100.
 100.         100.         100.         100.         100.
 100.         100.         100.         100.         100.
 100.         100.         100.         100.         100.
 100.         100.         100.         100.         100.
 100.         100.         100.         100.         100.
 100.         100.         100.         100.         100.
 100.         100.         100.         100.         100.
 100.         100.         100.         100.         100.
 100.         100.         100.         100.         100.
 100.         100.         100.         100.         100.
 100.         100.         100.         100.         100.
 100.         100.         100.         100.         100.
 100.         100.         100.         100.         100.
 100.         100.         100.         100.         100.
 100.         100.         100.         100.         100.
 100.         100.         100.         100.         100.
 100.         100.         100.         100.         100.
 100.         100.         100.         100.         100.
 100.         100.         100.         100.         100.
 100.         100.         100.         100.         100.
 100.         100.         100.         100.         100.
 100.         100.         100.         100.         100.
 100.         100.         100.         100.         100.
 100.         100.         100.         100.         100.
 100.         100.         100.         100.         100.
 100.         100.         100.         100.         100.
 100.         100.         100.         100.         100.
 100.         100.         100.         100.         100.
 100.         100.         100.         100.         100.
 100.         100.         100.         100.         100.
 100.         100.         100.         100.         100.
 100.         100.         100.         100.         100.
 100.         100.         100.         100.         100.
 100.         100.         100.         100.         100.
 100.         100.         100.         100.         100.
 100.         100.         100.         100.         100.
 100.         100.         100.         100.         100.
 100.         100.         100.         100.         100.
 100.         100.         100.         100.         100.
 100.         100.         100.         100.         100.
 100.         100.         100.         100.         100.
 100.         100.         100.         100.         100.
 100.         100.         100.         100.         100.
 100.         100.         100.         100.         100.
 100.         100.         100.         100.         100.
 100.         100.         100.         100.         100.
 100.         100.         100.         100.         100.
 100.         100.         100.         100.         100.
 100.         100.         100.         100.         100.
 100.         100.         100.         100.         100.
 100.         100.         100.         100.         100.
 100.         100.         100.         100.         100.
 100.         100.         100.         100.         100.
 100.         100.         100.         100.         100.
 100.         100.         100.         100.         100.
 100.         100.         100.         100.         100.
 100.         100.         100.         100.         100.
 100.         100.         100.         100.         100.
 100.         100.         100.         100.         100.
 100.         100.         100.         100.         100.
 100.         100.         100.         100.         100.
 100.         100.         100.         100.         100.
 100.         100.         100.         100.         100.
 100.         100.         100.         100.         100.
 100.         100.         100.         100.         100.
 100.         100.         100.         100.         100.
 100.         100.         100.         100.         100.
 100.         100.         100.         100.         100.
 100.         100.         100.         100.         100.
 100.         100.         100.         100.         100.
 100.         100.         100.         100.         100.
 100.         100.         100.         100.         100.
 100.         100.         100.         100.         100.
 100.         100.         100.         100.         100.
 100.         100.         100.         100.         100.
 100.         100.         100.         100.         100.
 100.         100.         100.         100.         100.
 100.         100.         100.         100.         100.
 100.         100.         100.         100.         100.
 100.         100.         100.         100.         100.
 100.         100.         100.         100.         100.
 100.         100.         100.         100.         100.
 100.         100.         100.         100.         100.
 100.         100.         100.         100.         100.
 100.         100.         100.         100.         100.
 100.         100.         100.         100.         100.
 100.         100.         100.         100.         100.
 100.         100.         100.         100.         100.
 100.         100.         100.         100.         100.
 100.         100.         100.         100.         100.
 100.         100.         100.         100.         100.
 100.         100.         100.         100.         100.
 100.         100.         100.         100.         100.
 100.         100.         100.         100.         100.
 100.         100.         100.         100.         100.
 100.         100.         100.         100.         100.
 100.         100.         100.         100.         100.
 100.         100.         100.         100.         100.
 100.         100.         100.         100.         100.
 100.         100.         100.         100.         100.
 100.         100.         100.         100.         100.
 100.         100.         100.         100.         100.
 100.         100.         100.         100.         100.
 100.         100.         100.         100.         100.
 100.         100.         100.         100.         100.
 100.         100.         100.         100.         100.
 100.         100.         100.         100.         100.
 100.         100.         100.         100.         100.
 100.         100.         100.         100.         100.
 100.         100.         100.         100.         100.
 100.         100.         100.         100.         100.
 100.         100.         100.         100.         100.
 100.         100.         100.         100.         100.
 100.         100.         100.         100.         100.
 100.         100.         100.         100.         100.
 100.         100.         100.         100.         100.
 100.         100.         100.         100.         100.
 100.         100.         100.         100.         100.
 100.         100.         100.         100.         100.
 100.         100.         100.         100.         100.
 100.         100.         100.         100.         100.
 100.         100.         100.         100.         100.
 100.         100.         100.         100.         100.
 100.         100.         100.         100.         100.
 100.         100.         100.         100.         100.
 100.         100.         100.         100.         100.
 100.         100.         100.         100.         100.
 100.         100.         100.         100.         100.
 100.         100.         100.         100.         100.
 100.         100.         100.         100.         100.
 100.         100.         100.         100.         100.
 100.         100.         100.         100.         100.
 100.         100.         100.         100.         100.
 100.         100.         100.         100.         100.
 100.         100.         100.         100.         100.
 100.         100.         100.         100.         100.
 100.         100.         100.         100.         100.
 100.         100.         100.         100.         100.
 100.         100.         100.         100.         100.
 100.         100.         100.         100.         100.
 100.         100.         100.         100.         100.
 100.         100.         100.         100.         100.
 100.         100.         100.         100.         100.
 100.         100.         100.         100.         100.
 100.         100.         100.         100.         100.
 100.         100.         100.         100.         100.
 100.         100.         100.         100.         100.
 100.         100.         100.         100.         100.
 100.         100.         100.         100.         100.
 100.         100.         100.         100.         100.
 100.         100.         100.         100.         100.
 100.         100.         100.         100.         100.
 100.         100.         100.         100.         100.
 100.         100.         100.         100.         100.
 100.         100.         100.         100.         100.
 100.         100.         100.         100.         100.
 100.         100.         100.         100.         100.
 100.         100.         100.         100.         100.
 100.         100.         100.         100.         100.
 100.         100.         100.         100.         100.
 100.         100.         100.         100.         100.
 100.         100.         100.         100.         100.        ]
maxCov = 100.0
maxCovTime = [1.06996232e+09 1.06996236e+09 1.06996240e+09 1.06996244e+09
 1.06996248e+09 1.06996252e+09 1.06996310e+09 1.06996314e+09
 1.06996318e+09 1.06996321e+09 1.06996325e+09 1.06996329e+09
 1.06996333e+09 1.06996337e+09 1.06996341e+09 1.06996345e+09
 1.06996349e+09 1.06996352e+09 1.06996356e+09 1.06996360e+09
 1.06996364e+09 1.06996368e+09 1.06996372e+09 1.06996376e+09
 1.06996380e+09 1.06996383e+09 1.06996387e+09 1.06996391e+09
 1.06996395e+09 1.06996399e+09 1.06996403e+09 1.06996407e+09
 1.06996410e+09 1.06996414e+09 1.06996418e+09 1.06996422e+09
 1.06996426e+09 1.06996430e+09 1.06996434e+09 1.06996438e+09
 1.06996441e+09 1.06996445e+09 1.06996449e+09 1.06996453e+09
 1.06996457e+09 1.06996461e+09 1.06996465e+09 1.06996469e+09
 1.06996472e+09 1.06996476e+09 1.06996480e+09 1.06996484e+09
 1.06996488e+09 1.06996492e+09 1.06996496e+09 1.06996500e+09
 1.06996503e+09 1.06996507e+09 1.06996511e+09 1.06996515e+09
 1.06996519e+09 1.06996523e+09 1.06996527e+09 1.06996530e+09
 1.06996534e+09 1.06996538e+09 1.06996542e+09 1.06996546e+09
 1.06996550e+09 1.06996554e+09 1.06996558e+09 1.06996561e+09
 1.06996565e+09 1.06996569e+09 1.06996573e+09 1.06996577e+09
 1.06996581e+09 1.06996585e+09 1.06996589e+09 1.06996592e+09
 1.06996596e+09 1.06996600e+09 1.06996604e+09 1.06996608e+09
 1.06996612e+09 1.06996616e+09 1.06996619e+09 1.06996623e+09
 1.06996627e+09 1.06996631e+09 1.06996635e+09 1.06996639e+09
 1.06996643e+09 1.06996647e+09 1.06996650e+09 1.06996654e+09
 1.06996658e+09 1.06996662e+09 1.06996666e+09 1.06996670e+09
 1.06996674e+09 1.06996678e+09 1.06996681e+09 1.06996685e+09
 1.06996689e+09 1.06996693e+09 1.06996697e+09 1.06996701e+09
 1.06996705e+09 1.06996708e+09 1.06996712e+09 1.06996716e+09
 1.06996720e+09 1.06996724e+09 1.06996728e+09 1.06996732e+09
 1.06996736e+09 1.06996739e+09 1.06996743e+09 1.06996747e+09
 1.06996751e+09 1.06996755e+09 1.06996759e+09 1.06996763e+09
 1.06996767e+09 1.06996770e+09 1.06996774e+09 1.06996778e+09
 1.06996782e+09 1.06996786e+09 1.06996790e+09 1.06996794e+09
 1.06996798e+09 1.06996801e+09 1.06996805e+09 1.06996809e+09
 1.06996813e+09 1.06996817e+09 1.06996821e+09 1.06996825e+09
 1.06996828e+09 1.06996832e+09 1.06996836e+09 1.06996840e+09
 1.06996844e+09 1.06996848e+09 1.06996852e+09 1.06996856e+09
 1.06996859e+09 1.06996863e+09 1.06996867e+09 1.06996871e+09
 1.06996875e+09 1.06996879e+09 1.06996883e+09 1.06996887e+09
 1.06996890e+09 1.06996894e+09 1.06996898e+09 1.06996902e+09
 1.06996906e+09 1.06996910e+09 1.06996914e+09 1.06996917e+09
 1.06996921e+09 1.06996925e+09 1.06996929e+09 1.06996933e+09
 1.06996937e+09 1.06996941e+09 1.06996945e+09 1.06996948e+09
 1.06996952e+09 1.06996956e+09 1.06996960e+09 1.06996964e+09
 1.06996968e+09 1.06996972e+09 1.06996976e+09 1.06996979e+09
 1.06996983e+09 1.06996987e+09 1.06996991e+09 1.06996995e+09
 1.06996999e+09 1.06997003e+09 1.06997006e+09 1.06997010e+09
 1.06997014e+09 1.06997018e+09 1.06997022e+09 1.06997026e+09
 1.06997030e+09 1.06997034e+09 1.06997037e+09 1.06997041e+09
 1.06997045e+09 1.06997049e+09 1.06997053e+09 1.06997057e+09
 1.06997061e+09 1.06997065e+09 1.06997068e+09 1.06997072e+09
 1.06997076e+09 1.06997080e+09 1.06997084e+09 1.06997088e+09
 1.06997092e+09 1.06997096e+09 1.06997099e+09 1.06997103e+09
 1.06997107e+09 1.06997111e+09 1.06997115e+09 1.06997119e+09
 1.06997123e+09 1.06997126e+09 1.06997130e+09 1.06997134e+09
 1.06997138e+09 1.06997142e+09 1.06997146e+09 1.06997150e+09
 1.06997154e+09 1.06997157e+09 1.06997161e+09 1.06997165e+09
 1.06997169e+09 1.06997173e+09 1.06997177e+09 1.06997181e+09
 1.06997185e+09 1.06997188e+09 1.06997192e+09 1.06997196e+09
 1.06997200e+09 1.06997204e+09 1.06997208e+09 1.06997212e+09
 1.06997215e+09 1.06997219e+09 1.06997223e+09 1.06997227e+09
 1.06997231e+09 1.06997235e+09 1.06997239e+09 1.06997243e+09
 1.06997246e+09 1.06997250e+09 1.06997254e+09 1.06997258e+09
 1.06997262e+09 1.06997266e+09 1.06997270e+09 1.06997274e+09
 1.06997277e+09 1.06997281e+09 1.06997285e+09 1.06997289e+09
 1.06997293e+09 1.06997297e+09 1.06997301e+09 1.06997304e+09
 1.06997308e+09 1.06997312e+09 1.06997316e+09 1.06997320e+09
 1.06997324e+09 1.06997328e+09 1.06997332e+09 1.06997335e+09
 1.06997339e+09 1.06997343e+09 1.06997347e+09 1.06997351e+09
 1.06997355e+09 1.06997359e+09 1.06997363e+09 1.06997366e+09
 1.06997370e+09 1.06997374e+09 1.06997378e+09 1.06997382e+09
 1.06997386e+09 1.06997390e+09 1.06997394e+09 1.06997397e+09
 1.06997401e+09 1.06997405e+09 1.06997409e+09 1.06997413e+09
 1.06997417e+09 1.06997421e+09 1.06997424e+09 1.06997428e+09
 1.06997432e+09 1.06997436e+09 1.06997440e+09 1.06997444e+09
 1.06997448e+09 1.06997452e+09 1.06997455e+09 1.06997459e+09
 1.06997463e+09 1.06997467e+09 1.06997471e+09 1.06997475e+09
 1.06997479e+09 1.06997483e+09 1.06997486e+09 1.06997490e+09
 1.06997494e+09 1.06997498e+09 1.06997502e+09 1.06997506e+09
 1.06997510e+09 1.06997513e+09 1.06997517e+09 1.06997521e+09
 1.06997525e+09 1.06997529e+09 1.06997533e+09 1.06997537e+09
 1.06997541e+09 1.06997544e+09 1.06997548e+09 1.06997552e+09
 1.06997556e+09 1.06997560e+09 1.06997564e+09 1.06997568e+09
 1.06997572e+09 1.06997575e+09 1.06997579e+09 1.06997583e+09
 1.06997587e+09 1.06997591e+09 1.06997595e+09 1.06997599e+09
 1.06997602e+09 1.06997606e+09 1.06997610e+09 1.06997614e+09
 1.06997618e+09 1.06997622e+09 1.06997626e+09 1.06997630e+09
 1.06997633e+09 1.06997637e+09 1.06997641e+09 1.06997645e+09
 1.06997649e+09 1.06997653e+09 1.06997657e+09 1.06997661e+09
 1.06997664e+09 1.06997668e+09 1.06997672e+09 1.06997676e+09
 1.06997680e+09 1.06997684e+09 1.06997688e+09 1.06997692e+09
 1.06997695e+09 1.06997699e+09 1.06997703e+09 1.06997707e+09
 1.06997711e+09 1.06997715e+09 1.06997719e+09 1.06997722e+09
 1.06997726e+09 1.06997730e+09 1.06997734e+09 1.06997738e+09
 1.06997742e+09 1.06997746e+09 1.06997750e+09 1.06997753e+09
 1.06997757e+09 1.06997761e+09 1.06997765e+09 1.06997769e+09
 1.06997773e+09 1.06997777e+09 1.06997781e+09 1.06997784e+09
 1.06997788e+09 1.06997792e+09 1.06997796e+09 1.06997800e+09
 1.06997804e+09 1.06997808e+09 1.06997811e+09 1.06997815e+09
 1.06997819e+09 1.06997823e+09 1.06997827e+09 1.06997831e+09
 1.06997835e+09 1.06997839e+09 1.06997842e+09 1.06997846e+09
 1.06997850e+09 1.06997854e+09 1.06997858e+09 1.06997862e+09
 1.06997866e+09 1.06997870e+09 1.06997873e+09 1.06997877e+09
 1.06997881e+09 1.06997885e+09 1.06997889e+09 1.06997893e+09
 1.06997897e+09 1.06997900e+09 1.06997904e+09 1.06997908e+09
 1.06997912e+09 1.06997916e+09 1.06997920e+09 1.06997924e+09
 1.06997928e+09 1.06997931e+09 1.06997935e+09 1.06997939e+09
 1.06997943e+09 1.06997947e+09 1.06997951e+09 1.06997955e+09
 1.06997959e+09 1.06997962e+09 1.06997966e+09 1.06997970e+09
 1.06997974e+09 1.06997978e+09 1.06997982e+09 1.06997986e+09
 1.06997990e+09 1.06997993e+09 1.06997997e+09 1.06998001e+09
 1.06998005e+09 1.06998009e+09 1.06998013e+09 1.06998017e+09
 1.06998020e+09 1.06998024e+09 1.06998028e+09 1.06998032e+09
 1.06998036e+09 1.06998040e+09 1.06998044e+09 1.06998048e+09
 1.06998051e+09 1.06998055e+09 1.06998059e+09 1.06998063e+09
 1.06998067e+09 1.06998071e+09 1.06998075e+09 1.06998079e+09
 1.06998082e+09 1.06998086e+09 1.06998090e+09 1.06998094e+09
 1.06998098e+09 1.06998102e+09 1.06998106e+09 1.06998109e+09
 1.06998113e+09 1.06998117e+09 1.06998121e+09 1.06998125e+09
 1.06998129e+09 1.06998133e+09 1.06998137e+09 1.06998140e+09
 1.06998144e+09 1.06998148e+09 1.06998152e+09 1.06998156e+09
 1.06998160e+09 1.06998164e+09 1.06998168e+09 1.06998171e+09
 1.06998175e+09 1.06998179e+09 1.06998183e+09 1.06998187e+09
 1.06998191e+09 1.06998195e+09 1.06998198e+09 1.06998202e+09
 1.06998206e+09 1.06998210e+09 1.06998214e+09 1.06998218e+09
 1.06998222e+09 1.06998226e+09 1.06998229e+09 1.06998233e+09
 1.06998237e+09 1.06998241e+09 1.06998245e+09 1.06998249e+09
 1.06998253e+09 1.06998257e+09 1.06998260e+09 1.06998264e+09
 1.06998268e+09 1.06998272e+09 1.06998276e+09 1.06998280e+09
 1.06998284e+09 1.06998288e+09 1.06998291e+09 1.06998295e+09
 1.06998299e+09 1.06998303e+09 1.06998307e+09 1.06998311e+09
 1.06998315e+09 1.06998318e+09 1.06998322e+09 1.06998326e+09
 1.06998330e+09 1.06998334e+09 1.06998338e+09 1.06998342e+09
 1.06998346e+09 1.06998349e+09 1.06998353e+09 1.06998357e+09
 1.06998361e+09 1.06998365e+09 1.06998369e+09 1.06998373e+09
 1.06998377e+09 1.06998380e+09 1.06998384e+09 1.06998388e+09
 1.06998392e+09 1.06998396e+09 1.06998400e+09 1.06998404e+09
 1.06998407e+09 1.06998411e+09 1.06998415e+09 1.06998419e+09
 1.06998423e+09 1.06998427e+09 1.06998431e+09 1.06998435e+09
 1.06998438e+09 1.06998442e+09 1.06998446e+09 1.06998450e+09
 1.06998454e+09 1.06998458e+09 1.06998462e+09 1.06998466e+09
 1.06998469e+09 1.06998473e+09 1.06998477e+09 1.06998481e+09
 1.06998485e+09 1.06998489e+09 1.06998493e+09 1.06998496e+09
 1.06998500e+09 1.06998504e+09 1.06998508e+09 1.06998512e+09
 1.06998516e+09 1.06998520e+09 1.06998524e+09 1.06998527e+09
 1.06998531e+09 1.06998535e+09 1.06998539e+09 1.06998543e+09
 1.06998547e+09 1.06998551e+09 1.06998555e+09 1.06998558e+09
 1.06998562e+09 1.06998566e+09 1.06998570e+09 1.06998574e+09
 1.06998578e+09 1.06998582e+09 1.06998586e+09 1.06998589e+09
 1.06998593e+09 1.06998597e+09 1.06998601e+09 1.06998605e+09
 1.06998609e+09 1.06998613e+09 1.06998616e+09 1.06998620e+09
 1.06998624e+09 1.06998628e+09 1.06998632e+09 1.06998636e+09
 1.06998640e+09 1.06998644e+09 1.06998647e+09 1.06998651e+09
 1.06998655e+09 1.06998659e+09 1.06998663e+09 1.06998667e+09
 1.06998671e+09 1.06998675e+09 1.06998678e+09 1.06998682e+09
 1.06998686e+09 1.06998690e+09 1.06998694e+09 1.06998698e+09
 1.06998702e+09 1.06998705e+09 1.06998709e+09 1.06998713e+09
 1.06998717e+09 1.06998721e+09 1.06998725e+09 1.06998729e+09
 1.06998733e+09 1.06998736e+09 1.06998740e+09 1.06998744e+09
 1.06998748e+09 1.06998752e+09 1.06998756e+09 1.06998760e+09
 1.06998764e+09 1.06998767e+09 1.06998771e+09 1.06998775e+09
 1.06998779e+09 1.06998783e+09 1.06998787e+09 1.06998791e+09
 1.06998794e+09 1.06998798e+09 1.06998802e+09 1.06998806e+09
 1.06998810e+09 1.06998814e+09 1.06998818e+09 1.06998822e+09
 1.06998825e+09 1.06998829e+09 1.06998833e+09 1.06998837e+09
 1.06998841e+09 1.06998845e+09 1.06998849e+09 1.06998853e+09
 1.06998856e+09 1.06998860e+09 1.06998864e+09 1.06998868e+09
 1.06998872e+09 1.06998876e+09 1.06998880e+09 1.06998884e+09
 1.06998887e+09 1.06998891e+09 1.06998895e+09 1.06998899e+09
 1.06998903e+09 1.06998907e+09 1.06998911e+09 1.06998914e+09
 1.06998918e+09 1.06998922e+09 1.06998926e+09 1.06998930e+09
 1.06998934e+09 1.06998938e+09 1.06998942e+09 1.06998945e+09
 1.06998949e+09 1.06998953e+09 1.06998957e+09 1.06998961e+09
 1.06998965e+09 1.06998969e+09 1.06998973e+09 1.06998976e+09
 1.06998980e+09 1.06998984e+09 1.06998988e+09 1.06998992e+09
 1.06998996e+09 1.06999000e+09 1.06999003e+09 1.06999007e+09
 1.06999011e+09 1.06999015e+09 1.06999019e+09 1.06999023e+09
 1.06999027e+09 1.06999031e+09 1.06999034e+09 1.06999038e+09
 1.06999042e+09 1.06999046e+09 1.06999050e+09 1.06999054e+09
 1.06999058e+09 1.06999062e+09 1.06999065e+09 1.06999069e+09
 1.06999073e+09 1.06999077e+09 1.06999081e+09 1.06999085e+09
 1.06999089e+09 1.06999092e+09 1.06999096e+09 1.06999100e+09
 1.06999104e+09 1.06999108e+09 1.06999112e+09 1.06999116e+09
 1.06999120e+09 1.06999123e+09 1.06999127e+09 1.06999131e+09
 1.06999135e+09 1.06999139e+09 1.06999143e+09 1.06999147e+09
 1.06999151e+09 1.06999154e+09 1.06999158e+09 1.06999162e+09
 1.06999166e+09 1.06999170e+09 1.06999174e+09 1.06999178e+09
 1.06999182e+09 1.06999185e+09 1.06999189e+09 1.06999193e+09
 1.06999197e+09 1.06999201e+09 1.06999205e+09 1.06999209e+09
 1.06999212e+09 1.06999216e+09 1.06999220e+09 1.06999224e+09
 1.06999228e+09 1.06999232e+09 1.06999236e+09 1.06999240e+09
 1.06999243e+09 1.06999247e+09 1.06999251e+09 1.06999255e+09
 1.06999259e+09 1.06999263e+09 1.06999267e+09 1.06999271e+09
 1.06999274e+09 1.06999278e+09 1.06999282e+09 1.06999286e+09
 1.06999290e+09 1.06999294e+09 1.06999298e+09 1.06999301e+09
 1.06999305e+09 1.06999309e+09 1.06999313e+09 1.06999317e+09
 1.06999321e+09 1.06999325e+09 1.06999329e+09 1.06999332e+09
 1.06999336e+09 1.06999340e+09 1.06999344e+09 1.06999348e+09
 1.06999352e+09 1.06999356e+09 1.06999360e+09 1.06999363e+09
 1.06999367e+09 1.06999371e+09 1.06999375e+09 1.06999379e+09
 1.06999383e+09 1.06999387e+09 1.06999390e+09 1.06999394e+09
 1.06999398e+09 1.06999402e+09 1.06999406e+09 1.06999410e+09
 1.06999414e+09 1.06999418e+09 1.06999421e+09 1.06999425e+09
 1.06999429e+09 1.06999433e+09 1.06999437e+09 1.06999441e+09
 1.06999445e+09 1.06999449e+09 1.06999452e+09 1.06999456e+09
 1.06999460e+09 1.06999464e+09 1.06999468e+09 1.06999472e+09
 1.06999476e+09 1.06999480e+09 1.06999483e+09 1.06999487e+09
 1.06999491e+09 1.06999495e+09 1.06999499e+09 1.06999503e+09
 1.06999507e+09 1.06999510e+09 1.06999514e+09 1.06999518e+09
 1.06999522e+09 1.06999526e+09 1.06999530e+09 1.06999534e+09
 1.06999538e+09 1.06999541e+09 1.06999545e+09 1.06999549e+09
 1.06999553e+09 1.06999557e+09 1.06999561e+09 1.06999565e+09
 1.06999569e+09 1.06999572e+09 1.06999576e+09 1.06999580e+09
 1.06999584e+09 1.06999588e+09 1.06999592e+09 1.06999596e+09
 1.06999599e+09 1.06999603e+09 1.06999607e+09 1.06999611e+09
 1.06999615e+09 1.06999619e+09 1.06999623e+09 1.06999627e+09
 1.06999630e+09 1.06999634e+09 1.06999638e+09 1.06999642e+09
 1.06999646e+09 1.06999650e+09 1.06999654e+09 1.06999658e+09
 1.06999661e+09 1.06999665e+09 1.06999669e+09 1.06999673e+09
 1.06999677e+09 1.06999681e+09 1.06999685e+09 1.06999688e+09
 1.06999692e+09 1.06999696e+09 1.06999700e+09 1.06999704e+09
 1.06999708e+09 1.06999712e+09 1.06999716e+09 1.06999719e+09
 1.06999723e+09 1.06999727e+09 1.06999731e+09 1.06999735e+09
 1.06999739e+09 1.06999743e+09 1.06999747e+09 1.06999750e+09
 1.06999754e+09 1.06999758e+09 1.06999762e+09 1.06999766e+09
 1.06999770e+09 1.06999774e+09 1.06999777e+09 1.06999781e+09
 1.06999785e+09 1.06999789e+09 1.06999793e+09 1.06999797e+09
 1.06999801e+09 1.06999805e+09 1.06999808e+09 1.06999812e+09
 1.06999816e+09 1.06999820e+09 1.06999824e+09 1.06999828e+09
 1.06999832e+09 1.06999836e+09 1.06999839e+09 1.06999843e+09
 1.06999847e+09 1.06999851e+09 1.06999855e+09 1.06999859e+09
 1.06999863e+09 1.06999867e+09 1.06999870e+09 1.06999874e+09
 1.06999878e+09 1.06999882e+09 1.06999886e+09 1.06999890e+09
 1.06999894e+09 1.06999897e+09 1.06999901e+09 1.06999905e+09
 1.06999909e+09 1.06999913e+09 1.06999917e+09 1.06999921e+09
 1.06999925e+09 1.06999928e+09 1.06999932e+09 1.06999936e+09
 1.06999940e+09 1.06999944e+09 1.06999948e+09 1.06999952e+09
 1.06999956e+09 1.06999959e+09 1.06999963e+09 1.06999967e+09
 1.06999971e+09 1.06999975e+09 1.06999979e+09 1.06999983e+09
 1.06999986e+09 1.06999990e+09 1.06999994e+09 1.06999998e+09
 1.07000002e+09 1.07000006e+09 1.07000010e+09 1.07000014e+09
 1.07000017e+09 1.07000021e+09 1.07000025e+09 1.07000029e+09
 1.07000033e+09 1.07000037e+09 1.07000041e+09 1.07000045e+09
 1.07000048e+09 1.07000052e+09 1.07000056e+09 1.07000060e+09]
