name =JUICE_ROI_GAN_6_1_01
flyby = ['2034 SEP 28 18:48:51', '2034 SEP 29 18:48:51']
Observation TW = <SpiceCell dtype = 1, length = 0, size = 3200, card = 12, is_set = 1, adjust = 0, init = 1, base = 94030471696416, data = 94030471696464>
Res(t) = [1.39286615 1.39314663 1.39342715 1.39370773 1.39398835 1.39426901
 1.39454973 1.39483049 1.3951113  1.39539216 1.39567306 1.395954
 1.396235   1.39651603 1.39679712 1.39707824 1.39735941 1.39764063
 1.39792188 1.39820318 1.39848453 1.39876591 1.39904734 1.39932881
 1.39961032 1.39989188 1.40017347 1.40045511 1.40073678 1.4010185
 1.40130025 1.40158205 1.40186388 1.40214575 1.40242766 1.40270961
 1.4029916  1.40327362 1.40355568 1.40383778 1.40411991 1.40440208
 1.40468429 1.40496653 1.40524881 1.40553112 1.40581347 1.40609585
 1.40637827 1.40666072 1.4069432  1.40722572 1.40750827 1.40779085
 1.40807346 1.40835611 1.40863878 1.40892149 1.40920423 1.409487
 1.4097698  1.41005263 1.41033549 1.41061838 1.4109013  1.41118425
 1.41146722 1.41175023 1.41203326 1.41231632 1.41259941 1.41288252
 1.41316566 1.41344883 1.41373202 1.41401524 1.41429848 1.41458175
 1.41486504 1.41514836 1.41543171 1.41571507 1.41599846 1.41628187
 1.41656531 1.41684877 1.41713225 1.41741575 1.41769928 1.41798282
 1.41826639 1.41854998 1.41883359 1.41911721 1.41940086 1.41968453
 1.41996822 1.42025192 1.42053565 1.42081939 1.42110315 1.42138693
 1.42167073 1.42195454 1.42223837 1.42252222 1.42280608 1.42308996
 1.42337386 1.42365777 1.42394169 1.42422563 1.42450959 1.42479356
 1.42507754 1.42536153 1.42564554 1.42592956 1.4262136  1.42649764
 1.4267817  1.42706577 1.42734986 1.42763395 1.42791805 1.42820217
 1.42848629 1.42877042 1.42905457 1.42933872 1.42962288 1.42990705
 1.43019123 1.43047542 1.43075961 1.43104382 1.43132803 1.43161224
 1.43189647 1.4321807  1.43246493 1.43274917 1.43303342 1.43331767
 1.43360193 1.43388619 1.43417045 1.43445472 1.43473899 1.43502327
 1.43530755 1.43559183 1.43587611 1.4361604  1.43644469 1.43672898
 1.43701327 1.43729756 1.43758185 1.43786615 1.43815044 1.43843473
 1.43871902 1.43900332 1.43928761 1.43957189 1.43985618 1.44014047
 1.44042475 1.44070903 1.44099331 1.44127758 1.44156185 1.44184612
 1.44213038 1.44241464 1.4426989  1.44298315 1.44326739 1.44355163
 1.44383586 1.44412009 1.44440431 1.44468852 1.44497273 1.44525693
 1.44554112 1.4458253  1.44610948 1.44639365 1.44667781 1.44696196
 1.4472461  1.44753023 1.44781435 1.44809846 1.44838256 1.44866665
 1.44895073 1.4492348  1.44951886 1.4498029  1.45008693 1.45037095
 1.45065496 1.45093895 1.45122293 1.4515069  1.45179085 1.45207479
 1.45235872 1.45264263 1.45292652 1.4532104  1.45349427 1.45377812
 1.45406195 1.45434577 1.45462956 1.45491335 1.45519711 1.45548086
 1.45576459 1.4560483  1.45633199 1.45661567 1.45689932 1.45718296
 1.45746658 1.45775017 1.45803375 1.45831731 1.45860084 1.45888436
 1.45916785 1.45945132 1.45973478 1.4600182  1.46030161 1.46058499
 1.46086835 1.46115169 1.46143501 1.4617183  1.46200156 1.4622848
 1.46256802 1.46285122 1.46313438 1.46341753 1.46370064 1.46398373
 1.4642668  1.46454984 1.46483285 1.46511583 1.46539879 1.46568172
 1.46596462 1.46624749 1.46653034 1.46681315 1.46709594 1.4673787
 1.46766143 1.46794413 1.4682268  1.46850943 1.46879204 1.46907462
 1.46935716 1.46963968 1.46992216 1.47020461 1.47048703 1.47076942
 1.47105177 1.47133409 1.47161638 1.47189863 1.47218085 1.47246304
 1.47274519 1.47302731 1.47330939 1.47359143 1.47387344 1.47415542
 1.47443736 1.47471926 1.47500113 1.47528296 1.47556475 1.47584651
 1.47612822 1.4764099  1.47669155 1.47697315 1.47725471 1.47753624
 1.47781773 1.47809917 1.47838058 1.47866195 1.47894328 1.47922456
 1.47950581 1.47978701 1.48006818 1.4803493  1.48063038 1.48091142
 1.48119241 1.48147337 1.48175428 1.48203514 1.48231597 1.48259675
 1.48287748 1.48315818 1.48343882 1.48371943 1.48399998 1.4842805
 1.48456096 1.48484139 1.48512176 1.48540209 1.48568237 1.48596261
 1.4862428  1.48652294 1.48680303 1.48708308 1.48736308 1.48764303
 1.48792293 1.48820278 1.48848259 1.48876234 1.48904205 1.4893217
 1.48960131 1.48988086 1.49016036 1.49043982 1.49071922 1.49099857
 1.49127787 1.49155712 1.49183631 1.49211545 1.49239454 1.49267358
 1.49295256 1.4932315  1.49351037 1.4937892  1.49406796 1.49434668
 1.49462534 1.49490394 1.49518249 1.49546099 1.49573943 1.49601781
 1.49629614 1.49657441 1.49685262 1.49713078 1.49740888 1.49768692
 1.49796491 1.49824284 1.49852071 1.49879852 1.49907627 1.49935396
 1.4996316  1.49990917 1.50018669 1.50046414 1.50074154 1.50101887
 1.50129615 1.50157336 1.50185052 1.50212761 1.50240464 1.50268161
 1.50295851 1.50323536 1.50351214 1.50378886 1.50406551 1.50434211
 1.50461864 1.5048951  1.5051715  1.50544784 1.50572411 1.50600032
 1.50627647 1.50655255 1.50682856 1.50710451 1.50738039 1.5076562
 1.50793195 1.50820764 1.50848325 1.5087588  1.50903428 1.5093097
 1.50958505 1.50986033 1.51013554 1.51041068 1.51068575 1.51096076
 1.51123569 1.51151056 1.51178536 1.51206008 1.51233474 1.51260933
 1.51288384 1.51315829 1.51343266 1.51370696 1.5139812  1.51425536
 1.51452944 1.51480346 1.5150774  1.51535127 1.51562507 1.5158988
 1.51617245 1.51644603 1.51671953 1.51699296 1.51726632 1.5175396
 1.51781281 1.51808594 1.518359   1.51863198 1.51890489 1.51917772
 1.51945048 1.51972315 1.51999576 1.52026828 1.52054073 1.5208131
 1.5210854  1.52135761 1.52162975 1.52190181 1.5221738  1.5224457
 1.52271753 1.52298927 1.52326094 1.52353253 1.52380404 1.52407547
 1.52434682 1.52461809 1.52488927 1.52516038 1.52543141 1.52570235
 1.52597322 1.526244   1.5265147  1.52678532 1.52705586 1.52732631
 1.52759669 1.52786698 1.52813718 1.5284073  1.52867734 1.5289473
 1.52921717 1.52948696 1.52975666 1.53002628 1.53029582 1.53056527
 1.53083463 1.53110391 1.5313731  1.53164221 1.53191123 1.53218017
 1.53244901 1.53271778 1.53298645 1.53325504 1.53352354 1.53379195
 1.53406028 1.53432852 1.53459667 1.53486473 1.5351327  1.53540058
 1.53566838 1.53593609 1.5362037  1.53647123 1.53673867 1.53700601
 1.53727327 1.53754044 1.53780751 1.5380745  1.53834139 1.5386082
 1.53887491 1.53914153 1.53940805 1.53967449 1.53994083 1.54020709
 1.54047325 1.54073931 1.54100528 1.54127116 1.54153695 1.54180264
 1.54206824 1.54233375 1.54259916 1.54286447 1.54312969 1.54339482
 1.54365985 1.54392479 1.54418963 1.54445438 1.54471902 1.54498358
 1.54524804 1.5455124  1.54577666 1.54604083 1.5463049  1.54656887
 1.54683275 1.54709653 1.54736021 1.54762379 1.54788727 1.54815066
 1.54841395 1.54867714 1.54894023 1.54920322 1.54946611 1.5497289
 1.54999159 1.55025419 1.55051668 1.55077907 1.55104136 1.55130355
 1.55156564 1.55182763 1.55208952 1.55235131 1.55261299 1.55287458
 1.55313606 1.55339744 1.55365871 1.55391989 1.55418096 1.55444193
 1.55470279 1.55496355 1.55522421 1.55548477 1.55574522 1.55600557
 1.55626581 1.55652595 1.55678598 1.55704591 1.55730574 1.55756546
 1.55782507 1.55808458 1.55834398 1.55860328 1.55886247 1.55912156
 1.55938054 1.55963941 1.55989818 1.56015683 1.56041539 1.56067383
 1.56093217 1.5611904  1.56144852 1.56170653 1.56196444 1.56222223
 1.56247992 1.5627375  1.56299497 1.56325234 1.56350959 1.56376673
 1.56402377 1.56428069 1.56453751 1.56479421 1.56505081 1.56530729
 1.56556366 1.56581993 1.56607608 1.56633212 1.56658805 1.56684386
 1.56709957 1.56735516 1.56761065 1.56786602 1.56812128 1.56837642
 1.56863145 1.56888638 1.56914118 1.56939588 1.56965046 1.56990493
 1.57015928 1.57041352 1.57066765 1.57092166 1.57117556 1.57142934
 1.57168301 1.57193656 1.57219    1.57244332 1.57269653 1.57294963
 1.5732026  1.57345547 1.57370821 1.57396084 1.57421335 1.57446575
 1.57471803 1.5749702  1.57522224 1.57547417 1.57572599 1.57597768
 1.57622926 1.57648072 1.57673206 1.57698329 1.57723439 1.57748538
 1.57773625 1.577987   1.57823763 1.57848815 1.57873854 1.57898882
 1.57923897 1.57948901 1.57973892 1.57998872 1.5802384  1.58048795
 1.58073739 1.5809867  1.5812359  1.58148497 1.58173392 1.58198276
 1.58223147 1.58248006 1.58272852 1.58297687 1.58322509 1.5834732
 1.58372118 1.58396903 1.58421677 1.58446438 1.58471187 1.58495924
 1.58520648 1.5854536  1.5857006  1.58594748 1.58619423 1.58644085
 1.58668736 1.58693373 1.58717999 1.58742612 1.58767212 1.58791801
 1.58816376 1.58840939 1.5886549  1.58890028 1.58914554 1.58939067
 1.58963567 1.58988055 1.5901253  1.59036993 1.59061443 1.59085881
 1.59110305 1.59134718 1.59159117 1.59183504 1.59207878 1.59232239
 1.59256588 1.59280924 1.59305247 1.59329557 1.59353855 1.5937814
 1.59402411 1.59426671 1.59450917 1.5947515  1.59499371 1.59523579
 1.59547773 1.59571955 1.59596124 1.5962028  1.59644423 1.59668553
 1.59692671 1.59716775 1.59740866 1.59764944 1.59789009 1.59813061
 1.598371   1.59861126 1.59885139 1.59909139 1.59933126 1.59957099
 1.5998106  1.60005007 1.60028941 1.60052862 1.6007677  1.60100664
 1.60124546 1.60148414 1.60172269 1.60196111 1.60219939 1.60243754
 1.60267556 1.60291345 1.6031512  1.60338882 1.60362631 1.60386366
 1.60410088 1.60433797 1.60457492 1.60481174 1.60504842 1.60528497
 1.60552138 1.60575767 1.60599381 1.60622982 1.6064657  1.60670144
 1.60693705 1.60717252 1.60740786 1.60764306 1.60787813 1.60811306
 1.60834785 1.60858251 1.60881703 1.60905142 1.60928567 1.60951979
 1.60975376 1.60998761 1.61022131 1.61045488 1.61068831 1.6109216
 1.61115476 1.61138778 1.61162066 1.61185341 1.61208602 1.61231849
 1.61255082 1.61278301 1.61301507 1.61324699 1.61347877 1.61371041
 1.61394191 1.61417328 1.6144045  1.61463559 1.61486654 1.61509735
 1.61532802 1.61555855 1.61578894 1.61601919 1.61624931 1.61647928
 1.61670911 1.61693881 1.61716836 1.61739777 1.61762705 1.61785618
 1.61808517 1.61831403 1.61854274 1.61877131 1.61899974 1.61922803
 1.61945618 1.61968419 1.61991205 1.62013978 1.62036736 1.6205948
 1.6208221  1.62104926 1.62127628 1.62150316 1.62172989 1.62195648
 1.62218293 1.62240924 1.6226354  1.62286142 1.6230873  1.62331304
 1.62353863 1.62376408 1.62398939 1.62421456 1.62443958 1.62466446
 1.62488919 1.62511378 1.62533823 1.62556254 1.6257867  1.62601072
 1.62623459 1.62645832 1.6266819  1.62690534 1.62712864 1.62735179
 1.6275748  1.62779766 1.62802038 1.62824296 1.62846539 1.62868767
 1.62890981 1.6291318  1.62935365 1.62957536 1.62979692 1.63001833
 1.6302396  1.63046072 1.63068169 1.63090252 1.63112321 1.63134375
 1.63156414 1.63178439 1.63200449 1.63222444 1.63244425 1.63266391
 1.63288342 1.63310279 1.63332201 1.63354109 1.63376001 1.63397879
 1.63419743 1.63441591 1.63463425 1.63485244 1.63507049 1.63528839
 1.63550613 1.63572374 1.63594119 1.6361585  1.63637565 1.63659267
 1.63680953 1.63702624 1.63724281 1.63745923 1.6376755  1.63789162
 1.63810759 1.63832341 1.63853909 1.63875462 1.63896999 1.63918522
 1.6394003  1.63961524 1.63983002 1.64004465 1.64025913 1.64047347
 1.64068765 1.64090169 1.64111558 1.64132931 1.6415429  1.64175634
 1.64196962 1.64218276 1.64239575 1.64260859 1.64282127 1.64303381
 1.6432462  1.64345843 1.64367052 1.64388246 1.64409424 1.64430588
 1.64451736 1.64472869 1.64493988 1.64515091 1.64536179 1.64557252
 1.6457831  1.64599352 1.6462038  1.64641393 1.6466239  1.64683372
 1.64704339 1.64725291 1.64746228 1.6476715  1.64788056 1.64808948
 1.64829824 1.64850685 1.6487153  1.64892361 1.64913176 1.64933976
 1.64954761 1.64975531 1.64996285 1.65017025 1.65037748 1.65058457
 1.65079151 1.65099829 1.65120492 1.65141139 1.65161772 1.65182389
 1.65202991 1.65223577 1.65244148 1.65264704]
t = [1.09641645e+09 1.09641647e+09 1.09641650e+09 1.09641652e+09
 1.09641655e+09 1.09641657e+09 1.09641660e+09 1.09641662e+09
 1.09641664e+09 1.09641667e+09 1.09641669e+09 1.09641672e+09
 1.09641674e+09 1.09641676e+09 1.09641679e+09 1.09641681e+09
 1.09641684e+09 1.09641686e+09 1.09641689e+09 1.09641691e+09
 1.09641693e+09 1.09641696e+09 1.09641698e+09 1.09641701e+09
 1.09641703e+09 1.09641705e+09 1.09641708e+09 1.09641710e+09
 1.09641713e+09 1.09641715e+09 1.09641718e+09 1.09641720e+09
 1.09641722e+09 1.09641725e+09 1.09641727e+09 1.09641730e+09
 1.09641732e+09 1.09641734e+09 1.09641737e+09 1.09641739e+09
 1.09641742e+09 1.09641744e+09 1.09641747e+09 1.09641749e+09
 1.09641751e+09 1.09641754e+09 1.09641756e+09 1.09641759e+09
 1.09641761e+09 1.09641763e+09 1.09641766e+09 1.09641768e+09
 1.09641771e+09 1.09641773e+09 1.09641776e+09 1.09641778e+09
 1.09641780e+09 1.09641783e+09 1.09641785e+09 1.09641788e+09
 1.09641790e+09 1.09641792e+09 1.09641795e+09 1.09641797e+09
 1.09641800e+09 1.09641802e+09 1.09641805e+09 1.09641807e+09
 1.09641809e+09 1.09641812e+09 1.09641814e+09 1.09641817e+09
 1.09641819e+09 1.09641821e+09 1.09641824e+09 1.09641826e+09
 1.09641829e+09 1.09641831e+09 1.09641834e+09 1.09641836e+09
 1.09641838e+09 1.09641841e+09 1.09641843e+09 1.09641846e+09
 1.09641848e+09 1.09641850e+09 1.09641853e+09 1.09641855e+09
 1.09641858e+09 1.09641860e+09 1.09641863e+09 1.09641865e+09
 1.09641867e+09 1.09641870e+09 1.09641872e+09 1.09641875e+09
 1.09641877e+09 1.09641880e+09 1.09641882e+09 1.09641884e+09
 1.09641887e+09 1.09641889e+09 1.09641892e+09 1.09641894e+09
 1.09641896e+09 1.09641899e+09 1.09641901e+09 1.09641904e+09
 1.09641906e+09 1.09641909e+09 1.09641911e+09 1.09641913e+09
 1.09641916e+09 1.09641918e+09 1.09641921e+09 1.09641923e+09
 1.09641925e+09 1.09641928e+09 1.09641930e+09 1.09641933e+09
 1.09641935e+09 1.09641938e+09 1.09641940e+09 1.09641942e+09
 1.09641945e+09 1.09641947e+09 1.09641950e+09 1.09641952e+09
 1.09641954e+09 1.09641957e+09 1.09641959e+09 1.09641962e+09
 1.09641964e+09 1.09641967e+09 1.09641969e+09 1.09641971e+09
 1.09641974e+09 1.09641976e+09 1.09641979e+09 1.09641981e+09
 1.09641983e+09 1.09641986e+09 1.09641988e+09 1.09641991e+09
 1.09641993e+09 1.09641996e+09 1.09641998e+09 1.09642000e+09
 1.09642003e+09 1.09642005e+09 1.09642008e+09 1.09642010e+09
 1.09642012e+09 1.09642015e+09 1.09642017e+09 1.09642020e+09
 1.09642022e+09 1.09642025e+09 1.09642027e+09 1.09642029e+09
 1.09642032e+09 1.09642034e+09 1.09642037e+09 1.09642039e+09
 1.09642041e+09 1.09642044e+09 1.09642046e+09 1.09642049e+09
 1.09642051e+09 1.09642054e+09 1.09642056e+09 1.09642058e+09
 1.09642061e+09 1.09642063e+09 1.09642066e+09 1.09642068e+09
 1.09642070e+09 1.09642073e+09 1.09642075e+09 1.09642078e+09
 1.09642080e+09 1.09642083e+09 1.09642085e+09 1.09642087e+09
 1.09642090e+09 1.09642092e+09 1.09642095e+09 1.09642097e+09
 1.09642099e+09 1.09642102e+09 1.09642104e+09 1.09642107e+09
 1.09642109e+09 1.09642112e+09 1.09642114e+09 1.09642116e+09
 1.09642119e+09 1.09642121e+09 1.09642124e+09 1.09642126e+09
 1.09642129e+09 1.09642131e+09 1.09642133e+09 1.09642136e+09
 1.09642138e+09 1.09642141e+09 1.09642143e+09 1.09642145e+09
 1.09642148e+09 1.09642150e+09 1.09642153e+09 1.09642155e+09
 1.09642158e+09 1.09642160e+09 1.09642162e+09 1.09642165e+09
 1.09642167e+09 1.09642170e+09 1.09642172e+09 1.09642174e+09
 1.09642177e+09 1.09642179e+09 1.09642182e+09 1.09642184e+09
 1.09642187e+09 1.09642189e+09 1.09642191e+09 1.09642194e+09
 1.09642196e+09 1.09642199e+09 1.09642201e+09 1.09642203e+09
 1.09642206e+09 1.09642208e+09 1.09642211e+09 1.09642213e+09
 1.09642216e+09 1.09642218e+09 1.09642220e+09 1.09642223e+09
 1.09642225e+09 1.09642228e+09 1.09642230e+09 1.09642232e+09
 1.09642235e+09 1.09642237e+09 1.09642240e+09 1.09642242e+09
 1.09642245e+09 1.09642247e+09 1.09642249e+09 1.09642252e+09
 1.09642254e+09 1.09642257e+09 1.09642259e+09 1.09642261e+09
 1.09642264e+09 1.09642266e+09 1.09642269e+09 1.09642271e+09
 1.09642274e+09 1.09642276e+09 1.09642278e+09 1.09642281e+09
 1.09642283e+09 1.09642286e+09 1.09642288e+09 1.09642290e+09
 1.09642293e+09 1.09642295e+09 1.09642298e+09 1.09642300e+09
 1.09642303e+09 1.09642305e+09 1.09642307e+09 1.09642310e+09
 1.09642312e+09 1.09642315e+09 1.09642317e+09 1.09642319e+09
 1.09642322e+09 1.09642324e+09 1.09642327e+09 1.09642329e+09
 1.09642332e+09 1.09642334e+09 1.09642336e+09 1.09642339e+09
 1.09642341e+09 1.09642344e+09 1.09642346e+09 1.09642348e+09
 1.09642351e+09 1.09642353e+09 1.09642356e+09 1.09642358e+09
 1.09642361e+09 1.09642363e+09 1.09642365e+09 1.09642368e+09
 1.09642370e+09 1.09642373e+09 1.09642375e+09 1.09642377e+09
 1.09642380e+09 1.09642382e+09 1.09642385e+09 1.09642387e+09
 1.09642390e+09 1.09642392e+09 1.09642394e+09 1.09642397e+09
 1.09642399e+09 1.09642402e+09 1.09642404e+09 1.09642407e+09
 1.09642409e+09 1.09642411e+09 1.09642414e+09 1.09642416e+09
 1.09642419e+09 1.09642421e+09 1.09642423e+09 1.09642426e+09
 1.09642428e+09 1.09642431e+09 1.09642433e+09 1.09642436e+09
 1.09642438e+09 1.09642440e+09 1.09642443e+09 1.09642445e+09
 1.09642448e+09 1.09642450e+09 1.09642452e+09 1.09642455e+09
 1.09642457e+09 1.09642460e+09 1.09642462e+09 1.09642465e+09
 1.09642467e+09 1.09642469e+09 1.09642472e+09 1.09642474e+09
 1.09642477e+09 1.09642479e+09 1.09642481e+09 1.09642484e+09
 1.09642486e+09 1.09642489e+09 1.09642491e+09 1.09642494e+09
 1.09642496e+09 1.09642498e+09 1.09642501e+09 1.09642503e+09
 1.09642506e+09 1.09642508e+09 1.09642510e+09 1.09642513e+09
 1.09642515e+09 1.09642518e+09 1.09642520e+09 1.09642523e+09
 1.09642525e+09 1.09642527e+09 1.09642530e+09 1.09642532e+09
 1.09642535e+09 1.09642537e+09 1.09642539e+09 1.09642542e+09
 1.09642544e+09 1.09642547e+09 1.09642549e+09 1.09642552e+09
 1.09642554e+09 1.09642556e+09 1.09642559e+09 1.09642561e+09
 1.09642564e+09 1.09642566e+09 1.09642568e+09 1.09642571e+09
 1.09642573e+09 1.09642576e+09 1.09642578e+09 1.09642581e+09
 1.09642583e+09 1.09642585e+09 1.09642588e+09 1.09642590e+09
 1.09642593e+09 1.09642595e+09 1.09642597e+09 1.09642600e+09
 1.09642602e+09 1.09642605e+09 1.09642607e+09 1.09642610e+09
 1.09642612e+09 1.09642614e+09 1.09642617e+09 1.09642619e+09
 1.09642622e+09 1.09642624e+09 1.09642626e+09 1.09642629e+09
 1.09642631e+09 1.09642634e+09 1.09642636e+09 1.09642639e+09
 1.09642641e+09 1.09642643e+09 1.09642646e+09 1.09642648e+09
 1.09642651e+09 1.09642653e+09 1.09642655e+09 1.09642658e+09
 1.09642660e+09 1.09642663e+09 1.09642665e+09 1.09642668e+09
 1.09642670e+09 1.09642672e+09 1.09642675e+09 1.09642677e+09
 1.09642680e+09 1.09642682e+09 1.09642685e+09 1.09642687e+09
 1.09642689e+09 1.09642692e+09 1.09642694e+09 1.09642697e+09
 1.09642699e+09 1.09642701e+09 1.09642704e+09 1.09642706e+09
 1.09642709e+09 1.09642711e+09 1.09642714e+09 1.09642716e+09
 1.09642718e+09 1.09642721e+09 1.09642723e+09 1.09642726e+09
 1.09642728e+09 1.09642730e+09 1.09642733e+09 1.09642735e+09
 1.09642738e+09 1.09642740e+09 1.09642743e+09 1.09642745e+09
 1.09642747e+09 1.09642750e+09 1.09642752e+09 1.09642755e+09
 1.09642757e+09 1.09642759e+09 1.09642762e+09 1.09642764e+09
 1.09642767e+09 1.09642769e+09 1.09642772e+09 1.09642774e+09
 1.09642776e+09 1.09642779e+09 1.09642781e+09 1.09642784e+09
 1.09642786e+09 1.09642788e+09 1.09642791e+09 1.09642793e+09
 1.09642796e+09 1.09642798e+09 1.09642801e+09 1.09642803e+09
 1.09642805e+09 1.09642808e+09 1.09642810e+09 1.09642813e+09
 1.09642815e+09 1.09642817e+09 1.09642820e+09 1.09642822e+09
 1.09642825e+09 1.09642827e+09 1.09642830e+09 1.09642832e+09
 1.09642834e+09 1.09642837e+09 1.09642839e+09 1.09642842e+09
 1.09642844e+09 1.09642846e+09 1.09642849e+09 1.09642851e+09
 1.09642854e+09 1.09642856e+09 1.09642859e+09 1.09642861e+09
 1.09642863e+09 1.09642866e+09 1.09642868e+09 1.09642871e+09
 1.09642873e+09 1.09642875e+09 1.09642878e+09 1.09642880e+09
 1.09642883e+09 1.09642885e+09 1.09642888e+09 1.09642890e+09
 1.09642892e+09 1.09642895e+09 1.09642897e+09 1.09642900e+09
 1.09642902e+09 1.09642904e+09 1.09642907e+09 1.09642909e+09
 1.09642912e+09 1.09642914e+09 1.09642917e+09 1.09642919e+09
 1.09642921e+09 1.09642924e+09 1.09642926e+09 1.09642929e+09
 1.09642931e+09 1.09642934e+09 1.09642936e+09 1.09642938e+09
 1.09642941e+09 1.09642943e+09 1.09642946e+09 1.09642948e+09
 1.09642950e+09 1.09642953e+09 1.09642955e+09 1.09642958e+09
 1.09642960e+09 1.09642963e+09 1.09642965e+09 1.09642967e+09
 1.09642970e+09 1.09642972e+09 1.09642975e+09 1.09642977e+09
 1.09642979e+09 1.09642982e+09 1.09642984e+09 1.09642987e+09
 1.09642989e+09 1.09642992e+09 1.09642994e+09 1.09642996e+09
 1.09642999e+09 1.09643001e+09 1.09643004e+09 1.09643006e+09
 1.09643008e+09 1.09643011e+09 1.09643013e+09 1.09643016e+09
 1.09643018e+09 1.09643021e+09 1.09643023e+09 1.09643025e+09
 1.09643028e+09 1.09643030e+09 1.09643033e+09 1.09643035e+09
 1.09643037e+09 1.09643040e+09 1.09643042e+09 1.09643045e+09
 1.09643047e+09 1.09643050e+09 1.09643052e+09 1.09643054e+09
 1.09643057e+09 1.09643059e+09 1.09643062e+09 1.09643064e+09
 1.09643066e+09 1.09643069e+09 1.09643071e+09 1.09643074e+09
 1.09643076e+09 1.09643079e+09 1.09643081e+09 1.09643083e+09
 1.09643086e+09 1.09643088e+09 1.09643091e+09 1.09643093e+09
 1.09643095e+09 1.09643098e+09 1.09643100e+09 1.09643103e+09
 1.09643105e+09 1.09643108e+09 1.09643110e+09 1.09643112e+09
 1.09643115e+09 1.09643117e+09 1.09643120e+09 1.09643122e+09
 1.09643124e+09 1.09643127e+09 1.09643129e+09 1.09643132e+09
 1.09643134e+09 1.09643137e+09 1.09643139e+09 1.09643141e+09
 1.09643144e+09 1.09643146e+09 1.09643149e+09 1.09643151e+09
 1.09643153e+09 1.09643156e+09 1.09643158e+09 1.09643161e+09
 1.09643163e+09 1.09643166e+09 1.09643168e+09 1.09643170e+09
 1.09643173e+09 1.09643175e+09 1.09643178e+09 1.09643180e+09
 1.09643182e+09 1.09643185e+09 1.09643187e+09 1.09643190e+09
 1.09643192e+09 1.09643195e+09 1.09643197e+09 1.09643199e+09
 1.09643202e+09 1.09643204e+09 1.09643207e+09 1.09643209e+09
 1.09643212e+09 1.09643214e+09 1.09643216e+09 1.09643219e+09
 1.09643221e+09 1.09643224e+09 1.09643226e+09 1.09643228e+09
 1.09643231e+09 1.09643233e+09 1.09643236e+09 1.09643238e+09
 1.09643241e+09 1.09643243e+09 1.09643245e+09 1.09643248e+09
 1.09643250e+09 1.09643253e+09 1.09643255e+09 1.09643257e+09
 1.09643260e+09 1.09643262e+09 1.09643265e+09 1.09643267e+09
 1.09643270e+09 1.09643272e+09 1.09643274e+09 1.09643277e+09
 1.09643279e+09 1.09643282e+09 1.09643284e+09 1.09643286e+09
 1.09643289e+09 1.09643291e+09 1.09643294e+09 1.09643296e+09
 1.09643299e+09 1.09643301e+09 1.09643303e+09 1.09643306e+09
 1.09643308e+09 1.09643311e+09 1.09643313e+09 1.09643315e+09
 1.09643318e+09 1.09643320e+09 1.09643323e+09 1.09643325e+09
 1.09643328e+09 1.09643330e+09 1.09643332e+09 1.09643335e+09
 1.09643337e+09 1.09643340e+09 1.09643342e+09 1.09643344e+09
 1.09643347e+09 1.09643349e+09 1.09643352e+09 1.09643354e+09
 1.09643357e+09 1.09643359e+09 1.09643361e+09 1.09643364e+09
 1.09643366e+09 1.09643369e+09 1.09643371e+09 1.09643373e+09
 1.09643376e+09 1.09643378e+09 1.09643381e+09 1.09643383e+09
 1.09643386e+09 1.09643388e+09 1.09643390e+09 1.09643393e+09
 1.09643395e+09 1.09643398e+09 1.09643400e+09 1.09643402e+09
 1.09643405e+09 1.09643407e+09 1.09643410e+09 1.09643412e+09
 1.09643415e+09 1.09643417e+09 1.09643419e+09 1.09643422e+09
 1.09643424e+09 1.09643427e+09 1.09643429e+09 1.09643431e+09
 1.09643434e+09 1.09643436e+09 1.09643439e+09 1.09643441e+09
 1.09643444e+09 1.09643446e+09 1.09643448e+09 1.09643451e+09
 1.09643453e+09 1.09643456e+09 1.09643458e+09 1.09643460e+09
 1.09643463e+09 1.09643465e+09 1.09643468e+09 1.09643470e+09
 1.09643473e+09 1.09643475e+09 1.09643477e+09 1.09643480e+09
 1.09643482e+09 1.09643485e+09 1.09643487e+09 1.09643490e+09
 1.09643492e+09 1.09643494e+09 1.09643497e+09 1.09643499e+09
 1.09643502e+09 1.09643504e+09 1.09643506e+09 1.09643509e+09
 1.09643511e+09 1.09643514e+09 1.09643516e+09 1.09643519e+09
 1.09643521e+09 1.09643523e+09 1.09643526e+09 1.09643528e+09
 1.09643531e+09 1.09643533e+09 1.09643535e+09 1.09643538e+09
 1.09643540e+09 1.09643543e+09 1.09643545e+09 1.09643548e+09
 1.09643550e+09 1.09643552e+09 1.09643555e+09 1.09643557e+09
 1.09643560e+09 1.09643562e+09 1.09643564e+09 1.09643567e+09
 1.09643569e+09 1.09643572e+09 1.09643574e+09 1.09643577e+09
 1.09643579e+09 1.09643581e+09 1.09643584e+09 1.09643586e+09
 1.09643589e+09 1.09643591e+09 1.09643593e+09 1.09643596e+09
 1.09643598e+09 1.09643601e+09 1.09643603e+09 1.09643606e+09
 1.09643608e+09 1.09643610e+09 1.09643613e+09 1.09643615e+09
 1.09643618e+09 1.09643620e+09 1.09643622e+09 1.09643625e+09
 1.09643627e+09 1.09643630e+09 1.09643632e+09 1.09643635e+09
 1.09643637e+09 1.09643639e+09 1.09643642e+09 1.09643644e+09
 1.09643647e+09 1.09643649e+09 1.09643651e+09 1.09643654e+09
 1.09643656e+09 1.09643659e+09 1.09643661e+09 1.09643664e+09
 1.09643666e+09 1.09643668e+09 1.09643671e+09 1.09643673e+09
 1.09643676e+09 1.09643678e+09 1.09643680e+09 1.09643683e+09
 1.09643685e+09 1.09643688e+09 1.09643690e+09 1.09643693e+09
 1.09643695e+09 1.09643697e+09 1.09643700e+09 1.09643702e+09
 1.09643705e+09 1.09643707e+09 1.09643709e+09 1.09643712e+09
 1.09643714e+09 1.09643717e+09 1.09643719e+09 1.09643722e+09
 1.09643724e+09 1.09643726e+09 1.09643729e+09 1.09643731e+09
 1.09643734e+09 1.09643736e+09 1.09643739e+09 1.09643741e+09
 1.09643743e+09 1.09643746e+09 1.09643748e+09 1.09643751e+09
 1.09643753e+09 1.09643755e+09 1.09643758e+09 1.09643760e+09
 1.09643763e+09 1.09643765e+09 1.09643768e+09 1.09643770e+09
 1.09643772e+09 1.09643775e+09 1.09643777e+09 1.09643780e+09
 1.09643782e+09 1.09643784e+09 1.09643787e+09 1.09643789e+09
 1.09643792e+09 1.09643794e+09 1.09643797e+09 1.09643799e+09
 1.09643801e+09 1.09643804e+09 1.09643806e+09 1.09643809e+09
 1.09643811e+09 1.09643813e+09 1.09643816e+09 1.09643818e+09
 1.09643821e+09 1.09643823e+09 1.09643826e+09 1.09643828e+09
 1.09643830e+09 1.09643833e+09 1.09643835e+09 1.09643838e+09
 1.09643840e+09 1.09643842e+09 1.09643845e+09 1.09643847e+09
 1.09643850e+09 1.09643852e+09 1.09643855e+09 1.09643857e+09
 1.09643859e+09 1.09643862e+09 1.09643864e+09 1.09643867e+09
 1.09643869e+09 1.09643871e+09 1.09643874e+09 1.09643876e+09
 1.09643879e+09 1.09643881e+09 1.09643884e+09 1.09643886e+09
 1.09643888e+09 1.09643891e+09 1.09643893e+09 1.09643896e+09
 1.09643898e+09 1.09643900e+09 1.09643903e+09 1.09643905e+09
 1.09643908e+09 1.09643910e+09 1.09643913e+09 1.09643915e+09
 1.09643917e+09 1.09643920e+09 1.09643922e+09 1.09643925e+09
 1.09643927e+09 1.09643929e+09 1.09643932e+09 1.09643934e+09
 1.09643937e+09 1.09643939e+09 1.09643942e+09 1.09643944e+09
 1.09643946e+09 1.09643949e+09 1.09643951e+09 1.09643954e+09
 1.09643956e+09 1.09643958e+09 1.09643961e+09 1.09643963e+09
 1.09643966e+09 1.09643968e+09 1.09643971e+09 1.09643973e+09
 1.09643975e+09 1.09643978e+09 1.09643980e+09 1.09643983e+09
 1.09643985e+09 1.09643987e+09 1.09643990e+09 1.09643992e+09
 1.09643995e+09 1.09643997e+09 1.09644000e+09 1.09644002e+09
 1.09644004e+09 1.09644007e+09 1.09644009e+09 1.09644012e+09
 1.09644014e+09 1.09644017e+09 1.09644019e+09 1.09644021e+09
 1.09644024e+09 1.09644026e+09 1.09644029e+09 1.09644031e+09
 1.09644033e+09 1.09644036e+09 1.09644038e+09 1.09644041e+09
 1.09644043e+09 1.09644046e+09 1.09644048e+09 1.09644050e+09
 1.09644053e+09 1.09644055e+09 1.09644058e+09 1.09644060e+09]
minRes = 1.3928661540388458
minResTime = [1.09641645e+09]
Cov(t) = [100 100 100 100 100 100 100 100 100 100 100 100 100 100 100 100 100 100
 100 100 100 100 100 100 100 100 100 100 100 100 100 100 100 100 100 100
 100 100 100 100 100 100 100 100 100 100 100 100 100 100 100 100 100 100
 100 100 100 100 100 100 100 100 100 100 100 100 100 100 100 100 100 100
 100 100 100 100 100 100 100 100 100 100 100 100 100 100 100 100 100 100
 100 100 100 100 100 100 100 100 100 100 100 100 100 100 100 100 100 100
 100 100 100 100 100 100 100 100 100 100 100 100 100 100 100 100 100 100
 100 100 100 100 100 100 100 100 100 100 100 100 100 100 100 100 100 100
 100 100 100 100 100 100 100 100 100 100 100 100 100 100 100 100 100 100
 100 100 100 100 100 100 100 100 100 100 100 100 100 100 100 100 100 100
 100 100 100 100 100 100 100 100 100 100 100 100 100 100 100 100 100 100
 100 100 100 100 100 100 100 100 100 100 100 100 100 100 100 100 100 100
 100 100 100 100 100 100 100 100 100 100 100 100 100 100 100 100 100 100
 100 100 100 100 100 100 100 100 100 100 100 100 100 100 100 100 100 100
 100 100 100 100 100 100 100 100 100 100 100 100 100 100 100 100 100 100
 100 100 100 100 100 100 100 100 100 100 100 100 100 100 100 100 100 100
 100 100 100 100 100 100 100 100 100 100 100 100 100 100 100 100 100 100
 100 100 100 100 100 100 100 100 100 100 100 100 100 100 100 100 100 100
 100 100 100 100 100 100 100 100 100 100 100 100 100 100 100 100 100 100
 100 100 100 100 100 100 100 100 100 100 100 100 100 100 100 100 100 100
 100 100 100 100 100 100 100 100 100 100 100 100 100 100 100 100 100 100
 100 100 100 100 100 100 100 100 100 100 100 100 100 100 100 100 100 100
 100 100 100 100 100 100 100 100 100 100 100 100 100 100 100 100 100 100
 100 100 100 100 100 100 100 100 100 100 100 100 100 100 100 100 100 100
 100 100 100 100 100 100 100 100 100 100 100 100 100 100 100 100 100 100
 100 100 100 100 100 100 100 100 100 100 100 100 100 100 100 100 100 100
 100 100 100 100 100 100 100 100 100 100 100 100 100 100 100 100 100 100
 100 100 100 100 100 100 100 100 100 100 100 100 100 100 100 100 100 100
 100 100 100 100 100 100 100 100 100 100 100 100 100 100 100 100 100 100
 100 100 100 100 100 100 100 100 100 100 100 100 100 100 100 100 100 100
 100 100 100 100 100 100 100 100 100 100 100 100 100 100 100 100 100 100
 100 100 100 100 100 100 100 100 100 100 100 100 100 100 100 100 100 100
 100 100 100 100 100 100 100 100 100 100 100 100 100 100 100 100 100 100
 100 100 100 100 100 100 100 100 100 100 100 100 100 100 100 100 100 100
 100 100 100 100 100 100 100 100 100 100 100 100 100 100 100 100 100 100
 100 100 100 100 100 100 100 100 100 100 100 100 100 100 100 100 100 100
 100 100 100 100 100 100 100 100 100 100 100 100 100 100 100 100 100 100
 100 100 100 100 100 100 100 100 100 100 100 100 100 100 100 100 100 100
 100 100 100 100 100 100 100 100 100 100 100 100 100 100 100 100 100 100
 100 100 100 100 100 100 100 100 100 100 100 100 100 100 100 100 100 100
 100 100 100 100 100 100 100 100 100 100 100 100 100 100 100 100 100 100
 100 100 100 100 100 100 100 100 100 100 100 100 100 100 100 100 100 100
 100 100 100 100 100 100 100 100 100 100 100 100 100 100 100 100 100 100
 100 100 100 100 100 100 100 100 100 100 100 100 100 100 100 100 100 100
 100 100 100 100 100 100 100 100 100 100 100 100 100 100 100 100 100 100
 100 100 100 100 100 100 100 100 100 100 100 100 100 100 100 100 100 100
 100 100 100 100 100 100 100 100 100 100 100 100 100 100 100 100 100 100
 100 100 100 100 100 100 100 100 100 100 100 100 100 100 100 100 100 100
 100 100 100 100 100 100 100 100 100 100 100 100 100 100 100 100 100 100
 100 100 100 100 100 100 100 100 100 100 100 100 100 100 100 100 100 100
 100 100 100 100 100 100 100 100 100 100 100 100 100 100 100 100 100 100
 100 100 100 100 100 100 100 100 100 100 100 100 100 100 100 100 100 100
 100 100 100 100 100 100 100 100 100 100 100 100 100 100 100 100 100 100
 100 100 100 100 100 100 100 100 100 100 100 100 100 100 100 100 100 100
 100 100 100 100 100 100 100 100 100 100 100 100 100 100 100 100 100 100
 100 100 100 100 100 100 100 100 100 100]
maxCov = 100
maxCovTime = [1.09641645e+09 1.09641647e+09 1.09641650e+09 1.09641652e+09
 1.09641655e+09 1.09641657e+09 1.09641660e+09 1.09641662e+09
 1.09641664e+09 1.09641667e+09 1.09641669e+09 1.09641672e+09
 1.09641674e+09 1.09641676e+09 1.09641679e+09 1.09641681e+09
 1.09641684e+09 1.09641686e+09 1.09641689e+09 1.09641691e+09
 1.09641693e+09 1.09641696e+09 1.09641698e+09 1.09641701e+09
 1.09641703e+09 1.09641705e+09 1.09641708e+09 1.09641710e+09
 1.09641713e+09 1.09641715e+09 1.09641718e+09 1.09641720e+09
 1.09641722e+09 1.09641725e+09 1.09641727e+09 1.09641730e+09
 1.09641732e+09 1.09641734e+09 1.09641737e+09 1.09641739e+09
 1.09641742e+09 1.09641744e+09 1.09641747e+09 1.09641749e+09
 1.09641751e+09 1.09641754e+09 1.09641756e+09 1.09641759e+09
 1.09641761e+09 1.09641763e+09 1.09641766e+09 1.09641768e+09
 1.09641771e+09 1.09641773e+09 1.09641776e+09 1.09641778e+09
 1.09641780e+09 1.09641783e+09 1.09641785e+09 1.09641788e+09
 1.09641790e+09 1.09641792e+09 1.09641795e+09 1.09641797e+09
 1.09641800e+09 1.09641802e+09 1.09641805e+09 1.09641807e+09
 1.09641809e+09 1.09641812e+09 1.09641814e+09 1.09641817e+09
 1.09641819e+09 1.09641821e+09 1.09641824e+09 1.09641826e+09
 1.09641829e+09 1.09641831e+09 1.09641834e+09 1.09641836e+09
 1.09641838e+09 1.09641841e+09 1.09641843e+09 1.09641846e+09
 1.09641848e+09 1.09641850e+09 1.09641853e+09 1.09641855e+09
 1.09641858e+09 1.09641860e+09 1.09641863e+09 1.09641865e+09
 1.09641867e+09 1.09641870e+09 1.09641872e+09 1.09641875e+09
 1.09641877e+09 1.09641880e+09 1.09641882e+09 1.09641884e+09
 1.09641887e+09 1.09641889e+09 1.09641892e+09 1.09641894e+09
 1.09641896e+09 1.09641899e+09 1.09641901e+09 1.09641904e+09
 1.09641906e+09 1.09641909e+09 1.09641911e+09 1.09641913e+09
 1.09641916e+09 1.09641918e+09 1.09641921e+09 1.09641923e+09
 1.09641925e+09 1.09641928e+09 1.09641930e+09 1.09641933e+09
 1.09641935e+09 1.09641938e+09 1.09641940e+09 1.09641942e+09
 1.09641945e+09 1.09641947e+09 1.09641950e+09 1.09641952e+09
 1.09641954e+09 1.09641957e+09 1.09641959e+09 1.09641962e+09
 1.09641964e+09 1.09641967e+09 1.09641969e+09 1.09641971e+09
 1.09641974e+09 1.09641976e+09 1.09641979e+09 1.09641981e+09
 1.09641983e+09 1.09641986e+09 1.09641988e+09 1.09641991e+09
 1.09641993e+09 1.09641996e+09 1.09641998e+09 1.09642000e+09
 1.09642003e+09 1.09642005e+09 1.09642008e+09 1.09642010e+09
 1.09642012e+09 1.09642015e+09 1.09642017e+09 1.09642020e+09
 1.09642022e+09 1.09642025e+09 1.09642027e+09 1.09642029e+09
 1.09642032e+09 1.09642034e+09 1.09642037e+09 1.09642039e+09
 1.09642041e+09 1.09642044e+09 1.09642046e+09 1.09642049e+09
 1.09642051e+09 1.09642054e+09 1.09642056e+09 1.09642058e+09
 1.09642061e+09 1.09642063e+09 1.09642066e+09 1.09642068e+09
 1.09642070e+09 1.09642073e+09 1.09642075e+09 1.09642078e+09
 1.09642080e+09 1.09642083e+09 1.09642085e+09 1.09642087e+09
 1.09642090e+09 1.09642092e+09 1.09642095e+09 1.09642097e+09
 1.09642099e+09 1.09642102e+09 1.09642104e+09 1.09642107e+09
 1.09642109e+09 1.09642112e+09 1.09642114e+09 1.09642116e+09
 1.09642119e+09 1.09642121e+09 1.09642124e+09 1.09642126e+09
 1.09642129e+09 1.09642131e+09 1.09642133e+09 1.09642136e+09
 1.09642138e+09 1.09642141e+09 1.09642143e+09 1.09642145e+09
 1.09642148e+09 1.09642150e+09 1.09642153e+09 1.09642155e+09
 1.09642158e+09 1.09642160e+09 1.09642162e+09 1.09642165e+09
 1.09642167e+09 1.09642170e+09 1.09642172e+09 1.09642174e+09
 1.09642177e+09 1.09642179e+09 1.09642182e+09 1.09642184e+09
 1.09642187e+09 1.09642189e+09 1.09642191e+09 1.09642194e+09
 1.09642196e+09 1.09642199e+09 1.09642201e+09 1.09642203e+09
 1.09642206e+09 1.09642208e+09 1.09642211e+09 1.09642213e+09
 1.09642216e+09 1.09642218e+09 1.09642220e+09 1.09642223e+09
 1.09642225e+09 1.09642228e+09 1.09642230e+09 1.09642232e+09
 1.09642235e+09 1.09642237e+09 1.09642240e+09 1.09642242e+09
 1.09642245e+09 1.09642247e+09 1.09642249e+09 1.09642252e+09
 1.09642254e+09 1.09642257e+09 1.09642259e+09 1.09642261e+09
 1.09642264e+09 1.09642266e+09 1.09642269e+09 1.09642271e+09
 1.09642274e+09 1.09642276e+09 1.09642278e+09 1.09642281e+09
 1.09642283e+09 1.09642286e+09 1.09642288e+09 1.09642290e+09
 1.09642293e+09 1.09642295e+09 1.09642298e+09 1.09642300e+09
 1.09642303e+09 1.09642305e+09 1.09642307e+09 1.09642310e+09
 1.09642312e+09 1.09642315e+09 1.09642317e+09 1.09642319e+09
 1.09642322e+09 1.09642324e+09 1.09642327e+09 1.09642329e+09
 1.09642332e+09 1.09642334e+09 1.09642336e+09 1.09642339e+09
 1.09642341e+09 1.09642344e+09 1.09642346e+09 1.09642348e+09
 1.09642351e+09 1.09642353e+09 1.09642356e+09 1.09642358e+09
 1.09642361e+09 1.09642363e+09 1.09642365e+09 1.09642368e+09
 1.09642370e+09 1.09642373e+09 1.09642375e+09 1.09642377e+09
 1.09642380e+09 1.09642382e+09 1.09642385e+09 1.09642387e+09
 1.09642390e+09 1.09642392e+09 1.09642394e+09 1.09642397e+09
 1.09642399e+09 1.09642402e+09 1.09642404e+09 1.09642407e+09
 1.09642409e+09 1.09642411e+09 1.09642414e+09 1.09642416e+09
 1.09642419e+09 1.09642421e+09 1.09642423e+09 1.09642426e+09
 1.09642428e+09 1.09642431e+09 1.09642433e+09 1.09642436e+09
 1.09642438e+09 1.09642440e+09 1.09642443e+09 1.09642445e+09
 1.09642448e+09 1.09642450e+09 1.09642452e+09 1.09642455e+09
 1.09642457e+09 1.09642460e+09 1.09642462e+09 1.09642465e+09
 1.09642467e+09 1.09642469e+09 1.09642472e+09 1.09642474e+09
 1.09642477e+09 1.09642479e+09 1.09642481e+09 1.09642484e+09
 1.09642486e+09 1.09642489e+09 1.09642491e+09 1.09642494e+09
 1.09642496e+09 1.09642498e+09 1.09642501e+09 1.09642503e+09
 1.09642506e+09 1.09642508e+09 1.09642510e+09 1.09642513e+09
 1.09642515e+09 1.09642518e+09 1.09642520e+09 1.09642523e+09
 1.09642525e+09 1.09642527e+09 1.09642530e+09 1.09642532e+09
 1.09642535e+09 1.09642537e+09 1.09642539e+09 1.09642542e+09
 1.09642544e+09 1.09642547e+09 1.09642549e+09 1.09642552e+09
 1.09642554e+09 1.09642556e+09 1.09642559e+09 1.09642561e+09
 1.09642564e+09 1.09642566e+09 1.09642568e+09 1.09642571e+09
 1.09642573e+09 1.09642576e+09 1.09642578e+09 1.09642581e+09
 1.09642583e+09 1.09642585e+09 1.09642588e+09 1.09642590e+09
 1.09642593e+09 1.09642595e+09 1.09642597e+09 1.09642600e+09
 1.09642602e+09 1.09642605e+09 1.09642607e+09 1.09642610e+09
 1.09642612e+09 1.09642614e+09 1.09642617e+09 1.09642619e+09
 1.09642622e+09 1.09642624e+09 1.09642626e+09 1.09642629e+09
 1.09642631e+09 1.09642634e+09 1.09642636e+09 1.09642639e+09
 1.09642641e+09 1.09642643e+09 1.09642646e+09 1.09642648e+09
 1.09642651e+09 1.09642653e+09 1.09642655e+09 1.09642658e+09
 1.09642660e+09 1.09642663e+09 1.09642665e+09 1.09642668e+09
 1.09642670e+09 1.09642672e+09 1.09642675e+09 1.09642677e+09
 1.09642680e+09 1.09642682e+09 1.09642685e+09 1.09642687e+09
 1.09642689e+09 1.09642692e+09 1.09642694e+09 1.09642697e+09
 1.09642699e+09 1.09642701e+09 1.09642704e+09 1.09642706e+09
 1.09642709e+09 1.09642711e+09 1.09642714e+09 1.09642716e+09
 1.09642718e+09 1.09642721e+09 1.09642723e+09 1.09642726e+09
 1.09642728e+09 1.09642730e+09 1.09642733e+09 1.09642735e+09
 1.09642738e+09 1.09642740e+09 1.09642743e+09 1.09642745e+09
 1.09642747e+09 1.09642750e+09 1.09642752e+09 1.09642755e+09
 1.09642757e+09 1.09642759e+09 1.09642762e+09 1.09642764e+09
 1.09642767e+09 1.09642769e+09 1.09642772e+09 1.09642774e+09
 1.09642776e+09 1.09642779e+09 1.09642781e+09 1.09642784e+09
 1.09642786e+09 1.09642788e+09 1.09642791e+09 1.09642793e+09
 1.09642796e+09 1.09642798e+09 1.09642801e+09 1.09642803e+09
 1.09642805e+09 1.09642808e+09 1.09642810e+09 1.09642813e+09
 1.09642815e+09 1.09642817e+09 1.09642820e+09 1.09642822e+09
 1.09642825e+09 1.09642827e+09 1.09642830e+09 1.09642832e+09
 1.09642834e+09 1.09642837e+09 1.09642839e+09 1.09642842e+09
 1.09642844e+09 1.09642846e+09 1.09642849e+09 1.09642851e+09
 1.09642854e+09 1.09642856e+09 1.09642859e+09 1.09642861e+09
 1.09642863e+09 1.09642866e+09 1.09642868e+09 1.09642871e+09
 1.09642873e+09 1.09642875e+09 1.09642878e+09 1.09642880e+09
 1.09642883e+09 1.09642885e+09 1.09642888e+09 1.09642890e+09
 1.09642892e+09 1.09642895e+09 1.09642897e+09 1.09642900e+09
 1.09642902e+09 1.09642904e+09 1.09642907e+09 1.09642909e+09
 1.09642912e+09 1.09642914e+09 1.09642917e+09 1.09642919e+09
 1.09642921e+09 1.09642924e+09 1.09642926e+09 1.09642929e+09
 1.09642931e+09 1.09642934e+09 1.09642936e+09 1.09642938e+09
 1.09642941e+09 1.09642943e+09 1.09642946e+09 1.09642948e+09
 1.09642950e+09 1.09642953e+09 1.09642955e+09 1.09642958e+09
 1.09642960e+09 1.09642963e+09 1.09642965e+09 1.09642967e+09
 1.09642970e+09 1.09642972e+09 1.09642975e+09 1.09642977e+09
 1.09642979e+09 1.09642982e+09 1.09642984e+09 1.09642987e+09
 1.09642989e+09 1.09642992e+09 1.09642994e+09 1.09642996e+09
 1.09642999e+09 1.09643001e+09 1.09643004e+09 1.09643006e+09
 1.09643008e+09 1.09643011e+09 1.09643013e+09 1.09643016e+09
 1.09643018e+09 1.09643021e+09 1.09643023e+09 1.09643025e+09
 1.09643028e+09 1.09643030e+09 1.09643033e+09 1.09643035e+09
 1.09643037e+09 1.09643040e+09 1.09643042e+09 1.09643045e+09
 1.09643047e+09 1.09643050e+09 1.09643052e+09 1.09643054e+09
 1.09643057e+09 1.09643059e+09 1.09643062e+09 1.09643064e+09
 1.09643066e+09 1.09643069e+09 1.09643071e+09 1.09643074e+09
 1.09643076e+09 1.09643079e+09 1.09643081e+09 1.09643083e+09
 1.09643086e+09 1.09643088e+09 1.09643091e+09 1.09643093e+09
 1.09643095e+09 1.09643098e+09 1.09643100e+09 1.09643103e+09
 1.09643105e+09 1.09643108e+09 1.09643110e+09 1.09643112e+09
 1.09643115e+09 1.09643117e+09 1.09643120e+09 1.09643122e+09
 1.09643124e+09 1.09643127e+09 1.09643129e+09 1.09643132e+09
 1.09643134e+09 1.09643137e+09 1.09643139e+09 1.09643141e+09
 1.09643144e+09 1.09643146e+09 1.09643149e+09 1.09643151e+09
 1.09643153e+09 1.09643156e+09 1.09643158e+09 1.09643161e+09
 1.09643163e+09 1.09643166e+09 1.09643168e+09 1.09643170e+09
 1.09643173e+09 1.09643175e+09 1.09643178e+09 1.09643180e+09
 1.09643182e+09 1.09643185e+09 1.09643187e+09 1.09643190e+09
 1.09643192e+09 1.09643195e+09 1.09643197e+09 1.09643199e+09
 1.09643202e+09 1.09643204e+09 1.09643207e+09 1.09643209e+09
 1.09643212e+09 1.09643214e+09 1.09643216e+09 1.09643219e+09
 1.09643221e+09 1.09643224e+09 1.09643226e+09 1.09643228e+09
 1.09643231e+09 1.09643233e+09 1.09643236e+09 1.09643238e+09
 1.09643241e+09 1.09643243e+09 1.09643245e+09 1.09643248e+09
 1.09643250e+09 1.09643253e+09 1.09643255e+09 1.09643257e+09
 1.09643260e+09 1.09643262e+09 1.09643265e+09 1.09643267e+09
 1.09643270e+09 1.09643272e+09 1.09643274e+09 1.09643277e+09
 1.09643279e+09 1.09643282e+09 1.09643284e+09 1.09643286e+09
 1.09643289e+09 1.09643291e+09 1.09643294e+09 1.09643296e+09
 1.09643299e+09 1.09643301e+09 1.09643303e+09 1.09643306e+09
 1.09643308e+09 1.09643311e+09 1.09643313e+09 1.09643315e+09
 1.09643318e+09 1.09643320e+09 1.09643323e+09 1.09643325e+09
 1.09643328e+09 1.09643330e+09 1.09643332e+09 1.09643335e+09
 1.09643337e+09 1.09643340e+09 1.09643342e+09 1.09643344e+09
 1.09643347e+09 1.09643349e+09 1.09643352e+09 1.09643354e+09
 1.09643357e+09 1.09643359e+09 1.09643361e+09 1.09643364e+09
 1.09643366e+09 1.09643369e+09 1.09643371e+09 1.09643373e+09
 1.09643376e+09 1.09643378e+09 1.09643381e+09 1.09643383e+09
 1.09643386e+09 1.09643388e+09 1.09643390e+09 1.09643393e+09
 1.09643395e+09 1.09643398e+09 1.09643400e+09 1.09643402e+09
 1.09643405e+09 1.09643407e+09 1.09643410e+09 1.09643412e+09
 1.09643415e+09 1.09643417e+09 1.09643419e+09 1.09643422e+09
 1.09643424e+09 1.09643427e+09 1.09643429e+09 1.09643431e+09
 1.09643434e+09 1.09643436e+09 1.09643439e+09 1.09643441e+09
 1.09643444e+09 1.09643446e+09 1.09643448e+09 1.09643451e+09
 1.09643453e+09 1.09643456e+09 1.09643458e+09 1.09643460e+09
 1.09643463e+09 1.09643465e+09 1.09643468e+09 1.09643470e+09
 1.09643473e+09 1.09643475e+09 1.09643477e+09 1.09643480e+09
 1.09643482e+09 1.09643485e+09 1.09643487e+09 1.09643490e+09
 1.09643492e+09 1.09643494e+09 1.09643497e+09 1.09643499e+09
 1.09643502e+09 1.09643504e+09 1.09643506e+09 1.09643509e+09
 1.09643511e+09 1.09643514e+09 1.09643516e+09 1.09643519e+09
 1.09643521e+09 1.09643523e+09 1.09643526e+09 1.09643528e+09
 1.09643531e+09 1.09643533e+09 1.09643535e+09 1.09643538e+09
 1.09643540e+09 1.09643543e+09 1.09643545e+09 1.09643548e+09
 1.09643550e+09 1.09643552e+09 1.09643555e+09 1.09643557e+09
 1.09643560e+09 1.09643562e+09 1.09643564e+09 1.09643567e+09
 1.09643569e+09 1.09643572e+09 1.09643574e+09 1.09643577e+09
 1.09643579e+09 1.09643581e+09 1.09643584e+09 1.09643586e+09
 1.09643589e+09 1.09643591e+09 1.09643593e+09 1.09643596e+09
 1.09643598e+09 1.09643601e+09 1.09643603e+09 1.09643606e+09
 1.09643608e+09 1.09643610e+09 1.09643613e+09 1.09643615e+09
 1.09643618e+09 1.09643620e+09 1.09643622e+09 1.09643625e+09
 1.09643627e+09 1.09643630e+09 1.09643632e+09 1.09643635e+09
 1.09643637e+09 1.09643639e+09 1.09643642e+09 1.09643644e+09
 1.09643647e+09 1.09643649e+09 1.09643651e+09 1.09643654e+09
 1.09643656e+09 1.09643659e+09 1.09643661e+09 1.09643664e+09
 1.09643666e+09 1.09643668e+09 1.09643671e+09 1.09643673e+09
 1.09643676e+09 1.09643678e+09 1.09643680e+09 1.09643683e+09
 1.09643685e+09 1.09643688e+09 1.09643690e+09 1.09643693e+09
 1.09643695e+09 1.09643697e+09 1.09643700e+09 1.09643702e+09
 1.09643705e+09 1.09643707e+09 1.09643709e+09 1.09643712e+09
 1.09643714e+09 1.09643717e+09 1.09643719e+09 1.09643722e+09
 1.09643724e+09 1.09643726e+09 1.09643729e+09 1.09643731e+09
 1.09643734e+09 1.09643736e+09 1.09643739e+09 1.09643741e+09
 1.09643743e+09 1.09643746e+09 1.09643748e+09 1.09643751e+09
 1.09643753e+09 1.09643755e+09 1.09643758e+09 1.09643760e+09
 1.09643763e+09 1.09643765e+09 1.09643768e+09 1.09643770e+09
 1.09643772e+09 1.09643775e+09 1.09643777e+09 1.09643780e+09
 1.09643782e+09 1.09643784e+09 1.09643787e+09 1.09643789e+09
 1.09643792e+09 1.09643794e+09 1.09643797e+09 1.09643799e+09
 1.09643801e+09 1.09643804e+09 1.09643806e+09 1.09643809e+09
 1.09643811e+09 1.09643813e+09 1.09643816e+09 1.09643818e+09
 1.09643821e+09 1.09643823e+09 1.09643826e+09 1.09643828e+09
 1.09643830e+09 1.09643833e+09 1.09643835e+09 1.09643838e+09
 1.09643840e+09 1.09643842e+09 1.09643845e+09 1.09643847e+09
 1.09643850e+09 1.09643852e+09 1.09643855e+09 1.09643857e+09
 1.09643859e+09 1.09643862e+09 1.09643864e+09 1.09643867e+09
 1.09643869e+09 1.09643871e+09 1.09643874e+09 1.09643876e+09
 1.09643879e+09 1.09643881e+09 1.09643884e+09 1.09643886e+09
 1.09643888e+09 1.09643891e+09 1.09643893e+09 1.09643896e+09
 1.09643898e+09 1.09643900e+09 1.09643903e+09 1.09643905e+09
 1.09643908e+09 1.09643910e+09 1.09643913e+09 1.09643915e+09
 1.09643917e+09 1.09643920e+09 1.09643922e+09 1.09643925e+09
 1.09643927e+09 1.09643929e+09 1.09643932e+09 1.09643934e+09
 1.09643937e+09 1.09643939e+09 1.09643942e+09 1.09643944e+09
 1.09643946e+09 1.09643949e+09 1.09643951e+09 1.09643954e+09
 1.09643956e+09 1.09643958e+09 1.09643961e+09 1.09643963e+09
 1.09643966e+09 1.09643968e+09 1.09643971e+09 1.09643973e+09
 1.09643975e+09 1.09643978e+09 1.09643980e+09 1.09643983e+09
 1.09643985e+09 1.09643987e+09 1.09643990e+09 1.09643992e+09
 1.09643995e+09 1.09643997e+09 1.09644000e+09 1.09644002e+09
 1.09644004e+09 1.09644007e+09 1.09644009e+09 1.09644012e+09
 1.09644014e+09 1.09644017e+09 1.09644019e+09 1.09644021e+09
 1.09644024e+09 1.09644026e+09 1.09644029e+09 1.09644031e+09
 1.09644033e+09 1.09644036e+09 1.09644038e+09 1.09644041e+09
 1.09644043e+09 1.09644046e+09 1.09644048e+09 1.09644050e+09
 1.09644053e+09 1.09644055e+09 1.09644058e+09 1.09644060e+09]
