name =JUICE_ROI_GAN_4_4_04
flyby = ['2034 JAN 14 06:38:51', '2034 JAN 15 06:38:51']
Observation TW = <SpiceCell dtype = 1, length = 0, size = 3400, card = 14, is_set = 1, adjust = 0, init = 1, base = 94198739057216, data = 94198739057264>
Res(t) = [2.44108986 2.43862253 2.43615572 2.43368944 2.43122367 2.42875842
 2.42629369 2.42382948 2.42136578 2.41890259 2.41643991 2.41397774
 2.41151608 2.40905493 2.40659428 2.40413413 2.40167449 2.39921534
 2.39675669 2.39429855 2.39184089 2.38938373 2.38692707 2.38447089
 2.3820152  2.37956001 2.37710529 2.37465107 2.37219732 2.36974406
 2.36729128 2.36483898 2.36238715 2.3599358  2.35748493 2.35503453
 2.35258459 2.35013513 2.34768614 2.34523761 2.34278955 2.34034195
 2.33789481 2.33544813 2.33300192 2.33055615 2.32811085 2.325666
 2.3232216  2.32077765 2.31833415 2.3158911  2.3134485  2.31100634
 2.30856462 2.30612335 2.30368251 2.30124211 2.29880215 2.29636263
 2.29392354 2.29148488 2.28904665 2.28660885 2.28417148 2.28173454
 2.27929802 2.27686192 2.27442624 2.27199099 2.26955615 2.26712172
 2.26468772 2.26225412 2.25982094 2.25738816 2.2549558  2.25252384
 2.25009229 2.24766114 2.2452304  2.24280005 2.24037011 2.23794056
 2.2355114  2.23308264 2.23065428 2.2282263  2.22579872 2.22337152
 2.22094471 2.21851828 2.21609223 2.21366657 2.21124129 2.20881638
 2.20639185 2.2039677  2.20154392 2.19912051 2.19669747 2.1942748
 2.1918525  2.18943056 2.18700899 2.18458778 2.18216692 2.17974643
 2.1773263  2.17490652 2.17248709 2.17006802 2.16764929 2.16523092
 2.16281289 2.16039521 2.15797787 2.15556088 2.15314422 2.15072791
 2.14831193 2.14589629 2.14348099 2.14106601 2.13865137 2.13623705
 2.13382307 2.13140941 2.12899607 2.12658306 2.12417037 2.121758
 2.11934594 2.11693421 2.11452278 2.11211167 2.10970087 2.10729038
 2.1048802  2.10247032 2.10006075 2.09765148 2.09524252 2.09283385
 2.09042548 2.08801741 2.08560963 2.08320214 2.08079495 2.07838804
 2.07598143 2.07357509 2.07116905 2.06876328 2.0663578  2.0639526
 2.06154767 2.05914302 2.05673865 2.05433455 2.05193072 2.04952716
 2.04712386 2.04472083 2.04231807 2.03991557 2.03751333 2.03511135
 2.03270963 2.03030816 2.02790695 2.02550599 2.02310528 2.02070481
 2.0183046  2.01590463 2.01350491 2.01110543 2.00870619 2.00630718
 2.00390842 2.00150989 1.99911159 1.99671353 1.99431569 1.99191809
 1.98952071 1.98712355 1.98472662 1.98232991 1.97993343 1.97753716
 1.9751411  1.97274526 1.97034963 1.96795422 1.96555901 1.96316402
 1.96076922 1.95837464 1.95598025 1.95358607 1.95119208 1.94879829
 1.9464047  1.94401131 1.9416181  1.93922508 1.93683226 1.93443962
 1.93204716 1.92965489 1.9272628  1.92487089 1.92247916 1.92008761
 1.91769623 1.91530502 1.91291398 1.91052312 1.90813242 1.90574189
 1.90335152 1.90096131 1.89857126 1.89618138 1.89379165 1.89140207
 1.88901265 1.88662338 1.88423426 1.88184529 1.87945647 1.87706779
 1.87467925 1.87229085 1.8699026  1.86751448 1.86512649 1.86273864
 1.86035093 1.85796334 1.85557588 1.85318855 1.85080134 1.84841426
 1.8460273  1.84364046 1.84125373 1.83886713 1.83648063 1.83409425
 1.83170798 1.82932182 1.82693576 1.82454981 1.82216397 1.81977823
 1.81739258 1.81500703 1.81262158 1.81023623 1.80785097 1.80546579
 1.80308071 1.80069572 1.79831081 1.79592598 1.79354123 1.79115657
 1.78877198 1.78638747 1.78400303 1.78161867 1.77923438 1.77685015
 1.77446599 1.7720819  1.76969787 1.76731391 1.76493    1.76254615
 1.76016236 1.75777862 1.75539493 1.7530113  1.75062771 1.74824417
 1.74586068 1.74347723 1.74109382 1.73871044 1.73632711 1.73394381
 1.73156055 1.72917732 1.72679412 1.72441095 1.7220278  1.71964468
 1.71726158 1.7148785  1.71249545 1.7101124  1.70772938 1.70534637
 1.70296337 1.70058038 1.69819739 1.69581442 1.69343144 1.69104847
 1.6886655  1.68628253 1.68389956 1.68151658 1.67913359 1.67675059
 1.67436759 1.67198457 1.66960153 1.66721848 1.66483541 1.66245232
 1.66006921 1.65768608 1.65530292 1.65291973 1.65053651 1.64815326
 1.64576997 1.64338665 1.64100329 1.6386199  1.63623646 1.63385298
 1.63146945 1.62908588 1.62670226 1.62431859 1.62193486 1.61955108
 1.61716725 1.61478335 1.6123994  1.61001538 1.6076313  1.60524716
 1.60286294 1.60047866 1.5980943  1.59570987 1.59332537 1.59094079
 1.58855612 1.58617138 1.58378655 1.58140164 1.57901664 1.57663155
 1.57424637 1.5718611  1.56947573 1.56709027 1.56470471 1.56231904
 1.55993328 1.55754741 1.55516143 1.55277534 1.55038915 1.54800284
 1.54561641 1.54322987 1.54084321 1.53845644 1.53606954 1.53368251
 1.53129536 1.52890808 1.52652067 1.52413313 1.52174546 1.51935765
 1.5169697  1.51458161 1.51219338 1.50980501 1.50741649 1.50502782
 1.50263901 1.50025004 1.49786092 1.49547164 1.49308221 1.49069261
 1.48830286 1.48591294 1.48352285 1.4811326  1.47874218 1.47635159
 1.47396082 1.47156988 1.46917876 1.46678746 1.46439598 1.46200432
 1.45961247 1.45722043 1.45482821 1.45243579 1.45004318 1.44765038
 1.44525738 1.44286418 1.44047077 1.43807717 1.43568336 1.43328934
 1.43089511 1.42850067 1.42610602 1.42371115 1.42131607 1.41892076
 1.41652524 1.41412949 1.41173351 1.40933731 1.40694088 1.40454422
 1.40214732 1.39975019 1.39735282 1.39495521 1.39255736 1.39015927
 1.38776093 1.38536235 1.38296351 1.38056442 1.37816508 1.37576548
 1.37336563 1.37096551 1.36856514 1.3661645  1.36376359 1.36136242
 1.35896097 1.35655926 1.35415727 1.351755   1.34935246 1.34694964
 1.34454653 1.34214314 1.33973946 1.3373355  1.33493124 1.3325267
 1.33012186 1.32771672 1.32531128 1.32290554 1.3204995  1.31809316
 1.31568651 1.31327955 1.31087228 1.30846469 1.30605679 1.30364858
 1.30124004 1.29883119 1.29642201 1.2940125  1.29160267 1.28919251
 1.28678202 1.28437119 1.28196003 1.27954853 1.2771367  1.27472452
 1.27231199 1.26989912 1.2674859  1.26507234 1.26265842 1.26024414
 1.25782951 1.25541452 1.25299917 1.25058346 1.24816739 1.24575094
 1.24333413 1.24091695 1.23849939 1.23608147 1.23366316 1.23124447
 1.22882541 1.22640596 1.22398612 1.2215659  1.21914529 1.21672428
 1.21430289 1.21188109 1.2094589  1.20703631 1.20461332 1.20218992
 1.19976612 1.19734191 1.19491729 1.19249226 1.19006681 1.18764095
 1.18521466 1.18278796 1.18036083 1.17793328 1.1755053  1.1730769
 1.17064806 1.16821879 1.16578908 1.16335894 1.16092835 1.15849733
 1.15606586 1.15363394 1.15120158 1.14876877 1.1463355  1.14390179
 1.14146761 1.13903298 1.13659788 1.13416233 1.13172631 1.12928982
 1.12685286 1.12441544 1.12197754 1.11953916 1.11710031 1.11466098
 1.11222117 1.10978087 1.10734009 1.10489882 1.10245707 1.10001482
 1.09757207 1.09512883 1.0926851  1.09024086 1.08779612 1.08535088
 1.08290513 1.08045887 1.0780121  1.07556482 1.07311702 1.07066871
 1.06821988 1.06577053 1.06332065 1.06087025 1.05841932 1.05596787
 1.05351588 1.05106336 1.0486103  1.04615671 1.04370257 1.0412479
 1.03879268 1.03633691 1.0338806  1.03142374 1.02896633 1.02650836
 1.02404983 1.02159075 1.01913111 1.0166709  1.01421014 1.0117488
 1.0092869  1.00682442 1.00436138 1.00189776 0.99943356 0.99696878
 0.99450343 0.99203749 0.98957096 0.98710385 0.98463615 0.98216786
 0.97969898 0.9772295  0.97475942 0.97228875 0.96981747 0.9673456
 0.96487311 0.96240002 0.95992632 0.95745201 0.95497709 0.95250155
 0.9500254  0.94754862 0.94507123 0.94259321 0.94011456 0.93763529
 0.9351554  0.93267487 0.9301937  0.9277119  0.92522947 0.9227464
 0.92026268 0.91777833 0.91529332 0.91280768 0.91032138 0.90783443
 0.90534683 0.90285858 0.90036967 0.8978801  0.89538987 0.89289898
 0.89040743 0.88791521 0.88542232 0.88292877 0.88043454 0.87793964
 0.87544406 0.87294781 0.87045087 0.86795326 0.86545496 0.86295598
 0.86045632 0.85795596 0.85545492 0.85295318 0.85045075 0.84794762
 0.8454438  0.84293928 0.84043406 0.83792813 0.8354215  0.83291417
 0.83040612 0.82789737 0.82538791 0.82287773 0.82036684 0.81785523
 0.8153429  0.81282986 0.81031609 0.8078016  0.80528638 0.80277044
 0.80025377 0.79773637 0.79521824 0.79269938 0.79017978 0.78765944
 0.78513837 0.78261656 0.78009401 0.77757071 0.77504667 0.77252189
 0.76999636 0.76747008 0.76494305 0.76241527 0.75988673 0.75735745
 0.7548274  0.7522966  0.74976504 0.74723273 0.74469965 0.7421658
 0.7396312  0.73709583 0.73455969 0.73202278 0.72948511 0.72694666
 0.72440745 0.72186746 0.7193267  0.71678516 0.71424285 0.71169976
 0.70915589 0.70661124 0.70406581 0.7015196  0.69897261 0.69642483
 0.69387627 0.69132692 0.68877679 0.68622587 0.68367416 0.68112166
 0.67856838 0.6760143  0.67345943 0.67090377 0.66834731 0.66579007
 0.66323202 0.66067319 0.65811356 0.65555313 0.6529919  0.65042988
 0.64786706 0.64530345 0.64273903 0.64017382 0.63760781 0.635041
 0.63247339 0.62990498 0.62733577 0.62476576 0.62219495 0.61962334
 0.61705093 0.61447772 0.61190371 0.60932891 0.6067533  0.60417689
 0.60159969 0.59902168 0.59644288 0.59386328 0.59128288 0.58870169
 0.5861197  0.58353691 0.58095333 0.57836896 0.57578379 0.57319784
 0.57061109 0.56802355 0.56543522 0.5628461  0.5602562  0.55766552
 0.55507404 0.55248179 0.54988876 0.54729495 0.54470036 0.54210499
 0.53950885 0.53691195 0.53431427 0.53171582 0.52911661 0.52651664
 0.5239159  0.52131441 0.51871217 0.51610917 0.51350542 0.51090093
 0.50829569 0.50568972 0.50308301 0.50047556 0.49786739 0.49525849
 0.49264887 0.49003853 0.48742747 0.48481571 0.48220324 0.47959008
 0.47697622 0.47436166 0.47174642 0.46913051 0.46651391 0.46389665
 0.46127873 0.45866014 0.45604091 0.45342103 0.45080051 0.44817937
 0.44555759 0.4429352  0.4403122  0.4376886  0.43506441 0.43243963
 0.42981427 0.42718834 0.42456186 0.42193482 0.41930724 0.41667913
 0.4140505  0.41142136 0.40879172 0.4061616  0.40353099 0.40089992
 0.3982684  0.39563643 0.39300404 0.39037123 0.38773803 0.38510443
 0.38247047 0.37983615 0.37720149 0.3745665  0.3719312  0.36929561
 0.36665974 0.36402362 0.36138726 0.35875068 0.35611391 0.35347695
 0.35083984 0.3482026  0.34556524 0.34292779 0.34029028 0.33765273
 0.33501516 0.3323776  0.32974008 0.32710263 0.32446527 0.32182804
 0.31919096 0.31655407 0.3139174  0.31128099 0.30864487 0.30600907
 0.30337363 0.3007386  0.29810401 0.2954699  0.29283632 0.29020332
 0.29849348 0.29566713 0.29277147 0.28988046 0.28699413 0.28411249
 0.28123557 0.27187343 0.26913421 0.26639841 0.26366608 0.26093724
 0.25821195 0.25549026 0.25277221 0.25005785 0.24734725 0.24464046
 0.24207919 0.23937983 0.23668448 0.23399322 0.23130614 0.22954004
 0.22677805 0.22402251 0.22127348 0.21853105 0.21464625 0.21193566
 0.20923158 0.20653413 0.20384342 0.19995673 0.1973069  0.19466378
 0.19202749 0.18939821 0.18677611 0.18416135 0.18155415 0.17895469
 0.17636319 0.17377988 0.17123192 0.16866774 0.16611248 0.16356645
 0.16102993 0.15850326 0.15598678 0.15348084 0.15098583 0.14850216
 0.14603027 0.1435706  0.14112364 0.13868994 0.13627    0.13386442
 0.13147383 0.12909889 0.12674029 0.12351395 0.12163207 0.11854149
 0.11551406 0.11324195 0.11099409 0.10877162 0.10657578 0.10440788
 0.10226937 0.1003085  0.09823312 0.09619202 0.09395083 0.09199468
 0.08963371 0.08737444 0.0853167  0.08350849 0.08112018 0.07952388
 0.07737247 0.07533457 0.07408155 0.07211499 0.07111829 0.07032348
 0.06959426 0.06886161 0.06852442 0.06833754 0.06799862 0.06776942
 0.06729711 0.06765355 0.06824782 0.0691045  0.07014659 0.07162699
 0.07155787 0.07239112 0.07323053 0.07399885 0.07649026 0.07726213
 0.07950051 0.0814689  0.08502437 0.08939743 0.09475113 0.09507578
 0.1025089  0.10317539 0.11601825 0.12520421 0.12023942 0.12364925
 0.11797222 0.12641365 0.13230359 0.14397006]
t = [1.07410560e+09 1.07410564e+09 1.07410569e+09 1.07410573e+09
 1.07410577e+09 1.07410582e+09 1.07410586e+09 1.07410590e+09
 1.07410595e+09 1.07410599e+09 1.07410603e+09 1.07410608e+09
 1.07410612e+09 1.07410616e+09 1.07410621e+09 1.07410625e+09
 1.07410629e+09 1.07410634e+09 1.07410638e+09 1.07410642e+09
 1.07410647e+09 1.07410651e+09 1.07410655e+09 1.07410660e+09
 1.07410664e+09 1.07410668e+09 1.07410673e+09 1.07410677e+09
 1.07410681e+09 1.07410686e+09 1.07410690e+09 1.07410694e+09
 1.07410699e+09 1.07410703e+09 1.07410707e+09 1.07410712e+09
 1.07410716e+09 1.07410720e+09 1.07410725e+09 1.07410729e+09
 1.07410733e+09 1.07410738e+09 1.07410742e+09 1.07410746e+09
 1.07410751e+09 1.07410755e+09 1.07410759e+09 1.07410764e+09
 1.07410768e+09 1.07410773e+09 1.07410777e+09 1.07410781e+09
 1.07410786e+09 1.07410790e+09 1.07410794e+09 1.07410799e+09
 1.07410803e+09 1.07410807e+09 1.07410812e+09 1.07410816e+09
 1.07410820e+09 1.07410825e+09 1.07410829e+09 1.07410833e+09
 1.07410838e+09 1.07410842e+09 1.07410846e+09 1.07410851e+09
 1.07410855e+09 1.07410859e+09 1.07410864e+09 1.07410868e+09
 1.07410872e+09 1.07410877e+09 1.07410881e+09 1.07410885e+09
 1.07410890e+09 1.07410894e+09 1.07410898e+09 1.07410903e+09
 1.07410907e+09 1.07410911e+09 1.07410916e+09 1.07410920e+09
 1.07410924e+09 1.07410929e+09 1.07410933e+09 1.07410937e+09
 1.07410942e+09 1.07410946e+09 1.07410950e+09 1.07410955e+09
 1.07410959e+09 1.07410963e+09 1.07410968e+09 1.07410972e+09
 1.07410976e+09 1.07410981e+09 1.07410985e+09 1.07410989e+09
 1.07410994e+09 1.07410998e+09 1.07411002e+09 1.07411007e+09
 1.07411011e+09 1.07411015e+09 1.07411020e+09 1.07411024e+09
 1.07411028e+09 1.07411033e+09 1.07411037e+09 1.07411041e+09
 1.07411046e+09 1.07411050e+09 1.07411054e+09 1.07411059e+09
 1.07411063e+09 1.07411067e+09 1.07411072e+09 1.07411076e+09
 1.07411080e+09 1.07411085e+09 1.07411089e+09 1.07411093e+09
 1.07411098e+09 1.07411102e+09 1.07411106e+09 1.07411111e+09
 1.07411115e+09 1.07411119e+09 1.07411124e+09 1.07411128e+09
 1.07411132e+09 1.07411137e+09 1.07411141e+09 1.07411145e+09
 1.07411150e+09 1.07411154e+09 1.07411158e+09 1.07411163e+09
 1.07411167e+09 1.07411171e+09 1.07411176e+09 1.07411180e+09
 1.07411184e+09 1.07411189e+09 1.07411193e+09 1.07411197e+09
 1.07411202e+09 1.07411206e+09 1.07411210e+09 1.07411215e+09
 1.07411219e+09 1.07411224e+09 1.07411228e+09 1.07411232e+09
 1.07411237e+09 1.07411241e+09 1.07411245e+09 1.07411250e+09
 1.07411254e+09 1.07411258e+09 1.07411263e+09 1.07411267e+09
 1.07411271e+09 1.07411276e+09 1.07411280e+09 1.07411284e+09
 1.07411289e+09 1.07411293e+09 1.07411297e+09 1.07411302e+09
 1.07411306e+09 1.07411310e+09 1.07411315e+09 1.07411319e+09
 1.07411323e+09 1.07411328e+09 1.07411332e+09 1.07411336e+09
 1.07411341e+09 1.07411345e+09 1.07411349e+09 1.07411354e+09
 1.07411358e+09 1.07411362e+09 1.07411367e+09 1.07411371e+09
 1.07411375e+09 1.07411380e+09 1.07411384e+09 1.07411388e+09
 1.07411393e+09 1.07411397e+09 1.07411401e+09 1.07411406e+09
 1.07411410e+09 1.07411414e+09 1.07411419e+09 1.07411423e+09
 1.07411427e+09 1.07411432e+09 1.07411436e+09 1.07411440e+09
 1.07411445e+09 1.07411449e+09 1.07411453e+09 1.07411458e+09
 1.07411462e+09 1.07411466e+09 1.07411471e+09 1.07411475e+09
 1.07411479e+09 1.07411484e+09 1.07411488e+09 1.07411492e+09
 1.07411497e+09 1.07411501e+09 1.07411505e+09 1.07411510e+09
 1.07411514e+09 1.07411518e+09 1.07411523e+09 1.07411527e+09
 1.07411531e+09 1.07411536e+09 1.07411540e+09 1.07411544e+09
 1.07411549e+09 1.07411553e+09 1.07411557e+09 1.07411562e+09
 1.07411566e+09 1.07411570e+09 1.07411575e+09 1.07411579e+09
 1.07411583e+09 1.07411588e+09 1.07411592e+09 1.07411596e+09
 1.07411601e+09 1.07411605e+09 1.07411609e+09 1.07411614e+09
 1.07411618e+09 1.07411622e+09 1.07411627e+09 1.07411631e+09
 1.07411635e+09 1.07411640e+09 1.07411644e+09 1.07411648e+09
 1.07411653e+09 1.07411657e+09 1.07411661e+09 1.07411666e+09
 1.07411670e+09 1.07411675e+09 1.07411679e+09 1.07411683e+09
 1.07411688e+09 1.07411692e+09 1.07411696e+09 1.07411701e+09
 1.07411705e+09 1.07411709e+09 1.07411714e+09 1.07411718e+09
 1.07411722e+09 1.07411727e+09 1.07411731e+09 1.07411735e+09
 1.07411740e+09 1.07411744e+09 1.07411748e+09 1.07411753e+09
 1.07411757e+09 1.07411761e+09 1.07411766e+09 1.07411770e+09
 1.07411774e+09 1.07411779e+09 1.07411783e+09 1.07411787e+09
 1.07411792e+09 1.07411796e+09 1.07411800e+09 1.07411805e+09
 1.07411809e+09 1.07411813e+09 1.07411818e+09 1.07411822e+09
 1.07411826e+09 1.07411831e+09 1.07411835e+09 1.07411839e+09
 1.07411844e+09 1.07411848e+09 1.07411852e+09 1.07411857e+09
 1.07411861e+09 1.07411865e+09 1.07411870e+09 1.07411874e+09
 1.07411878e+09 1.07411883e+09 1.07411887e+09 1.07411891e+09
 1.07411896e+09 1.07411900e+09 1.07411904e+09 1.07411909e+09
 1.07411913e+09 1.07411917e+09 1.07411922e+09 1.07411926e+09
 1.07411930e+09 1.07411935e+09 1.07411939e+09 1.07411943e+09
 1.07411948e+09 1.07411952e+09 1.07411956e+09 1.07411961e+09
 1.07411965e+09 1.07411969e+09 1.07411974e+09 1.07411978e+09
 1.07411982e+09 1.07411987e+09 1.07411991e+09 1.07411995e+09
 1.07412000e+09 1.07412004e+09 1.07412008e+09 1.07412013e+09
 1.07412017e+09 1.07412021e+09 1.07412026e+09 1.07412030e+09
 1.07412034e+09 1.07412039e+09 1.07412043e+09 1.07412047e+09
 1.07412052e+09 1.07412056e+09 1.07412060e+09 1.07412065e+09
 1.07412069e+09 1.07412073e+09 1.07412078e+09 1.07412082e+09
 1.07412086e+09 1.07412091e+09 1.07412095e+09 1.07412099e+09
 1.07412104e+09 1.07412108e+09 1.07412112e+09 1.07412117e+09
 1.07412121e+09 1.07412126e+09 1.07412130e+09 1.07412134e+09
 1.07412139e+09 1.07412143e+09 1.07412147e+09 1.07412152e+09
 1.07412156e+09 1.07412160e+09 1.07412165e+09 1.07412169e+09
 1.07412173e+09 1.07412178e+09 1.07412182e+09 1.07412186e+09
 1.07412191e+09 1.07412195e+09 1.07412199e+09 1.07412204e+09
 1.07412208e+09 1.07412212e+09 1.07412217e+09 1.07412221e+09
 1.07412225e+09 1.07412230e+09 1.07412234e+09 1.07412238e+09
 1.07412243e+09 1.07412247e+09 1.07412251e+09 1.07412256e+09
 1.07412260e+09 1.07412264e+09 1.07412269e+09 1.07412273e+09
 1.07412277e+09 1.07412282e+09 1.07412286e+09 1.07412290e+09
 1.07412295e+09 1.07412299e+09 1.07412303e+09 1.07412308e+09
 1.07412312e+09 1.07412316e+09 1.07412321e+09 1.07412325e+09
 1.07412329e+09 1.07412334e+09 1.07412338e+09 1.07412342e+09
 1.07412347e+09 1.07412351e+09 1.07412355e+09 1.07412360e+09
 1.07412364e+09 1.07412368e+09 1.07412373e+09 1.07412377e+09
 1.07412381e+09 1.07412386e+09 1.07412390e+09 1.07412394e+09
 1.07412399e+09 1.07412403e+09 1.07412407e+09 1.07412412e+09
 1.07412416e+09 1.07412420e+09 1.07412425e+09 1.07412429e+09
 1.07412433e+09 1.07412438e+09 1.07412442e+09 1.07412446e+09
 1.07412451e+09 1.07412455e+09 1.07412459e+09 1.07412464e+09
 1.07412468e+09 1.07412472e+09 1.07412477e+09 1.07412481e+09
 1.07412485e+09 1.07412490e+09 1.07412494e+09 1.07412498e+09
 1.07412503e+09 1.07412507e+09 1.07412511e+09 1.07412516e+09
 1.07412520e+09 1.07412524e+09 1.07412529e+09 1.07412533e+09
 1.07412537e+09 1.07412542e+09 1.07412546e+09 1.07412550e+09
 1.07412555e+09 1.07412559e+09 1.07412563e+09 1.07412568e+09
 1.07412572e+09 1.07412577e+09 1.07412581e+09 1.07412585e+09
 1.07412590e+09 1.07412594e+09 1.07412598e+09 1.07412603e+09
 1.07412607e+09 1.07412611e+09 1.07412616e+09 1.07412620e+09
 1.07412624e+09 1.07412629e+09 1.07412633e+09 1.07412637e+09
 1.07412642e+09 1.07412646e+09 1.07412650e+09 1.07412655e+09
 1.07412659e+09 1.07412663e+09 1.07412668e+09 1.07412672e+09
 1.07412676e+09 1.07412681e+09 1.07412685e+09 1.07412689e+09
 1.07412694e+09 1.07412698e+09 1.07412702e+09 1.07412707e+09
 1.07412711e+09 1.07412715e+09 1.07412720e+09 1.07412724e+09
 1.07412728e+09 1.07412733e+09 1.07412737e+09 1.07412741e+09
 1.07412746e+09 1.07412750e+09 1.07412754e+09 1.07412759e+09
 1.07412763e+09 1.07412767e+09 1.07412772e+09 1.07412776e+09
 1.07412780e+09 1.07412785e+09 1.07412789e+09 1.07412793e+09
 1.07412798e+09 1.07412802e+09 1.07412806e+09 1.07412811e+09
 1.07412815e+09 1.07412819e+09 1.07412824e+09 1.07412828e+09
 1.07412832e+09 1.07412837e+09 1.07412841e+09 1.07412845e+09
 1.07412850e+09 1.07412854e+09 1.07412858e+09 1.07412863e+09
 1.07412867e+09 1.07412871e+09 1.07412876e+09 1.07412880e+09
 1.07412884e+09 1.07412889e+09 1.07412893e+09 1.07412897e+09
 1.07412902e+09 1.07412906e+09 1.07412910e+09 1.07412915e+09
 1.07412919e+09 1.07412923e+09 1.07412928e+09 1.07412932e+09
 1.07412936e+09 1.07412941e+09 1.07412945e+09 1.07412949e+09
 1.07412954e+09 1.07412958e+09 1.07412962e+09 1.07412967e+09
 1.07412971e+09 1.07412975e+09 1.07412980e+09 1.07412984e+09
 1.07412988e+09 1.07412993e+09 1.07412997e+09 1.07413001e+09
 1.07413006e+09 1.07413010e+09 1.07413014e+09 1.07413019e+09
 1.07413023e+09 1.07413028e+09 1.07413032e+09 1.07413036e+09
 1.07413041e+09 1.07413045e+09 1.07413049e+09 1.07413054e+09
 1.07413058e+09 1.07413062e+09 1.07413067e+09 1.07413071e+09
 1.07413075e+09 1.07413080e+09 1.07413084e+09 1.07413088e+09
 1.07413093e+09 1.07413097e+09 1.07413101e+09 1.07413106e+09
 1.07413110e+09 1.07413114e+09 1.07413119e+09 1.07413123e+09
 1.07413127e+09 1.07413132e+09 1.07413136e+09 1.07413140e+09
 1.07413145e+09 1.07413149e+09 1.07413153e+09 1.07413158e+09
 1.07413162e+09 1.07413166e+09 1.07413171e+09 1.07413175e+09
 1.07413179e+09 1.07413184e+09 1.07413188e+09 1.07413192e+09
 1.07413197e+09 1.07413201e+09 1.07413205e+09 1.07413210e+09
 1.07413214e+09 1.07413218e+09 1.07413223e+09 1.07413227e+09
 1.07413231e+09 1.07413236e+09 1.07413240e+09 1.07413244e+09
 1.07413249e+09 1.07413253e+09 1.07413257e+09 1.07413262e+09
 1.07413266e+09 1.07413270e+09 1.07413275e+09 1.07413279e+09
 1.07413283e+09 1.07413288e+09 1.07413292e+09 1.07413296e+09
 1.07413301e+09 1.07413305e+09 1.07413309e+09 1.07413314e+09
 1.07413318e+09 1.07413322e+09 1.07413327e+09 1.07413331e+09
 1.07413335e+09 1.07413340e+09 1.07413344e+09 1.07413348e+09
 1.07413353e+09 1.07413357e+09 1.07413361e+09 1.07413366e+09
 1.07413370e+09 1.07413374e+09 1.07413379e+09 1.07413383e+09
 1.07413387e+09 1.07413392e+09 1.07413396e+09 1.07413400e+09
 1.07413405e+09 1.07413409e+09 1.07413413e+09 1.07413418e+09
 1.07413422e+09 1.07413426e+09 1.07413431e+09 1.07413435e+09
 1.07413439e+09 1.07413444e+09 1.07413448e+09 1.07413452e+09
 1.07413457e+09 1.07413461e+09 1.07413465e+09 1.07413470e+09
 1.07413474e+09 1.07413478e+09 1.07413483e+09 1.07413487e+09
 1.07413492e+09 1.07413496e+09 1.07413500e+09 1.07413505e+09
 1.07413509e+09 1.07413513e+09 1.07413518e+09 1.07413522e+09
 1.07413526e+09 1.07413531e+09 1.07413535e+09 1.07413539e+09
 1.07413544e+09 1.07413548e+09 1.07413552e+09 1.07413557e+09
 1.07413561e+09 1.07413565e+09 1.07413570e+09 1.07413574e+09
 1.07413578e+09 1.07413583e+09 1.07413587e+09 1.07413591e+09
 1.07413596e+09 1.07413600e+09 1.07413604e+09 1.07413609e+09
 1.07413613e+09 1.07413617e+09 1.07413622e+09 1.07413626e+09
 1.07413630e+09 1.07413635e+09 1.07413639e+09 1.07413643e+09
 1.07413648e+09 1.07413652e+09 1.07413656e+09 1.07413661e+09
 1.07413665e+09 1.07413669e+09 1.07413674e+09 1.07413678e+09
 1.07413682e+09 1.07413687e+09 1.07413691e+09 1.07413695e+09
 1.07413700e+09 1.07413704e+09 1.07413708e+09 1.07413713e+09
 1.07413717e+09 1.07413721e+09 1.07413726e+09 1.07413730e+09
 1.07413734e+09 1.07413739e+09 1.07413743e+09 1.07413747e+09
 1.07413752e+09 1.07413756e+09 1.07413760e+09 1.07413765e+09
 1.07413769e+09 1.07413773e+09 1.07413778e+09 1.07413782e+09
 1.07413786e+09 1.07413791e+09 1.07413795e+09 1.07413799e+09
 1.07413804e+09 1.07413808e+09 1.07413812e+09 1.07413817e+09
 1.07413821e+09 1.07413825e+09 1.07413830e+09 1.07413834e+09
 1.07413838e+09 1.07413843e+09 1.07413847e+09 1.07413851e+09
 1.07413856e+09 1.07413860e+09 1.07413864e+09 1.07413869e+09
 1.07413873e+09 1.07413877e+09 1.07413882e+09 1.07413886e+09
 1.07413890e+09 1.07413895e+09 1.07413899e+09 1.07413903e+09
 1.07413908e+09 1.07413912e+09 1.07413916e+09 1.07413921e+09
 1.07413925e+09 1.07413929e+09 1.07413934e+09 1.07413938e+09
 1.07413943e+09 1.07413947e+09 1.07413951e+09 1.07413956e+09
 1.07413960e+09 1.07413964e+09 1.07413969e+09 1.07413973e+09
 1.07413977e+09 1.07413982e+09 1.07413986e+09 1.07413990e+09
 1.07413995e+09 1.07413999e+09 1.07414003e+09 1.07414008e+09
 1.07414012e+09 1.07414016e+09 1.07414021e+09 1.07414025e+09
 1.07414029e+09 1.07414034e+09 1.07414038e+09 1.07414042e+09
 1.07414047e+09 1.07414051e+09 1.07414055e+09 1.07414060e+09
 1.07414064e+09 1.07414068e+09 1.07414073e+09 1.07414077e+09
 1.07414081e+09 1.07414086e+09 1.07414090e+09 1.07414094e+09
 1.07414099e+09 1.07414103e+09 1.07414107e+09 1.07414112e+09
 1.07414116e+09 1.07414120e+09 1.07414125e+09 1.07414129e+09
 1.07414133e+09 1.07414138e+09 1.07414142e+09 1.07414146e+09
 1.07414151e+09 1.07414155e+09 1.07414159e+09 1.07414164e+09
 1.07414168e+09 1.07414172e+09 1.07414177e+09 1.07414181e+09
 1.07414185e+09 1.07414190e+09 1.07414194e+09 1.07414198e+09
 1.07414203e+09 1.07414207e+09 1.07414211e+09 1.07414216e+09
 1.07414220e+09 1.07414224e+09 1.07414229e+09 1.07414233e+09
 1.07414237e+09 1.07414242e+09 1.07414246e+09 1.07414250e+09
 1.07414255e+09 1.07414259e+09 1.07414263e+09 1.07414268e+09
 1.07414272e+09 1.07414276e+09 1.07414281e+09 1.07414285e+09
 1.07414289e+09 1.07414294e+09 1.07414298e+09 1.07414302e+09
 1.07414307e+09 1.07414311e+09 1.07414315e+09 1.07414320e+09
 1.07414324e+09 1.07414328e+09 1.07414333e+09 1.07414337e+09
 1.07414341e+09 1.07414346e+09 1.07414350e+09 1.07414354e+09
 1.07414359e+09 1.07414363e+09 1.07414367e+09 1.07414372e+09
 1.07414376e+09 1.07414380e+09 1.07414385e+09 1.07414389e+09
 1.07414394e+09 1.07414398e+09 1.07414402e+09 1.07414407e+09
 1.07414411e+09 1.07414415e+09 1.07414420e+09 1.07414424e+09
 1.07414428e+09 1.07414433e+09 1.07414437e+09 1.07414441e+09
 1.07414446e+09 1.07414450e+09 1.07414454e+09 1.07414459e+09
 1.07414463e+09 1.07414467e+09 1.07414472e+09 1.07414476e+09
 1.07414480e+09 1.07414485e+09 1.07414489e+09 1.07414493e+09
 1.07414498e+09 1.07414502e+09 1.07414506e+09 1.07414511e+09
 1.07414515e+09 1.07414519e+09 1.07414524e+09 1.07414528e+09
 1.07414532e+09 1.07414537e+09 1.07414541e+09 1.07414545e+09
 1.07414550e+09 1.07414554e+09 1.07414558e+09 1.07414563e+09
 1.07414567e+09 1.07414571e+09 1.07414576e+09 1.07414580e+09
 1.07414584e+09 1.07414589e+09 1.07414593e+09 1.07414597e+09
 1.07414602e+09 1.07414606e+09 1.07414610e+09 1.07414615e+09
 1.07414619e+09 1.07414623e+09 1.07414628e+09 1.07414632e+09
 1.07414636e+09 1.07414641e+09 1.07414645e+09 1.07414649e+09
 1.07414654e+09 1.07414658e+09 1.07414662e+09 1.07414667e+09
 1.07414671e+09 1.07414675e+09 1.07414680e+09 1.07414684e+09
 1.07414688e+09 1.07414693e+09 1.07414697e+09 1.07414701e+09
 1.07414706e+09 1.07414710e+09 1.07414714e+09 1.07414719e+09
 1.07414723e+09 1.07414727e+09 1.07414732e+09 1.07414736e+09
 1.07414740e+09 1.07414745e+09 1.07414749e+09 1.07414753e+09
 1.07414758e+09 1.07414762e+09 1.07414766e+09 1.07414771e+09
 1.07414775e+09 1.07414779e+09 1.07414784e+09 1.07414788e+09
 1.07414792e+09 1.07414797e+09 1.07414801e+09 1.07414805e+09
 1.07414810e+09 1.07414814e+09 1.07414818e+09 1.07414823e+09
 1.07414827e+09 1.07414831e+09 1.07414836e+09 1.07414840e+09
 1.07414845e+09 1.07414849e+09 1.07414853e+09 1.07414858e+09
 1.07414862e+09 1.07414866e+09 1.07414871e+09 1.07414875e+09
 1.07414879e+09 1.07414884e+09 1.07414888e+09 1.07414892e+09]
minRes = 0.06729711253820547
minResTime = [1.07414775e+09]
Cov(t) = [100.         100.         100.         100.         100.
 100.         100.         100.         100.         100.
 100.         100.         100.         100.         100.
 100.         100.         100.         100.         100.
 100.         100.         100.         100.         100.
 100.         100.         100.         100.         100.
 100.         100.         100.         100.         100.
 100.         100.         100.         100.         100.
 100.         100.         100.         100.         100.
 100.         100.         100.         100.         100.
 100.         100.         100.         100.         100.
 100.         100.         100.         100.         100.
 100.         100.         100.         100.         100.
 100.         100.         100.         100.         100.
 100.         100.         100.         100.         100.
 100.         100.         100.         100.         100.
 100.         100.         100.         100.         100.
 100.         100.         100.         100.         100.
 100.         100.         100.         100.         100.
 100.         100.         100.         100.         100.
 100.         100.         100.         100.         100.
 100.         100.         100.         100.         100.
 100.         100.         100.         100.         100.
 100.         100.         100.         100.         100.
 100.         100.         100.         100.         100.
 100.         100.         100.         100.         100.
 100.         100.         100.         100.          80.07732081
 100.         100.         100.         100.         100.
 100.         100.         100.         100.         100.
 100.         100.         100.         100.         100.
 100.         100.         100.         100.         100.
 100.         100.         100.         100.         100.
 100.         100.         100.         100.         100.
 100.         100.         100.         100.         100.
 100.         100.         100.         100.         100.
 100.         100.         100.         100.         100.
 100.         100.         100.         100.         100.
 100.         100.         100.         100.         100.
 100.         100.         100.         100.         100.
 100.         100.         100.         100.         100.
 100.         100.         100.         100.         100.
 100.         100.         100.         100.         100.
 100.         100.         100.         100.         100.
 100.         100.         100.         100.         100.
 100.         100.         100.         100.         100.
 100.         100.         100.         100.         100.
 100.         100.         100.         100.         100.
 100.         100.         100.         100.         100.
 100.         100.         100.         100.         100.
 100.         100.         100.         100.         100.
 100.         100.         100.         100.         100.
 100.         100.         100.         100.         100.
 100.         100.         100.         100.         100.
 100.         100.         100.         100.         100.
 100.         100.         100.         100.         100.
 100.         100.         100.         100.         100.
 100.         100.         100.         100.         100.
 100.         100.         100.         100.         100.
 100.         100.         100.         100.         100.
 100.         100.         100.         100.         100.
 100.         100.         100.         100.         100.
 100.         100.         100.         100.         100.
 100.         100.         100.         100.         100.
 100.         100.         100.         100.         100.
 100.         100.         100.         100.         100.
 100.         100.         100.         100.         100.
 100.         100.         100.         100.         100.
 100.         100.         100.         100.         100.
 100.         100.         100.         100.         100.
 100.         100.         100.         100.         100.
 100.         100.         100.         100.         100.
 100.         100.         100.         100.         100.
 100.         100.         100.         100.         100.
 100.         100.         100.         100.         100.
 100.         100.         100.         100.         100.
 100.         100.         100.         100.         100.
 100.         100.         100.         100.         100.
 100.         100.         100.         100.         100.
 100.         100.         100.         100.         100.
 100.         100.         100.         100.         100.
 100.         100.         100.         100.         100.
 100.         100.         100.          70.5589478   94.82236029
  94.78680142  94.75119229  94.71553247  94.6798213   34.81981132
  34.8597602   34.89985505  94.5364524  100.         100.
 100.         100.         100.         100.         100.
 100.         100.         100.         100.         100.
 100.         100.         100.         100.         100.
 100.         100.         100.         100.         100.
 100.         100.         100.         100.         100.
 100.         100.         100.         100.         100.
 100.         100.         100.         100.         100.
 100.         100.         100.         100.         100.
 100.         100.         100.         100.         100.
 100.         100.         100.         100.         100.
 100.         100.         100.         100.         100.
 100.         100.         100.         100.         100.
 100.         100.         100.         100.         100.
 100.         100.         100.         100.         100.
 100.         100.         100.         100.         100.
 100.         100.         100.         100.         100.
 100.         100.         100.         100.         100.
 100.         100.         100.         100.         100.
 100.         100.         100.         100.         100.
 100.         100.         100.         100.         100.
 100.         100.         100.         100.         100.
 100.         100.         100.         100.         100.
 100.         100.         100.         100.         100.
 100.         100.         100.         100.         100.
 100.         100.         100.         100.         100.
 100.         100.         100.         100.         100.
 100.         100.         100.         100.         100.
 100.         100.         100.         100.         100.
 100.         100.         100.         100.         100.
 100.         100.         100.         100.         100.
 100.         100.         100.         100.         100.
 100.         100.         100.         100.         100.
 100.         100.         100.         100.         100.
 100.         100.         100.         100.         100.
 100.         100.         100.         100.         100.
 100.         100.         100.         100.         100.
 100.         100.         100.         100.         100.
 100.         100.         100.         100.         100.
 100.         100.         100.         100.         100.
 100.         100.         100.         100.         100.
 100.         100.         100.         100.         100.
 100.         100.         100.         100.         100.
 100.         100.         100.         100.         100.
 100.         100.         100.         100.         100.
 100.         100.         100.         100.         100.
 100.         100.         100.         100.         100.
 100.         100.         100.         100.         100.
 100.         100.         100.         100.         100.
 100.         100.         100.         100.         100.
 100.         100.         100.         100.         100.
 100.         100.         100.         100.         100.
 100.         100.         100.         100.         100.
 100.         100.         100.         100.         100.
 100.         100.         100.         100.         100.
 100.         100.         100.         100.         100.
 100.         100.         100.         100.         100.
 100.         100.         100.         100.         100.
 100.         100.         100.         100.         100.
 100.         100.         100.         100.         100.
 100.         100.         100.         100.         100.
 100.         100.         100.         100.         100.
 100.         100.         100.         100.         100.
 100.         100.         100.         100.         100.
 100.         100.         100.         100.         100.
 100.         100.         100.         100.         100.
 100.         100.         100.         100.         100.
 100.         100.         100.         100.         100.
 100.         100.         100.         100.         100.
 100.         100.         100.         100.         100.
 100.         100.         100.         100.         100.
 100.         100.         100.         100.         100.
 100.         100.         100.         100.         100.
 100.         100.         100.         100.         100.
 100.         100.         100.         100.         100.
 100.         100.         100.         100.         100.
 100.         100.         100.         100.         100.
 100.         100.         100.         100.         100.
 100.         100.         100.         100.         100.
 100.         100.         100.         100.         100.
 100.         100.         100.         100.         100.
 100.         100.         100.         100.         100.
 100.         100.         100.         100.         100.
 100.         100.         100.         100.         100.
 100.         100.         100.         100.         100.
 100.         100.         100.         100.         100.
 100.         100.         100.         100.         100.
 100.         100.         100.         100.         100.
 100.         100.         100.         100.         100.
 100.         100.         100.         100.         100.
 100.         100.         100.         100.         100.
 100.         100.         100.         100.         100.
 100.         100.         100.         100.         100.
 100.         100.         100.         100.         100.
 100.         100.         100.         100.         100.
 100.         100.         100.         100.         100.
 100.         100.         100.         100.         100.
 100.         100.         100.         100.         100.
 100.         100.         100.         100.         100.
 100.         100.         100.         100.         100.
 100.         100.         100.         100.         100.
 100.         100.         100.         100.         100.
 100.         100.         100.         100.         100.
 100.         100.         100.         100.         100.
 100.         100.         100.         100.         100.
 100.         100.         100.         100.         100.
 100.         100.         100.         100.         100.
 100.         100.         100.         100.         100.
 100.         100.         100.         100.         100.
 100.         100.         100.         100.         100.
 100.         100.         100.         100.         100.
 100.         100.         100.         100.         100.
 100.         100.         100.         100.         100.
 100.         100.         100.         100.         100.
 100.         100.         100.         100.         100.
 100.         100.         100.         100.         100.
 100.         100.         100.         100.         100.        ]
maxCov = 100.0
maxCovTime = [1.07410560e+09 1.07410564e+09 1.07410569e+09 1.07410573e+09
 1.07410577e+09 1.07410582e+09 1.07410586e+09 1.07410590e+09
 1.07410595e+09 1.07410599e+09 1.07410603e+09 1.07410608e+09
 1.07410612e+09 1.07410616e+09 1.07410621e+09 1.07410625e+09
 1.07410629e+09 1.07410634e+09 1.07410638e+09 1.07410642e+09
 1.07410647e+09 1.07410651e+09 1.07410655e+09 1.07410660e+09
 1.07410664e+09 1.07410668e+09 1.07410673e+09 1.07410677e+09
 1.07410681e+09 1.07410686e+09 1.07410690e+09 1.07410694e+09
 1.07410699e+09 1.07410703e+09 1.07410707e+09 1.07410712e+09
 1.07410716e+09 1.07410720e+09 1.07410725e+09 1.07410729e+09
 1.07410733e+09 1.07410738e+09 1.07410742e+09 1.07410746e+09
 1.07410751e+09 1.07410755e+09 1.07410759e+09 1.07410764e+09
 1.07410768e+09 1.07410773e+09 1.07410777e+09 1.07410781e+09
 1.07410786e+09 1.07410790e+09 1.07410794e+09 1.07410799e+09
 1.07410803e+09 1.07410807e+09 1.07410812e+09 1.07410816e+09
 1.07410820e+09 1.07410825e+09 1.07410829e+09 1.07410833e+09
 1.07410838e+09 1.07410842e+09 1.07410846e+09 1.07410851e+09
 1.07410855e+09 1.07410859e+09 1.07410864e+09 1.07410868e+09
 1.07410872e+09 1.07410877e+09 1.07410881e+09 1.07410885e+09
 1.07410890e+09 1.07410894e+09 1.07410898e+09 1.07410903e+09
 1.07410907e+09 1.07410911e+09 1.07410916e+09 1.07410920e+09
 1.07410924e+09 1.07410929e+09 1.07410933e+09 1.07410937e+09
 1.07410942e+09 1.07410946e+09 1.07410950e+09 1.07410955e+09
 1.07410959e+09 1.07410963e+09 1.07410968e+09 1.07410972e+09
 1.07410976e+09 1.07410981e+09 1.07410985e+09 1.07410989e+09
 1.07410994e+09 1.07410998e+09 1.07411002e+09 1.07411007e+09
 1.07411011e+09 1.07411015e+09 1.07411020e+09 1.07411024e+09
 1.07411028e+09 1.07411033e+09 1.07411037e+09 1.07411041e+09
 1.07411046e+09 1.07411050e+09 1.07411054e+09 1.07411059e+09
 1.07411063e+09 1.07411067e+09 1.07411072e+09 1.07411076e+09
 1.07411080e+09 1.07411085e+09 1.07411089e+09 1.07411093e+09
 1.07411098e+09 1.07411102e+09 1.07411106e+09 1.07411111e+09
 1.07411115e+09 1.07411119e+09 1.07411124e+09 1.07411128e+09
 1.07411132e+09 1.07411137e+09 1.07411145e+09 1.07411150e+09
 1.07411154e+09 1.07411158e+09 1.07411163e+09 1.07411167e+09
 1.07411171e+09 1.07411176e+09 1.07411180e+09 1.07411184e+09
 1.07411189e+09 1.07411193e+09 1.07411197e+09 1.07411202e+09
 1.07411206e+09 1.07411210e+09 1.07411215e+09 1.07411219e+09
 1.07411224e+09 1.07411228e+09 1.07411232e+09 1.07411237e+09
 1.07411241e+09 1.07411245e+09 1.07411250e+09 1.07411254e+09
 1.07411258e+09 1.07411263e+09 1.07411267e+09 1.07411271e+09
 1.07411276e+09 1.07411280e+09 1.07411284e+09 1.07411289e+09
 1.07411293e+09 1.07411297e+09 1.07411302e+09 1.07411306e+09
 1.07411310e+09 1.07411315e+09 1.07411319e+09 1.07411323e+09
 1.07411328e+09 1.07411332e+09 1.07411336e+09 1.07411341e+09
 1.07411345e+09 1.07411349e+09 1.07411354e+09 1.07411358e+09
 1.07411362e+09 1.07411367e+09 1.07411371e+09 1.07411375e+09
 1.07411380e+09 1.07411384e+09 1.07411388e+09 1.07411393e+09
 1.07411397e+09 1.07411401e+09 1.07411406e+09 1.07411410e+09
 1.07411414e+09 1.07411419e+09 1.07411423e+09 1.07411427e+09
 1.07411432e+09 1.07411436e+09 1.07411440e+09 1.07411445e+09
 1.07411449e+09 1.07411453e+09 1.07411458e+09 1.07411462e+09
 1.07411466e+09 1.07411471e+09 1.07411475e+09 1.07411479e+09
 1.07411484e+09 1.07411488e+09 1.07411492e+09 1.07411497e+09
 1.07411501e+09 1.07411505e+09 1.07411510e+09 1.07411514e+09
 1.07411518e+09 1.07411523e+09 1.07411527e+09 1.07411531e+09
 1.07411536e+09 1.07411540e+09 1.07411544e+09 1.07411549e+09
 1.07411553e+09 1.07411557e+09 1.07411562e+09 1.07411566e+09
 1.07411570e+09 1.07411575e+09 1.07411579e+09 1.07411583e+09
 1.07411588e+09 1.07411592e+09 1.07411596e+09 1.07411601e+09
 1.07411605e+09 1.07411609e+09 1.07411614e+09 1.07411618e+09
 1.07411622e+09 1.07411627e+09 1.07411631e+09 1.07411635e+09
 1.07411640e+09 1.07411644e+09 1.07411648e+09 1.07411653e+09
 1.07411657e+09 1.07411661e+09 1.07411666e+09 1.07411670e+09
 1.07411675e+09 1.07411679e+09 1.07411683e+09 1.07411688e+09
 1.07411692e+09 1.07411696e+09 1.07411701e+09 1.07411705e+09
 1.07411709e+09 1.07411714e+09 1.07411718e+09 1.07411722e+09
 1.07411727e+09 1.07411731e+09 1.07411735e+09 1.07411740e+09
 1.07411744e+09 1.07411748e+09 1.07411753e+09 1.07411757e+09
 1.07411761e+09 1.07411766e+09 1.07411770e+09 1.07411774e+09
 1.07411779e+09 1.07411783e+09 1.07411787e+09 1.07411792e+09
 1.07411796e+09 1.07411800e+09 1.07411805e+09 1.07411809e+09
 1.07411813e+09 1.07411818e+09 1.07411822e+09 1.07411826e+09
 1.07411831e+09 1.07411835e+09 1.07411839e+09 1.07411844e+09
 1.07411848e+09 1.07411852e+09 1.07411857e+09 1.07411861e+09
 1.07411865e+09 1.07411870e+09 1.07411874e+09 1.07411878e+09
 1.07411883e+09 1.07411887e+09 1.07411891e+09 1.07411896e+09
 1.07411900e+09 1.07411904e+09 1.07411909e+09 1.07411913e+09
 1.07411917e+09 1.07411922e+09 1.07411926e+09 1.07411930e+09
 1.07411935e+09 1.07411939e+09 1.07411943e+09 1.07411948e+09
 1.07411952e+09 1.07411956e+09 1.07411961e+09 1.07411965e+09
 1.07411969e+09 1.07411974e+09 1.07411978e+09 1.07411982e+09
 1.07411987e+09 1.07411991e+09 1.07411995e+09 1.07412000e+09
 1.07412004e+09 1.07412008e+09 1.07412013e+09 1.07412017e+09
 1.07412021e+09 1.07412026e+09 1.07412030e+09 1.07412034e+09
 1.07412039e+09 1.07412043e+09 1.07412047e+09 1.07412052e+09
 1.07412056e+09 1.07412060e+09 1.07412065e+09 1.07412069e+09
 1.07412073e+09 1.07412078e+09 1.07412082e+09 1.07412086e+09
 1.07412091e+09 1.07412095e+09 1.07412099e+09 1.07412104e+09
 1.07412108e+09 1.07412112e+09 1.07412117e+09 1.07412121e+09
 1.07412126e+09 1.07412130e+09 1.07412134e+09 1.07412139e+09
 1.07412143e+09 1.07412147e+09 1.07412152e+09 1.07412156e+09
 1.07412160e+09 1.07412165e+09 1.07412169e+09 1.07412173e+09
 1.07412178e+09 1.07412182e+09 1.07412186e+09 1.07412191e+09
 1.07412195e+09 1.07412199e+09 1.07412204e+09 1.07412208e+09
 1.07412212e+09 1.07412217e+09 1.07412221e+09 1.07412225e+09
 1.07412230e+09 1.07412234e+09 1.07412238e+09 1.07412243e+09
 1.07412247e+09 1.07412251e+09 1.07412256e+09 1.07412260e+09
 1.07412264e+09 1.07412269e+09 1.07412273e+09 1.07412277e+09
 1.07412282e+09 1.07412286e+09 1.07412290e+09 1.07412295e+09
 1.07412299e+09 1.07412303e+09 1.07412308e+09 1.07412312e+09
 1.07412316e+09 1.07412321e+09 1.07412325e+09 1.07412373e+09
 1.07412377e+09 1.07412381e+09 1.07412386e+09 1.07412390e+09
 1.07412394e+09 1.07412399e+09 1.07412403e+09 1.07412407e+09
 1.07412412e+09 1.07412416e+09 1.07412420e+09 1.07412425e+09
 1.07412429e+09 1.07412433e+09 1.07412438e+09 1.07412442e+09
 1.07412446e+09 1.07412451e+09 1.07412455e+09 1.07412459e+09
 1.07412464e+09 1.07412468e+09 1.07412472e+09 1.07412477e+09
 1.07412481e+09 1.07412485e+09 1.07412490e+09 1.07412494e+09
 1.07412498e+09 1.07412503e+09 1.07412507e+09 1.07412511e+09
 1.07412516e+09 1.07412520e+09 1.07412524e+09 1.07412529e+09
 1.07412533e+09 1.07412537e+09 1.07412542e+09 1.07412546e+09
 1.07412550e+09 1.07412555e+09 1.07412559e+09 1.07412563e+09
 1.07412568e+09 1.07412572e+09 1.07412577e+09 1.07412581e+09
 1.07412585e+09 1.07412590e+09 1.07412594e+09 1.07412598e+09
 1.07412603e+09 1.07412607e+09 1.07412611e+09 1.07412616e+09
 1.07412620e+09 1.07412624e+09 1.07412629e+09 1.07412633e+09
 1.07412637e+09 1.07412642e+09 1.07412646e+09 1.07412650e+09
 1.07412655e+09 1.07412659e+09 1.07412663e+09 1.07412668e+09
 1.07412672e+09 1.07412676e+09 1.07412681e+09 1.07412685e+09
 1.07412689e+09 1.07412694e+09 1.07412698e+09 1.07412702e+09
 1.07412707e+09 1.07412711e+09 1.07412715e+09 1.07412720e+09
 1.07412724e+09 1.07412728e+09 1.07412733e+09 1.07412737e+09
 1.07412741e+09 1.07412746e+09 1.07412750e+09 1.07412754e+09
 1.07412759e+09 1.07412763e+09 1.07412767e+09 1.07412772e+09
 1.07412776e+09 1.07412780e+09 1.07412785e+09 1.07412789e+09
 1.07412793e+09 1.07412798e+09 1.07412802e+09 1.07412806e+09
 1.07412811e+09 1.07412815e+09 1.07412819e+09 1.07412824e+09
 1.07412828e+09 1.07412832e+09 1.07412837e+09 1.07412841e+09
 1.07412845e+09 1.07412850e+09 1.07412854e+09 1.07412858e+09
 1.07412863e+09 1.07412867e+09 1.07412871e+09 1.07412876e+09
 1.07412880e+09 1.07412884e+09 1.07412889e+09 1.07412893e+09
 1.07412897e+09 1.07412902e+09 1.07412906e+09 1.07412910e+09
 1.07412915e+09 1.07412919e+09 1.07412923e+09 1.07412928e+09
 1.07412932e+09 1.07412936e+09 1.07412941e+09 1.07412945e+09
 1.07412949e+09 1.07412954e+09 1.07412958e+09 1.07412962e+09
 1.07412967e+09 1.07412971e+09 1.07412975e+09 1.07412980e+09
 1.07412984e+09 1.07412988e+09 1.07412993e+09 1.07412997e+09
 1.07413001e+09 1.07413006e+09 1.07413010e+09 1.07413014e+09
 1.07413019e+09 1.07413023e+09 1.07413028e+09 1.07413032e+09
 1.07413036e+09 1.07413041e+09 1.07413045e+09 1.07413049e+09
 1.07413054e+09 1.07413058e+09 1.07413062e+09 1.07413067e+09
 1.07413071e+09 1.07413075e+09 1.07413080e+09 1.07413084e+09
 1.07413088e+09 1.07413093e+09 1.07413097e+09 1.07413101e+09
 1.07413106e+09 1.07413110e+09 1.07413114e+09 1.07413119e+09
 1.07413123e+09 1.07413127e+09 1.07413132e+09 1.07413136e+09
 1.07413140e+09 1.07413145e+09 1.07413149e+09 1.07413153e+09
 1.07413158e+09 1.07413162e+09 1.07413166e+09 1.07413171e+09
 1.07413175e+09 1.07413179e+09 1.07413184e+09 1.07413188e+09
 1.07413192e+09 1.07413197e+09 1.07413201e+09 1.07413205e+09
 1.07413210e+09 1.07413214e+09 1.07413218e+09 1.07413223e+09
 1.07413227e+09 1.07413231e+09 1.07413236e+09 1.07413240e+09
 1.07413244e+09 1.07413249e+09 1.07413253e+09 1.07413257e+09
 1.07413262e+09 1.07413266e+09 1.07413270e+09 1.07413275e+09
 1.07413279e+09 1.07413283e+09 1.07413288e+09 1.07413292e+09
 1.07413296e+09 1.07413301e+09 1.07413305e+09 1.07413309e+09
 1.07413314e+09 1.07413318e+09 1.07413322e+09 1.07413327e+09
 1.07413331e+09 1.07413335e+09 1.07413340e+09 1.07413344e+09
 1.07413348e+09 1.07413353e+09 1.07413357e+09 1.07413361e+09
 1.07413366e+09 1.07413370e+09 1.07413374e+09 1.07413379e+09
 1.07413383e+09 1.07413387e+09 1.07413392e+09 1.07413396e+09
 1.07413400e+09 1.07413405e+09 1.07413409e+09 1.07413413e+09
 1.07413418e+09 1.07413422e+09 1.07413426e+09 1.07413431e+09
 1.07413435e+09 1.07413439e+09 1.07413444e+09 1.07413448e+09
 1.07413452e+09 1.07413457e+09 1.07413461e+09 1.07413465e+09
 1.07413470e+09 1.07413474e+09 1.07413478e+09 1.07413483e+09
 1.07413487e+09 1.07413492e+09 1.07413496e+09 1.07413500e+09
 1.07413505e+09 1.07413509e+09 1.07413513e+09 1.07413518e+09
 1.07413522e+09 1.07413526e+09 1.07413531e+09 1.07413535e+09
 1.07413539e+09 1.07413544e+09 1.07413548e+09 1.07413552e+09
 1.07413557e+09 1.07413561e+09 1.07413565e+09 1.07413570e+09
 1.07413574e+09 1.07413578e+09 1.07413583e+09 1.07413587e+09
 1.07413591e+09 1.07413596e+09 1.07413600e+09 1.07413604e+09
 1.07413609e+09 1.07413613e+09 1.07413617e+09 1.07413622e+09
 1.07413626e+09 1.07413630e+09 1.07413635e+09 1.07413639e+09
 1.07413643e+09 1.07413648e+09 1.07413652e+09 1.07413656e+09
 1.07413661e+09 1.07413665e+09 1.07413669e+09 1.07413674e+09
 1.07413678e+09 1.07413682e+09 1.07413687e+09 1.07413691e+09
 1.07413695e+09 1.07413700e+09 1.07413704e+09 1.07413708e+09
 1.07413713e+09 1.07413717e+09 1.07413721e+09 1.07413726e+09
 1.07413730e+09 1.07413734e+09 1.07413739e+09 1.07413743e+09
 1.07413747e+09 1.07413752e+09 1.07413756e+09 1.07413760e+09
 1.07413765e+09 1.07413769e+09 1.07413773e+09 1.07413778e+09
 1.07413782e+09 1.07413786e+09 1.07413791e+09 1.07413795e+09
 1.07413799e+09 1.07413804e+09 1.07413808e+09 1.07413812e+09
 1.07413817e+09 1.07413821e+09 1.07413825e+09 1.07413830e+09
 1.07413834e+09 1.07413838e+09 1.07413843e+09 1.07413847e+09
 1.07413851e+09 1.07413856e+09 1.07413860e+09 1.07413864e+09
 1.07413869e+09 1.07413873e+09 1.07413877e+09 1.07413882e+09
 1.07413886e+09 1.07413890e+09 1.07413895e+09 1.07413899e+09
 1.07413903e+09 1.07413908e+09 1.07413912e+09 1.07413916e+09
 1.07413921e+09 1.07413925e+09 1.07413929e+09 1.07413934e+09
 1.07413938e+09 1.07413943e+09 1.07413947e+09 1.07413951e+09
 1.07413956e+09 1.07413960e+09 1.07413964e+09 1.07413969e+09
 1.07413973e+09 1.07413977e+09 1.07413982e+09 1.07413986e+09
 1.07413990e+09 1.07413995e+09 1.07413999e+09 1.07414003e+09
 1.07414008e+09 1.07414012e+09 1.07414016e+09 1.07414021e+09
 1.07414025e+09 1.07414029e+09 1.07414034e+09 1.07414038e+09
 1.07414042e+09 1.07414047e+09 1.07414051e+09 1.07414055e+09
 1.07414060e+09 1.07414064e+09 1.07414068e+09 1.07414073e+09
 1.07414077e+09 1.07414081e+09 1.07414086e+09 1.07414090e+09
 1.07414094e+09 1.07414099e+09 1.07414103e+09 1.07414107e+09
 1.07414112e+09 1.07414116e+09 1.07414120e+09 1.07414125e+09
 1.07414129e+09 1.07414133e+09 1.07414138e+09 1.07414142e+09
 1.07414146e+09 1.07414151e+09 1.07414155e+09 1.07414159e+09
 1.07414164e+09 1.07414168e+09 1.07414172e+09 1.07414177e+09
 1.07414181e+09 1.07414185e+09 1.07414190e+09 1.07414194e+09
 1.07414198e+09 1.07414203e+09 1.07414207e+09 1.07414211e+09
 1.07414216e+09 1.07414220e+09 1.07414224e+09 1.07414229e+09
 1.07414233e+09 1.07414237e+09 1.07414242e+09 1.07414246e+09
 1.07414250e+09 1.07414255e+09 1.07414259e+09 1.07414263e+09
 1.07414268e+09 1.07414272e+09 1.07414276e+09 1.07414281e+09
 1.07414285e+09 1.07414289e+09 1.07414294e+09 1.07414298e+09
 1.07414302e+09 1.07414307e+09 1.07414311e+09 1.07414315e+09
 1.07414320e+09 1.07414324e+09 1.07414328e+09 1.07414333e+09
 1.07414337e+09 1.07414341e+09 1.07414346e+09 1.07414350e+09
 1.07414354e+09 1.07414359e+09 1.07414363e+09 1.07414367e+09
 1.07414372e+09 1.07414376e+09 1.07414380e+09 1.07414385e+09
 1.07414389e+09 1.07414394e+09 1.07414398e+09 1.07414402e+09
 1.07414407e+09 1.07414411e+09 1.07414415e+09 1.07414420e+09
 1.07414424e+09 1.07414428e+09 1.07414433e+09 1.07414437e+09
 1.07414441e+09 1.07414446e+09 1.07414450e+09 1.07414454e+09
 1.07414459e+09 1.07414463e+09 1.07414467e+09 1.07414472e+09
 1.07414476e+09 1.07414480e+09 1.07414485e+09 1.07414489e+09
 1.07414493e+09 1.07414498e+09 1.07414502e+09 1.07414506e+09
 1.07414511e+09 1.07414515e+09 1.07414519e+09 1.07414524e+09
 1.07414528e+09 1.07414532e+09 1.07414537e+09 1.07414541e+09
 1.07414545e+09 1.07414550e+09 1.07414554e+09 1.07414558e+09
 1.07414563e+09 1.07414567e+09 1.07414571e+09 1.07414576e+09
 1.07414580e+09 1.07414584e+09 1.07414589e+09 1.07414593e+09
 1.07414597e+09 1.07414602e+09 1.07414606e+09 1.07414610e+09
 1.07414615e+09 1.07414619e+09 1.07414623e+09 1.07414628e+09
 1.07414632e+09 1.07414636e+09 1.07414641e+09 1.07414645e+09
 1.07414649e+09 1.07414654e+09 1.07414658e+09 1.07414662e+09
 1.07414667e+09 1.07414671e+09 1.07414675e+09 1.07414680e+09
 1.07414684e+09 1.07414688e+09 1.07414693e+09 1.07414697e+09
 1.07414701e+09 1.07414706e+09 1.07414710e+09 1.07414714e+09
 1.07414719e+09 1.07414723e+09 1.07414727e+09 1.07414732e+09
 1.07414736e+09 1.07414740e+09 1.07414745e+09 1.07414749e+09
 1.07414753e+09 1.07414758e+09 1.07414762e+09 1.07414766e+09
 1.07414771e+09 1.07414775e+09 1.07414779e+09 1.07414784e+09
 1.07414788e+09 1.07414792e+09 1.07414797e+09 1.07414801e+09
 1.07414805e+09 1.07414810e+09 1.07414814e+09 1.07414818e+09
 1.07414823e+09 1.07414827e+09 1.07414831e+09 1.07414836e+09
 1.07414840e+09 1.07414845e+09 1.07414849e+09 1.07414853e+09
 1.07414858e+09 1.07414862e+09 1.07414866e+09 1.07414871e+09
 1.07414875e+09 1.07414879e+09 1.07414884e+09 1.07414888e+09
 1.07414892e+09]
