name =JUICE_ROI_GAN_4_6_02
flyby = ['2034 JUL 11 19:50:31', '2034 JUL 12 19:50:31']
Observation TW = <SpiceCell dtype = 1, length = 0, size = 3400, card = 14, is_set = 1, adjust = 0, init = 1, base = 94073126541184, data = 94073126541232>
Res(t) = [2.1657415  2.16350039 2.16126349 2.15903078 2.15680227 2.15457796
 2.15235787 2.15014199 2.14793033 2.14572289 2.14351968 2.14132069
 2.13912594 2.13693542 2.13474915 2.13256712 2.13038934 2.12821581
 2.12604654 2.12388153 2.12172078 2.11956431 2.1174121  2.11526417
 2.11312052 2.11098116 2.10884608 2.10671529 2.1045888  2.10246661
 2.10034872 2.09823514 2.09612587 2.09402091 2.09192027 2.08982395
 2.08773196 2.0856443  2.08356098 2.08148199 2.07940734 2.07733704
 2.07527109 2.07320949 2.07115224 2.06909936 2.06705084 2.06500669
 2.06296691 2.0609315  2.05890047 2.05687383 2.05485157 2.05283371
 2.05082024 2.04881116 2.04680649 2.04480622 2.04281036 2.04081892
 2.03883189 2.03684928 2.03487109 2.03289733 2.030928   2.02896311
 2.02700265 2.02504664 2.02309507 2.02114795 2.01920528 2.01726707
 2.01533332 2.01340403 2.01147921 2.00955886 2.00764299 2.00573159
 2.00382467 2.00192224 2.00002429 1.99813084 1.99624188 1.99435742
 1.99247746 1.99060201 1.98873106 1.98686463 1.98500272 1.98314532
 1.98129245 1.9794441  1.97760028 1.97576099 1.97392624 1.97209603
 1.97027036 1.96844924 1.96663266 1.96482064 1.96301318 1.96121027
 1.95941193 1.95761815 1.95582894 1.9540443  1.95226424 1.95048875
 1.94871785 1.94695153 1.9451898  1.94343266 1.94168011 1.93993216
 1.93818881 1.93645007 1.93471593 1.9329864  1.93126148 1.92954118
 1.92782549 1.92611443 1.92440799 1.92270617 1.92100899 1.91931644
 1.91762853 1.91594525 1.91426662 1.91259263 1.91092329 1.9092586
 1.90759856 1.90594317 1.90429245 1.90264638 1.90100498 1.89936825
 1.89773618 1.89610879 1.89448607 1.89286803 1.89125466 1.88964598
 1.88804199 1.88644268 1.88484806 1.88325813 1.8816729  1.88009237
 1.87851653 1.8769454  1.87537897 1.87381725 1.87226024 1.87070794
 1.86916035 1.86761748 1.86607933 1.8645459  1.8630172  1.86149321
 1.85997396 1.85845943 1.85694964 1.85544458 1.85394426 1.85244867
 1.85095783 1.84947173 1.84799037 1.84651375 1.84504189 1.84357478
 1.84211242 1.84065481 1.83920196 1.83775386 1.83631053 1.83487195
 1.83343814 1.8320091  1.83058482 1.82916531 1.82775057 1.8263406
 1.8249354  1.82353498 1.82213934 1.82074847 1.81936239 1.81798108
 1.81660456 1.81523282 1.81386587 1.8125037  1.81114633 1.80979374
 1.80844594 1.80710294 1.80576473 1.80443131 1.80310269 1.80177886
 1.80045984 1.79914561 1.79783619 1.79653157 1.79523175 1.79393673
 1.79264652 1.79136111 1.79008051 1.78880472 1.78753374 1.78626756
 1.7850062  1.78374964 1.7824979  1.78125097 1.78000886 1.77877156
 1.77753907 1.7763114  1.77508854 1.7738705  1.77265728 1.77144887
 1.77024529 1.76904652 1.76785257 1.76666344 1.76547912 1.76429963
 1.76312496 1.76195511 1.76079008 1.75962987 1.75847448 1.75732391
 1.75617817 1.75503724 1.75390114 1.75276985 1.75164339 1.75052175
 1.74940494 1.74829294 1.74718576 1.74608341 1.74498587 1.74389316
 1.74280527 1.74172219 1.74064394 1.7395705  1.73850189 1.73743809
 1.73637911 1.73532495 1.7342756  1.73323107 1.73219136 1.73115646
 1.73012637 1.7291011  1.72808065 1.727065   1.72605417 1.72504815
 1.72404693 1.72305053 1.72205893 1.72107214 1.72009016 1.71911298
 1.71814061 1.71717304 1.71621027 1.7152523  1.71429913 1.71335076
 1.71240718 1.7114684  1.71053442 1.70960522 1.70868082 1.70776121
 1.70684639 1.70593635 1.7050311  1.70413064 1.70323495 1.70234405
 1.70145793 1.70057658 1.69970001 1.69882821 1.69796119 1.69709893
 1.69624144 1.69538872 1.69454076 1.69369757 1.69285913 1.69202546
 1.69119654 1.69037237 1.68955295 1.68873829 1.68792837 1.6871232
 1.68632277 1.68552708 1.68473612 1.68394991 1.68316842 1.68239167
 1.68161964 1.68085234 1.68008977 1.67933191 1.67857877 1.67783035
 1.67708663 1.67634763 1.67561334 1.67488374 1.67415885 1.67343866
 1.67272316 1.67201235 1.67130623 1.6706048  1.66990805 1.66921598
 1.66852858 1.66784586 1.66716781 1.66649443 1.66582571 1.66516165
 1.66450224 1.66384749 1.66319739 1.66255193 1.66191112 1.66127495
 1.66064341 1.66001651 1.65939423 1.65877658 1.65816354 1.65755513
 1.65695133 1.65635214 1.65575755 1.65516756 1.65458218 1.65400138
 1.65342518 1.65285356 1.65228652 1.65172406 1.65116618 1.65061286
 1.65006411 1.64951992 1.64898028 1.6484452  1.64791466 1.64738867
 1.64686722 1.6463503  1.64583791 1.64533004 1.6448267  1.64432787
 1.64383355 1.64334374 1.64285843 1.64237762 1.64190131 1.64142947
 1.64096213 1.64049926 1.64004086 1.63958693 1.63913747 1.63869246
 1.6382519  1.6378158  1.63738414 1.63695691 1.63653412 1.63611575
 1.63570181 1.63529228 1.63488716 1.63448645 1.63409015 1.63369823
 1.63331071 1.63292757 1.63254881 1.63217442 1.6318044  1.63143875
 1.63107745 1.6307205  1.6303679  1.63001963 1.6296757  1.6293361
 1.62900082 1.62866985 1.6283432  1.62802085 1.6277028  1.62738904
 1.62707957 1.62677438 1.62647346 1.62617682 1.62588443 1.6255963
 1.62531242 1.62503278 1.62475738 1.62448622 1.62421927 1.62395655
 1.62369804 1.62344373 1.62319362 1.62294771 1.62270598 1.62246843
 1.62223505 1.62200585 1.6217808  1.6215599  1.62134316 1.62113055
 1.62092207 1.62071773 1.6205175  1.62032138 1.62012938 1.61994147
 1.61975765 1.61957792 1.61940227 1.61923069 1.61906318 1.61889972
 1.61874031 1.61858495 1.61843363 1.61828633 1.61814306 1.6180038
 1.61786855 1.6177373  1.61761005 1.61748678 1.61736749 1.61725217
 1.61714082 1.61703342 1.61692997 1.61683047 1.6167349  1.61664326
 1.61655553 1.61647172 1.61639182 1.61631581 1.61624369 1.61617546
 1.6161111  1.6160506  1.61599397 1.61594118 1.61589225 1.61584714
 1.61580587 1.61576841 1.61573477 1.61570493 1.61567889 1.61565664
 1.61563818 1.61562348 1.61561255 1.61560538 1.61560196 1.61560228
 1.61560633 1.61561411 1.6156256  1.61564081 1.61565972 1.61568232
 1.6157086  1.61573857 1.6157722  1.61580949 1.61585044 1.61589503
 1.61594325 1.61599511 1.61605058 1.61610967 1.61617235 1.61623864
 1.61630851 1.61638195 1.61645897 1.61653955 1.61662368 1.61671135
 1.61680257 1.61689731 1.61699556 1.61709733 1.6172026  1.61731137
 1.61742362 1.61753935 1.61765854 1.6177812  1.6179073  1.61803685
 1.61816983 1.61830624 1.61844606 1.61858929 1.61873592 1.61888594
 1.61903934 1.61919611 1.61935625 1.61951975 1.61968659 1.61985677
 1.62003028 1.62020711 1.62038725 1.62057069 1.62075743 1.62094745
 1.62114075 1.62133732 1.62153714 1.62174022 1.62194653 1.62215608
 1.62236886 1.62258484 1.62280403 1.62302642 1.623252   1.62348075
 1.62371267 1.62394776 1.62418599 1.62442737 1.62467189 1.62491952
 1.62517028 1.62542414 1.62568109 1.62594114 1.62620426 1.62647046
 1.62673972 1.62701203 1.62728738 1.62756577 1.62784718 1.62813161
 1.62841905 1.62870948 1.6290029  1.62929931 1.62959868 1.62990101
 1.6302063  1.63051453 1.6308257  1.63113979 1.63145679 1.6317767
 1.63209951 1.63242521 1.63275379 1.63308524 1.63341955 1.63375671
 1.63409671 1.63443955 1.63478521 1.63513369 1.63548497 1.63583905
 1.63619591 1.63655556 1.63691797 1.63728314 1.63765107 1.63802174
 1.63839513 1.63877126 1.63915009 1.63953163 1.63991587 1.64030279
 1.64069239 1.64108466 1.64147958 1.64187716 1.64227738 1.64268023
 1.64308569 1.64349378 1.64390446 1.64431774 1.64473361 1.64515205
 1.64557306 1.64599663 1.64642274 1.64685139 1.64728258 1.64771628
 1.6481525  1.64859122 1.64903243 1.64947613 1.6499223  1.65037094
 1.65082203 1.65127557 1.65173155 1.65218996 1.65265079 1.65311403
 1.65357967 1.65404771 1.65451812 1.65499092 1.65546607 1.65594359
 1.65642345 1.65690564 1.65739017 1.65787702 1.65836617 1.65885763
 1.65935138 1.65984741 1.66034572 1.6608463  1.66134912 1.6618542
 1.66236151 1.66287106 1.66338282 1.66389679 1.66441297 1.66493134
 1.66545189 1.66597461 1.66649951 1.66702655 1.66755575 1.66808709
 1.66862055 1.66915614 1.66969383 1.67023363 1.67077553 1.67131951
 1.67186556 1.67241369 1.67296387 1.6735161  1.67407037 1.67462667
 1.675185   1.67574534 1.67630768 1.67687203 1.67743835 1.67800666
 1.67857694 1.67914917 1.67972336 1.6802995  1.68087757 1.68145756
 1.68203947 1.68262329 1.68320901 1.68379662 1.68438611 1.68497747
 1.6855707  1.68616579 1.68676272 1.68736149 1.6879621  1.68856452
 1.68916876 1.6897748  1.69038263 1.69099226 1.69160366 1.69221683
 1.69283176 1.69344845 1.69406688 1.69468704 1.69530894 1.69593255
 1.69655787 1.69718489 1.69781361 1.69844401 1.69907609 1.69970984
 1.70034524 1.7009823  1.701621   1.70226134 1.7029033  1.70354688
 1.70419206 1.70483885 1.70548723 1.7061372  1.70678875 1.70744186
 1.70809653 1.70875275 1.70941052 1.71006982 1.71073065 1.71139299
 1.71205685 1.71272221 1.71338907 1.71405741 1.71472723 1.71539852
 1.71607127 1.71674547 1.71742112 1.71809821 1.71877673 1.71945667
 1.72013803 1.72082079 1.72150495 1.72219049 1.72287743 1.72356573
 1.7242554  1.72494643 1.72563881 1.72633254 1.72702759 1.72772398
 1.72842168 1.7291207  1.72982102 1.73052263 1.73122554 1.73192972
 1.73263518 1.7333419  1.73404988 1.73475911 1.73546959 1.73618129
 1.73689423 1.73760838 1.73832375 1.73904032 1.73975808 1.74047704
 1.74119718 1.74191849 1.74264097 1.74336461 1.7440894  1.74481533
 1.7455424  1.7462706  1.74699993 1.74773037 1.74846191 1.74919456
 1.7499283  1.75066313 1.75139903 1.75213601 1.75287405 1.75361315
 1.75435329 1.75509448 1.75583671 1.75657996 1.75732424 1.75806953
 1.75881582 1.75956312 1.7603114  1.76106068 1.76181093 1.76256216
 1.76331435 1.76406749 1.76482159 1.76557663 1.76633261 1.76708952
 1.76784736 1.76860611 1.76936577 1.77012633 1.77088779 1.77165013
 1.77241336 1.77317747 1.77394245 1.77470828 1.77547498 1.77624252
 1.77701091 1.77778013 1.77855018 1.77932105 1.78009274 1.78086524
 1.78163854 1.78241263 1.78318752 1.78396319 1.78473964 1.78551686
 1.78629484 1.78707358 1.78785307 1.78863331 1.78941429 1.79019599
 1.79097843 1.79176158 1.79254545 1.79333002 1.7941153  1.79490127
 1.79568792 1.79647526 1.79726328 1.79805197 1.79884132 1.79963133
 1.80042199 1.80121329 1.80200524 1.80279782 1.80359102 1.80438485
 1.8051793  1.80597435 1.80677001 1.80756626 1.80836311 1.80916054
 1.80995856 1.81075714 1.8115563  1.81235602 1.8131563  1.81395712
 1.8147585  1.81556041 1.81636286 1.81716583 1.81796933 1.81877335
 1.81957788 1.82038291 1.82118844 1.82199447 1.82280099 1.82360799
 1.82441547 1.82522342 1.82603184 1.82684072 1.82765006 1.82845985
 1.82927009 1.83008076 1.83089187 1.83170341 1.83251537 1.83332776
 1.83414056 1.83495376 1.83576737 1.83658138 1.83739578 1.83821056
 1.83902573 1.83984128 1.8406572  1.84147349 1.84229014 1.84310714
 1.8439245  1.84474221 1.84556026 1.84637864 1.84719736 1.8480164
 1.84883577 1.84965545 1.85047545 1.85129576 1.85211636 1.85293727
 1.85375847 1.85457995 1.85540172 1.85622377 1.8570461  1.85786869
 1.85869155 1.85951467 1.86033804 1.86116167 1.86198554 1.86280965
 1.863634   1.86445858 1.8652834  1.86610843 1.86693368 1.86775915
 1.86858483 1.86941071 1.8702368  1.87106308 1.87188956 1.87271622
 1.87354307 1.8743701  1.8751973  1.87602467 1.87685221 1.87767991
 1.87850777 1.87933579 1.88016395 1.88099226 1.88182072 1.88264931
 1.88347803 1.88430688 1.88513586 1.88596496 1.88679417 1.8876235
 1.88845294 1.88928248 1.89011213 1.89094187 1.89177171 1.89260163
 1.89343164 1.89426173 1.8950919  1.89592215 1.89675246 1.89758284
 1.89841329 1.89924379 1.90007435 1.90090496 1.90173562 1.90256632
 1.90339707 1.90422785 1.90505866 1.9058895 ]
t = [1.08953230e+09 1.08953239e+09 1.08953247e+09 1.08953256e+09
 1.08953265e+09 1.08953273e+09 1.08953282e+09 1.08953291e+09
 1.08953299e+09 1.08953308e+09 1.08953317e+09 1.08953325e+09
 1.08953334e+09 1.08953342e+09 1.08953351e+09 1.08953360e+09
 1.08953368e+09 1.08953377e+09 1.08953386e+09 1.08953394e+09
 1.08953403e+09 1.08953412e+09 1.08953420e+09 1.08953429e+09
 1.08953438e+09 1.08953446e+09 1.08953455e+09 1.08953464e+09
 1.08953472e+09 1.08953481e+09 1.08953489e+09 1.08953498e+09
 1.08953507e+09 1.08953515e+09 1.08953524e+09 1.08953533e+09
 1.08953541e+09 1.08953550e+09 1.08953559e+09 1.08953567e+09
 1.08953576e+09 1.08953585e+09 1.08953593e+09 1.08953602e+09
 1.08953611e+09 1.08953619e+09 1.08953628e+09 1.08953637e+09
 1.08953645e+09 1.08953654e+09 1.08953662e+09 1.08953671e+09
 1.08953680e+09 1.08953688e+09 1.08953697e+09 1.08953706e+09
 1.08953714e+09 1.08953723e+09 1.08953732e+09 1.08953740e+09
 1.08953749e+09 1.08953758e+09 1.08953766e+09 1.08953775e+09
 1.08953784e+09 1.08953792e+09 1.08953801e+09 1.08953809e+09
 1.08953818e+09 1.08953827e+09 1.08953835e+09 1.08953844e+09
 1.08953853e+09 1.08953861e+09 1.08953870e+09 1.08953879e+09
 1.08953887e+09 1.08953896e+09 1.08953905e+09 1.08953913e+09
 1.08953922e+09 1.08953931e+09 1.08953939e+09 1.08953948e+09
 1.08953957e+09 1.08953965e+09 1.08953974e+09 1.08953982e+09
 1.08953991e+09 1.08954000e+09 1.08954008e+09 1.08954017e+09
 1.08954026e+09 1.08954034e+09 1.08954043e+09 1.08954052e+09
 1.08954060e+09 1.08954069e+09 1.08954078e+09 1.08954086e+09
 1.08954095e+09 1.08954104e+09 1.08954112e+09 1.08954121e+09
 1.08954129e+09 1.08954138e+09 1.08954147e+09 1.08954155e+09
 1.08954164e+09 1.08954173e+09 1.08954181e+09 1.08954190e+09
 1.08954199e+09 1.08954207e+09 1.08954216e+09 1.08954225e+09
 1.08954233e+09 1.08954242e+09 1.08954251e+09 1.08954259e+09
 1.08954268e+09 1.08954277e+09 1.08954285e+09 1.08954294e+09
 1.08954302e+09 1.08954311e+09 1.08954320e+09 1.08954328e+09
 1.08954337e+09 1.08954346e+09 1.08954354e+09 1.08954363e+09
 1.08954372e+09 1.08954380e+09 1.08954389e+09 1.08954398e+09
 1.08954406e+09 1.08954415e+09 1.08954424e+09 1.08954432e+09
 1.08954441e+09 1.08954449e+09 1.08954458e+09 1.08954467e+09
 1.08954475e+09 1.08954484e+09 1.08954493e+09 1.08954501e+09
 1.08954510e+09 1.08954519e+09 1.08954527e+09 1.08954536e+09
 1.08954545e+09 1.08954553e+09 1.08954562e+09 1.08954571e+09
 1.08954579e+09 1.08954588e+09 1.08954597e+09 1.08954605e+09
 1.08954614e+09 1.08954622e+09 1.08954631e+09 1.08954640e+09
 1.08954648e+09 1.08954657e+09 1.08954666e+09 1.08954674e+09
 1.08954683e+09 1.08954692e+09 1.08954700e+09 1.08954709e+09
 1.08954718e+09 1.08954726e+09 1.08954735e+09 1.08954744e+09
 1.08954752e+09 1.08954761e+09 1.08954769e+09 1.08954778e+09
 1.08954787e+09 1.08954795e+09 1.08954804e+09 1.08954813e+09
 1.08954821e+09 1.08954830e+09 1.08954839e+09 1.08954847e+09
 1.08954856e+09 1.08954865e+09 1.08954873e+09 1.08954882e+09
 1.08954891e+09 1.08954899e+09 1.08954908e+09 1.08954917e+09
 1.08954925e+09 1.08954934e+09 1.08954942e+09 1.08954951e+09
 1.08954960e+09 1.08954968e+09 1.08954977e+09 1.08954986e+09
 1.08954994e+09 1.08955003e+09 1.08955012e+09 1.08955020e+09
 1.08955029e+09 1.08955038e+09 1.08955046e+09 1.08955055e+09
 1.08955064e+09 1.08955072e+09 1.08955081e+09 1.08955089e+09
 1.08955098e+09 1.08955107e+09 1.08955115e+09 1.08955124e+09
 1.08955133e+09 1.08955141e+09 1.08955150e+09 1.08955159e+09
 1.08955167e+09 1.08955176e+09 1.08955185e+09 1.08955193e+09
 1.08955202e+09 1.08955211e+09 1.08955219e+09 1.08955228e+09
 1.08955237e+09 1.08955245e+09 1.08955254e+09 1.08955262e+09
 1.08955271e+09 1.08955280e+09 1.08955288e+09 1.08955297e+09
 1.08955306e+09 1.08955314e+09 1.08955323e+09 1.08955332e+09
 1.08955340e+09 1.08955349e+09 1.08955358e+09 1.08955366e+09
 1.08955375e+09 1.08955384e+09 1.08955392e+09 1.08955401e+09
 1.08955409e+09 1.08955418e+09 1.08955427e+09 1.08955435e+09
 1.08955444e+09 1.08955453e+09 1.08955461e+09 1.08955470e+09
 1.08955479e+09 1.08955487e+09 1.08955496e+09 1.08955505e+09
 1.08955513e+09 1.08955522e+09 1.08955531e+09 1.08955539e+09
 1.08955548e+09 1.08955557e+09 1.08955565e+09 1.08955574e+09
 1.08955582e+09 1.08955591e+09 1.08955600e+09 1.08955608e+09
 1.08955617e+09 1.08955626e+09 1.08955634e+09 1.08955643e+09
 1.08955652e+09 1.08955660e+09 1.08955669e+09 1.08955678e+09
 1.08955686e+09 1.08955695e+09 1.08955704e+09 1.08955712e+09
 1.08955721e+09 1.08955729e+09 1.08955738e+09 1.08955747e+09
 1.08955755e+09 1.08955764e+09 1.08955773e+09 1.08955781e+09
 1.08955790e+09 1.08955799e+09 1.08955807e+09 1.08955816e+09
 1.08955825e+09 1.08955833e+09 1.08955842e+09 1.08955851e+09
 1.08955859e+09 1.08955868e+09 1.08955877e+09 1.08955885e+09
 1.08955894e+09 1.08955902e+09 1.08955911e+09 1.08955920e+09
 1.08955928e+09 1.08955937e+09 1.08955946e+09 1.08955954e+09
 1.08955963e+09 1.08955972e+09 1.08955980e+09 1.08955989e+09
 1.08955998e+09 1.08956006e+09 1.08956015e+09 1.08956024e+09
 1.08956032e+09 1.08956041e+09 1.08956049e+09 1.08956058e+09
 1.08956067e+09 1.08956075e+09 1.08956084e+09 1.08956093e+09
 1.08956101e+09 1.08956110e+09 1.08956119e+09 1.08956127e+09
 1.08956136e+09 1.08956145e+09 1.08956153e+09 1.08956162e+09
 1.08956171e+09 1.08956179e+09 1.08956188e+09 1.08956197e+09
 1.08956205e+09 1.08956214e+09 1.08956222e+09 1.08956231e+09
 1.08956240e+09 1.08956248e+09 1.08956257e+09 1.08956266e+09
 1.08956274e+09 1.08956283e+09 1.08956292e+09 1.08956300e+09
 1.08956309e+09 1.08956318e+09 1.08956326e+09 1.08956335e+09
 1.08956344e+09 1.08956352e+09 1.08956361e+09 1.08956369e+09
 1.08956378e+09 1.08956387e+09 1.08956395e+09 1.08956404e+09
 1.08956413e+09 1.08956421e+09 1.08956430e+09 1.08956439e+09
 1.08956447e+09 1.08956456e+09 1.08956465e+09 1.08956473e+09
 1.08956482e+09 1.08956491e+09 1.08956499e+09 1.08956508e+09
 1.08956517e+09 1.08956525e+09 1.08956534e+09 1.08956542e+09
 1.08956551e+09 1.08956560e+09 1.08956568e+09 1.08956577e+09
 1.08956586e+09 1.08956594e+09 1.08956603e+09 1.08956612e+09
 1.08956620e+09 1.08956629e+09 1.08956638e+09 1.08956646e+09
 1.08956655e+09 1.08956664e+09 1.08956672e+09 1.08956681e+09
 1.08956689e+09 1.08956698e+09 1.08956707e+09 1.08956715e+09
 1.08956724e+09 1.08956733e+09 1.08956741e+09 1.08956750e+09
 1.08956759e+09 1.08956767e+09 1.08956776e+09 1.08956785e+09
 1.08956793e+09 1.08956802e+09 1.08956811e+09 1.08956819e+09
 1.08956828e+09 1.08956837e+09 1.08956845e+09 1.08956854e+09
 1.08956862e+09 1.08956871e+09 1.08956880e+09 1.08956888e+09
 1.08956897e+09 1.08956906e+09 1.08956914e+09 1.08956923e+09
 1.08956932e+09 1.08956940e+09 1.08956949e+09 1.08956958e+09
 1.08956966e+09 1.08956975e+09 1.08956984e+09 1.08956992e+09
 1.08957001e+09 1.08957009e+09 1.08957018e+09 1.08957027e+09
 1.08957035e+09 1.08957044e+09 1.08957053e+09 1.08957061e+09
 1.08957070e+09 1.08957079e+09 1.08957087e+09 1.08957096e+09
 1.08957105e+09 1.08957113e+09 1.08957122e+09 1.08957131e+09
 1.08957139e+09 1.08957148e+09 1.08957157e+09 1.08957165e+09
 1.08957174e+09 1.08957182e+09 1.08957191e+09 1.08957200e+09
 1.08957208e+09 1.08957217e+09 1.08957226e+09 1.08957234e+09
 1.08957243e+09 1.08957252e+09 1.08957260e+09 1.08957269e+09
 1.08957278e+09 1.08957286e+09 1.08957295e+09 1.08957304e+09
 1.08957312e+09 1.08957321e+09 1.08957329e+09 1.08957338e+09
 1.08957347e+09 1.08957355e+09 1.08957364e+09 1.08957373e+09
 1.08957381e+09 1.08957390e+09 1.08957399e+09 1.08957407e+09
 1.08957416e+09 1.08957425e+09 1.08957433e+09 1.08957442e+09
 1.08957451e+09 1.08957459e+09 1.08957468e+09 1.08957477e+09
 1.08957485e+09 1.08957494e+09 1.08957502e+09 1.08957511e+09
 1.08957520e+09 1.08957528e+09 1.08957537e+09 1.08957546e+09
 1.08957554e+09 1.08957563e+09 1.08957572e+09 1.08957580e+09
 1.08957589e+09 1.08957598e+09 1.08957606e+09 1.08957615e+09
 1.08957624e+09 1.08957632e+09 1.08957641e+09 1.08957649e+09
 1.08957658e+09 1.08957667e+09 1.08957675e+09 1.08957684e+09
 1.08957693e+09 1.08957701e+09 1.08957710e+09 1.08957719e+09
 1.08957727e+09 1.08957736e+09 1.08957745e+09 1.08957753e+09
 1.08957762e+09 1.08957771e+09 1.08957779e+09 1.08957788e+09
 1.08957797e+09 1.08957805e+09 1.08957814e+09 1.08957822e+09
 1.08957831e+09 1.08957840e+09 1.08957848e+09 1.08957857e+09
 1.08957866e+09 1.08957874e+09 1.08957883e+09 1.08957892e+09
 1.08957900e+09 1.08957909e+09 1.08957918e+09 1.08957926e+09
 1.08957935e+09 1.08957944e+09 1.08957952e+09 1.08957961e+09
 1.08957969e+09 1.08957978e+09 1.08957987e+09 1.08957995e+09
 1.08958004e+09 1.08958013e+09 1.08958021e+09 1.08958030e+09
 1.08958039e+09 1.08958047e+09 1.08958056e+09 1.08958065e+09
 1.08958073e+09 1.08958082e+09 1.08958091e+09 1.08958099e+09
 1.08958108e+09 1.08958117e+09 1.08958125e+09 1.08958134e+09
 1.08958142e+09 1.08958151e+09 1.08958160e+09 1.08958168e+09
 1.08958177e+09 1.08958186e+09 1.08958194e+09 1.08958203e+09
 1.08958212e+09 1.08958220e+09 1.08958229e+09 1.08958238e+09
 1.08958246e+09 1.08958255e+09 1.08958264e+09 1.08958272e+09
 1.08958281e+09 1.08958289e+09 1.08958298e+09 1.08958307e+09
 1.08958315e+09 1.08958324e+09 1.08958333e+09 1.08958341e+09
 1.08958350e+09 1.08958359e+09 1.08958367e+09 1.08958376e+09
 1.08958385e+09 1.08958393e+09 1.08958402e+09 1.08958411e+09
 1.08958419e+09 1.08958428e+09 1.08958437e+09 1.08958445e+09
 1.08958454e+09 1.08958462e+09 1.08958471e+09 1.08958480e+09
 1.08958488e+09 1.08958497e+09 1.08958506e+09 1.08958514e+09
 1.08958523e+09 1.08958532e+09 1.08958540e+09 1.08958549e+09
 1.08958558e+09 1.08958566e+09 1.08958575e+09 1.08958584e+09
 1.08958592e+09 1.08958601e+09 1.08958609e+09 1.08958618e+09
 1.08958627e+09 1.08958635e+09 1.08958644e+09 1.08958653e+09
 1.08958661e+09 1.08958670e+09 1.08958679e+09 1.08958687e+09
 1.08958696e+09 1.08958705e+09 1.08958713e+09 1.08958722e+09
 1.08958731e+09 1.08958739e+09 1.08958748e+09 1.08958757e+09
 1.08958765e+09 1.08958774e+09 1.08958782e+09 1.08958791e+09
 1.08958800e+09 1.08958808e+09 1.08958817e+09 1.08958826e+09
 1.08958834e+09 1.08958843e+09 1.08958852e+09 1.08958860e+09
 1.08958869e+09 1.08958878e+09 1.08958886e+09 1.08958895e+09
 1.08958904e+09 1.08958912e+09 1.08958921e+09 1.08958929e+09
 1.08958938e+09 1.08958947e+09 1.08958955e+09 1.08958964e+09
 1.08958973e+09 1.08958981e+09 1.08958990e+09 1.08958999e+09
 1.08959007e+09 1.08959016e+09 1.08959025e+09 1.08959033e+09
 1.08959042e+09 1.08959051e+09 1.08959059e+09 1.08959068e+09
 1.08959077e+09 1.08959085e+09 1.08959094e+09 1.08959102e+09
 1.08959111e+09 1.08959120e+09 1.08959128e+09 1.08959137e+09
 1.08959146e+09 1.08959154e+09 1.08959163e+09 1.08959172e+09
 1.08959180e+09 1.08959189e+09 1.08959198e+09 1.08959206e+09
 1.08959215e+09 1.08959224e+09 1.08959232e+09 1.08959241e+09
 1.08959249e+09 1.08959258e+09 1.08959267e+09 1.08959275e+09
 1.08959284e+09 1.08959293e+09 1.08959301e+09 1.08959310e+09
 1.08959319e+09 1.08959327e+09 1.08959336e+09 1.08959345e+09
 1.08959353e+09 1.08959362e+09 1.08959371e+09 1.08959379e+09
 1.08959388e+09 1.08959397e+09 1.08959405e+09 1.08959414e+09
 1.08959422e+09 1.08959431e+09 1.08959440e+09 1.08959448e+09
 1.08959457e+09 1.08959466e+09 1.08959474e+09 1.08959483e+09
 1.08959492e+09 1.08959500e+09 1.08959509e+09 1.08959518e+09
 1.08959526e+09 1.08959535e+09 1.08959544e+09 1.08959552e+09
 1.08959561e+09 1.08959569e+09 1.08959578e+09 1.08959587e+09
 1.08959595e+09 1.08959604e+09 1.08959613e+09 1.08959621e+09
 1.08959630e+09 1.08959639e+09 1.08959647e+09 1.08959656e+09
 1.08959665e+09 1.08959673e+09 1.08959682e+09 1.08959691e+09
 1.08959699e+09 1.08959708e+09 1.08959717e+09 1.08959725e+09
 1.08959734e+09 1.08959742e+09 1.08959751e+09 1.08959760e+09
 1.08959768e+09 1.08959777e+09 1.08959786e+09 1.08959794e+09
 1.08959803e+09 1.08959812e+09 1.08959820e+09 1.08959829e+09
 1.08959838e+09 1.08959846e+09 1.08959855e+09 1.08959864e+09
 1.08959872e+09 1.08959881e+09 1.08959889e+09 1.08959898e+09
 1.08959907e+09 1.08959915e+09 1.08959924e+09 1.08959933e+09
 1.08959941e+09 1.08959950e+09 1.08959959e+09 1.08959967e+09
 1.08959976e+09 1.08959985e+09 1.08959993e+09 1.08960002e+09
 1.08960011e+09 1.08960019e+09 1.08960028e+09 1.08960037e+09
 1.08960045e+09 1.08960054e+09 1.08960062e+09 1.08960071e+09
 1.08960080e+09 1.08960088e+09 1.08960097e+09 1.08960106e+09
 1.08960114e+09 1.08960123e+09 1.08960132e+09 1.08960140e+09
 1.08960149e+09 1.08960158e+09 1.08960166e+09 1.08960175e+09
 1.08960184e+09 1.08960192e+09 1.08960201e+09 1.08960209e+09
 1.08960218e+09 1.08960227e+09 1.08960235e+09 1.08960244e+09
 1.08960253e+09 1.08960261e+09 1.08960270e+09 1.08960279e+09
 1.08960287e+09 1.08960296e+09 1.08960305e+09 1.08960313e+09
 1.08960322e+09 1.08960331e+09 1.08960339e+09 1.08960348e+09
 1.08960357e+09 1.08960365e+09 1.08960374e+09 1.08960382e+09
 1.08960391e+09 1.08960400e+09 1.08960408e+09 1.08960417e+09
 1.08960426e+09 1.08960434e+09 1.08960443e+09 1.08960452e+09
 1.08960460e+09 1.08960469e+09 1.08960478e+09 1.08960486e+09
 1.08960495e+09 1.08960504e+09 1.08960512e+09 1.08960521e+09
 1.08960529e+09 1.08960538e+09 1.08960547e+09 1.08960555e+09
 1.08960564e+09 1.08960573e+09 1.08960581e+09 1.08960590e+09
 1.08960599e+09 1.08960607e+09 1.08960616e+09 1.08960625e+09
 1.08960633e+09 1.08960642e+09 1.08960651e+09 1.08960659e+09
 1.08960668e+09 1.08960677e+09 1.08960685e+09 1.08960694e+09
 1.08960702e+09 1.08960711e+09 1.08960720e+09 1.08960728e+09
 1.08960737e+09 1.08960746e+09 1.08960754e+09 1.08960763e+09
 1.08960772e+09 1.08960780e+09 1.08960789e+09 1.08960798e+09
 1.08960806e+09 1.08960815e+09 1.08960824e+09 1.08960832e+09
 1.08960841e+09 1.08960849e+09 1.08960858e+09 1.08960867e+09
 1.08960875e+09 1.08960884e+09 1.08960893e+09 1.08960901e+09
 1.08960910e+09 1.08960919e+09 1.08960927e+09 1.08960936e+09
 1.08960945e+09 1.08960953e+09 1.08960962e+09 1.08960971e+09
 1.08960979e+09 1.08960988e+09 1.08960997e+09 1.08961005e+09
 1.08961014e+09 1.08961022e+09 1.08961031e+09 1.08961040e+09
 1.08961048e+09 1.08961057e+09 1.08961066e+09 1.08961074e+09
 1.08961083e+09 1.08961092e+09 1.08961100e+09 1.08961109e+09
 1.08961118e+09 1.08961126e+09 1.08961135e+09 1.08961144e+09
 1.08961152e+09 1.08961161e+09 1.08961169e+09 1.08961178e+09
 1.08961187e+09 1.08961195e+09 1.08961204e+09 1.08961213e+09
 1.08961221e+09 1.08961230e+09 1.08961239e+09 1.08961247e+09
 1.08961256e+09 1.08961265e+09 1.08961273e+09 1.08961282e+09
 1.08961291e+09 1.08961299e+09 1.08961308e+09 1.08961317e+09
 1.08961325e+09 1.08961334e+09 1.08961342e+09 1.08961351e+09
 1.08961360e+09 1.08961368e+09 1.08961377e+09 1.08961386e+09
 1.08961394e+09 1.08961403e+09 1.08961412e+09 1.08961420e+09
 1.08961429e+09 1.08961438e+09 1.08961446e+09 1.08961455e+09
 1.08961464e+09 1.08961472e+09 1.08961481e+09 1.08961489e+09
 1.08961498e+09 1.08961507e+09 1.08961515e+09 1.08961524e+09
 1.08961533e+09 1.08961541e+09 1.08961550e+09 1.08961559e+09
 1.08961567e+09 1.08961576e+09 1.08961585e+09 1.08961593e+09
 1.08961602e+09 1.08961611e+09 1.08961619e+09 1.08961628e+09
 1.08961637e+09 1.08961645e+09 1.08961654e+09 1.08961662e+09
 1.08961671e+09 1.08961680e+09 1.08961688e+09 1.08961697e+09
 1.08961706e+09 1.08961714e+09 1.08961723e+09 1.08961732e+09
 1.08961740e+09 1.08961749e+09 1.08961758e+09 1.08961766e+09
 1.08961775e+09 1.08961784e+09 1.08961792e+09 1.08961801e+09
 1.08961809e+09 1.08961818e+09 1.08961827e+09 1.08961835e+09
 1.08961844e+09 1.08961853e+09 1.08961861e+09 1.08961870e+09]
minRes = 1.615601956586657
minResTime = [1.0895752e+09]
Cov(t) = [100 100 100 100 100 100 100 100 100 100 100 100 100 100 100 100 100 100
 100 100 100 100 100 100 100 100 100 100 100 100 100 100 100 100 100 100
 100 100 100 100 100 100 100 100 100 100 100 100 100 100 100 100 100 100
 100 100 100 100 100 100 100 100 100 100 100 100 100 100 100 100 100 100
 100 100 100 100 100 100 100 100 100 100 100 100 100 100 100 100 100 100
 100 100 100 100 100 100 100 100 100 100 100 100 100 100 100 100 100 100
 100 100 100 100 100 100 100 100 100 100 100 100 100 100 100 100 100 100
 100 100 100 100 100 100 100 100 100 100 100 100 100 100 100 100 100 100
 100 100 100 100 100 100 100 100 100 100 100 100 100 100 100 100 100 100
 100 100 100 100 100 100 100 100 100 100 100 100 100 100 100 100 100 100
 100 100 100 100 100 100 100 100 100 100 100 100 100 100 100 100 100 100
 100 100 100 100 100 100 100 100 100 100 100 100 100 100 100 100 100 100
 100 100 100 100 100 100 100 100 100 100 100 100 100 100 100 100 100 100
 100 100 100 100 100 100 100 100 100 100 100 100 100 100 100 100 100 100
 100 100 100 100 100 100 100 100 100 100 100 100 100 100 100 100 100 100
 100 100 100 100 100 100 100 100 100 100 100 100 100 100 100 100 100 100
 100 100 100 100 100 100 100 100 100 100 100 100 100 100 100 100 100 100
 100 100 100 100 100 100 100 100 100 100 100 100 100 100 100 100 100 100
 100 100 100 100 100 100 100 100 100 100 100 100 100 100 100 100 100 100
 100 100 100 100 100 100 100 100 100 100 100 100 100 100 100 100 100 100
 100 100 100 100 100 100 100 100 100 100 100 100 100 100 100 100 100 100
 100 100 100 100 100 100 100 100 100 100 100 100 100 100 100 100 100 100
 100 100 100 100 100 100 100 100 100 100 100 100 100 100 100 100 100 100
 100 100 100 100 100 100 100 100 100 100 100 100 100 100 100 100 100 100
 100 100 100 100 100 100 100 100 100 100 100 100 100 100 100 100 100 100
 100 100 100 100 100 100 100 100 100 100 100 100 100 100 100 100 100 100
 100 100 100 100 100 100 100 100 100 100 100 100 100 100 100 100 100 100
 100 100 100 100 100 100 100 100 100 100 100 100 100 100 100 100 100 100
 100 100 100 100 100 100 100 100 100 100 100 100 100 100 100 100 100 100
 100 100 100 100 100 100 100 100 100 100 100 100 100 100 100 100 100 100
 100 100 100 100 100 100 100 100 100 100 100 100 100 100 100 100 100 100
 100 100 100 100 100 100 100 100 100 100 100 100 100 100 100 100 100 100
 100 100 100 100 100 100 100 100 100 100 100 100 100 100 100 100 100 100
 100 100 100 100 100 100 100 100 100 100 100 100 100 100 100 100 100 100
 100 100 100 100 100 100 100 100 100 100 100 100 100 100 100 100 100 100
 100 100 100 100 100 100 100 100 100 100 100 100 100 100 100 100 100 100
 100 100 100 100 100 100 100 100 100 100 100 100 100 100 100 100 100 100
 100 100 100 100 100 100 100 100 100 100 100 100 100 100 100 100 100 100
 100 100 100 100 100 100 100 100 100 100 100 100 100 100 100 100 100 100
 100 100 100 100 100 100 100 100 100 100 100 100 100 100 100 100 100 100
 100 100 100 100 100 100 100 100 100 100 100 100 100 100 100 100 100 100
 100 100 100 100 100 100 100 100 100 100 100 100 100 100 100 100 100 100
 100 100 100 100 100 100 100 100 100 100 100 100 100 100 100 100 100 100
 100 100 100 100 100 100 100 100 100 100 100 100 100 100 100 100 100 100
 100 100 100 100 100 100 100 100 100 100 100 100 100 100 100 100 100 100
 100 100 100 100 100 100 100 100 100 100 100 100 100 100 100 100 100 100
 100 100 100 100 100 100 100 100 100 100 100 100 100 100 100 100 100 100
 100 100 100 100 100 100 100 100 100 100 100 100 100 100 100 100 100 100
 100 100 100 100 100 100 100 100 100 100 100 100 100 100 100 100 100 100
 100 100 100 100 100 100 100 100 100 100 100 100 100 100 100 100 100 100
 100 100 100 100 100 100 100 100 100 100 100 100 100 100 100 100 100 100
 100 100 100 100 100 100 100 100 100 100 100 100 100 100 100 100 100 100
 100 100 100 100 100 100 100 100 100 100 100 100 100 100 100 100 100 100
 100 100 100 100 100 100 100 100 100 100 100 100 100 100 100 100 100 100
 100 100 100 100 100 100 100 100 100 100 100 100 100 100 100 100 100 100
 100 100 100 100 100 100 100 100 100 100]
maxCov = 100
maxCovTime = [1.08953230e+09 1.08953239e+09 1.08953247e+09 1.08953256e+09
 1.08953265e+09 1.08953273e+09 1.08953282e+09 1.08953291e+09
 1.08953299e+09 1.08953308e+09 1.08953317e+09 1.08953325e+09
 1.08953334e+09 1.08953342e+09 1.08953351e+09 1.08953360e+09
 1.08953368e+09 1.08953377e+09 1.08953386e+09 1.08953394e+09
 1.08953403e+09 1.08953412e+09 1.08953420e+09 1.08953429e+09
 1.08953438e+09 1.08953446e+09 1.08953455e+09 1.08953464e+09
 1.08953472e+09 1.08953481e+09 1.08953489e+09 1.08953498e+09
 1.08953507e+09 1.08953515e+09 1.08953524e+09 1.08953533e+09
 1.08953541e+09 1.08953550e+09 1.08953559e+09 1.08953567e+09
 1.08953576e+09 1.08953585e+09 1.08953593e+09 1.08953602e+09
 1.08953611e+09 1.08953619e+09 1.08953628e+09 1.08953637e+09
 1.08953645e+09 1.08953654e+09 1.08953662e+09 1.08953671e+09
 1.08953680e+09 1.08953688e+09 1.08953697e+09 1.08953706e+09
 1.08953714e+09 1.08953723e+09 1.08953732e+09 1.08953740e+09
 1.08953749e+09 1.08953758e+09 1.08953766e+09 1.08953775e+09
 1.08953784e+09 1.08953792e+09 1.08953801e+09 1.08953809e+09
 1.08953818e+09 1.08953827e+09 1.08953835e+09 1.08953844e+09
 1.08953853e+09 1.08953861e+09 1.08953870e+09 1.08953879e+09
 1.08953887e+09 1.08953896e+09 1.08953905e+09 1.08953913e+09
 1.08953922e+09 1.08953931e+09 1.08953939e+09 1.08953948e+09
 1.08953957e+09 1.08953965e+09 1.08953974e+09 1.08953982e+09
 1.08953991e+09 1.08954000e+09 1.08954008e+09 1.08954017e+09
 1.08954026e+09 1.08954034e+09 1.08954043e+09 1.08954052e+09
 1.08954060e+09 1.08954069e+09 1.08954078e+09 1.08954086e+09
 1.08954095e+09 1.08954104e+09 1.08954112e+09 1.08954121e+09
 1.08954129e+09 1.08954138e+09 1.08954147e+09 1.08954155e+09
 1.08954164e+09 1.08954173e+09 1.08954181e+09 1.08954190e+09
 1.08954199e+09 1.08954207e+09 1.08954216e+09 1.08954225e+09
 1.08954233e+09 1.08954242e+09 1.08954251e+09 1.08954259e+09
 1.08954268e+09 1.08954277e+09 1.08954285e+09 1.08954294e+09
 1.08954302e+09 1.08954311e+09 1.08954320e+09 1.08954328e+09
 1.08954337e+09 1.08954346e+09 1.08954354e+09 1.08954363e+09
 1.08954372e+09 1.08954380e+09 1.08954389e+09 1.08954398e+09
 1.08954406e+09 1.08954415e+09 1.08954424e+09 1.08954432e+09
 1.08954441e+09 1.08954449e+09 1.08954458e+09 1.08954467e+09
 1.08954475e+09 1.08954484e+09 1.08954493e+09 1.08954501e+09
 1.08954510e+09 1.08954519e+09 1.08954527e+09 1.08954536e+09
 1.08954545e+09 1.08954553e+09 1.08954562e+09 1.08954571e+09
 1.08954579e+09 1.08954588e+09 1.08954597e+09 1.08954605e+09
 1.08954614e+09 1.08954622e+09 1.08954631e+09 1.08954640e+09
 1.08954648e+09 1.08954657e+09 1.08954666e+09 1.08954674e+09
 1.08954683e+09 1.08954692e+09 1.08954700e+09 1.08954709e+09
 1.08954718e+09 1.08954726e+09 1.08954735e+09 1.08954744e+09
 1.08954752e+09 1.08954761e+09 1.08954769e+09 1.08954778e+09
 1.08954787e+09 1.08954795e+09 1.08954804e+09 1.08954813e+09
 1.08954821e+09 1.08954830e+09 1.08954839e+09 1.08954847e+09
 1.08954856e+09 1.08954865e+09 1.08954873e+09 1.08954882e+09
 1.08954891e+09 1.08954899e+09 1.08954908e+09 1.08954917e+09
 1.08954925e+09 1.08954934e+09 1.08954942e+09 1.08954951e+09
 1.08954960e+09 1.08954968e+09 1.08954977e+09 1.08954986e+09
 1.08954994e+09 1.08955003e+09 1.08955012e+09 1.08955020e+09
 1.08955029e+09 1.08955038e+09 1.08955046e+09 1.08955055e+09
 1.08955064e+09 1.08955072e+09 1.08955081e+09 1.08955089e+09
 1.08955098e+09 1.08955107e+09 1.08955115e+09 1.08955124e+09
 1.08955133e+09 1.08955141e+09 1.08955150e+09 1.08955159e+09
 1.08955167e+09 1.08955176e+09 1.08955185e+09 1.08955193e+09
 1.08955202e+09 1.08955211e+09 1.08955219e+09 1.08955228e+09
 1.08955237e+09 1.08955245e+09 1.08955254e+09 1.08955262e+09
 1.08955271e+09 1.08955280e+09 1.08955288e+09 1.08955297e+09
 1.08955306e+09 1.08955314e+09 1.08955323e+09 1.08955332e+09
 1.08955340e+09 1.08955349e+09 1.08955358e+09 1.08955366e+09
 1.08955375e+09 1.08955384e+09 1.08955392e+09 1.08955401e+09
 1.08955409e+09 1.08955418e+09 1.08955427e+09 1.08955435e+09
 1.08955444e+09 1.08955453e+09 1.08955461e+09 1.08955470e+09
 1.08955479e+09 1.08955487e+09 1.08955496e+09 1.08955505e+09
 1.08955513e+09 1.08955522e+09 1.08955531e+09 1.08955539e+09
 1.08955548e+09 1.08955557e+09 1.08955565e+09 1.08955574e+09
 1.08955582e+09 1.08955591e+09 1.08955600e+09 1.08955608e+09
 1.08955617e+09 1.08955626e+09 1.08955634e+09 1.08955643e+09
 1.08955652e+09 1.08955660e+09 1.08955669e+09 1.08955678e+09
 1.08955686e+09 1.08955695e+09 1.08955704e+09 1.08955712e+09
 1.08955721e+09 1.08955729e+09 1.08955738e+09 1.08955747e+09
 1.08955755e+09 1.08955764e+09 1.08955773e+09 1.08955781e+09
 1.08955790e+09 1.08955799e+09 1.08955807e+09 1.08955816e+09
 1.08955825e+09 1.08955833e+09 1.08955842e+09 1.08955851e+09
 1.08955859e+09 1.08955868e+09 1.08955877e+09 1.08955885e+09
 1.08955894e+09 1.08955902e+09 1.08955911e+09 1.08955920e+09
 1.08955928e+09 1.08955937e+09 1.08955946e+09 1.08955954e+09
 1.08955963e+09 1.08955972e+09 1.08955980e+09 1.08955989e+09
 1.08955998e+09 1.08956006e+09 1.08956015e+09 1.08956024e+09
 1.08956032e+09 1.08956041e+09 1.08956049e+09 1.08956058e+09
 1.08956067e+09 1.08956075e+09 1.08956084e+09 1.08956093e+09
 1.08956101e+09 1.08956110e+09 1.08956119e+09 1.08956127e+09
 1.08956136e+09 1.08956145e+09 1.08956153e+09 1.08956162e+09
 1.08956171e+09 1.08956179e+09 1.08956188e+09 1.08956197e+09
 1.08956205e+09 1.08956214e+09 1.08956222e+09 1.08956231e+09
 1.08956240e+09 1.08956248e+09 1.08956257e+09 1.08956266e+09
 1.08956274e+09 1.08956283e+09 1.08956292e+09 1.08956300e+09
 1.08956309e+09 1.08956318e+09 1.08956326e+09 1.08956335e+09
 1.08956344e+09 1.08956352e+09 1.08956361e+09 1.08956369e+09
 1.08956378e+09 1.08956387e+09 1.08956395e+09 1.08956404e+09
 1.08956413e+09 1.08956421e+09 1.08956430e+09 1.08956439e+09
 1.08956447e+09 1.08956456e+09 1.08956465e+09 1.08956473e+09
 1.08956482e+09 1.08956491e+09 1.08956499e+09 1.08956508e+09
 1.08956517e+09 1.08956525e+09 1.08956534e+09 1.08956542e+09
 1.08956551e+09 1.08956560e+09 1.08956568e+09 1.08956577e+09
 1.08956586e+09 1.08956594e+09 1.08956603e+09 1.08956612e+09
 1.08956620e+09 1.08956629e+09 1.08956638e+09 1.08956646e+09
 1.08956655e+09 1.08956664e+09 1.08956672e+09 1.08956681e+09
 1.08956689e+09 1.08956698e+09 1.08956707e+09 1.08956715e+09
 1.08956724e+09 1.08956733e+09 1.08956741e+09 1.08956750e+09
 1.08956759e+09 1.08956767e+09 1.08956776e+09 1.08956785e+09
 1.08956793e+09 1.08956802e+09 1.08956811e+09 1.08956819e+09
 1.08956828e+09 1.08956837e+09 1.08956845e+09 1.08956854e+09
 1.08956862e+09 1.08956871e+09 1.08956880e+09 1.08956888e+09
 1.08956897e+09 1.08956906e+09 1.08956914e+09 1.08956923e+09
 1.08956932e+09 1.08956940e+09 1.08956949e+09 1.08956958e+09
 1.08956966e+09 1.08956975e+09 1.08956984e+09 1.08956992e+09
 1.08957001e+09 1.08957009e+09 1.08957018e+09 1.08957027e+09
 1.08957035e+09 1.08957044e+09 1.08957053e+09 1.08957061e+09
 1.08957070e+09 1.08957079e+09 1.08957087e+09 1.08957096e+09
 1.08957105e+09 1.08957113e+09 1.08957122e+09 1.08957131e+09
 1.08957139e+09 1.08957148e+09 1.08957157e+09 1.08957165e+09
 1.08957174e+09 1.08957182e+09 1.08957191e+09 1.08957200e+09
 1.08957208e+09 1.08957217e+09 1.08957226e+09 1.08957234e+09
 1.08957243e+09 1.08957252e+09 1.08957260e+09 1.08957269e+09
 1.08957278e+09 1.08957286e+09 1.08957295e+09 1.08957304e+09
 1.08957312e+09 1.08957321e+09 1.08957329e+09 1.08957338e+09
 1.08957347e+09 1.08957355e+09 1.08957364e+09 1.08957373e+09
 1.08957381e+09 1.08957390e+09 1.08957399e+09 1.08957407e+09
 1.08957416e+09 1.08957425e+09 1.08957433e+09 1.08957442e+09
 1.08957451e+09 1.08957459e+09 1.08957468e+09 1.08957477e+09
 1.08957485e+09 1.08957494e+09 1.08957502e+09 1.08957511e+09
 1.08957520e+09 1.08957528e+09 1.08957537e+09 1.08957546e+09
 1.08957554e+09 1.08957563e+09 1.08957572e+09 1.08957580e+09
 1.08957589e+09 1.08957598e+09 1.08957606e+09 1.08957615e+09
 1.08957624e+09 1.08957632e+09 1.08957641e+09 1.08957649e+09
 1.08957658e+09 1.08957667e+09 1.08957675e+09 1.08957684e+09
 1.08957693e+09 1.08957701e+09 1.08957710e+09 1.08957719e+09
 1.08957727e+09 1.08957736e+09 1.08957745e+09 1.08957753e+09
 1.08957762e+09 1.08957771e+09 1.08957779e+09 1.08957788e+09
 1.08957797e+09 1.08957805e+09 1.08957814e+09 1.08957822e+09
 1.08957831e+09 1.08957840e+09 1.08957848e+09 1.08957857e+09
 1.08957866e+09 1.08957874e+09 1.08957883e+09 1.08957892e+09
 1.08957900e+09 1.08957909e+09 1.08957918e+09 1.08957926e+09
 1.08957935e+09 1.08957944e+09 1.08957952e+09 1.08957961e+09
 1.08957969e+09 1.08957978e+09 1.08957987e+09 1.08957995e+09
 1.08958004e+09 1.08958013e+09 1.08958021e+09 1.08958030e+09
 1.08958039e+09 1.08958047e+09 1.08958056e+09 1.08958065e+09
 1.08958073e+09 1.08958082e+09 1.08958091e+09 1.08958099e+09
 1.08958108e+09 1.08958117e+09 1.08958125e+09 1.08958134e+09
 1.08958142e+09 1.08958151e+09 1.08958160e+09 1.08958168e+09
 1.08958177e+09 1.08958186e+09 1.08958194e+09 1.08958203e+09
 1.08958212e+09 1.08958220e+09 1.08958229e+09 1.08958238e+09
 1.08958246e+09 1.08958255e+09 1.08958264e+09 1.08958272e+09
 1.08958281e+09 1.08958289e+09 1.08958298e+09 1.08958307e+09
 1.08958315e+09 1.08958324e+09 1.08958333e+09 1.08958341e+09
 1.08958350e+09 1.08958359e+09 1.08958367e+09 1.08958376e+09
 1.08958385e+09 1.08958393e+09 1.08958402e+09 1.08958411e+09
 1.08958419e+09 1.08958428e+09 1.08958437e+09 1.08958445e+09
 1.08958454e+09 1.08958462e+09 1.08958471e+09 1.08958480e+09
 1.08958488e+09 1.08958497e+09 1.08958506e+09 1.08958514e+09
 1.08958523e+09 1.08958532e+09 1.08958540e+09 1.08958549e+09
 1.08958558e+09 1.08958566e+09 1.08958575e+09 1.08958584e+09
 1.08958592e+09 1.08958601e+09 1.08958609e+09 1.08958618e+09
 1.08958627e+09 1.08958635e+09 1.08958644e+09 1.08958653e+09
 1.08958661e+09 1.08958670e+09 1.08958679e+09 1.08958687e+09
 1.08958696e+09 1.08958705e+09 1.08958713e+09 1.08958722e+09
 1.08958731e+09 1.08958739e+09 1.08958748e+09 1.08958757e+09
 1.08958765e+09 1.08958774e+09 1.08958782e+09 1.08958791e+09
 1.08958800e+09 1.08958808e+09 1.08958817e+09 1.08958826e+09
 1.08958834e+09 1.08958843e+09 1.08958852e+09 1.08958860e+09
 1.08958869e+09 1.08958878e+09 1.08958886e+09 1.08958895e+09
 1.08958904e+09 1.08958912e+09 1.08958921e+09 1.08958929e+09
 1.08958938e+09 1.08958947e+09 1.08958955e+09 1.08958964e+09
 1.08958973e+09 1.08958981e+09 1.08958990e+09 1.08958999e+09
 1.08959007e+09 1.08959016e+09 1.08959025e+09 1.08959033e+09
 1.08959042e+09 1.08959051e+09 1.08959059e+09 1.08959068e+09
 1.08959077e+09 1.08959085e+09 1.08959094e+09 1.08959102e+09
 1.08959111e+09 1.08959120e+09 1.08959128e+09 1.08959137e+09
 1.08959146e+09 1.08959154e+09 1.08959163e+09 1.08959172e+09
 1.08959180e+09 1.08959189e+09 1.08959198e+09 1.08959206e+09
 1.08959215e+09 1.08959224e+09 1.08959232e+09 1.08959241e+09
 1.08959249e+09 1.08959258e+09 1.08959267e+09 1.08959275e+09
 1.08959284e+09 1.08959293e+09 1.08959301e+09 1.08959310e+09
 1.08959319e+09 1.08959327e+09 1.08959336e+09 1.08959345e+09
 1.08959353e+09 1.08959362e+09 1.08959371e+09 1.08959379e+09
 1.08959388e+09 1.08959397e+09 1.08959405e+09 1.08959414e+09
 1.08959422e+09 1.08959431e+09 1.08959440e+09 1.08959448e+09
 1.08959457e+09 1.08959466e+09 1.08959474e+09 1.08959483e+09
 1.08959492e+09 1.08959500e+09 1.08959509e+09 1.08959518e+09
 1.08959526e+09 1.08959535e+09 1.08959544e+09 1.08959552e+09
 1.08959561e+09 1.08959569e+09 1.08959578e+09 1.08959587e+09
 1.08959595e+09 1.08959604e+09 1.08959613e+09 1.08959621e+09
 1.08959630e+09 1.08959639e+09 1.08959647e+09 1.08959656e+09
 1.08959665e+09 1.08959673e+09 1.08959682e+09 1.08959691e+09
 1.08959699e+09 1.08959708e+09 1.08959717e+09 1.08959725e+09
 1.08959734e+09 1.08959742e+09 1.08959751e+09 1.08959760e+09
 1.08959768e+09 1.08959777e+09 1.08959786e+09 1.08959794e+09
 1.08959803e+09 1.08959812e+09 1.08959820e+09 1.08959829e+09
 1.08959838e+09 1.08959846e+09 1.08959855e+09 1.08959864e+09
 1.08959872e+09 1.08959881e+09 1.08959889e+09 1.08959898e+09
 1.08959907e+09 1.08959915e+09 1.08959924e+09 1.08959933e+09
 1.08959941e+09 1.08959950e+09 1.08959959e+09 1.08959967e+09
 1.08959976e+09 1.08959985e+09 1.08959993e+09 1.08960002e+09
 1.08960011e+09 1.08960019e+09 1.08960028e+09 1.08960037e+09
 1.08960045e+09 1.08960054e+09 1.08960062e+09 1.08960071e+09
 1.08960080e+09 1.08960088e+09 1.08960097e+09 1.08960106e+09
 1.08960114e+09 1.08960123e+09 1.08960132e+09 1.08960140e+09
 1.08960149e+09 1.08960158e+09 1.08960166e+09 1.08960175e+09
 1.08960184e+09 1.08960192e+09 1.08960201e+09 1.08960209e+09
 1.08960218e+09 1.08960227e+09 1.08960235e+09 1.08960244e+09
 1.08960253e+09 1.08960261e+09 1.08960270e+09 1.08960279e+09
 1.08960287e+09 1.08960296e+09 1.08960305e+09 1.08960313e+09
 1.08960322e+09 1.08960331e+09 1.08960339e+09 1.08960348e+09
 1.08960357e+09 1.08960365e+09 1.08960374e+09 1.08960382e+09
 1.08960391e+09 1.08960400e+09 1.08960408e+09 1.08960417e+09
 1.08960426e+09 1.08960434e+09 1.08960443e+09 1.08960452e+09
 1.08960460e+09 1.08960469e+09 1.08960478e+09 1.08960486e+09
 1.08960495e+09 1.08960504e+09 1.08960512e+09 1.08960521e+09
 1.08960529e+09 1.08960538e+09 1.08960547e+09 1.08960555e+09
 1.08960564e+09 1.08960573e+09 1.08960581e+09 1.08960590e+09
 1.08960599e+09 1.08960607e+09 1.08960616e+09 1.08960625e+09
 1.08960633e+09 1.08960642e+09 1.08960651e+09 1.08960659e+09
 1.08960668e+09 1.08960677e+09 1.08960685e+09 1.08960694e+09
 1.08960702e+09 1.08960711e+09 1.08960720e+09 1.08960728e+09
 1.08960737e+09 1.08960746e+09 1.08960754e+09 1.08960763e+09
 1.08960772e+09 1.08960780e+09 1.08960789e+09 1.08960798e+09
 1.08960806e+09 1.08960815e+09 1.08960824e+09 1.08960832e+09
 1.08960841e+09 1.08960849e+09 1.08960858e+09 1.08960867e+09
 1.08960875e+09 1.08960884e+09 1.08960893e+09 1.08960901e+09
 1.08960910e+09 1.08960919e+09 1.08960927e+09 1.08960936e+09
 1.08960945e+09 1.08960953e+09 1.08960962e+09 1.08960971e+09
 1.08960979e+09 1.08960988e+09 1.08960997e+09 1.08961005e+09
 1.08961014e+09 1.08961022e+09 1.08961031e+09 1.08961040e+09
 1.08961048e+09 1.08961057e+09 1.08961066e+09 1.08961074e+09
 1.08961083e+09 1.08961092e+09 1.08961100e+09 1.08961109e+09
 1.08961118e+09 1.08961126e+09 1.08961135e+09 1.08961144e+09
 1.08961152e+09 1.08961161e+09 1.08961169e+09 1.08961178e+09
 1.08961187e+09 1.08961195e+09 1.08961204e+09 1.08961213e+09
 1.08961221e+09 1.08961230e+09 1.08961239e+09 1.08961247e+09
 1.08961256e+09 1.08961265e+09 1.08961273e+09 1.08961282e+09
 1.08961291e+09 1.08961299e+09 1.08961308e+09 1.08961317e+09
 1.08961325e+09 1.08961334e+09 1.08961342e+09 1.08961351e+09
 1.08961360e+09 1.08961368e+09 1.08961377e+09 1.08961386e+09
 1.08961394e+09 1.08961403e+09 1.08961412e+09 1.08961420e+09
 1.08961429e+09 1.08961438e+09 1.08961446e+09 1.08961455e+09
 1.08961464e+09 1.08961472e+09 1.08961481e+09 1.08961489e+09
 1.08961498e+09 1.08961507e+09 1.08961515e+09 1.08961524e+09
 1.08961533e+09 1.08961541e+09 1.08961550e+09 1.08961559e+09
 1.08961567e+09 1.08961576e+09 1.08961585e+09 1.08961593e+09
 1.08961602e+09 1.08961611e+09 1.08961619e+09 1.08961628e+09
 1.08961637e+09 1.08961645e+09 1.08961654e+09 1.08961662e+09
 1.08961671e+09 1.08961680e+09 1.08961688e+09 1.08961697e+09
 1.08961706e+09 1.08961714e+09 1.08961723e+09 1.08961732e+09
 1.08961740e+09 1.08961749e+09 1.08961758e+09 1.08961766e+09
 1.08961775e+09 1.08961784e+09 1.08961792e+09 1.08961801e+09
 1.08961809e+09 1.08961818e+09 1.08961827e+09 1.08961835e+09
 1.08961844e+09 1.08961853e+09 1.08961861e+09 1.08961870e+09]
