name =JUICE_ROI_GAN_7_0_09
flyby = ['2033 NOV 26 18:22:11', '2033 NOV 27 18:22:11']
Observation TW = <SpiceCell dtype = 1, length = 0, size = 2400, card = 4, is_set = 1, adjust = 0, init = 1, base = 93940531631104, data = 93940531631152>
Res(t) = [0.33380773 0.33371871 0.33374787 0.33388638 0.33412629 0.33446042
 0.33488231 0.33538606 0.33596633 0.33661823 0.33733731 0.33811948
 0.33896098 0.33985836 0.34080844 0.34180826 0.34285511 0.34394647
 0.34508    0.34625352 0.33795405 0.33925617 0.3405869  0.34194494
 0.3433291  0.34473823 0.34617125 0.34762715 0.34910497 0.3506038
 0.35212278 0.3536611  0.35521798 0.3567927  0.35707858 0.35863284
 0.36020308 0.36178866 0.36338897 0.36500344 0.36663152 0.3682727
 0.36992648 0.37159239 0.37326997 0.37495881 0.37665849 0.37836862
 0.38008882 0.38181874 0.38355804 0.38530639 0.38706347 0.38882899
 0.39060265 0.39238419 0.39417334 0.39596984 0.39777345 0.39958393
 0.40140107 0.40322464 0.40505445 0.40689028 0.40873195 0.41057927
 0.41243206 0.41429016 0.41615339 0.4180216  0.41989464 0.42177235
 0.4236546  0.42554124 0.42743215 0.42932719 0.43122625 0.43312919
 0.43503592 0.4369463  0.43886025 0.44077764 0.44269839 0.44462239
 0.44654955 0.44847978 0.45041299 0.45234909 0.454288   0.45622963
 0.45817392 0.46012078 0.46207015 0.46402194 0.4659761  0.46793255
 0.46989123 0.47185208 0.47381504 0.47578004 0.47774703 0.47971596
 0.48168676 0.48365939 0.4856338  0.48760993 0.48958773 0.49156717
 0.49354819 0.49553075 0.4975148  0.49950031 0.50148724 0.50347553
 0.50546516 0.50745608 0.50944827 0.51144167 0.51343627 0.51543202
 0.5174289  0.51942686 0.52142588 0.52342593 0.52542698 0.527429
 0.52943196 0.53143583 0.53344058 0.5354462  0.53745265 0.53945992
 0.54146796 0.54347677 0.54548632 0.54749659 0.54950754 0.55151918
 0.55353146 0.55554437 0.5575579  0.55957202 0.56158671 0.56360195
 0.56561773 0.56763403 0.56965083 0.57166812 0.57368587 0.57570408
 0.57772272 0.57974178 0.58176125 0.58378111 0.58580134 0.58782194
 0.58984289 0.59186417 0.59388578 0.59590769 0.59792991 0.59995241
 0.60197518 0.60399822 0.6060215  0.60804503 0.61006878 0.61209275
 0.61411693 0.61614131 0.61816587 0.62019061 0.62221552 0.62424059
 0.62626581 0.62829117 0.63031666 0.63234228 0.63436801 0.63639385
 0.63841978 0.64044581 0.64247193 0.64449812 0.64652438 0.6485507
 0.65057707 0.6526035  0.65462996 0.65665647 0.658683   0.66070955
 0.66273612 0.6647627  0.66678929 0.66881587 0.67084245 0.67286902
 0.67489557 0.67692209 0.67894859 0.68097506 0.68300149 0.68502787
 0.68705421 0.6890805  0.69110673 0.6931329  0.69515901 0.69718505
 0.69921102 0.70123691 0.70326271 0.70528844 0.70731407 0.70933962
 0.71136507 0.71339042 0.71541566 0.71744081 0.71946584 0.72149076
 0.72351557 0.72554025 0.72756482 0.72958926 0.73161358 0.73363777
 0.73566182 0.73768574 0.73970952 0.74173317 0.74375667 0.74578002
 0.74780323 0.74982629 0.7518492  0.75387195 0.75589455 0.75791699
 0.75993927 0.76196139 0.76398335 0.76600514 0.76802676 0.77004822
 0.7720695  0.77409062 0.77611155 0.77813232 0.7801529  0.78217331
 0.78419354 0.78621358 0.78823345 0.79025313 0.79227262 0.79429193
 0.79631105 0.79832999 0.80034873 0.80236728 0.80438564 0.80640381
 0.80842178 0.81043956 0.81245714 0.81447453 0.81649172 0.81850871
 0.8205255  0.82254209 0.82455848 0.82657467 0.82859066 0.83060644
 0.83262202 0.8346374  0.83665257 0.83866754 0.8406823  0.84269686
 0.84471121 0.84672535 0.84873929 0.85075302 0.85276654 0.85477985
 0.85679296 0.85880585 0.86081854 0.86283102 0.86484328 0.86685534
 0.86886719 0.87087883 0.87289025 0.87490147 0.87691248 0.87892327
 0.88093386 0.88294423 0.88495439 0.88696435 0.88897409 0.89098362
 0.89299294 0.89500205 0.89701095 0.89901964 0.90102812 0.90303638
 0.90504444 0.90705229 0.90905993 0.91106736 0.91307458 0.91508159
 0.91708839 0.91909498 0.92110137 0.92310754 0.92511351 0.92711927
 0.92912483 0.93113017 0.93313531 0.93514025 0.93714498 0.9391495
 0.94115382 0.94315793 0.94516184 0.94716554 0.94916904 0.95117234
 0.95317544 0.95517833 0.95718103 0.95918352 0.96118581 0.9631879
 0.96518979 0.96719148 0.96919298 0.97119427 0.97319537 0.97519627
 0.97719698 0.97919749 0.9811978  0.98319792 0.98519785 0.98719758
 0.98919712 0.99119647 0.99319563 0.9951946  0.99719337 0.99919196
 1.00119036 1.00318857 1.00518659 1.00718443 1.00918208 1.01117955
 1.01317683 1.01517393 1.01717084 1.01916758 1.02116413 1.0231605
 1.02515669 1.0271527  1.02914854 1.03114419 1.03313967 1.03513497
 1.0371301  1.03912506 1.04111984 1.04311444 1.04510888 1.04710314
 1.04909724 1.05109116 1.05308492 1.05507851 1.05707193 1.05906519
 1.06105828 1.06305121 1.06504397 1.06703657 1.06902901 1.07102129
 1.07301341 1.07500537 1.07699717 1.07898882 1.08098031 1.08297164
 1.08496282 1.08695385 1.08894472 1.09093545 1.09292602 1.09491644
 1.09690672 1.09889684 1.10088682 1.10287666 1.10486635 1.10685589
 1.1088453  1.11083456 1.11282368 1.11481266 1.11680151 1.11879021
 1.12077878 1.12276721 1.12475551 1.12674367 1.1287317  1.1307196
 1.13270737 1.13469501 1.13668252 1.1386699  1.14065716 1.14264429
 1.14463129 1.14661818 1.14860494 1.15059157 1.15257809 1.15456449
 1.15655077 1.15853694 1.16052298 1.16250892 1.16449473 1.16648044
 1.16846603 1.17045152 1.17243689 1.17442216 1.17640731 1.17839236
 1.18037731 1.18236215 1.18434689 1.18633152 1.18831606 1.1903005
 1.19228483 1.19426907 1.19625321 1.19823726 1.20022121 1.20220507
 1.20418884 1.20617252 1.2081561  1.2101396  1.21212301 1.21410633
 1.21608957 1.21807273 1.2200558  1.22203879 1.2240217  1.22600452
 1.22798727 1.22996995 1.23195254 1.23393506 1.23591751 1.23789989
 1.23988219 1.24186442 1.24384658 1.24582868 1.2478107  1.24979267
 1.25177456 1.25375639 1.25573816 1.25771987 1.25970152 1.26168311
 1.26366465 1.26564612 1.26762754 1.26960891 1.27159022 1.27357148
 1.27555269 1.27753385 1.27951496 1.28149603 1.28347704 1.28545802
 1.28743895 1.28941983 1.29140068 1.29338149 1.29536225 1.29734298
 1.29932367 1.30130433 1.30328495 1.30526554 1.3072461  1.30922663
 1.31120712 1.31318759 1.31516803 1.31714845 1.31912884 1.32110921
 1.32308956 1.32506988 1.32705018 1.32903047 1.33101074 1.33299099
 1.33497123 1.33695145 1.33893166 1.34091186 1.34289205 1.34487223
 1.3468524  1.34883256 1.35081272 1.35279288 1.35477303 1.35675318
 1.35873333 1.36071348 1.36269364 1.36467379 1.36665395 1.36863412
 1.37061429 1.37259447 1.37457466 1.37655486 1.37853507 1.38051529
 1.38249553 1.38447578 1.38645605 1.38843634 1.39041664 1.39239697
 1.39437732 1.39635769 1.39833808 1.4003185  1.40229895 1.40427942
 1.40625992 1.40824045 1.41022101 1.41220161 1.41418224 1.4161629
 1.4181436  1.42012434 1.42210511 1.42408593 1.42606678 1.42804768
 1.43002862 1.43200961 1.43399064 1.43597172 1.43795285 1.43993403
 1.44191526 1.44389654 1.44587787 1.44785926 1.4498407  1.45182221
 1.45380376 1.45578538 1.45776706 1.45974881 1.46173061 1.46371248
 1.46569442 1.46767642 1.46965849 1.47164063 1.47362284 1.47560512
 1.47758748 1.4795699  1.48155241 1.48353499 1.48551765 1.48750039
 1.48948321 1.49146611 1.4934491  1.49543217 1.49741532 1.49939856
 1.50138189 1.50336531 1.50534882 1.50733242 1.50931612 1.5112999
 1.51328379 1.51526777 1.51725185 1.51923602 1.5212203  1.52320468
 1.52518916 1.52717375 1.52915844 1.53114324 1.53312814 1.53511316
 1.53709829 1.53908352 1.54106887 1.54305434 1.54503992 1.54702561
 1.54901143 1.55099736 1.55298341 1.55496959 1.55695588 1.55894231
 1.56092885 1.56291553 1.56490233 1.56688926 1.56887632 1.57086351
 1.57285083 1.57483829 1.57682588 1.57881361 1.58080148 1.58278949
 1.58477763 1.58676592 1.58875435 1.59074293 1.59273165 1.59472051
 1.59670953 1.59869869 1.600688   1.60267747 1.60466708 1.60665685
 1.60864678 1.61063686 1.6126271  1.6146175  1.61660806 1.61859878
 1.62058966 1.62258071 1.62457192 1.62656329 1.62855484 1.63054655
 1.63253843 1.63453049 1.63652272 1.63851512 1.64050769 1.64250044
 1.64449337 1.64648648 1.64847977 1.65047324 1.65246689 1.65446072
 1.65645474 1.65844895 1.66044334 1.66243792 1.6644327  1.66642766
 1.66842281 1.67041816 1.6724137  1.67440944 1.67640538 1.67840151
 1.68039785 1.68239438 1.68439112 1.68638806 1.68838521 1.69038256
 1.69238012 1.69437788 1.69637586 1.69837405 1.70037245 1.70237106
 1.70436989 1.70636893 1.70836819 1.71036767 1.71236737 1.71436728
 1.71636742 1.71836779 1.72036838 1.72236919 1.72437023 1.7263715
 1.728373   1.73037473 1.73237669 1.73437888 1.73638131 1.73838397
 1.74038687 1.74239001 1.74439338 1.746397   1.74840086 1.75040496
 1.75240931 1.7544139  1.75641874 1.75842382 1.76042916 1.76243474
 1.76444058 1.76644667 1.76845301 1.77045961 1.77246646 1.77447358
 1.77648095 1.77848858 1.78049647 1.78250462 1.78451304 1.78652173
 1.78853068 1.79053989 1.79254938 1.79455913 1.79656916 1.79857946
 1.80059003 1.80260088 1.804612   1.8066234  1.80863508 1.81064704
 1.81265928 1.8146718  1.81668461 1.81869769 1.82071107 1.82272473
 1.82473868 1.82675292 1.82876745 1.83078227 1.83279739 1.8348128
 1.8368285  1.8388445  1.8408608  1.8428774  1.8448943  1.8469115
 1.848929   1.85094681 1.85296492 1.85498334 1.85700207 1.8590211
 1.86104045 1.8630601  1.86508007 1.86710036 1.86912095 1.87114187
 1.8731631  1.87518465 1.87720652 1.87922871 1.88125122 1.88327406
 1.88529722 1.8873207  1.88934452 1.89136866 1.89339313 1.89541793
 1.89744307 1.89946853 1.90149433 1.90352047 1.90554694 1.90757375
 1.9096009  1.91162839 1.91365623 1.9156844  1.91771292 1.91974178
 1.92177099 1.92380055 1.92583046 1.92786071 1.92989132 1.93192228
 1.93395359 1.93598526 1.93801728 1.94004967 1.9420824  1.9441155
 1.94614896 1.94818278 1.95021697 1.95225152 1.95428643 1.95632171
 1.95835736 1.96039338 1.96242977 1.96446653 1.96650366 1.96854117
 1.97057905 1.97261731 1.97465594 1.97669496 1.97873435 1.98077413
 1.98281428 1.98485482 1.98689575 1.98893706 1.99097876 1.99302085
 1.99506332 1.99710619 1.99914945 2.0011931  2.00323714 2.00528158
 2.00732642 2.00937165 2.01141729 2.01346332 2.01550976 2.0175566
 2.01960384 2.02165148 2.02369953 2.02574799 2.02779686 2.02984614
 2.03189583 2.03394593 2.03599644 2.03804737 2.04009871 2.04215047
 2.04420265 2.04625524 2.04830826 2.0503617  2.05241556 2.05446984
 2.05652455 2.05857969 2.06063525 2.06269124 2.06474766 2.06680451
 2.06886179 2.07091951 2.07297766 2.07503625 2.07709527 2.07915473
 2.08121463 2.08327497 2.08533575 2.08739697 2.08945864 2.09152075
 2.09358331 2.09564632 2.09770977 2.09977368 2.10183803 2.10390284
 2.1059681  2.10803381 2.11009998 2.1121666  2.11423369 2.11630123
 2.11836923 2.12043769 2.12250662 2.12457601 2.12664586 2.12871618
 2.13078697 2.13285823 2.13492995 2.13700215 2.13907481 2.14114795
 2.14322157 2.14529566 2.14737022 2.14944526 2.15152079 2.15359679
 2.15567327 2.15775023 2.15982768 2.16190561 2.16398403 2.16606294
 2.16814233 2.17022221 2.17230258 2.17438344 2.1764648  2.17854665
 2.18062899 2.18271183 2.18479517 2.18687901 2.18896334 2.19104818
 2.19313352 2.19521936 2.1973057  2.19939255 2.20147991 2.20356777
 2.20565614 2.20774502 2.20983442 2.21192432 2.21401474 2.21610567
 2.21819712 2.22028909 2.22238157 2.22447457 2.22656809 2.22866214
 2.2307567  2.23285179 2.2349474  2.23704354 2.23914021 2.2412374
 2.24333513 2.24543338 2.24753217 2.24963149 2.25173134 2.25383172
 2.25593265 2.25803411 2.26013611 2.26223864 2.26434172 2.26644534
 2.26854951 2.27065421 2.27275947 2.27486527 2.27697161 2.27907851
 2.28118595 2.28329395 2.2854025  2.2875116 ]
t = [1.06996078e+09 1.06996082e+09 1.06996085e+09 1.06996089e+09
 1.06996093e+09 1.06996097e+09 1.06996101e+09 1.06996105e+09
 1.06996109e+09 1.06996113e+09 1.06996117e+09 1.06996121e+09
 1.06996125e+09 1.06996129e+09 1.06996133e+09 1.06996137e+09
 1.06996141e+09 1.06996145e+09 1.06996149e+09 1.06996153e+09
 1.06996157e+09 1.06996161e+09 1.06996165e+09 1.06996169e+09
 1.06996173e+09 1.06996177e+09 1.06996181e+09 1.06996185e+09
 1.06996189e+09 1.06996193e+09 1.06996197e+09 1.06996201e+09
 1.06996205e+09 1.06996209e+09 1.06996213e+09 1.06996217e+09
 1.06996221e+09 1.06996225e+09 1.06996229e+09 1.06996233e+09
 1.06996237e+09 1.06996241e+09 1.06996245e+09 1.06996249e+09
 1.06996253e+09 1.06996257e+09 1.06996261e+09 1.06996265e+09
 1.06996269e+09 1.06996273e+09 1.06996277e+09 1.06996281e+09
 1.06996285e+09 1.06996289e+09 1.06996293e+09 1.06996297e+09
 1.06996301e+09 1.06996305e+09 1.06996309e+09 1.06996313e+09
 1.06996317e+09 1.06996321e+09 1.06996325e+09 1.06996329e+09
 1.06996333e+09 1.06996337e+09 1.06996341e+09 1.06996345e+09
 1.06996349e+09 1.06996353e+09 1.06996357e+09 1.06996361e+09
 1.06996365e+09 1.06996369e+09 1.06996373e+09 1.06996377e+09
 1.06996380e+09 1.06996384e+09 1.06996388e+09 1.06996392e+09
 1.06996396e+09 1.06996400e+09 1.06996404e+09 1.06996408e+09
 1.06996412e+09 1.06996416e+09 1.06996420e+09 1.06996424e+09
 1.06996428e+09 1.06996432e+09 1.06996436e+09 1.06996440e+09
 1.06996444e+09 1.06996448e+09 1.06996452e+09 1.06996456e+09
 1.06996460e+09 1.06996464e+09 1.06996468e+09 1.06996472e+09
 1.06996476e+09 1.06996480e+09 1.06996484e+09 1.06996488e+09
 1.06996492e+09 1.06996496e+09 1.06996500e+09 1.06996504e+09
 1.06996508e+09 1.06996512e+09 1.06996516e+09 1.06996520e+09
 1.06996524e+09 1.06996528e+09 1.06996532e+09 1.06996536e+09
 1.06996540e+09 1.06996544e+09 1.06996548e+09 1.06996552e+09
 1.06996556e+09 1.06996560e+09 1.06996564e+09 1.06996568e+09
 1.06996572e+09 1.06996576e+09 1.06996580e+09 1.06996584e+09
 1.06996588e+09 1.06996592e+09 1.06996596e+09 1.06996600e+09
 1.06996604e+09 1.06996608e+09 1.06996612e+09 1.06996616e+09
 1.06996620e+09 1.06996624e+09 1.06996628e+09 1.06996632e+09
 1.06996636e+09 1.06996640e+09 1.06996644e+09 1.06996648e+09
 1.06996652e+09 1.06996656e+09 1.06996660e+09 1.06996664e+09
 1.06996668e+09 1.06996672e+09 1.06996675e+09 1.06996679e+09
 1.06996683e+09 1.06996687e+09 1.06996691e+09 1.06996695e+09
 1.06996699e+09 1.06996703e+09 1.06996707e+09 1.06996711e+09
 1.06996715e+09 1.06996719e+09 1.06996723e+09 1.06996727e+09
 1.06996731e+09 1.06996735e+09 1.06996739e+09 1.06996743e+09
 1.06996747e+09 1.06996751e+09 1.06996755e+09 1.06996759e+09
 1.06996763e+09 1.06996767e+09 1.06996771e+09 1.06996775e+09
 1.06996779e+09 1.06996783e+09 1.06996787e+09 1.06996791e+09
 1.06996795e+09 1.06996799e+09 1.06996803e+09 1.06996807e+09
 1.06996811e+09 1.06996815e+09 1.06996819e+09 1.06996823e+09
 1.06996827e+09 1.06996831e+09 1.06996835e+09 1.06996839e+09
 1.06996843e+09 1.06996847e+09 1.06996851e+09 1.06996855e+09
 1.06996859e+09 1.06996863e+09 1.06996867e+09 1.06996871e+09
 1.06996875e+09 1.06996879e+09 1.06996883e+09 1.06996887e+09
 1.06996891e+09 1.06996895e+09 1.06996899e+09 1.06996903e+09
 1.06996907e+09 1.06996911e+09 1.06996915e+09 1.06996919e+09
 1.06996923e+09 1.06996927e+09 1.06996931e+09 1.06996935e+09
 1.06996939e+09 1.06996943e+09 1.06996947e+09 1.06996951e+09
 1.06996955e+09 1.06996959e+09 1.06996963e+09 1.06996967e+09
 1.06996970e+09 1.06996974e+09 1.06996978e+09 1.06996982e+09
 1.06996986e+09 1.06996990e+09 1.06996994e+09 1.06996998e+09
 1.06997002e+09 1.06997006e+09 1.06997010e+09 1.06997014e+09
 1.06997018e+09 1.06997022e+09 1.06997026e+09 1.06997030e+09
 1.06997034e+09 1.06997038e+09 1.06997042e+09 1.06997046e+09
 1.06997050e+09 1.06997054e+09 1.06997058e+09 1.06997062e+09
 1.06997066e+09 1.06997070e+09 1.06997074e+09 1.06997078e+09
 1.06997082e+09 1.06997086e+09 1.06997090e+09 1.06997094e+09
 1.06997098e+09 1.06997102e+09 1.06997106e+09 1.06997110e+09
 1.06997114e+09 1.06997118e+09 1.06997122e+09 1.06997126e+09
 1.06997130e+09 1.06997134e+09 1.06997138e+09 1.06997142e+09
 1.06997146e+09 1.06997150e+09 1.06997154e+09 1.06997158e+09
 1.06997162e+09 1.06997166e+09 1.06997170e+09 1.06997174e+09
 1.06997178e+09 1.06997182e+09 1.06997186e+09 1.06997190e+09
 1.06997194e+09 1.06997198e+09 1.06997202e+09 1.06997206e+09
 1.06997210e+09 1.06997214e+09 1.06997218e+09 1.06997222e+09
 1.06997226e+09 1.06997230e+09 1.06997234e+09 1.06997238e+09
 1.06997242e+09 1.06997246e+09 1.06997250e+09 1.06997254e+09
 1.06997258e+09 1.06997262e+09 1.06997265e+09 1.06997269e+09
 1.06997273e+09 1.06997277e+09 1.06997281e+09 1.06997285e+09
 1.06997289e+09 1.06997293e+09 1.06997297e+09 1.06997301e+09
 1.06997305e+09 1.06997309e+09 1.06997313e+09 1.06997317e+09
 1.06997321e+09 1.06997325e+09 1.06997329e+09 1.06997333e+09
 1.06997337e+09 1.06997341e+09 1.06997345e+09 1.06997349e+09
 1.06997353e+09 1.06997357e+09 1.06997361e+09 1.06997365e+09
 1.06997369e+09 1.06997373e+09 1.06997377e+09 1.06997381e+09
 1.06997385e+09 1.06997389e+09 1.06997393e+09 1.06997397e+09
 1.06997401e+09 1.06997405e+09 1.06997409e+09 1.06997413e+09
 1.06997417e+09 1.06997421e+09 1.06997425e+09 1.06997429e+09
 1.06997433e+09 1.06997437e+09 1.06997441e+09 1.06997445e+09
 1.06997449e+09 1.06997453e+09 1.06997457e+09 1.06997461e+09
 1.06997465e+09 1.06997469e+09 1.06997473e+09 1.06997477e+09
 1.06997481e+09 1.06997485e+09 1.06997489e+09 1.06997493e+09
 1.06997497e+09 1.06997501e+09 1.06997505e+09 1.06997509e+09
 1.06997513e+09 1.06997517e+09 1.06997521e+09 1.06997525e+09
 1.06997529e+09 1.06997533e+09 1.06997537e+09 1.06997541e+09
 1.06997545e+09 1.06997549e+09 1.06997553e+09 1.06997557e+09
 1.06997560e+09 1.06997564e+09 1.06997568e+09 1.06997572e+09
 1.06997576e+09 1.06997580e+09 1.06997584e+09 1.06997588e+09
 1.06997592e+09 1.06997596e+09 1.06997600e+09 1.06997604e+09
 1.06997608e+09 1.06997612e+09 1.06997616e+09 1.06997620e+09
 1.06997624e+09 1.06997628e+09 1.06997632e+09 1.06997636e+09
 1.06997640e+09 1.06997644e+09 1.06997648e+09 1.06997652e+09
 1.06997656e+09 1.06997660e+09 1.06997664e+09 1.06997668e+09
 1.06997672e+09 1.06997676e+09 1.06997680e+09 1.06997684e+09
 1.06997688e+09 1.06997692e+09 1.06997696e+09 1.06997700e+09
 1.06997704e+09 1.06997708e+09 1.06997712e+09 1.06997716e+09
 1.06997720e+09 1.06997724e+09 1.06997728e+09 1.06997732e+09
 1.06997736e+09 1.06997740e+09 1.06997744e+09 1.06997748e+09
 1.06997752e+09 1.06997756e+09 1.06997760e+09 1.06997764e+09
 1.06997768e+09 1.06997772e+09 1.06997776e+09 1.06997780e+09
 1.06997784e+09 1.06997788e+09 1.06997792e+09 1.06997796e+09
 1.06997800e+09 1.06997804e+09 1.06997808e+09 1.06997812e+09
 1.06997816e+09 1.06997820e+09 1.06997824e+09 1.06997828e+09
 1.06997832e+09 1.06997836e+09 1.06997840e+09 1.06997844e+09
 1.06997848e+09 1.06997852e+09 1.06997855e+09 1.06997859e+09
 1.06997863e+09 1.06997867e+09 1.06997871e+09 1.06997875e+09
 1.06997879e+09 1.06997883e+09 1.06997887e+09 1.06997891e+09
 1.06997895e+09 1.06997899e+09 1.06997903e+09 1.06997907e+09
 1.06997911e+09 1.06997915e+09 1.06997919e+09 1.06997923e+09
 1.06997927e+09 1.06997931e+09 1.06997935e+09 1.06997939e+09
 1.06997943e+09 1.06997947e+09 1.06997951e+09 1.06997955e+09
 1.06997959e+09 1.06997963e+09 1.06997967e+09 1.06997971e+09
 1.06997975e+09 1.06997979e+09 1.06997983e+09 1.06997987e+09
 1.06997991e+09 1.06997995e+09 1.06997999e+09 1.06998003e+09
 1.06998007e+09 1.06998011e+09 1.06998015e+09 1.06998019e+09
 1.06998023e+09 1.06998027e+09 1.06998031e+09 1.06998035e+09
 1.06998039e+09 1.06998043e+09 1.06998047e+09 1.06998051e+09
 1.06998055e+09 1.06998059e+09 1.06998063e+09 1.06998067e+09
 1.06998071e+09 1.06998075e+09 1.06998079e+09 1.06998083e+09
 1.06998087e+09 1.06998091e+09 1.06998095e+09 1.06998099e+09
 1.06998103e+09 1.06998107e+09 1.06998111e+09 1.06998115e+09
 1.06998119e+09 1.06998123e+09 1.06998127e+09 1.06998131e+09
 1.06998135e+09 1.06998139e+09 1.06998143e+09 1.06998147e+09
 1.06998150e+09 1.06998154e+09 1.06998158e+09 1.06998162e+09
 1.06998166e+09 1.06998170e+09 1.06998174e+09 1.06998178e+09
 1.06998182e+09 1.06998186e+09 1.06998190e+09 1.06998194e+09
 1.06998198e+09 1.06998202e+09 1.06998206e+09 1.06998210e+09
 1.06998214e+09 1.06998218e+09 1.06998222e+09 1.06998226e+09
 1.06998230e+09 1.06998234e+09 1.06998238e+09 1.06998242e+09
 1.06998246e+09 1.06998250e+09 1.06998254e+09 1.06998258e+09
 1.06998262e+09 1.06998266e+09 1.06998270e+09 1.06998274e+09
 1.06998278e+09 1.06998282e+09 1.06998286e+09 1.06998290e+09
 1.06998294e+09 1.06998298e+09 1.06998302e+09 1.06998306e+09
 1.06998310e+09 1.06998314e+09 1.06998318e+09 1.06998322e+09
 1.06998326e+09 1.06998330e+09 1.06998334e+09 1.06998338e+09
 1.06998342e+09 1.06998346e+09 1.06998350e+09 1.06998354e+09
 1.06998358e+09 1.06998362e+09 1.06998366e+09 1.06998370e+09
 1.06998374e+09 1.06998378e+09 1.06998382e+09 1.06998386e+09
 1.06998390e+09 1.06998394e+09 1.06998398e+09 1.06998402e+09
 1.06998406e+09 1.06998410e+09 1.06998414e+09 1.06998418e+09
 1.06998422e+09 1.06998426e+09 1.06998430e+09 1.06998434e+09
 1.06998438e+09 1.06998442e+09 1.06998445e+09 1.06998449e+09
 1.06998453e+09 1.06998457e+09 1.06998461e+09 1.06998465e+09
 1.06998469e+09 1.06998473e+09 1.06998477e+09 1.06998481e+09
 1.06998485e+09 1.06998489e+09 1.06998493e+09 1.06998497e+09
 1.06998501e+09 1.06998505e+09 1.06998509e+09 1.06998513e+09
 1.06998517e+09 1.06998521e+09 1.06998525e+09 1.06998529e+09
 1.06998533e+09 1.06998537e+09 1.06998541e+09 1.06998545e+09
 1.06998549e+09 1.06998553e+09 1.06998557e+09 1.06998561e+09
 1.06998565e+09 1.06998569e+09 1.06998573e+09 1.06998577e+09
 1.06998581e+09 1.06998585e+09 1.06998589e+09 1.06998593e+09
 1.06998597e+09 1.06998601e+09 1.06998605e+09 1.06998609e+09
 1.06998613e+09 1.06998617e+09 1.06998621e+09 1.06998625e+09
 1.06998629e+09 1.06998633e+09 1.06998637e+09 1.06998641e+09
 1.06998645e+09 1.06998649e+09 1.06998653e+09 1.06998657e+09
 1.06998661e+09 1.06998665e+09 1.06998669e+09 1.06998673e+09
 1.06998677e+09 1.06998681e+09 1.06998685e+09 1.06998689e+09
 1.06998693e+09 1.06998697e+09 1.06998701e+09 1.06998705e+09
 1.06998709e+09 1.06998713e+09 1.06998717e+09 1.06998721e+09
 1.06998725e+09 1.06998729e+09 1.06998733e+09 1.06998737e+09
 1.06998740e+09 1.06998744e+09 1.06998748e+09 1.06998752e+09
 1.06998756e+09 1.06998760e+09 1.06998764e+09 1.06998768e+09
 1.06998772e+09 1.06998776e+09 1.06998780e+09 1.06998784e+09
 1.06998788e+09 1.06998792e+09 1.06998796e+09 1.06998800e+09
 1.06998804e+09 1.06998808e+09 1.06998812e+09 1.06998816e+09
 1.06998820e+09 1.06998824e+09 1.06998828e+09 1.06998832e+09
 1.06998836e+09 1.06998840e+09 1.06998844e+09 1.06998848e+09
 1.06998852e+09 1.06998856e+09 1.06998860e+09 1.06998864e+09
 1.06998868e+09 1.06998872e+09 1.06998876e+09 1.06998880e+09
 1.06998884e+09 1.06998888e+09 1.06998892e+09 1.06998896e+09
 1.06998900e+09 1.06998904e+09 1.06998908e+09 1.06998912e+09
 1.06998916e+09 1.06998920e+09 1.06998924e+09 1.06998928e+09
 1.06998932e+09 1.06998936e+09 1.06998940e+09 1.06998944e+09
 1.06998948e+09 1.06998952e+09 1.06998956e+09 1.06998960e+09
 1.06998964e+09 1.06998968e+09 1.06998972e+09 1.06998976e+09
 1.06998980e+09 1.06998984e+09 1.06998988e+09 1.06998992e+09
 1.06998996e+09 1.06999000e+09 1.06999004e+09 1.06999008e+09
 1.06999012e+09 1.06999016e+09 1.06999020e+09 1.06999024e+09
 1.06999028e+09 1.06999032e+09 1.06999035e+09 1.06999039e+09
 1.06999043e+09 1.06999047e+09 1.06999051e+09 1.06999055e+09
 1.06999059e+09 1.06999063e+09 1.06999067e+09 1.06999071e+09
 1.06999075e+09 1.06999079e+09 1.06999083e+09 1.06999087e+09
 1.06999091e+09 1.06999095e+09 1.06999099e+09 1.06999103e+09
 1.06999107e+09 1.06999111e+09 1.06999115e+09 1.06999119e+09
 1.06999123e+09 1.06999127e+09 1.06999131e+09 1.06999135e+09
 1.06999139e+09 1.06999143e+09 1.06999147e+09 1.06999151e+09
 1.06999155e+09 1.06999159e+09 1.06999163e+09 1.06999167e+09
 1.06999171e+09 1.06999175e+09 1.06999179e+09 1.06999183e+09
 1.06999187e+09 1.06999191e+09 1.06999195e+09 1.06999199e+09
 1.06999203e+09 1.06999207e+09 1.06999211e+09 1.06999215e+09
 1.06999219e+09 1.06999223e+09 1.06999227e+09 1.06999231e+09
 1.06999235e+09 1.06999239e+09 1.06999243e+09 1.06999247e+09
 1.06999251e+09 1.06999255e+09 1.06999259e+09 1.06999263e+09
 1.06999267e+09 1.06999271e+09 1.06999275e+09 1.06999279e+09
 1.06999283e+09 1.06999287e+09 1.06999291e+09 1.06999295e+09
 1.06999299e+09 1.06999303e+09 1.06999307e+09 1.06999311e+09
 1.06999315e+09 1.06999319e+09 1.06999323e+09 1.06999327e+09
 1.06999330e+09 1.06999334e+09 1.06999338e+09 1.06999342e+09
 1.06999346e+09 1.06999350e+09 1.06999354e+09 1.06999358e+09
 1.06999362e+09 1.06999366e+09 1.06999370e+09 1.06999374e+09
 1.06999378e+09 1.06999382e+09 1.06999386e+09 1.06999390e+09
 1.06999394e+09 1.06999398e+09 1.06999402e+09 1.06999406e+09
 1.06999410e+09 1.06999414e+09 1.06999418e+09 1.06999422e+09
 1.06999426e+09 1.06999430e+09 1.06999434e+09 1.06999438e+09
 1.06999442e+09 1.06999446e+09 1.06999450e+09 1.06999454e+09
 1.06999458e+09 1.06999462e+09 1.06999466e+09 1.06999470e+09
 1.06999474e+09 1.06999478e+09 1.06999482e+09 1.06999486e+09
 1.06999490e+09 1.06999494e+09 1.06999498e+09 1.06999502e+09
 1.06999506e+09 1.06999510e+09 1.06999514e+09 1.06999518e+09
 1.06999522e+09 1.06999526e+09 1.06999530e+09 1.06999534e+09
 1.06999538e+09 1.06999542e+09 1.06999546e+09 1.06999550e+09
 1.06999554e+09 1.06999558e+09 1.06999562e+09 1.06999566e+09
 1.06999570e+09 1.06999574e+09 1.06999578e+09 1.06999582e+09
 1.06999586e+09 1.06999590e+09 1.06999594e+09 1.06999598e+09
 1.06999602e+09 1.06999606e+09 1.06999610e+09 1.06999614e+09
 1.06999618e+09 1.06999622e+09 1.06999625e+09 1.06999629e+09
 1.06999633e+09 1.06999637e+09 1.06999641e+09 1.06999645e+09
 1.06999649e+09 1.06999653e+09 1.06999657e+09 1.06999661e+09
 1.06999665e+09 1.06999669e+09 1.06999673e+09 1.06999677e+09
 1.06999681e+09 1.06999685e+09 1.06999689e+09 1.06999693e+09
 1.06999697e+09 1.06999701e+09 1.06999705e+09 1.06999709e+09
 1.06999713e+09 1.06999717e+09 1.06999721e+09 1.06999725e+09
 1.06999729e+09 1.06999733e+09 1.06999737e+09 1.06999741e+09
 1.06999745e+09 1.06999749e+09 1.06999753e+09 1.06999757e+09
 1.06999761e+09 1.06999765e+09 1.06999769e+09 1.06999773e+09
 1.06999777e+09 1.06999781e+09 1.06999785e+09 1.06999789e+09
 1.06999793e+09 1.06999797e+09 1.06999801e+09 1.06999805e+09
 1.06999809e+09 1.06999813e+09 1.06999817e+09 1.06999821e+09
 1.06999825e+09 1.06999829e+09 1.06999833e+09 1.06999837e+09
 1.06999841e+09 1.06999845e+09 1.06999849e+09 1.06999853e+09
 1.06999857e+09 1.06999861e+09 1.06999865e+09 1.06999869e+09
 1.06999873e+09 1.06999877e+09 1.06999881e+09 1.06999885e+09
 1.06999889e+09 1.06999893e+09 1.06999897e+09 1.06999901e+09
 1.06999905e+09 1.06999909e+09 1.06999913e+09 1.06999917e+09
 1.06999920e+09 1.06999924e+09 1.06999928e+09 1.06999932e+09
 1.06999936e+09 1.06999940e+09 1.06999944e+09 1.06999948e+09
 1.06999952e+09 1.06999956e+09 1.06999960e+09 1.06999964e+09
 1.06999968e+09 1.06999972e+09 1.06999976e+09 1.06999980e+09
 1.06999984e+09 1.06999988e+09 1.06999992e+09 1.06999996e+09
 1.07000000e+09 1.07000004e+09 1.07000008e+09 1.07000012e+09
 1.07000016e+09 1.07000020e+09 1.07000024e+09 1.07000028e+09
 1.07000032e+09 1.07000036e+09 1.07000040e+09 1.07000044e+09
 1.07000048e+09 1.07000052e+09 1.07000056e+09 1.07000060e+09]
minRes = 0.33371870810502885
minResTime = [1.06996082e+09]
Cov(t) = [100 100 100 100 100 100 100 100 100 100 100 100 100 100 100 100 100 100
 100 100 100 100 100 100 100 100 100 100 100 100 100 100 100 100 100 100
 100 100 100 100 100 100 100 100 100 100 100 100 100 100 100 100 100 100
 100 100 100 100 100 100 100 100 100 100 100 100 100 100 100 100 100 100
 100 100 100 100 100 100 100 100 100 100 100 100 100 100 100 100 100 100
 100 100 100 100 100 100 100 100 100 100 100 100 100 100 100 100 100 100
 100 100 100 100 100 100 100 100 100 100 100 100 100 100 100 100 100 100
 100 100 100 100 100 100 100 100 100 100 100 100 100 100 100 100 100 100
 100 100 100 100 100 100 100 100 100 100 100 100 100 100 100 100 100 100
 100 100 100 100 100 100 100 100 100 100 100 100 100 100 100 100 100 100
 100 100 100 100 100 100 100 100 100 100 100 100 100 100 100 100 100 100
 100 100 100 100 100 100 100 100 100 100 100 100 100 100 100 100 100 100
 100 100 100 100 100 100 100 100 100 100 100 100 100 100 100 100 100 100
 100 100 100 100 100 100 100 100 100 100 100 100 100 100 100 100 100 100
 100 100 100 100 100 100 100 100 100 100 100 100 100 100 100 100 100 100
 100 100 100 100 100 100 100 100 100 100 100 100 100 100 100 100 100 100
 100 100 100 100 100 100 100 100 100 100 100 100 100 100 100 100 100 100
 100 100 100 100 100 100 100 100 100 100 100 100 100 100 100 100 100 100
 100 100 100 100 100 100 100 100 100 100 100 100 100 100 100 100 100 100
 100 100 100 100 100 100 100 100 100 100 100 100 100 100 100 100 100 100
 100 100 100 100 100 100 100 100 100 100 100 100 100 100 100 100 100 100
 100 100 100 100 100 100 100 100 100 100 100 100 100 100 100 100 100 100
 100 100 100 100 100 100 100 100 100 100 100 100 100 100 100 100 100 100
 100 100 100 100 100 100 100 100 100 100 100 100 100 100 100 100 100 100
 100 100 100 100 100 100 100 100 100 100 100 100 100 100 100 100 100 100
 100 100 100 100 100 100 100 100 100 100 100 100 100 100 100 100 100 100
 100 100 100 100 100 100 100 100 100 100 100 100 100 100 100 100 100 100
 100 100 100 100 100 100 100 100 100 100 100 100 100 100 100 100 100 100
 100 100 100 100 100 100 100 100 100 100 100 100 100 100 100 100 100 100
 100 100 100 100 100 100 100 100 100 100 100 100 100 100 100 100 100 100
 100 100 100 100 100 100 100 100 100 100 100 100 100 100 100 100 100 100
 100 100 100 100 100 100 100 100 100 100 100 100 100 100 100 100 100 100
 100 100 100 100 100 100 100 100 100 100 100 100 100 100 100 100 100 100
 100 100 100 100 100 100 100 100 100 100 100 100 100 100 100 100 100 100
 100 100 100 100 100 100 100 100 100 100 100 100 100 100 100 100 100 100
 100 100 100 100 100 100 100 100 100 100 100 100 100 100 100 100 100 100
 100 100 100 100 100 100 100 100 100 100 100 100 100 100 100 100 100 100
 100 100 100 100 100 100 100 100 100 100 100 100 100 100 100 100 100 100
 100 100 100 100 100 100 100 100 100 100 100 100 100 100 100 100 100 100
 100 100 100 100 100 100 100 100 100 100 100 100 100 100 100 100 100 100
 100 100 100 100 100 100 100 100 100 100 100 100 100 100 100 100 100 100
 100 100 100 100 100 100 100 100 100 100 100 100 100 100 100 100 100 100
 100 100 100 100 100 100 100 100 100 100 100 100 100 100 100 100 100 100
 100 100 100 100 100 100 100 100 100 100 100 100 100 100 100 100 100 100
 100 100 100 100 100 100 100 100 100 100 100 100 100 100 100 100 100 100
 100 100 100 100 100 100 100 100 100 100 100 100 100 100 100 100 100 100
 100 100 100 100 100 100 100 100 100 100 100 100 100 100 100 100 100 100
 100 100 100 100 100 100 100 100 100 100 100 100 100 100 100 100 100 100
 100 100 100 100 100 100 100 100 100 100 100 100 100 100 100 100 100 100
 100 100 100 100 100 100 100 100 100 100 100 100 100 100 100 100 100 100
 100 100 100 100 100 100 100 100 100 100 100 100 100 100 100 100 100 100
 100 100 100 100 100 100 100 100 100 100 100 100 100 100 100 100 100 100
 100 100 100 100 100 100 100 100 100 100 100 100 100 100 100 100 100 100
 100 100 100 100 100 100 100 100 100 100 100 100 100 100 100 100 100 100
 100 100 100 100 100 100 100 100 100 100 100 100 100 100 100 100 100 100
 100 100 100 100 100 100 100 100 100 100]
maxCov = 100
maxCovTime = [1.06996078e+09 1.06996082e+09 1.06996085e+09 1.06996089e+09
 1.06996093e+09 1.06996097e+09 1.06996101e+09 1.06996105e+09
 1.06996109e+09 1.06996113e+09 1.06996117e+09 1.06996121e+09
 1.06996125e+09 1.06996129e+09 1.06996133e+09 1.06996137e+09
 1.06996141e+09 1.06996145e+09 1.06996149e+09 1.06996153e+09
 1.06996157e+09 1.06996161e+09 1.06996165e+09 1.06996169e+09
 1.06996173e+09 1.06996177e+09 1.06996181e+09 1.06996185e+09
 1.06996189e+09 1.06996193e+09 1.06996197e+09 1.06996201e+09
 1.06996205e+09 1.06996209e+09 1.06996213e+09 1.06996217e+09
 1.06996221e+09 1.06996225e+09 1.06996229e+09 1.06996233e+09
 1.06996237e+09 1.06996241e+09 1.06996245e+09 1.06996249e+09
 1.06996253e+09 1.06996257e+09 1.06996261e+09 1.06996265e+09
 1.06996269e+09 1.06996273e+09 1.06996277e+09 1.06996281e+09
 1.06996285e+09 1.06996289e+09 1.06996293e+09 1.06996297e+09
 1.06996301e+09 1.06996305e+09 1.06996309e+09 1.06996313e+09
 1.06996317e+09 1.06996321e+09 1.06996325e+09 1.06996329e+09
 1.06996333e+09 1.06996337e+09 1.06996341e+09 1.06996345e+09
 1.06996349e+09 1.06996353e+09 1.06996357e+09 1.06996361e+09
 1.06996365e+09 1.06996369e+09 1.06996373e+09 1.06996377e+09
 1.06996380e+09 1.06996384e+09 1.06996388e+09 1.06996392e+09
 1.06996396e+09 1.06996400e+09 1.06996404e+09 1.06996408e+09
 1.06996412e+09 1.06996416e+09 1.06996420e+09 1.06996424e+09
 1.06996428e+09 1.06996432e+09 1.06996436e+09 1.06996440e+09
 1.06996444e+09 1.06996448e+09 1.06996452e+09 1.06996456e+09
 1.06996460e+09 1.06996464e+09 1.06996468e+09 1.06996472e+09
 1.06996476e+09 1.06996480e+09 1.06996484e+09 1.06996488e+09
 1.06996492e+09 1.06996496e+09 1.06996500e+09 1.06996504e+09
 1.06996508e+09 1.06996512e+09 1.06996516e+09 1.06996520e+09
 1.06996524e+09 1.06996528e+09 1.06996532e+09 1.06996536e+09
 1.06996540e+09 1.06996544e+09 1.06996548e+09 1.06996552e+09
 1.06996556e+09 1.06996560e+09 1.06996564e+09 1.06996568e+09
 1.06996572e+09 1.06996576e+09 1.06996580e+09 1.06996584e+09
 1.06996588e+09 1.06996592e+09 1.06996596e+09 1.06996600e+09
 1.06996604e+09 1.06996608e+09 1.06996612e+09 1.06996616e+09
 1.06996620e+09 1.06996624e+09 1.06996628e+09 1.06996632e+09
 1.06996636e+09 1.06996640e+09 1.06996644e+09 1.06996648e+09
 1.06996652e+09 1.06996656e+09 1.06996660e+09 1.06996664e+09
 1.06996668e+09 1.06996672e+09 1.06996675e+09 1.06996679e+09
 1.06996683e+09 1.06996687e+09 1.06996691e+09 1.06996695e+09
 1.06996699e+09 1.06996703e+09 1.06996707e+09 1.06996711e+09
 1.06996715e+09 1.06996719e+09 1.06996723e+09 1.06996727e+09
 1.06996731e+09 1.06996735e+09 1.06996739e+09 1.06996743e+09
 1.06996747e+09 1.06996751e+09 1.06996755e+09 1.06996759e+09
 1.06996763e+09 1.06996767e+09 1.06996771e+09 1.06996775e+09
 1.06996779e+09 1.06996783e+09 1.06996787e+09 1.06996791e+09
 1.06996795e+09 1.06996799e+09 1.06996803e+09 1.06996807e+09
 1.06996811e+09 1.06996815e+09 1.06996819e+09 1.06996823e+09
 1.06996827e+09 1.06996831e+09 1.06996835e+09 1.06996839e+09
 1.06996843e+09 1.06996847e+09 1.06996851e+09 1.06996855e+09
 1.06996859e+09 1.06996863e+09 1.06996867e+09 1.06996871e+09
 1.06996875e+09 1.06996879e+09 1.06996883e+09 1.06996887e+09
 1.06996891e+09 1.06996895e+09 1.06996899e+09 1.06996903e+09
 1.06996907e+09 1.06996911e+09 1.06996915e+09 1.06996919e+09
 1.06996923e+09 1.06996927e+09 1.06996931e+09 1.06996935e+09
 1.06996939e+09 1.06996943e+09 1.06996947e+09 1.06996951e+09
 1.06996955e+09 1.06996959e+09 1.06996963e+09 1.06996967e+09
 1.06996970e+09 1.06996974e+09 1.06996978e+09 1.06996982e+09
 1.06996986e+09 1.06996990e+09 1.06996994e+09 1.06996998e+09
 1.06997002e+09 1.06997006e+09 1.06997010e+09 1.06997014e+09
 1.06997018e+09 1.06997022e+09 1.06997026e+09 1.06997030e+09
 1.06997034e+09 1.06997038e+09 1.06997042e+09 1.06997046e+09
 1.06997050e+09 1.06997054e+09 1.06997058e+09 1.06997062e+09
 1.06997066e+09 1.06997070e+09 1.06997074e+09 1.06997078e+09
 1.06997082e+09 1.06997086e+09 1.06997090e+09 1.06997094e+09
 1.06997098e+09 1.06997102e+09 1.06997106e+09 1.06997110e+09
 1.06997114e+09 1.06997118e+09 1.06997122e+09 1.06997126e+09
 1.06997130e+09 1.06997134e+09 1.06997138e+09 1.06997142e+09
 1.06997146e+09 1.06997150e+09 1.06997154e+09 1.06997158e+09
 1.06997162e+09 1.06997166e+09 1.06997170e+09 1.06997174e+09
 1.06997178e+09 1.06997182e+09 1.06997186e+09 1.06997190e+09
 1.06997194e+09 1.06997198e+09 1.06997202e+09 1.06997206e+09
 1.06997210e+09 1.06997214e+09 1.06997218e+09 1.06997222e+09
 1.06997226e+09 1.06997230e+09 1.06997234e+09 1.06997238e+09
 1.06997242e+09 1.06997246e+09 1.06997250e+09 1.06997254e+09
 1.06997258e+09 1.06997262e+09 1.06997265e+09 1.06997269e+09
 1.06997273e+09 1.06997277e+09 1.06997281e+09 1.06997285e+09
 1.06997289e+09 1.06997293e+09 1.06997297e+09 1.06997301e+09
 1.06997305e+09 1.06997309e+09 1.06997313e+09 1.06997317e+09
 1.06997321e+09 1.06997325e+09 1.06997329e+09 1.06997333e+09
 1.06997337e+09 1.06997341e+09 1.06997345e+09 1.06997349e+09
 1.06997353e+09 1.06997357e+09 1.06997361e+09 1.06997365e+09
 1.06997369e+09 1.06997373e+09 1.06997377e+09 1.06997381e+09
 1.06997385e+09 1.06997389e+09 1.06997393e+09 1.06997397e+09
 1.06997401e+09 1.06997405e+09 1.06997409e+09 1.06997413e+09
 1.06997417e+09 1.06997421e+09 1.06997425e+09 1.06997429e+09
 1.06997433e+09 1.06997437e+09 1.06997441e+09 1.06997445e+09
 1.06997449e+09 1.06997453e+09 1.06997457e+09 1.06997461e+09
 1.06997465e+09 1.06997469e+09 1.06997473e+09 1.06997477e+09
 1.06997481e+09 1.06997485e+09 1.06997489e+09 1.06997493e+09
 1.06997497e+09 1.06997501e+09 1.06997505e+09 1.06997509e+09
 1.06997513e+09 1.06997517e+09 1.06997521e+09 1.06997525e+09
 1.06997529e+09 1.06997533e+09 1.06997537e+09 1.06997541e+09
 1.06997545e+09 1.06997549e+09 1.06997553e+09 1.06997557e+09
 1.06997560e+09 1.06997564e+09 1.06997568e+09 1.06997572e+09
 1.06997576e+09 1.06997580e+09 1.06997584e+09 1.06997588e+09
 1.06997592e+09 1.06997596e+09 1.06997600e+09 1.06997604e+09
 1.06997608e+09 1.06997612e+09 1.06997616e+09 1.06997620e+09
 1.06997624e+09 1.06997628e+09 1.06997632e+09 1.06997636e+09
 1.06997640e+09 1.06997644e+09 1.06997648e+09 1.06997652e+09
 1.06997656e+09 1.06997660e+09 1.06997664e+09 1.06997668e+09
 1.06997672e+09 1.06997676e+09 1.06997680e+09 1.06997684e+09
 1.06997688e+09 1.06997692e+09 1.06997696e+09 1.06997700e+09
 1.06997704e+09 1.06997708e+09 1.06997712e+09 1.06997716e+09
 1.06997720e+09 1.06997724e+09 1.06997728e+09 1.06997732e+09
 1.06997736e+09 1.06997740e+09 1.06997744e+09 1.06997748e+09
 1.06997752e+09 1.06997756e+09 1.06997760e+09 1.06997764e+09
 1.06997768e+09 1.06997772e+09 1.06997776e+09 1.06997780e+09
 1.06997784e+09 1.06997788e+09 1.06997792e+09 1.06997796e+09
 1.06997800e+09 1.06997804e+09 1.06997808e+09 1.06997812e+09
 1.06997816e+09 1.06997820e+09 1.06997824e+09 1.06997828e+09
 1.06997832e+09 1.06997836e+09 1.06997840e+09 1.06997844e+09
 1.06997848e+09 1.06997852e+09 1.06997855e+09 1.06997859e+09
 1.06997863e+09 1.06997867e+09 1.06997871e+09 1.06997875e+09
 1.06997879e+09 1.06997883e+09 1.06997887e+09 1.06997891e+09
 1.06997895e+09 1.06997899e+09 1.06997903e+09 1.06997907e+09
 1.06997911e+09 1.06997915e+09 1.06997919e+09 1.06997923e+09
 1.06997927e+09 1.06997931e+09 1.06997935e+09 1.06997939e+09
 1.06997943e+09 1.06997947e+09 1.06997951e+09 1.06997955e+09
 1.06997959e+09 1.06997963e+09 1.06997967e+09 1.06997971e+09
 1.06997975e+09 1.06997979e+09 1.06997983e+09 1.06997987e+09
 1.06997991e+09 1.06997995e+09 1.06997999e+09 1.06998003e+09
 1.06998007e+09 1.06998011e+09 1.06998015e+09 1.06998019e+09
 1.06998023e+09 1.06998027e+09 1.06998031e+09 1.06998035e+09
 1.06998039e+09 1.06998043e+09 1.06998047e+09 1.06998051e+09
 1.06998055e+09 1.06998059e+09 1.06998063e+09 1.06998067e+09
 1.06998071e+09 1.06998075e+09 1.06998079e+09 1.06998083e+09
 1.06998087e+09 1.06998091e+09 1.06998095e+09 1.06998099e+09
 1.06998103e+09 1.06998107e+09 1.06998111e+09 1.06998115e+09
 1.06998119e+09 1.06998123e+09 1.06998127e+09 1.06998131e+09
 1.06998135e+09 1.06998139e+09 1.06998143e+09 1.06998147e+09
 1.06998150e+09 1.06998154e+09 1.06998158e+09 1.06998162e+09
 1.06998166e+09 1.06998170e+09 1.06998174e+09 1.06998178e+09
 1.06998182e+09 1.06998186e+09 1.06998190e+09 1.06998194e+09
 1.06998198e+09 1.06998202e+09 1.06998206e+09 1.06998210e+09
 1.06998214e+09 1.06998218e+09 1.06998222e+09 1.06998226e+09
 1.06998230e+09 1.06998234e+09 1.06998238e+09 1.06998242e+09
 1.06998246e+09 1.06998250e+09 1.06998254e+09 1.06998258e+09
 1.06998262e+09 1.06998266e+09 1.06998270e+09 1.06998274e+09
 1.06998278e+09 1.06998282e+09 1.06998286e+09 1.06998290e+09
 1.06998294e+09 1.06998298e+09 1.06998302e+09 1.06998306e+09
 1.06998310e+09 1.06998314e+09 1.06998318e+09 1.06998322e+09
 1.06998326e+09 1.06998330e+09 1.06998334e+09 1.06998338e+09
 1.06998342e+09 1.06998346e+09 1.06998350e+09 1.06998354e+09
 1.06998358e+09 1.06998362e+09 1.06998366e+09 1.06998370e+09
 1.06998374e+09 1.06998378e+09 1.06998382e+09 1.06998386e+09
 1.06998390e+09 1.06998394e+09 1.06998398e+09 1.06998402e+09
 1.06998406e+09 1.06998410e+09 1.06998414e+09 1.06998418e+09
 1.06998422e+09 1.06998426e+09 1.06998430e+09 1.06998434e+09
 1.06998438e+09 1.06998442e+09 1.06998445e+09 1.06998449e+09
 1.06998453e+09 1.06998457e+09 1.06998461e+09 1.06998465e+09
 1.06998469e+09 1.06998473e+09 1.06998477e+09 1.06998481e+09
 1.06998485e+09 1.06998489e+09 1.06998493e+09 1.06998497e+09
 1.06998501e+09 1.06998505e+09 1.06998509e+09 1.06998513e+09
 1.06998517e+09 1.06998521e+09 1.06998525e+09 1.06998529e+09
 1.06998533e+09 1.06998537e+09 1.06998541e+09 1.06998545e+09
 1.06998549e+09 1.06998553e+09 1.06998557e+09 1.06998561e+09
 1.06998565e+09 1.06998569e+09 1.06998573e+09 1.06998577e+09
 1.06998581e+09 1.06998585e+09 1.06998589e+09 1.06998593e+09
 1.06998597e+09 1.06998601e+09 1.06998605e+09 1.06998609e+09
 1.06998613e+09 1.06998617e+09 1.06998621e+09 1.06998625e+09
 1.06998629e+09 1.06998633e+09 1.06998637e+09 1.06998641e+09
 1.06998645e+09 1.06998649e+09 1.06998653e+09 1.06998657e+09
 1.06998661e+09 1.06998665e+09 1.06998669e+09 1.06998673e+09
 1.06998677e+09 1.06998681e+09 1.06998685e+09 1.06998689e+09
 1.06998693e+09 1.06998697e+09 1.06998701e+09 1.06998705e+09
 1.06998709e+09 1.06998713e+09 1.06998717e+09 1.06998721e+09
 1.06998725e+09 1.06998729e+09 1.06998733e+09 1.06998737e+09
 1.06998740e+09 1.06998744e+09 1.06998748e+09 1.06998752e+09
 1.06998756e+09 1.06998760e+09 1.06998764e+09 1.06998768e+09
 1.06998772e+09 1.06998776e+09 1.06998780e+09 1.06998784e+09
 1.06998788e+09 1.06998792e+09 1.06998796e+09 1.06998800e+09
 1.06998804e+09 1.06998808e+09 1.06998812e+09 1.06998816e+09
 1.06998820e+09 1.06998824e+09 1.06998828e+09 1.06998832e+09
 1.06998836e+09 1.06998840e+09 1.06998844e+09 1.06998848e+09
 1.06998852e+09 1.06998856e+09 1.06998860e+09 1.06998864e+09
 1.06998868e+09 1.06998872e+09 1.06998876e+09 1.06998880e+09
 1.06998884e+09 1.06998888e+09 1.06998892e+09 1.06998896e+09
 1.06998900e+09 1.06998904e+09 1.06998908e+09 1.06998912e+09
 1.06998916e+09 1.06998920e+09 1.06998924e+09 1.06998928e+09
 1.06998932e+09 1.06998936e+09 1.06998940e+09 1.06998944e+09
 1.06998948e+09 1.06998952e+09 1.06998956e+09 1.06998960e+09
 1.06998964e+09 1.06998968e+09 1.06998972e+09 1.06998976e+09
 1.06998980e+09 1.06998984e+09 1.06998988e+09 1.06998992e+09
 1.06998996e+09 1.06999000e+09 1.06999004e+09 1.06999008e+09
 1.06999012e+09 1.06999016e+09 1.06999020e+09 1.06999024e+09
 1.06999028e+09 1.06999032e+09 1.06999035e+09 1.06999039e+09
 1.06999043e+09 1.06999047e+09 1.06999051e+09 1.06999055e+09
 1.06999059e+09 1.06999063e+09 1.06999067e+09 1.06999071e+09
 1.06999075e+09 1.06999079e+09 1.06999083e+09 1.06999087e+09
 1.06999091e+09 1.06999095e+09 1.06999099e+09 1.06999103e+09
 1.06999107e+09 1.06999111e+09 1.06999115e+09 1.06999119e+09
 1.06999123e+09 1.06999127e+09 1.06999131e+09 1.06999135e+09
 1.06999139e+09 1.06999143e+09 1.06999147e+09 1.06999151e+09
 1.06999155e+09 1.06999159e+09 1.06999163e+09 1.06999167e+09
 1.06999171e+09 1.06999175e+09 1.06999179e+09 1.06999183e+09
 1.06999187e+09 1.06999191e+09 1.06999195e+09 1.06999199e+09
 1.06999203e+09 1.06999207e+09 1.06999211e+09 1.06999215e+09
 1.06999219e+09 1.06999223e+09 1.06999227e+09 1.06999231e+09
 1.06999235e+09 1.06999239e+09 1.06999243e+09 1.06999247e+09
 1.06999251e+09 1.06999255e+09 1.06999259e+09 1.06999263e+09
 1.06999267e+09 1.06999271e+09 1.06999275e+09 1.06999279e+09
 1.06999283e+09 1.06999287e+09 1.06999291e+09 1.06999295e+09
 1.06999299e+09 1.06999303e+09 1.06999307e+09 1.06999311e+09
 1.06999315e+09 1.06999319e+09 1.06999323e+09 1.06999327e+09
 1.06999330e+09 1.06999334e+09 1.06999338e+09 1.06999342e+09
 1.06999346e+09 1.06999350e+09 1.06999354e+09 1.06999358e+09
 1.06999362e+09 1.06999366e+09 1.06999370e+09 1.06999374e+09
 1.06999378e+09 1.06999382e+09 1.06999386e+09 1.06999390e+09
 1.06999394e+09 1.06999398e+09 1.06999402e+09 1.06999406e+09
 1.06999410e+09 1.06999414e+09 1.06999418e+09 1.06999422e+09
 1.06999426e+09 1.06999430e+09 1.06999434e+09 1.06999438e+09
 1.06999442e+09 1.06999446e+09 1.06999450e+09 1.06999454e+09
 1.06999458e+09 1.06999462e+09 1.06999466e+09 1.06999470e+09
 1.06999474e+09 1.06999478e+09 1.06999482e+09 1.06999486e+09
 1.06999490e+09 1.06999494e+09 1.06999498e+09 1.06999502e+09
 1.06999506e+09 1.06999510e+09 1.06999514e+09 1.06999518e+09
 1.06999522e+09 1.06999526e+09 1.06999530e+09 1.06999534e+09
 1.06999538e+09 1.06999542e+09 1.06999546e+09 1.06999550e+09
 1.06999554e+09 1.06999558e+09 1.06999562e+09 1.06999566e+09
 1.06999570e+09 1.06999574e+09 1.06999578e+09 1.06999582e+09
 1.06999586e+09 1.06999590e+09 1.06999594e+09 1.06999598e+09
 1.06999602e+09 1.06999606e+09 1.06999610e+09 1.06999614e+09
 1.06999618e+09 1.06999622e+09 1.06999625e+09 1.06999629e+09
 1.06999633e+09 1.06999637e+09 1.06999641e+09 1.06999645e+09
 1.06999649e+09 1.06999653e+09 1.06999657e+09 1.06999661e+09
 1.06999665e+09 1.06999669e+09 1.06999673e+09 1.06999677e+09
 1.06999681e+09 1.06999685e+09 1.06999689e+09 1.06999693e+09
 1.06999697e+09 1.06999701e+09 1.06999705e+09 1.06999709e+09
 1.06999713e+09 1.06999717e+09 1.06999721e+09 1.06999725e+09
 1.06999729e+09 1.06999733e+09 1.06999737e+09 1.06999741e+09
 1.06999745e+09 1.06999749e+09 1.06999753e+09 1.06999757e+09
 1.06999761e+09 1.06999765e+09 1.06999769e+09 1.06999773e+09
 1.06999777e+09 1.06999781e+09 1.06999785e+09 1.06999789e+09
 1.06999793e+09 1.06999797e+09 1.06999801e+09 1.06999805e+09
 1.06999809e+09 1.06999813e+09 1.06999817e+09 1.06999821e+09
 1.06999825e+09 1.06999829e+09 1.06999833e+09 1.06999837e+09
 1.06999841e+09 1.06999845e+09 1.06999849e+09 1.06999853e+09
 1.06999857e+09 1.06999861e+09 1.06999865e+09 1.06999869e+09
 1.06999873e+09 1.06999877e+09 1.06999881e+09 1.06999885e+09
 1.06999889e+09 1.06999893e+09 1.06999897e+09 1.06999901e+09
 1.06999905e+09 1.06999909e+09 1.06999913e+09 1.06999917e+09
 1.06999920e+09 1.06999924e+09 1.06999928e+09 1.06999932e+09
 1.06999936e+09 1.06999940e+09 1.06999944e+09 1.06999948e+09
 1.06999952e+09 1.06999956e+09 1.06999960e+09 1.06999964e+09
 1.06999968e+09 1.06999972e+09 1.06999976e+09 1.06999980e+09
 1.06999984e+09 1.06999988e+09 1.06999992e+09 1.06999996e+09
 1.07000000e+09 1.07000004e+09 1.07000008e+09 1.07000012e+09
 1.07000016e+09 1.07000020e+09 1.07000024e+09 1.07000028e+09
 1.07000032e+09 1.07000036e+09 1.07000040e+09 1.07000044e+09
 1.07000048e+09 1.07000052e+09 1.07000056e+09 1.07000060e+09]
