name =JUICE_ROI_GAN_4_4_02
flyby = ['2034 JUN 05 18:53:51', '2034 JUN 06 18:53:51']
Observation TW = <SpiceCell dtype = 1, length = 0, size = 3400, card = 14, is_set = 1, adjust = 0, init = 1, base = 94193961975248, data = 94193961975296>
Res(t) = [0.14566502 0.1438743  0.13866695 0.15010267 0.14722756 0.14498281
 0.13762103 0.1361216  0.13492577 0.13749131 0.13658388 0.1357876
 0.1350035  0.13442259 0.13401172 0.13755841 0.13209163 0.13177053
 0.13158569 0.1315205  0.13156187 0.13169932 0.13395154 0.13422967
 0.13458779 0.13590503 0.13642727 0.13701581 0.13766675 0.13837664
 0.13914246 0.13996153 0.14083142 0.14174996 0.14271519 0.14372533
 0.14477879 0.14405111 0.14506919 0.146125   0.14722606 0.14835214
 0.14951201 0.15070451 0.15192859 0.15318325 0.15446755 0.15578064
 0.15712171 0.15849002 0.15345234 0.154781   0.15613094 0.16422224
 0.16999488 0.17076502 0.17236421 0.16440212 0.16589106 0.16739754
 0.16892112 0.17046139 0.17201794 0.17359039 0.17517837 0.17678155
 0.1783996  0.1800322  0.18167908 0.18327014 0.18494291 0.18662913
 0.1883286  0.19004107 0.19176637 0.19350428 0.19525464 0.19701728
 0.19879204 0.2005788  0.20237741 0.20418777 0.20600977 0.20784333
 0.20968836 0.21154479 0.21341258 0.21529168 0.21718207 0.21908371
 0.22099661 0.22292077 0.22485621 0.22680297 0.22876109 0.23073063
 0.23271167 0.23470429 0.2367086  0.23872471 0.24075277 0.24279292
 0.24484534 0.24691021 0.24898774 0.24423198 0.24632231 0.24842706
 0.25054659 0.25268132 0.2548317  0.2569982  0.25918133 0.26138167
 0.2635998  0.26583639 0.26809213 0.27036779 0.27266419 0.27498223
 0.27732287 0.27968716 0.28207626 0.2844914  0.28693394 0.28940537
 0.29190732 0.29444158 0.29701009 0.29961503 0.3022588  0.30494403
 0.30767369 0.31045107 0.31327984 0.31616417 0.32421778 0.32743765
 0.33074323 0.33414277 0.36157931 0.36594141 0.37047369 0.37519629
 0.38013311 0.38531273 0.39076972 0.39654643 0.40269537 0.40928279
 0.30406128 0.30570164 0.30734146 0.30898072 0.31061939 0.31225746
 0.31389488 0.31553165 0.31716773 0.31880312 0.32043778 0.3220717
 0.32370485 0.32533722 0.32696879 0.3579294  0.35983461 0.36173945
 0.36364389 0.3655479  0.36745146 0.36935454 0.37125711 0.37315915
 0.37506063 0.37696154 0.37886184 0.38076152 0.38266054 0.3845589
 0.38645656 0.38835351 0.39024972 0.39214518 0.39403986 0.39593375
 0.39782682 0.39971906 0.40161045 0.40350097 0.40539061 0.40727934
 0.40916716 0.41105403 0.41293996 0.41482491 0.41670889 0.41859186
 0.42047382 0.42235476 0.42423465 0.42611348 0.42799125 0.42986793
 0.43174352 0.433618   0.43549136 0.43736359 0.43923467 0.44110459
 0.44297335 0.44484093 0.44670732 0.44857251 0.45043649 0.45229925
 0.45416078 0.45602106 0.4578801  0.45973787 0.46159438 0.46344961
 0.46530356 0.46715621 0.46900756 0.47085759 0.47270631 0.4745537
 0.47639975 0.47824446 0.48008783 0.48192984 0.48377048 0.48560975
 0.48744765 0.48928417 0.49111929 0.49295302 0.49478535 0.49661627
 0.49844578 0.50027387 0.50210053 0.50392577 0.50574957 0.50757193
 0.50939285 0.51121232 0.51303033 0.51484689 0.51666198 0.51847561
 0.52028776 0.52209844 0.52390764 0.52571536 0.52752159 0.52932633
 0.53112957 0.53293132 0.53473157 0.53653031 0.53832754 0.54012327
 0.54191748 0.54371017 0.54550135 0.547291   0.54907913 0.55086573
 0.55265081 0.55443435 0.55621635 0.55799682 0.55977576 0.56155315
 0.563329   0.5651033  0.56687605 0.56864725 0.57041691 0.57218501
 0.57395156 0.57571655 0.57747999 0.57924187 0.58100219 0.58276096
 0.58451816 0.5862738  0.58802787 0.58978039 0.59153134 0.59328072
 0.59502853 0.59677478 0.59851946 0.60026257 0.60200411 0.60374408
 0.60548248 0.60721931 0.60895457 0.61068826 0.61242037 0.61415091
 0.61587988 0.61760727 0.61933309 0.62105734 0.62278002 0.62450112
 0.62622064 0.6279386  0.62965498 0.63136979 0.63308302 0.63479468
 0.63650477 0.63821328 0.63992023 0.6416256  0.6433294  0.64503163
 0.64673229 0.64843137 0.65012889 0.65182484 0.65351922 0.65521203
 0.65690328 0.65859296 0.66028107 0.66196761 0.6636526  0.66533601
 0.66701787 0.66869816 0.67037689 0.67205405 0.67372966 0.67540371
 0.6770762  0.67874714 0.68041651 0.68208434 0.68375061 0.68541532
 0.68707848 0.68874009 0.69040015 0.69205867 0.69371563 0.69537105
 0.69702492 0.69867725 0.70032803 0.70197727 0.70362498 0.70527114
 0.70691576 0.70855885 0.7102004  0.71184042 0.7134789  0.71511585
 0.71675127 0.71838517 0.72001753 0.72164837 0.72327769 0.72490548
 0.72653175 0.7281565  0.72977973 0.73140144 0.73302164 0.73464032
 0.73625749 0.73787315 0.7394873  0.74109994 0.74271107 0.7443207
 0.74592883 0.74753545 0.74914057 0.75074419 0.75234632 0.75394695
 0.75554609 0.75714373 0.75873989 0.76033455 0.76192773 0.76351942
 0.76510963 0.76669836 0.76828561 0.76987137 0.77145566 0.77303848
 0.77461982 0.77619969 0.77777809 0.77935502 0.78093048 0.78250448
 0.78407702 0.78564809 0.78721771 0.78878587 0.79035257 0.79191782
 0.79348161 0.79504395 0.79660485 0.7981643  0.7997223  0.80127886
 0.80283398 0.80438766 0.8059399  0.80749071 0.80904008 0.81058801
 0.81213452 0.8136796  0.81522325 0.81676548 0.81830629 0.81984567
 0.82138363 0.82292018 0.82445531 0.82598903 0.82752133 0.82905223
 0.83058172 0.8321098  0.83363647 0.83516175 0.83668562 0.8382081
 0.83972917 0.84124886 0.84276715 0.84428405 0.84579956 0.84731368
 0.84882641 0.85033777 0.85184774 0.85335633 0.85486354 0.85636938
 0.85787384 0.85937694 0.86087866 0.86237901 0.86387799 0.86537562
 0.86687187 0.86836677 0.86986031 0.87135249 0.87284332 0.87433279
 0.87582091 0.87730769 0.87879311 0.88027719 0.88175993 0.88324132
 0.88472137 0.88620009 0.88767747 0.88915352 0.89062823 0.89210161
 0.89357367 0.89504439 0.89651379 0.89798187 0.89944863 0.90091407
 0.90237819 0.903841   0.90530249 0.90676267 0.90822155 0.90967911
 0.91113537 0.91259032 0.91404397 0.91549632 0.91694737 0.91839713
 0.91984559 0.92129276 0.92273863 0.92418322 0.92562652 0.92706854
 0.92850927 0.92994872 0.93138688 0.93282378 0.93425939 0.93569373
 0.9371268  0.93855859 0.93998912 0.94141838 0.94284638 0.94427311
 0.94569858 0.94712279 0.94854574 0.94996744 0.95138788 0.95280707
 0.95422501 0.9556417  0.95705714 0.95847134 0.9598843  0.96129601
 0.96270648 0.96411572 0.96552371 0.96693048 0.96833601 0.96974031
 0.97114338 0.97254522 0.97394584 0.97534524 0.97674341 0.97814036
 0.97953609 0.98093061 0.98232391 0.983716   0.98510687 0.98649654
 0.987885   0.98927225 0.9906583  0.99204314 0.99342679 0.99480923
 0.99619048 0.99757053 0.99894939 1.00032705 1.00170353 1.00307881
 1.00445291 1.00582582 1.00719755 1.00856809 1.00993746 1.01130565
 1.01267266 1.01403849 1.01540315 1.01676664 1.01812895 1.0194901
 1.02085009 1.0222089  1.02356655 1.02492304 1.02627838 1.02763255
 1.02898556 1.03033742 1.03168813 1.03303768 1.03438608 1.03573333
 1.03707944 1.0384244  1.03976822 1.04111089 1.04245243 1.04379282
 1.04513208 1.0464702  1.04780718 1.04914304 1.05047776 1.05181135
 1.05314382 1.05447516 1.05580537 1.05713446 1.05846243 1.05978928
 1.06111501 1.06243963 1.06376313 1.06508551 1.06640678 1.06772695
 1.069046   1.07036394 1.07168078 1.07299652 1.07431115 1.07562468
 1.07693711 1.07824844 1.07955868 1.08086782 1.08217587 1.08348282
 1.08478868 1.08609346 1.08739714 1.08869974 1.09000126 1.09130169
 1.09260104 1.09389931 1.0951965  1.09649262 1.09778765 1.09908162
 1.10037451 1.10166633 1.10295708 1.10424676 1.10553537 1.10682292
 1.1081094  1.10939483 1.11067919 1.11196249 1.11324473 1.11452591
 1.11580604 1.11708512 1.11836314 1.11964011 1.12091603 1.12219091
 1.12346473 1.12473751 1.12600925 1.12727994 1.12854959 1.12981821
 1.13108578 1.13235232 1.13361782 1.13488228 1.13614571 1.13740811
 1.13866949 1.13992983 1.14118914 1.14244743 1.14370469 1.14496093
 1.14621615 1.14747034 1.14872352 1.14997568 1.15122682 1.15247694
 1.15372606 1.15497415 1.15622124 1.15746732 1.15871239 1.15995645
 1.1611995  1.16244155 1.1636826  1.16492264 1.16616168 1.16739972
 1.16863677 1.16987281 1.17110786 1.17234192 1.17357498 1.17480705
 1.17603813 1.17726822 1.17849732 1.17972544 1.18095257 1.18217871
 1.18340387 1.18462805 1.18585125 1.18707347 1.18829471 1.18951498
 1.19073426 1.19195258 1.19316992 1.19438629 1.19560168 1.19681611
 1.19802957 1.19924206 1.20045359 1.20166415 1.20287375 1.20408238
 1.20529006 1.20649677 1.20770252 1.20890732 1.21011116 1.21131405
 1.21251598 1.21371696 1.21491698 1.21611606 1.21731419 1.21851137
 1.2197076  1.22090288 1.22209723 1.22329062 1.22448308 1.22567459
 1.22686517 1.2280548  1.2292435  1.23043126 1.23161808 1.23280397
 1.23398893 1.23517295 1.23635605 1.23753821 1.23871944 1.23989975
 1.24107913 1.24225759 1.24343512 1.24461172 1.24578741 1.24696217
 1.24813601 1.24930894 1.25048095 1.25165204 1.25282221 1.25399147
 1.25515982 1.25632725 1.25749377 1.25865939 1.25982409 1.26098788
 1.26215077 1.26331275 1.26447383 1.265634   1.26679327 1.26795164
 1.26910911 1.27026567 1.27142134 1.27257611 1.27372999 1.27488297
 1.27603505 1.27718624 1.27833654 1.27948595 1.28063446 1.28178209
 1.28292883 1.28407468 1.28521964 1.28636372 1.28750692 1.28864923
 1.28979066 1.2909312  1.29207087 1.29320966 1.29434756 1.2954846
 1.29662075 1.29775603 1.29889043 1.30002397 1.30115662 1.30228841
 1.30341933 1.30454937 1.30567855 1.30680686 1.30793431 1.30906088
 1.3101866  1.31131144 1.31243543 1.31355855 1.31468082 1.31580222
 1.31692276 1.31804245 1.31916127 1.32027924 1.32139636 1.32251262
 1.32362803 1.32474258 1.32585629 1.32696914 1.32808114 1.32919229
 1.3303026  1.33141206 1.33252067 1.33362843 1.33473536 1.33584143
 1.33694667 1.33805106 1.33915461 1.34025733 1.3413592  1.34246024
 1.34356043 1.34465979 1.34575832 1.34685601 1.34795287 1.34904889
 1.35014408 1.35123844 1.35233198 1.35342468 1.35451655 1.35560759
 1.35669781 1.3577872  1.35887577 1.35996351 1.36105043 1.36213653
 1.3632218  1.36430625 1.36538989 1.3664727  1.36755469 1.36863587
 1.36971623 1.37079578 1.37187451 1.37295242 1.37402952 1.37510581
 1.37618129 1.37725596 1.37832981 1.37940286 1.3804751  1.38154653
 1.38261715 1.38368697 1.38475598 1.38582419 1.3868916  1.3879582
 1.389024   1.39008899 1.39115319 1.39221659 1.39327919 1.39434099
 1.39540199 1.3964622  1.39752161 1.39858022 1.39963805 1.40069507
 1.40175131 1.40280675 1.4038614  1.40491527 1.40596834 1.40702062
 1.40807212 1.40912282 1.41017275 1.41122188 1.41227023 1.4133178
 1.41436458 1.41541058 1.4164558  1.41750023 1.41854389 1.41958677
 1.42062886 1.42167018 1.42271072 1.42375049 1.42478948 1.42582769
 1.42686513 1.42790179 1.42893768 1.4299728  1.43100715 1.43204073
 1.43307353 1.43410557 1.43513684 1.43616733 1.43719707 1.43822603
 1.43925423 1.44028166 1.44130833 1.44233424 1.44335938 1.44438376
 1.44540738 1.44643024 1.44745233 1.44847367 1.44949425 1.45051407
 1.45153313 1.45255143 1.45356898 1.45458578 1.45560182 1.4566171
 1.45763163 1.45864541 1.45965844 1.46067071 1.46168224 1.46269301
 1.46370303 1.46471231 1.46572084 1.46672862 1.46773565 1.46874194
 1.46974748 1.47075228 1.47175633 1.47275965 1.47376221 1.47476404
 1.47576512 1.47676547 1.47776507 1.47876393 1.47976206 1.48075945
 1.4817561  1.48275201 1.48374719 1.48474163 1.48573533 1.4867283
 1.48772054 1.48871205 1.48970282 1.49069286 1.49168217 1.49267075
 1.4936586  1.49464572 1.49563211 1.49661778 1.49760271 1.49858692
 1.49957041 1.50055317 1.5015352  1.50251651 1.50349709 1.50447696
 1.5054561  1.50643452 1.50741221 1.50838919 1.50936545 1.51034099
 1.5113158  1.51228991 1.51326329 1.51423596]
t = [1.08646232e+09 1.08646236e+09 1.08646240e+09 1.08646245e+09
 1.08646249e+09 1.08646253e+09 1.08646257e+09 1.08646262e+09
 1.08646266e+09 1.08646270e+09 1.08646275e+09 1.08646279e+09
 1.08646283e+09 1.08646287e+09 1.08646292e+09 1.08646296e+09
 1.08646300e+09 1.08646304e+09 1.08646309e+09 1.08646313e+09
 1.08646317e+09 1.08646321e+09 1.08646326e+09 1.08646330e+09
 1.08646334e+09 1.08646338e+09 1.08646343e+09 1.08646347e+09
 1.08646351e+09 1.08646356e+09 1.08646360e+09 1.08646364e+09
 1.08646368e+09 1.08646373e+09 1.08646377e+09 1.08646381e+09
 1.08646385e+09 1.08646390e+09 1.08646394e+09 1.08646398e+09
 1.08646402e+09 1.08646407e+09 1.08646411e+09 1.08646415e+09
 1.08646419e+09 1.08646424e+09 1.08646428e+09 1.08646432e+09
 1.08646436e+09 1.08646441e+09 1.08646445e+09 1.08646449e+09
 1.08646454e+09 1.08646458e+09 1.08646462e+09 1.08646466e+09
 1.08646471e+09 1.08646475e+09 1.08646479e+09 1.08646483e+09
 1.08646488e+09 1.08646492e+09 1.08646496e+09 1.08646500e+09
 1.08646505e+09 1.08646509e+09 1.08646513e+09 1.08646517e+09
 1.08646522e+09 1.08646526e+09 1.08646530e+09 1.08646535e+09
 1.08646539e+09 1.08646543e+09 1.08646547e+09 1.08646552e+09
 1.08646556e+09 1.08646560e+09 1.08646564e+09 1.08646569e+09
 1.08646573e+09 1.08646577e+09 1.08646581e+09 1.08646586e+09
 1.08646590e+09 1.08646594e+09 1.08646598e+09 1.08646603e+09
 1.08646607e+09 1.08646611e+09 1.08646616e+09 1.08646620e+09
 1.08646624e+09 1.08646628e+09 1.08646633e+09 1.08646637e+09
 1.08646641e+09 1.08646645e+09 1.08646650e+09 1.08646654e+09
 1.08646658e+09 1.08646662e+09 1.08646667e+09 1.08646671e+09
 1.08646675e+09 1.08646679e+09 1.08646684e+09 1.08646688e+09
 1.08646692e+09 1.08646696e+09 1.08646701e+09 1.08646705e+09
 1.08646709e+09 1.08646714e+09 1.08646718e+09 1.08646722e+09
 1.08646726e+09 1.08646731e+09 1.08646735e+09 1.08646739e+09
 1.08646743e+09 1.08646748e+09 1.08646752e+09 1.08646756e+09
 1.08646760e+09 1.08646765e+09 1.08646769e+09 1.08646773e+09
 1.08646777e+09 1.08646782e+09 1.08646786e+09 1.08646790e+09
 1.08646795e+09 1.08646799e+09 1.08646803e+09 1.08646807e+09
 1.08646812e+09 1.08646816e+09 1.08646820e+09 1.08646824e+09
 1.08646829e+09 1.08646833e+09 1.08646837e+09 1.08646841e+09
 1.08646846e+09 1.08646850e+09 1.08646854e+09 1.08646858e+09
 1.08646863e+09 1.08646867e+09 1.08646871e+09 1.08646876e+09
 1.08646880e+09 1.08646884e+09 1.08646888e+09 1.08646893e+09
 1.08646897e+09 1.08646901e+09 1.08646905e+09 1.08646910e+09
 1.08646914e+09 1.08646918e+09 1.08646922e+09 1.08646927e+09
 1.08646931e+09 1.08646935e+09 1.08646939e+09 1.08646944e+09
 1.08646948e+09 1.08646952e+09 1.08646956e+09 1.08646961e+09
 1.08646965e+09 1.08646969e+09 1.08646974e+09 1.08646978e+09
 1.08646982e+09 1.08646986e+09 1.08646991e+09 1.08646995e+09
 1.08646999e+09 1.08647003e+09 1.08647008e+09 1.08647012e+09
 1.08647016e+09 1.08647020e+09 1.08647025e+09 1.08647029e+09
 1.08647033e+09 1.08647037e+09 1.08647042e+09 1.08647046e+09
 1.08647050e+09 1.08647055e+09 1.08647059e+09 1.08647063e+09
 1.08647067e+09 1.08647072e+09 1.08647076e+09 1.08647080e+09
 1.08647084e+09 1.08647089e+09 1.08647093e+09 1.08647097e+09
 1.08647101e+09 1.08647106e+09 1.08647110e+09 1.08647114e+09
 1.08647118e+09 1.08647123e+09 1.08647127e+09 1.08647131e+09
 1.08647136e+09 1.08647140e+09 1.08647144e+09 1.08647148e+09
 1.08647153e+09 1.08647157e+09 1.08647161e+09 1.08647165e+09
 1.08647170e+09 1.08647174e+09 1.08647178e+09 1.08647182e+09
 1.08647187e+09 1.08647191e+09 1.08647195e+09 1.08647199e+09
 1.08647204e+09 1.08647208e+09 1.08647212e+09 1.08647217e+09
 1.08647221e+09 1.08647225e+09 1.08647229e+09 1.08647234e+09
 1.08647238e+09 1.08647242e+09 1.08647246e+09 1.08647251e+09
 1.08647255e+09 1.08647259e+09 1.08647263e+09 1.08647268e+09
 1.08647272e+09 1.08647276e+09 1.08647280e+09 1.08647285e+09
 1.08647289e+09 1.08647293e+09 1.08647297e+09 1.08647302e+09
 1.08647306e+09 1.08647310e+09 1.08647315e+09 1.08647319e+09
 1.08647323e+09 1.08647327e+09 1.08647332e+09 1.08647336e+09
 1.08647340e+09 1.08647344e+09 1.08647349e+09 1.08647353e+09
 1.08647357e+09 1.08647361e+09 1.08647366e+09 1.08647370e+09
 1.08647374e+09 1.08647378e+09 1.08647383e+09 1.08647387e+09
 1.08647391e+09 1.08647396e+09 1.08647400e+09 1.08647404e+09
 1.08647408e+09 1.08647413e+09 1.08647417e+09 1.08647421e+09
 1.08647425e+09 1.08647430e+09 1.08647434e+09 1.08647438e+09
 1.08647442e+09 1.08647447e+09 1.08647451e+09 1.08647455e+09
 1.08647459e+09 1.08647464e+09 1.08647468e+09 1.08647472e+09
 1.08647477e+09 1.08647481e+09 1.08647485e+09 1.08647489e+09
 1.08647494e+09 1.08647498e+09 1.08647502e+09 1.08647506e+09
 1.08647511e+09 1.08647515e+09 1.08647519e+09 1.08647523e+09
 1.08647528e+09 1.08647532e+09 1.08647536e+09 1.08647540e+09
 1.08647545e+09 1.08647549e+09 1.08647553e+09 1.08647557e+09
 1.08647562e+09 1.08647566e+09 1.08647570e+09 1.08647575e+09
 1.08647579e+09 1.08647583e+09 1.08647587e+09 1.08647592e+09
 1.08647596e+09 1.08647600e+09 1.08647604e+09 1.08647609e+09
 1.08647613e+09 1.08647617e+09 1.08647621e+09 1.08647626e+09
 1.08647630e+09 1.08647634e+09 1.08647638e+09 1.08647643e+09
 1.08647647e+09 1.08647651e+09 1.08647656e+09 1.08647660e+09
 1.08647664e+09 1.08647668e+09 1.08647673e+09 1.08647677e+09
 1.08647681e+09 1.08647685e+09 1.08647690e+09 1.08647694e+09
 1.08647698e+09 1.08647702e+09 1.08647707e+09 1.08647711e+09
 1.08647715e+09 1.08647719e+09 1.08647724e+09 1.08647728e+09
 1.08647732e+09 1.08647737e+09 1.08647741e+09 1.08647745e+09
 1.08647749e+09 1.08647754e+09 1.08647758e+09 1.08647762e+09
 1.08647766e+09 1.08647771e+09 1.08647775e+09 1.08647779e+09
 1.08647783e+09 1.08647788e+09 1.08647792e+09 1.08647796e+09
 1.08647800e+09 1.08647805e+09 1.08647809e+09 1.08647813e+09
 1.08647818e+09 1.08647822e+09 1.08647826e+09 1.08647830e+09
 1.08647835e+09 1.08647839e+09 1.08647843e+09 1.08647847e+09
 1.08647852e+09 1.08647856e+09 1.08647860e+09 1.08647864e+09
 1.08647869e+09 1.08647873e+09 1.08647877e+09 1.08647881e+09
 1.08647886e+09 1.08647890e+09 1.08647894e+09 1.08647898e+09
 1.08647903e+09 1.08647907e+09 1.08647911e+09 1.08647916e+09
 1.08647920e+09 1.08647924e+09 1.08647928e+09 1.08647933e+09
 1.08647937e+09 1.08647941e+09 1.08647945e+09 1.08647950e+09
 1.08647954e+09 1.08647958e+09 1.08647962e+09 1.08647967e+09
 1.08647971e+09 1.08647975e+09 1.08647979e+09 1.08647984e+09
 1.08647988e+09 1.08647992e+09 1.08647997e+09 1.08648001e+09
 1.08648005e+09 1.08648009e+09 1.08648014e+09 1.08648018e+09
 1.08648022e+09 1.08648026e+09 1.08648031e+09 1.08648035e+09
 1.08648039e+09 1.08648043e+09 1.08648048e+09 1.08648052e+09
 1.08648056e+09 1.08648060e+09 1.08648065e+09 1.08648069e+09
 1.08648073e+09 1.08648078e+09 1.08648082e+09 1.08648086e+09
 1.08648090e+09 1.08648095e+09 1.08648099e+09 1.08648103e+09
 1.08648107e+09 1.08648112e+09 1.08648116e+09 1.08648120e+09
 1.08648124e+09 1.08648129e+09 1.08648133e+09 1.08648137e+09
 1.08648141e+09 1.08648146e+09 1.08648150e+09 1.08648154e+09
 1.08648158e+09 1.08648163e+09 1.08648167e+09 1.08648171e+09
 1.08648176e+09 1.08648180e+09 1.08648184e+09 1.08648188e+09
 1.08648193e+09 1.08648197e+09 1.08648201e+09 1.08648205e+09
 1.08648210e+09 1.08648214e+09 1.08648218e+09 1.08648222e+09
 1.08648227e+09 1.08648231e+09 1.08648235e+09 1.08648239e+09
 1.08648244e+09 1.08648248e+09 1.08648252e+09 1.08648257e+09
 1.08648261e+09 1.08648265e+09 1.08648269e+09 1.08648274e+09
 1.08648278e+09 1.08648282e+09 1.08648286e+09 1.08648291e+09
 1.08648295e+09 1.08648299e+09 1.08648303e+09 1.08648308e+09
 1.08648312e+09 1.08648316e+09 1.08648320e+09 1.08648325e+09
 1.08648329e+09 1.08648333e+09 1.08648338e+09 1.08648342e+09
 1.08648346e+09 1.08648350e+09 1.08648355e+09 1.08648359e+09
 1.08648363e+09 1.08648367e+09 1.08648372e+09 1.08648376e+09
 1.08648380e+09 1.08648384e+09 1.08648389e+09 1.08648393e+09
 1.08648397e+09 1.08648401e+09 1.08648406e+09 1.08648410e+09
 1.08648414e+09 1.08648418e+09 1.08648423e+09 1.08648427e+09
 1.08648431e+09 1.08648436e+09 1.08648440e+09 1.08648444e+09
 1.08648448e+09 1.08648453e+09 1.08648457e+09 1.08648461e+09
 1.08648465e+09 1.08648470e+09 1.08648474e+09 1.08648478e+09
 1.08648482e+09 1.08648487e+09 1.08648491e+09 1.08648495e+09
 1.08648499e+09 1.08648504e+09 1.08648508e+09 1.08648512e+09
 1.08648517e+09 1.08648521e+09 1.08648525e+09 1.08648529e+09
 1.08648534e+09 1.08648538e+09 1.08648542e+09 1.08648546e+09
 1.08648551e+09 1.08648555e+09 1.08648559e+09 1.08648563e+09
 1.08648568e+09 1.08648572e+09 1.08648576e+09 1.08648580e+09
 1.08648585e+09 1.08648589e+09 1.08648593e+09 1.08648598e+09
 1.08648602e+09 1.08648606e+09 1.08648610e+09 1.08648615e+09
 1.08648619e+09 1.08648623e+09 1.08648627e+09 1.08648632e+09
 1.08648636e+09 1.08648640e+09 1.08648644e+09 1.08648649e+09
 1.08648653e+09 1.08648657e+09 1.08648661e+09 1.08648666e+09
 1.08648670e+09 1.08648674e+09 1.08648679e+09 1.08648683e+09
 1.08648687e+09 1.08648691e+09 1.08648696e+09 1.08648700e+09
 1.08648704e+09 1.08648708e+09 1.08648713e+09 1.08648717e+09
 1.08648721e+09 1.08648725e+09 1.08648730e+09 1.08648734e+09
 1.08648738e+09 1.08648742e+09 1.08648747e+09 1.08648751e+09
 1.08648755e+09 1.08648759e+09 1.08648764e+09 1.08648768e+09
 1.08648772e+09 1.08648777e+09 1.08648781e+09 1.08648785e+09
 1.08648789e+09 1.08648794e+09 1.08648798e+09 1.08648802e+09
 1.08648806e+09 1.08648811e+09 1.08648815e+09 1.08648819e+09
 1.08648823e+09 1.08648828e+09 1.08648832e+09 1.08648836e+09
 1.08648840e+09 1.08648845e+09 1.08648849e+09 1.08648853e+09
 1.08648858e+09 1.08648862e+09 1.08648866e+09 1.08648870e+09
 1.08648875e+09 1.08648879e+09 1.08648883e+09 1.08648887e+09
 1.08648892e+09 1.08648896e+09 1.08648900e+09 1.08648904e+09
 1.08648909e+09 1.08648913e+09 1.08648917e+09 1.08648921e+09
 1.08648926e+09 1.08648930e+09 1.08648934e+09 1.08648939e+09
 1.08648943e+09 1.08648947e+09 1.08648951e+09 1.08648956e+09
 1.08648960e+09 1.08648964e+09 1.08648968e+09 1.08648973e+09
 1.08648977e+09 1.08648981e+09 1.08648985e+09 1.08648990e+09
 1.08648994e+09 1.08648998e+09 1.08649002e+09 1.08649007e+09
 1.08649011e+09 1.08649015e+09 1.08649019e+09 1.08649024e+09
 1.08649028e+09 1.08649032e+09 1.08649037e+09 1.08649041e+09
 1.08649045e+09 1.08649049e+09 1.08649054e+09 1.08649058e+09
 1.08649062e+09 1.08649066e+09 1.08649071e+09 1.08649075e+09
 1.08649079e+09 1.08649083e+09 1.08649088e+09 1.08649092e+09
 1.08649096e+09 1.08649100e+09 1.08649105e+09 1.08649109e+09
 1.08649113e+09 1.08649118e+09 1.08649122e+09 1.08649126e+09
 1.08649130e+09 1.08649135e+09 1.08649139e+09 1.08649143e+09
 1.08649147e+09 1.08649152e+09 1.08649156e+09 1.08649160e+09
 1.08649164e+09 1.08649169e+09 1.08649173e+09 1.08649177e+09
 1.08649181e+09 1.08649186e+09 1.08649190e+09 1.08649194e+09
 1.08649199e+09 1.08649203e+09 1.08649207e+09 1.08649211e+09
 1.08649216e+09 1.08649220e+09 1.08649224e+09 1.08649228e+09
 1.08649233e+09 1.08649237e+09 1.08649241e+09 1.08649245e+09
 1.08649250e+09 1.08649254e+09 1.08649258e+09 1.08649262e+09
 1.08649267e+09 1.08649271e+09 1.08649275e+09 1.08649280e+09
 1.08649284e+09 1.08649288e+09 1.08649292e+09 1.08649297e+09
 1.08649301e+09 1.08649305e+09 1.08649309e+09 1.08649314e+09
 1.08649318e+09 1.08649322e+09 1.08649326e+09 1.08649331e+09
 1.08649335e+09 1.08649339e+09 1.08649343e+09 1.08649348e+09
 1.08649352e+09 1.08649356e+09 1.08649360e+09 1.08649365e+09
 1.08649369e+09 1.08649373e+09 1.08649378e+09 1.08649382e+09
 1.08649386e+09 1.08649390e+09 1.08649395e+09 1.08649399e+09
 1.08649403e+09 1.08649407e+09 1.08649412e+09 1.08649416e+09
 1.08649420e+09 1.08649424e+09 1.08649429e+09 1.08649433e+09
 1.08649437e+09 1.08649441e+09 1.08649446e+09 1.08649450e+09
 1.08649454e+09 1.08649459e+09 1.08649463e+09 1.08649467e+09
 1.08649471e+09 1.08649476e+09 1.08649480e+09 1.08649484e+09
 1.08649488e+09 1.08649493e+09 1.08649497e+09 1.08649501e+09
 1.08649505e+09 1.08649510e+09 1.08649514e+09 1.08649518e+09
 1.08649522e+09 1.08649527e+09 1.08649531e+09 1.08649535e+09
 1.08649540e+09 1.08649544e+09 1.08649548e+09 1.08649552e+09
 1.08649557e+09 1.08649561e+09 1.08649565e+09 1.08649569e+09
 1.08649574e+09 1.08649578e+09 1.08649582e+09 1.08649586e+09
 1.08649591e+09 1.08649595e+09 1.08649599e+09 1.08649603e+09
 1.08649608e+09 1.08649612e+09 1.08649616e+09 1.08649620e+09
 1.08649625e+09 1.08649629e+09 1.08649633e+09 1.08649638e+09
 1.08649642e+09 1.08649646e+09 1.08649650e+09 1.08649655e+09
 1.08649659e+09 1.08649663e+09 1.08649667e+09 1.08649672e+09
 1.08649676e+09 1.08649680e+09 1.08649684e+09 1.08649689e+09
 1.08649693e+09 1.08649697e+09 1.08649701e+09 1.08649706e+09
 1.08649710e+09 1.08649714e+09 1.08649719e+09 1.08649723e+09
 1.08649727e+09 1.08649731e+09 1.08649736e+09 1.08649740e+09
 1.08649744e+09 1.08649748e+09 1.08649753e+09 1.08649757e+09
 1.08649761e+09 1.08649765e+09 1.08649770e+09 1.08649774e+09
 1.08649778e+09 1.08649782e+09 1.08649787e+09 1.08649791e+09
 1.08649795e+09 1.08649800e+09 1.08649804e+09 1.08649808e+09
 1.08649812e+09 1.08649817e+09 1.08649821e+09 1.08649825e+09
 1.08649829e+09 1.08649834e+09 1.08649838e+09 1.08649842e+09
 1.08649846e+09 1.08649851e+09 1.08649855e+09 1.08649859e+09
 1.08649863e+09 1.08649868e+09 1.08649872e+09 1.08649876e+09
 1.08649880e+09 1.08649885e+09 1.08649889e+09 1.08649893e+09
 1.08649898e+09 1.08649902e+09 1.08649906e+09 1.08649910e+09
 1.08649915e+09 1.08649919e+09 1.08649923e+09 1.08649927e+09
 1.08649932e+09 1.08649936e+09 1.08649940e+09 1.08649944e+09
 1.08649949e+09 1.08649953e+09 1.08649957e+09 1.08649961e+09
 1.08649966e+09 1.08649970e+09 1.08649974e+09 1.08649979e+09
 1.08649983e+09 1.08649987e+09 1.08649991e+09 1.08649996e+09
 1.08650000e+09 1.08650004e+09 1.08650008e+09 1.08650013e+09
 1.08650017e+09 1.08650021e+09 1.08650025e+09 1.08650030e+09
 1.08650034e+09 1.08650038e+09 1.08650042e+09 1.08650047e+09
 1.08650051e+09 1.08650055e+09 1.08650060e+09 1.08650064e+09
 1.08650068e+09 1.08650072e+09 1.08650077e+09 1.08650081e+09
 1.08650085e+09 1.08650089e+09 1.08650094e+09 1.08650098e+09
 1.08650102e+09 1.08650106e+09 1.08650111e+09 1.08650115e+09
 1.08650119e+09 1.08650123e+09 1.08650128e+09 1.08650132e+09
 1.08650136e+09 1.08650141e+09 1.08650145e+09 1.08650149e+09
 1.08650153e+09 1.08650158e+09 1.08650162e+09 1.08650166e+09
 1.08650170e+09 1.08650175e+09 1.08650179e+09 1.08650183e+09
 1.08650187e+09 1.08650192e+09 1.08650196e+09 1.08650200e+09
 1.08650204e+09 1.08650209e+09 1.08650213e+09 1.08650217e+09
 1.08650221e+09 1.08650226e+09 1.08650230e+09 1.08650234e+09
 1.08650239e+09 1.08650243e+09 1.08650247e+09 1.08650251e+09
 1.08650256e+09 1.08650260e+09 1.08650264e+09 1.08650268e+09
 1.08650273e+09 1.08650277e+09 1.08650281e+09 1.08650285e+09
 1.08650290e+09 1.08650294e+09 1.08650298e+09 1.08650302e+09
 1.08650307e+09 1.08650311e+09 1.08650315e+09 1.08650320e+09
 1.08650324e+09 1.08650328e+09 1.08650332e+09 1.08650337e+09
 1.08650341e+09 1.08650345e+09 1.08650349e+09 1.08650354e+09
 1.08650358e+09 1.08650362e+09 1.08650366e+09 1.08650371e+09
 1.08650375e+09 1.08650379e+09 1.08650383e+09 1.08650388e+09
 1.08650392e+09 1.08650396e+09 1.08650401e+09 1.08650405e+09
 1.08650409e+09 1.08650413e+09 1.08650418e+09 1.08650422e+09
 1.08650426e+09 1.08650430e+09 1.08650435e+09 1.08650439e+09
 1.08650443e+09 1.08650447e+09 1.08650452e+09 1.08650456e+09
 1.08650460e+09 1.08650464e+09 1.08650469e+09 1.08650473e+09
 1.08650477e+09 1.08650481e+09 1.08650486e+09 1.08650490e+09]
minRes = 0.13152050487410522
minResTime = [1.08646313e+09]
Cov(t) = [100 100 100 100 100 100 100 100 100 100 100 100 100 100 100 100 100 100
 100 100 100 100 100 100 100 100 100 100 100 100 100 100 100 100 100 100
 100 100 100 100 100 100 100 100 100 100 100 100 100 100 100 100 100 100
 100 100 100 100 100 100 100 100 100 100 100 100 100 100 100 100 100 100
 100 100 100 100 100 100 100 100 100 100 100 100 100 100 100 100 100 100
 100 100 100 100 100 100 100 100 100 100 100 100 100 100 100 100 100 100
 100 100 100 100 100 100 100 100 100 100 100 100 100 100 100 100 100 100
 100 100 100 100 100 100 100 100 100 100 100 100 100 100 100 100 100 100
 100 100 100 100 100 100 100 100 100 100 100 100 100 100 100 100 100 100
 100 100 100 100 100 100 100 100 100 100 100 100 100 100 100 100 100 100
 100 100 100 100 100 100 100 100 100 100 100 100 100 100 100 100 100 100
 100 100 100 100 100 100 100 100 100 100 100 100 100 100 100 100 100 100
 100 100 100 100 100 100 100 100 100 100 100 100 100 100 100 100 100 100
 100 100 100 100 100 100 100 100 100 100 100 100 100 100 100 100 100 100
 100 100 100 100 100 100 100 100 100 100 100 100 100 100 100 100 100 100
 100 100 100 100 100 100 100 100 100 100 100 100 100 100 100 100 100 100
 100 100 100 100 100 100 100 100 100 100 100 100 100 100 100 100 100 100
 100 100 100 100 100 100 100 100 100 100 100 100 100 100 100 100 100 100
 100 100 100 100 100 100 100 100 100 100 100 100 100 100 100 100 100 100
 100 100 100 100 100 100 100 100 100 100 100 100 100 100 100 100 100 100
 100 100 100 100 100 100 100 100 100 100 100 100 100 100 100 100 100 100
 100 100 100 100 100 100 100 100 100 100 100 100 100 100 100 100 100 100
 100 100 100 100 100 100 100 100 100 100 100 100 100 100 100 100 100 100
 100 100 100 100 100 100 100 100 100 100 100 100 100 100 100 100 100 100
 100 100 100 100 100 100 100 100 100 100 100 100 100 100 100 100 100 100
 100 100 100 100 100 100 100 100 100 100 100 100 100 100 100 100 100 100
 100 100 100 100 100 100 100 100 100 100 100 100 100 100 100 100 100 100
 100 100 100 100 100 100 100 100 100 100 100 100 100 100 100 100 100 100
 100 100 100 100 100 100 100 100 100 100 100 100 100 100 100 100 100 100
 100 100 100 100 100 100 100 100 100 100 100 100 100 100 100 100 100 100
 100 100 100 100 100 100 100 100 100 100 100 100 100 100 100 100 100 100
 100 100 100 100 100 100 100 100 100 100 100 100 100 100 100 100 100 100
 100 100 100 100 100 100 100 100 100 100 100 100 100 100 100 100 100 100
 100 100 100 100 100 100 100 100 100 100 100 100 100 100 100 100 100 100
 100 100 100 100 100 100 100 100 100 100 100 100 100 100 100 100 100 100
 100 100 100 100 100 100 100 100 100 100 100 100 100 100 100 100 100 100
 100 100 100 100 100 100 100 100 100 100 100 100 100 100 100 100 100 100
 100 100 100 100 100 100 100 100 100 100 100 100 100 100 100 100 100 100
 100 100 100 100 100 100 100 100 100 100 100 100 100 100 100 100 100 100
 100 100 100 100 100 100 100 100 100 100 100 100 100 100 100 100 100 100
 100 100 100 100 100 100 100 100 100 100 100 100 100 100 100 100 100 100
 100 100 100 100 100 100 100 100 100 100 100 100 100 100 100 100 100 100
 100 100 100 100 100 100 100 100 100 100 100 100 100 100 100 100 100 100
 100 100 100 100 100 100 100 100 100 100 100 100 100 100 100 100 100 100
 100 100 100 100 100 100 100 100 100 100 100 100 100 100 100 100 100 100
 100 100 100 100 100 100 100 100 100 100 100 100 100 100 100 100 100 100
 100 100 100 100 100 100 100 100 100 100 100 100 100 100 100 100 100 100
 100 100 100 100 100 100 100 100 100 100 100 100 100 100 100 100 100 100
 100 100 100 100 100 100 100 100 100 100 100 100 100 100 100 100 100 100
 100 100 100 100 100 100 100 100 100 100 100 100 100 100 100 100 100 100
 100 100 100 100 100 100 100 100 100 100 100 100 100 100 100 100 100 100
 100 100 100 100 100 100 100 100 100 100 100 100 100 100 100 100 100 100
 100 100 100 100 100 100 100 100 100 100 100 100 100 100 100 100 100 100
 100 100 100 100 100 100 100 100 100 100 100 100 100 100 100 100 100 100
 100 100 100 100 100 100 100 100 100 100 100 100 100 100 100 100 100 100
 100 100 100 100 100 100 100 100 100 100]
maxCov = 100
maxCovTime = [1.08646232e+09 1.08646236e+09 1.08646240e+09 1.08646245e+09
 1.08646249e+09 1.08646253e+09 1.08646257e+09 1.08646262e+09
 1.08646266e+09 1.08646270e+09 1.08646275e+09 1.08646279e+09
 1.08646283e+09 1.08646287e+09 1.08646292e+09 1.08646296e+09
 1.08646300e+09 1.08646304e+09 1.08646309e+09 1.08646313e+09
 1.08646317e+09 1.08646321e+09 1.08646326e+09 1.08646330e+09
 1.08646334e+09 1.08646338e+09 1.08646343e+09 1.08646347e+09
 1.08646351e+09 1.08646356e+09 1.08646360e+09 1.08646364e+09
 1.08646368e+09 1.08646373e+09 1.08646377e+09 1.08646381e+09
 1.08646385e+09 1.08646390e+09 1.08646394e+09 1.08646398e+09
 1.08646402e+09 1.08646407e+09 1.08646411e+09 1.08646415e+09
 1.08646419e+09 1.08646424e+09 1.08646428e+09 1.08646432e+09
 1.08646436e+09 1.08646441e+09 1.08646445e+09 1.08646449e+09
 1.08646454e+09 1.08646458e+09 1.08646462e+09 1.08646466e+09
 1.08646471e+09 1.08646475e+09 1.08646479e+09 1.08646483e+09
 1.08646488e+09 1.08646492e+09 1.08646496e+09 1.08646500e+09
 1.08646505e+09 1.08646509e+09 1.08646513e+09 1.08646517e+09
 1.08646522e+09 1.08646526e+09 1.08646530e+09 1.08646535e+09
 1.08646539e+09 1.08646543e+09 1.08646547e+09 1.08646552e+09
 1.08646556e+09 1.08646560e+09 1.08646564e+09 1.08646569e+09
 1.08646573e+09 1.08646577e+09 1.08646581e+09 1.08646586e+09
 1.08646590e+09 1.08646594e+09 1.08646598e+09 1.08646603e+09
 1.08646607e+09 1.08646611e+09 1.08646616e+09 1.08646620e+09
 1.08646624e+09 1.08646628e+09 1.08646633e+09 1.08646637e+09
 1.08646641e+09 1.08646645e+09 1.08646650e+09 1.08646654e+09
 1.08646658e+09 1.08646662e+09 1.08646667e+09 1.08646671e+09
 1.08646675e+09 1.08646679e+09 1.08646684e+09 1.08646688e+09
 1.08646692e+09 1.08646696e+09 1.08646701e+09 1.08646705e+09
 1.08646709e+09 1.08646714e+09 1.08646718e+09 1.08646722e+09
 1.08646726e+09 1.08646731e+09 1.08646735e+09 1.08646739e+09
 1.08646743e+09 1.08646748e+09 1.08646752e+09 1.08646756e+09
 1.08646760e+09 1.08646765e+09 1.08646769e+09 1.08646773e+09
 1.08646777e+09 1.08646782e+09 1.08646786e+09 1.08646790e+09
 1.08646795e+09 1.08646799e+09 1.08646803e+09 1.08646807e+09
 1.08646812e+09 1.08646816e+09 1.08646820e+09 1.08646824e+09
 1.08646829e+09 1.08646833e+09 1.08646837e+09 1.08646841e+09
 1.08646846e+09 1.08646850e+09 1.08646854e+09 1.08646858e+09
 1.08646863e+09 1.08646867e+09 1.08646871e+09 1.08646876e+09
 1.08646880e+09 1.08646884e+09 1.08646888e+09 1.08646893e+09
 1.08646897e+09 1.08646901e+09 1.08646905e+09 1.08646910e+09
 1.08646914e+09 1.08646918e+09 1.08646922e+09 1.08646927e+09
 1.08646931e+09 1.08646935e+09 1.08646939e+09 1.08646944e+09
 1.08646948e+09 1.08646952e+09 1.08646956e+09 1.08646961e+09
 1.08646965e+09 1.08646969e+09 1.08646974e+09 1.08646978e+09
 1.08646982e+09 1.08646986e+09 1.08646991e+09 1.08646995e+09
 1.08646999e+09 1.08647003e+09 1.08647008e+09 1.08647012e+09
 1.08647016e+09 1.08647020e+09 1.08647025e+09 1.08647029e+09
 1.08647033e+09 1.08647037e+09 1.08647042e+09 1.08647046e+09
 1.08647050e+09 1.08647055e+09 1.08647059e+09 1.08647063e+09
 1.08647067e+09 1.08647072e+09 1.08647076e+09 1.08647080e+09
 1.08647084e+09 1.08647089e+09 1.08647093e+09 1.08647097e+09
 1.08647101e+09 1.08647106e+09 1.08647110e+09 1.08647114e+09
 1.08647118e+09 1.08647123e+09 1.08647127e+09 1.08647131e+09
 1.08647136e+09 1.08647140e+09 1.08647144e+09 1.08647148e+09
 1.08647153e+09 1.08647157e+09 1.08647161e+09 1.08647165e+09
 1.08647170e+09 1.08647174e+09 1.08647178e+09 1.08647182e+09
 1.08647187e+09 1.08647191e+09 1.08647195e+09 1.08647199e+09
 1.08647204e+09 1.08647208e+09 1.08647212e+09 1.08647217e+09
 1.08647221e+09 1.08647225e+09 1.08647229e+09 1.08647234e+09
 1.08647238e+09 1.08647242e+09 1.08647246e+09 1.08647251e+09
 1.08647255e+09 1.08647259e+09 1.08647263e+09 1.08647268e+09
 1.08647272e+09 1.08647276e+09 1.08647280e+09 1.08647285e+09
 1.08647289e+09 1.08647293e+09 1.08647297e+09 1.08647302e+09
 1.08647306e+09 1.08647310e+09 1.08647315e+09 1.08647319e+09
 1.08647323e+09 1.08647327e+09 1.08647332e+09 1.08647336e+09
 1.08647340e+09 1.08647344e+09 1.08647349e+09 1.08647353e+09
 1.08647357e+09 1.08647361e+09 1.08647366e+09 1.08647370e+09
 1.08647374e+09 1.08647378e+09 1.08647383e+09 1.08647387e+09
 1.08647391e+09 1.08647396e+09 1.08647400e+09 1.08647404e+09
 1.08647408e+09 1.08647413e+09 1.08647417e+09 1.08647421e+09
 1.08647425e+09 1.08647430e+09 1.08647434e+09 1.08647438e+09
 1.08647442e+09 1.08647447e+09 1.08647451e+09 1.08647455e+09
 1.08647459e+09 1.08647464e+09 1.08647468e+09 1.08647472e+09
 1.08647477e+09 1.08647481e+09 1.08647485e+09 1.08647489e+09
 1.08647494e+09 1.08647498e+09 1.08647502e+09 1.08647506e+09
 1.08647511e+09 1.08647515e+09 1.08647519e+09 1.08647523e+09
 1.08647528e+09 1.08647532e+09 1.08647536e+09 1.08647540e+09
 1.08647545e+09 1.08647549e+09 1.08647553e+09 1.08647557e+09
 1.08647562e+09 1.08647566e+09 1.08647570e+09 1.08647575e+09
 1.08647579e+09 1.08647583e+09 1.08647587e+09 1.08647592e+09
 1.08647596e+09 1.08647600e+09 1.08647604e+09 1.08647609e+09
 1.08647613e+09 1.08647617e+09 1.08647621e+09 1.08647626e+09
 1.08647630e+09 1.08647634e+09 1.08647638e+09 1.08647643e+09
 1.08647647e+09 1.08647651e+09 1.08647656e+09 1.08647660e+09
 1.08647664e+09 1.08647668e+09 1.08647673e+09 1.08647677e+09
 1.08647681e+09 1.08647685e+09 1.08647690e+09 1.08647694e+09
 1.08647698e+09 1.08647702e+09 1.08647707e+09 1.08647711e+09
 1.08647715e+09 1.08647719e+09 1.08647724e+09 1.08647728e+09
 1.08647732e+09 1.08647737e+09 1.08647741e+09 1.08647745e+09
 1.08647749e+09 1.08647754e+09 1.08647758e+09 1.08647762e+09
 1.08647766e+09 1.08647771e+09 1.08647775e+09 1.08647779e+09
 1.08647783e+09 1.08647788e+09 1.08647792e+09 1.08647796e+09
 1.08647800e+09 1.08647805e+09 1.08647809e+09 1.08647813e+09
 1.08647818e+09 1.08647822e+09 1.08647826e+09 1.08647830e+09
 1.08647835e+09 1.08647839e+09 1.08647843e+09 1.08647847e+09
 1.08647852e+09 1.08647856e+09 1.08647860e+09 1.08647864e+09
 1.08647869e+09 1.08647873e+09 1.08647877e+09 1.08647881e+09
 1.08647886e+09 1.08647890e+09 1.08647894e+09 1.08647898e+09
 1.08647903e+09 1.08647907e+09 1.08647911e+09 1.08647916e+09
 1.08647920e+09 1.08647924e+09 1.08647928e+09 1.08647933e+09
 1.08647937e+09 1.08647941e+09 1.08647945e+09 1.08647950e+09
 1.08647954e+09 1.08647958e+09 1.08647962e+09 1.08647967e+09
 1.08647971e+09 1.08647975e+09 1.08647979e+09 1.08647984e+09
 1.08647988e+09 1.08647992e+09 1.08647997e+09 1.08648001e+09
 1.08648005e+09 1.08648009e+09 1.08648014e+09 1.08648018e+09
 1.08648022e+09 1.08648026e+09 1.08648031e+09 1.08648035e+09
 1.08648039e+09 1.08648043e+09 1.08648048e+09 1.08648052e+09
 1.08648056e+09 1.08648060e+09 1.08648065e+09 1.08648069e+09
 1.08648073e+09 1.08648078e+09 1.08648082e+09 1.08648086e+09
 1.08648090e+09 1.08648095e+09 1.08648099e+09 1.08648103e+09
 1.08648107e+09 1.08648112e+09 1.08648116e+09 1.08648120e+09
 1.08648124e+09 1.08648129e+09 1.08648133e+09 1.08648137e+09
 1.08648141e+09 1.08648146e+09 1.08648150e+09 1.08648154e+09
 1.08648158e+09 1.08648163e+09 1.08648167e+09 1.08648171e+09
 1.08648176e+09 1.08648180e+09 1.08648184e+09 1.08648188e+09
 1.08648193e+09 1.08648197e+09 1.08648201e+09 1.08648205e+09
 1.08648210e+09 1.08648214e+09 1.08648218e+09 1.08648222e+09
 1.08648227e+09 1.08648231e+09 1.08648235e+09 1.08648239e+09
 1.08648244e+09 1.08648248e+09 1.08648252e+09 1.08648257e+09
 1.08648261e+09 1.08648265e+09 1.08648269e+09 1.08648274e+09
 1.08648278e+09 1.08648282e+09 1.08648286e+09 1.08648291e+09
 1.08648295e+09 1.08648299e+09 1.08648303e+09 1.08648308e+09
 1.08648312e+09 1.08648316e+09 1.08648320e+09 1.08648325e+09
 1.08648329e+09 1.08648333e+09 1.08648338e+09 1.08648342e+09
 1.08648346e+09 1.08648350e+09 1.08648355e+09 1.08648359e+09
 1.08648363e+09 1.08648367e+09 1.08648372e+09 1.08648376e+09
 1.08648380e+09 1.08648384e+09 1.08648389e+09 1.08648393e+09
 1.08648397e+09 1.08648401e+09 1.08648406e+09 1.08648410e+09
 1.08648414e+09 1.08648418e+09 1.08648423e+09 1.08648427e+09
 1.08648431e+09 1.08648436e+09 1.08648440e+09 1.08648444e+09
 1.08648448e+09 1.08648453e+09 1.08648457e+09 1.08648461e+09
 1.08648465e+09 1.08648470e+09 1.08648474e+09 1.08648478e+09
 1.08648482e+09 1.08648487e+09 1.08648491e+09 1.08648495e+09
 1.08648499e+09 1.08648504e+09 1.08648508e+09 1.08648512e+09
 1.08648517e+09 1.08648521e+09 1.08648525e+09 1.08648529e+09
 1.08648534e+09 1.08648538e+09 1.08648542e+09 1.08648546e+09
 1.08648551e+09 1.08648555e+09 1.08648559e+09 1.08648563e+09
 1.08648568e+09 1.08648572e+09 1.08648576e+09 1.08648580e+09
 1.08648585e+09 1.08648589e+09 1.08648593e+09 1.08648598e+09
 1.08648602e+09 1.08648606e+09 1.08648610e+09 1.08648615e+09
 1.08648619e+09 1.08648623e+09 1.08648627e+09 1.08648632e+09
 1.08648636e+09 1.08648640e+09 1.08648644e+09 1.08648649e+09
 1.08648653e+09 1.08648657e+09 1.08648661e+09 1.08648666e+09
 1.08648670e+09 1.08648674e+09 1.08648679e+09 1.08648683e+09
 1.08648687e+09 1.08648691e+09 1.08648696e+09 1.08648700e+09
 1.08648704e+09 1.08648708e+09 1.08648713e+09 1.08648717e+09
 1.08648721e+09 1.08648725e+09 1.08648730e+09 1.08648734e+09
 1.08648738e+09 1.08648742e+09 1.08648747e+09 1.08648751e+09
 1.08648755e+09 1.08648759e+09 1.08648764e+09 1.08648768e+09
 1.08648772e+09 1.08648777e+09 1.08648781e+09 1.08648785e+09
 1.08648789e+09 1.08648794e+09 1.08648798e+09 1.08648802e+09
 1.08648806e+09 1.08648811e+09 1.08648815e+09 1.08648819e+09
 1.08648823e+09 1.08648828e+09 1.08648832e+09 1.08648836e+09
 1.08648840e+09 1.08648845e+09 1.08648849e+09 1.08648853e+09
 1.08648858e+09 1.08648862e+09 1.08648866e+09 1.08648870e+09
 1.08648875e+09 1.08648879e+09 1.08648883e+09 1.08648887e+09
 1.08648892e+09 1.08648896e+09 1.08648900e+09 1.08648904e+09
 1.08648909e+09 1.08648913e+09 1.08648917e+09 1.08648921e+09
 1.08648926e+09 1.08648930e+09 1.08648934e+09 1.08648939e+09
 1.08648943e+09 1.08648947e+09 1.08648951e+09 1.08648956e+09
 1.08648960e+09 1.08648964e+09 1.08648968e+09 1.08648973e+09
 1.08648977e+09 1.08648981e+09 1.08648985e+09 1.08648990e+09
 1.08648994e+09 1.08648998e+09 1.08649002e+09 1.08649007e+09
 1.08649011e+09 1.08649015e+09 1.08649019e+09 1.08649024e+09
 1.08649028e+09 1.08649032e+09 1.08649037e+09 1.08649041e+09
 1.08649045e+09 1.08649049e+09 1.08649054e+09 1.08649058e+09
 1.08649062e+09 1.08649066e+09 1.08649071e+09 1.08649075e+09
 1.08649079e+09 1.08649083e+09 1.08649088e+09 1.08649092e+09
 1.08649096e+09 1.08649100e+09 1.08649105e+09 1.08649109e+09
 1.08649113e+09 1.08649118e+09 1.08649122e+09 1.08649126e+09
 1.08649130e+09 1.08649135e+09 1.08649139e+09 1.08649143e+09
 1.08649147e+09 1.08649152e+09 1.08649156e+09 1.08649160e+09
 1.08649164e+09 1.08649169e+09 1.08649173e+09 1.08649177e+09
 1.08649181e+09 1.08649186e+09 1.08649190e+09 1.08649194e+09
 1.08649199e+09 1.08649203e+09 1.08649207e+09 1.08649211e+09
 1.08649216e+09 1.08649220e+09 1.08649224e+09 1.08649228e+09
 1.08649233e+09 1.08649237e+09 1.08649241e+09 1.08649245e+09
 1.08649250e+09 1.08649254e+09 1.08649258e+09 1.08649262e+09
 1.08649267e+09 1.08649271e+09 1.08649275e+09 1.08649280e+09
 1.08649284e+09 1.08649288e+09 1.08649292e+09 1.08649297e+09
 1.08649301e+09 1.08649305e+09 1.08649309e+09 1.08649314e+09
 1.08649318e+09 1.08649322e+09 1.08649326e+09 1.08649331e+09
 1.08649335e+09 1.08649339e+09 1.08649343e+09 1.08649348e+09
 1.08649352e+09 1.08649356e+09 1.08649360e+09 1.08649365e+09
 1.08649369e+09 1.08649373e+09 1.08649378e+09 1.08649382e+09
 1.08649386e+09 1.08649390e+09 1.08649395e+09 1.08649399e+09
 1.08649403e+09 1.08649407e+09 1.08649412e+09 1.08649416e+09
 1.08649420e+09 1.08649424e+09 1.08649429e+09 1.08649433e+09
 1.08649437e+09 1.08649441e+09 1.08649446e+09 1.08649450e+09
 1.08649454e+09 1.08649459e+09 1.08649463e+09 1.08649467e+09
 1.08649471e+09 1.08649476e+09 1.08649480e+09 1.08649484e+09
 1.08649488e+09 1.08649493e+09 1.08649497e+09 1.08649501e+09
 1.08649505e+09 1.08649510e+09 1.08649514e+09 1.08649518e+09
 1.08649522e+09 1.08649527e+09 1.08649531e+09 1.08649535e+09
 1.08649540e+09 1.08649544e+09 1.08649548e+09 1.08649552e+09
 1.08649557e+09 1.08649561e+09 1.08649565e+09 1.08649569e+09
 1.08649574e+09 1.08649578e+09 1.08649582e+09 1.08649586e+09
 1.08649591e+09 1.08649595e+09 1.08649599e+09 1.08649603e+09
 1.08649608e+09 1.08649612e+09 1.08649616e+09 1.08649620e+09
 1.08649625e+09 1.08649629e+09 1.08649633e+09 1.08649638e+09
 1.08649642e+09 1.08649646e+09 1.08649650e+09 1.08649655e+09
 1.08649659e+09 1.08649663e+09 1.08649667e+09 1.08649672e+09
 1.08649676e+09 1.08649680e+09 1.08649684e+09 1.08649689e+09
 1.08649693e+09 1.08649697e+09 1.08649701e+09 1.08649706e+09
 1.08649710e+09 1.08649714e+09 1.08649719e+09 1.08649723e+09
 1.08649727e+09 1.08649731e+09 1.08649736e+09 1.08649740e+09
 1.08649744e+09 1.08649748e+09 1.08649753e+09 1.08649757e+09
 1.08649761e+09 1.08649765e+09 1.08649770e+09 1.08649774e+09
 1.08649778e+09 1.08649782e+09 1.08649787e+09 1.08649791e+09
 1.08649795e+09 1.08649800e+09 1.08649804e+09 1.08649808e+09
 1.08649812e+09 1.08649817e+09 1.08649821e+09 1.08649825e+09
 1.08649829e+09 1.08649834e+09 1.08649838e+09 1.08649842e+09
 1.08649846e+09 1.08649851e+09 1.08649855e+09 1.08649859e+09
 1.08649863e+09 1.08649868e+09 1.08649872e+09 1.08649876e+09
 1.08649880e+09 1.08649885e+09 1.08649889e+09 1.08649893e+09
 1.08649898e+09 1.08649902e+09 1.08649906e+09 1.08649910e+09
 1.08649915e+09 1.08649919e+09 1.08649923e+09 1.08649927e+09
 1.08649932e+09 1.08649936e+09 1.08649940e+09 1.08649944e+09
 1.08649949e+09 1.08649953e+09 1.08649957e+09 1.08649961e+09
 1.08649966e+09 1.08649970e+09 1.08649974e+09 1.08649979e+09
 1.08649983e+09 1.08649987e+09 1.08649991e+09 1.08649996e+09
 1.08650000e+09 1.08650004e+09 1.08650008e+09 1.08650013e+09
 1.08650017e+09 1.08650021e+09 1.08650025e+09 1.08650030e+09
 1.08650034e+09 1.08650038e+09 1.08650042e+09 1.08650047e+09
 1.08650051e+09 1.08650055e+09 1.08650060e+09 1.08650064e+09
 1.08650068e+09 1.08650072e+09 1.08650077e+09 1.08650081e+09
 1.08650085e+09 1.08650089e+09 1.08650094e+09 1.08650098e+09
 1.08650102e+09 1.08650106e+09 1.08650111e+09 1.08650115e+09
 1.08650119e+09 1.08650123e+09 1.08650128e+09 1.08650132e+09
 1.08650136e+09 1.08650141e+09 1.08650145e+09 1.08650149e+09
 1.08650153e+09 1.08650158e+09 1.08650162e+09 1.08650166e+09
 1.08650170e+09 1.08650175e+09 1.08650179e+09 1.08650183e+09
 1.08650187e+09 1.08650192e+09 1.08650196e+09 1.08650200e+09
 1.08650204e+09 1.08650209e+09 1.08650213e+09 1.08650217e+09
 1.08650221e+09 1.08650226e+09 1.08650230e+09 1.08650234e+09
 1.08650239e+09 1.08650243e+09 1.08650247e+09 1.08650251e+09
 1.08650256e+09 1.08650260e+09 1.08650264e+09 1.08650268e+09
 1.08650273e+09 1.08650277e+09 1.08650281e+09 1.08650285e+09
 1.08650290e+09 1.08650294e+09 1.08650298e+09 1.08650302e+09
 1.08650307e+09 1.08650311e+09 1.08650315e+09 1.08650320e+09
 1.08650324e+09 1.08650328e+09 1.08650332e+09 1.08650337e+09
 1.08650341e+09 1.08650345e+09 1.08650349e+09 1.08650354e+09
 1.08650358e+09 1.08650362e+09 1.08650366e+09 1.08650371e+09
 1.08650375e+09 1.08650379e+09 1.08650383e+09 1.08650388e+09
 1.08650392e+09 1.08650396e+09 1.08650401e+09 1.08650405e+09
 1.08650409e+09 1.08650413e+09 1.08650418e+09 1.08650422e+09
 1.08650426e+09 1.08650430e+09 1.08650435e+09 1.08650439e+09
 1.08650443e+09 1.08650447e+09 1.08650452e+09 1.08650456e+09
 1.08650460e+09 1.08650464e+09 1.08650469e+09 1.08650473e+09
 1.08650477e+09 1.08650481e+09 1.08650486e+09 1.08650490e+09]
