name =JUICE_ROI_GAN_2_0_07
flyby = ['2034 JUL 11 19:50:31', '2034 JUL 12 19:50:31']
Observation TW = <SpiceCell dtype = 1, length = 0, size = 3200, card = 12, is_set = 1, adjust = 0, init = 1, base = 94906439568896, data = 94906439568944>
Res(t) = [2.94801301 2.94808211 2.94815119 2.94822027 2.94828933 2.94835837
 2.94842741 2.94849643 2.94856544 2.94863443 2.94870342 2.94877239
 2.94884134 2.94891029 2.94897922 2.94904814 2.94911705 2.94918594
 2.94925482 2.94932369 2.94939255 2.94946139 2.94953022 2.94959904
 2.94966784 2.94973663 2.94980542 2.94987418 2.94994293 2.95001168
 2.9500804  2.95014912 2.95021782 2.95028651 2.95035519 2.95042385
 2.9504925  2.95056114 2.95062977 2.95069838 2.95076698 2.95083557
 2.95090415 2.95097271 2.95104126 2.9511098  2.95117832 2.95124683
 2.95131533 2.95138382 2.95145229 2.95152075 2.95158919 2.95165763
 2.95172605 2.95179446 2.95186286 2.95193124 2.95199961 2.95206797
 2.95213631 2.95220465 2.95227296 2.95234127 2.95240956 2.95247784
 2.95254611 2.95261436 2.95268261 2.95275083 2.95281906 2.95288726
 2.95295545 2.95302362 2.95309179 2.95315994 2.95322808 2.95329621
 2.95336432 2.95343242 2.95350051 2.95356859 2.95363665 2.9537047
 2.95377274 2.95384076 2.95390877 2.95397677 2.95404475 2.95411273
 2.95418069 2.95424863 2.95431657 2.95438449 2.9544524  2.95452029
 2.95458817 2.95465604 2.9547239  2.95479174 2.95485957 2.95492739
 2.9549952  2.95506299 2.95513077 2.95519853 2.95526629 2.95533403
 2.95540176 2.95546947 2.95553717 2.95560486 2.95567254 2.9557402
 2.95580785 2.95587549 2.95594311 2.95601073 2.95607832 2.95614591
 2.95621348 2.95628104 2.95634859 2.95641612 2.95648364 2.95655115
 2.95661865 2.95668613 2.9567536  2.95682106 2.9568885  2.95695593
 2.95702335 2.95709076 2.95715815 2.95722553 2.95729289 2.95736024
 2.95742758 2.95749491 2.95756223 2.95762953 2.95769682 2.95776409
 2.95783135 2.9578986  2.95796584 2.95803306 2.95810027 2.95816747
 2.95823466 2.95830183 2.95836899 2.95843613 2.95850327 2.95857039
 2.95863749 2.95870459 2.95877167 2.95883873 2.95890579 2.95897283
 2.95903986 2.95910688 2.95917388 2.95924087 2.95930785 2.95937481
 2.95944176 2.9595087  2.95957563 2.95964254 2.95970944 2.95977633
 2.9598432  2.95991006 2.95997691 2.96004374 2.96011056 2.96017737
 2.96024416 2.96031095 2.96037772 2.96044447 2.96051122 2.96057795
 2.96064466 2.96071136 2.96077806 2.96084473 2.9609114  2.96097805
 2.96104469 2.96111132 2.96117793 2.96124453 2.96131112 2.96137769
 2.96144425 2.9615108  2.96157733 2.96164386 2.96171036 2.96177686
 2.96184334 2.96190981 2.96197627 2.96204271 2.96210914 2.96217556
 2.96224197 2.96230836 2.96237473 2.9624411  2.96250745 2.96257379
 2.96264012 2.96270643 2.96277273 2.96283901 2.96290529 2.96297155
 2.9630378  2.96310403 2.96317025 2.96323646 2.96330266 2.96336884
 2.96343501 2.96350117 2.96356731 2.96363344 2.96369955 2.96376566
 2.96383175 2.96389782 2.96396389 2.96402994 2.96409598 2.964162
 2.96422802 2.96429401 2.96436    2.96442597 2.96449193 2.96455788
 2.96462381 2.96468973 2.96475564 2.96482153 2.96488741 2.96495328
 2.96501914 2.96508498 2.96515081 2.96521662 2.96528243 2.96534821
 2.96541399 2.96547975 2.9655455  2.96561124 2.96567696 2.96574267
 2.96580837 2.96587405 2.96593972 2.96600538 2.96607102 2.96613666
 2.96620228 2.96626788 2.96633347 2.96639905 2.96646462 2.96653017
 2.96659571 2.96666124 2.96672675 2.96679225 2.96685774 2.96692321
 2.96698867 2.96705412 2.96711955 2.96718497 2.96725038 2.96731577
 2.96738116 2.96744653 2.96751188 2.96757722 2.96764255 2.96770787
 2.96777317 2.96783846 2.96790374 2.967969   2.96803425 2.96809948
 2.96816471 2.96822992 2.96829512 2.9683603  2.96842547 2.96849063
 2.96855577 2.9686209  2.96868602 2.96875112 2.96881622 2.96888129
 2.96894636 2.96901141 2.96907645 2.96914147 2.96920649 2.96927149
 2.96933647 2.96940144 2.9694664  2.96953135 2.96959628 2.9696612
 2.96972611 2.969791   2.96985588 2.96992075 2.9699856  2.97005044
 2.97011527 2.97018009 2.97024488 2.97030967 2.97037445 2.97043921
 2.97050395 2.97056869 2.97063341 2.97069812 2.97076281 2.97082749
 2.97089216 2.97095682 2.97102146 2.97108609 2.97115071 2.97121531
 2.97127989 2.97134447 2.97140903 2.97147358 2.97153812 2.97160264
 2.97166715 2.97173165 2.97179613 2.9718606  2.97192506 2.9719895
 2.97205393 2.97211834 2.97218275 2.97224714 2.97231151 2.97237588
 2.97244022 2.97250456 2.97256888 2.9726332  2.97269749 2.97276178
 2.97282605 2.97289031 2.97295455 2.97301878 2.973083   2.9731472
 2.97321139 2.97327557 2.97333973 2.97340388 2.97346802 2.97353214
 2.97359626 2.97366035 2.97372444 2.97378851 2.97385256 2.97391661
 2.97398064 2.97404466 2.97410866 2.97417265 2.97423663 2.9743006
 2.97436455 2.97442848 2.97449241 2.97455632 2.97462022 2.9746841
 2.97474797 2.97481183 2.97487568 2.97493951 2.97500333 2.97506713
 2.97513092 2.9751947  2.97525846 2.97532222 2.97538595 2.97544968
 2.97551339 2.97557709 2.97564077 2.97570444 2.9757681  2.97583175
 2.97589537 2.97595899 2.9760226  2.97608619 2.97614977 2.97621333
 2.97627688 2.97634042 2.97640394 2.97646745 2.97653095 2.97659444
 2.97665791 2.97672136 2.97678481 2.97684824 2.97691166 2.97697506
 2.97703845 2.97710183 2.97716519 2.97722854 2.97729188 2.97735521
 2.97741851 2.97748181 2.9775451  2.97760837 2.97767162 2.97773487
 2.9777981  2.97786131 2.97792452 2.97798771 2.97805088 2.97811405
 2.97817719 2.97824033 2.97830346 2.97836656 2.97842966 2.97849274
 2.97855581 2.97861887 2.97868191 2.97874494 2.97880796 2.97887096
 2.97893395 2.97899693 2.97905989 2.97912283 2.97918577 2.97924869
 2.9793116  2.9793745  2.97943738 2.97950025 2.9795631  2.97962594
 2.97968877 2.97975158 2.97981439 2.97987717 2.97993995 2.98000271
 2.98006546 2.98012819 2.98019091 2.98025362 2.98031631 2.98037899
 2.98044166 2.98050431 2.98056695 2.98062958 2.98069219 2.98075479
 2.98081738 2.98087995 2.98094251 2.98100505 2.98106759 2.98113011
 2.98119261 2.9812551  2.98131758 2.98138005 2.9814425  2.98150494
 2.98156736 2.98162977 2.98169217 2.98175455 2.98181693 2.98187928
 2.98194163 2.98200396 2.98206627 2.98212858 2.98219087 2.98225314
 2.98231541 2.98237766 2.98243989 2.98250211 2.98256432 2.98262652
 2.9826887  2.98275087 2.98281303 2.98287517 2.9829373  2.98299941
 2.98306152 2.9831236  2.98318568 2.98324774 2.98330979 2.98337182
 2.98343384 2.98349585 2.98355784 2.98361982 2.98368179 2.98374374
 2.98380568 2.98386761 2.98392952 2.98399142 2.9840533  2.98411517
 2.98417703 2.98423888 2.98430071 2.98436253 2.98442433 2.98448612
 2.9845479  2.98460966 2.98467142 2.98473315 2.98479487 2.98485658
 2.98491828 2.98497996 2.98504163 2.98510329 2.98516493 2.98522656
 2.98528817 2.98534977 2.98541136 2.98547294 2.9855345  2.98559605
 2.98565758 2.9857191  2.98578061 2.9858421  2.98590358 2.98596505
 2.9860265  2.98608794 2.98614936 2.98621077 2.98627218 2.98633356
 2.98639493 2.98645629 2.98651763 2.98657896 2.98664028 2.98670159
 2.98676288 2.98682415 2.98688541 2.98694666 2.9870079  2.98706912
 2.98713033 2.98719153 2.98725271 2.98731388 2.98737503 2.98743617
 2.9874973  2.98755841 2.98761951 2.9876806  2.98774168 2.98780273
 2.98786378 2.98792481 2.98798583 2.98804684 2.98810783 2.98816881
 2.98822977 2.98829072 2.98835166 2.98841258 2.98847349 2.98853439
 2.98859527 2.98865614 2.988717   2.98877784 2.98883867 2.98889948
 2.98896028 2.98902107 2.98908185 2.98914261 2.98920336 2.98926409
 2.98932481 2.98938551 2.98944621 2.98950689 2.98956755 2.9896282
 2.98968884 2.98974947 2.98981008 2.98987067 2.98993126 2.98999183
 2.99005238 2.99011293 2.99017346 2.99023397 2.99029448 2.99035496
 2.99041544 2.9904759  2.99053635 2.99059678 2.9906572  2.99071761
 2.990778   2.99083838 2.99089875 2.9909591  2.99101944 2.99107976
 2.99114008 2.99120037 2.99126066 2.99132093 2.99138119 2.99144143
 2.99150166 2.99156187 2.99162208 2.99168226 2.99174244 2.9918026
 2.99186275 2.99192289 2.99198301 2.99204311 2.9921032  2.99216328
 2.99222335 2.9922834  2.99234344 2.99240347 2.99246348 2.99252348
 2.99258346 2.99264343 2.99270339 2.99276333 2.99282326 2.99288318
 2.99294308 2.99300297 2.99306284 2.9931227  2.99318255 2.99324238
 2.9933022  2.99336201 2.9934218  2.99348158 2.99354135 2.9936011
 2.99366084 2.99372056 2.99378027 2.99383997 2.99389965 2.99395932
 2.99401898 2.99407862 2.99413825 2.99419787 2.99425747 2.99431705
 2.99437663 2.99443619 2.99449574 2.99455527 2.99461479 2.99467429
 2.99473379 2.99479327 2.99485273 2.99491218 2.99497162 2.99503104
 2.99509045 2.99514985 2.99520923 2.9952686  2.99532795 2.99538729
 2.99544662 2.99550593 2.99556523 2.99562452 2.99568379 2.99574305
 2.9958023  2.99586153 2.99592075 2.99597995 2.99603914 2.99609832
 2.99615748 2.99621663 2.99627577 2.99633489 2.996394   2.99645309
 2.99651217 2.99657124 2.99663029 2.99668933 2.99674836 2.99680737
 2.99686637 2.99692536 2.99698433 2.99704328 2.99710223 2.99716116
 2.99722007 2.99727898 2.99733787 2.99739674 2.9974556  2.99751445
 2.99757328 2.9976321  2.99769091 2.9977497  2.99780848 2.99786725
 2.997926   2.99798474 2.99804346 2.99810217 2.99816087 2.99821955
 2.99827821 2.99833687 2.99839551 2.99845414 2.99851276 2.99857135
 2.99862994 2.99868852 2.99874707 2.99880562 2.99886415 2.99892267
 2.99898117 2.99903966 2.99909814 2.9991566  2.99921505 2.99927348
 2.99933191 2.99939031 2.99944871 2.99950709 2.99956545 2.99962381
 2.99968215 2.99974047 2.99979878 2.99985708 2.99991536 2.99997364
 3.00003189 3.00009013 3.00014836 3.00020658 3.00026478 3.00032297
 3.00038114 3.0004393  3.00049744 3.00055558 3.0006137  3.0006718
 3.00072989 3.00078797 3.00084603 3.00090408 3.00096212 3.00102014
 3.00107815 3.00113614 3.00119412 3.00125209 3.00131004 3.00136798
 3.00142591 3.00148382 3.00154172 3.0015996  3.00165747 3.00171533
 3.00177317 3.001831   3.00188882 3.00194662 3.00200441 3.00206218
 3.00211994 3.00217769 3.00223542 3.00229314 3.00235084 3.00240853
 3.00246621 3.00252387 3.00258152 3.00263916 3.00269678 3.00275439
 3.00281198 3.00286956 3.00292713 3.00298468 3.00304222 3.00309975
 3.00315726 3.00321476 3.00327224 3.00332971 3.00338717 3.00344461
 3.00350204 3.00355945 3.00361685 3.00367424 3.00373162 3.00378897
 3.00384632 3.00390365 3.00396097 3.00401828 3.00407556 3.00413284
 3.0041901  3.00424735 3.00430459 3.00436181 3.00441902 3.00447621
 3.00453339 3.00459056 3.00464771 3.00470485 3.00476197 3.00481908
 3.00487618 3.00493326 3.00499033 3.00504739 3.00510443 3.00516146
 3.00521847 3.00527547 3.00533245 3.00538943 3.00544639 3.00550333
 3.00556026 3.00561718 3.00567408 3.00573097 3.00578785 3.00584471
 3.00590156 3.00595839 3.00601521 3.00607202 3.00612881 3.00618559
 3.00624235 3.0062991  3.00635584 3.00641256 3.00646927 3.00652597
 3.00658264 3.00663931 3.00669597 3.00675261 3.00680923 3.00686585
 3.00692244 3.00697903 3.0070356  3.00709215 3.0071487  3.00720523
 3.00726174 3.00731824 3.00737473 3.0074312  3.00748766 3.00754411
 3.00760054 3.00765696 3.00771336 3.00776975 3.00782613 3.00788249
 3.00793884 3.00799517 3.0080515  3.0081078  3.0081641  3.00822038
 3.00827664 3.00833289 3.00838913 3.00844535 3.00850156 3.00855776
 3.00861394 3.00867011 3.00872626 3.0087824  3.00883853 3.00889464
 3.00895074 3.00900682 3.0090629  3.00911895 3.009175   3.00923102
 3.00928704 3.00934304 3.00939903 3.009455   3.00951096 3.00956691
 3.00962284 3.00967876 3.00973466 3.00979055 3.00984643 3.00990229
 3.00995814 3.01001398 3.01006979 3.0101256  3.0101814  3.01023717
 3.01029294 3.01034869 3.01040443 3.01046015]
t = [1.08961345e+09 1.08961346e+09 1.08961346e+09 1.08961347e+09
 1.08961347e+09 1.08961348e+09 1.08961348e+09 1.08961349e+09
 1.08961349e+09 1.08961350e+09 1.08961350e+09 1.08961351e+09
 1.08961351e+09 1.08961352e+09 1.08961352e+09 1.08961353e+09
 1.08961353e+09 1.08961354e+09 1.08961354e+09 1.08961355e+09
 1.08961356e+09 1.08961356e+09 1.08961357e+09 1.08961357e+09
 1.08961358e+09 1.08961358e+09 1.08961359e+09 1.08961359e+09
 1.08961360e+09 1.08961360e+09 1.08961361e+09 1.08961361e+09
 1.08961362e+09 1.08961362e+09 1.08961363e+09 1.08961363e+09
 1.08961364e+09 1.08961364e+09 1.08961365e+09 1.08961366e+09
 1.08961366e+09 1.08961367e+09 1.08961367e+09 1.08961368e+09
 1.08961368e+09 1.08961369e+09 1.08961369e+09 1.08961370e+09
 1.08961370e+09 1.08961371e+09 1.08961371e+09 1.08961372e+09
 1.08961372e+09 1.08961373e+09 1.08961373e+09 1.08961374e+09
 1.08961374e+09 1.08961375e+09 1.08961375e+09 1.08961376e+09
 1.08961377e+09 1.08961377e+09 1.08961378e+09 1.08961378e+09
 1.08961379e+09 1.08961379e+09 1.08961380e+09 1.08961380e+09
 1.08961381e+09 1.08961381e+09 1.08961382e+09 1.08961382e+09
 1.08961383e+09 1.08961383e+09 1.08961384e+09 1.08961384e+09
 1.08961385e+09 1.08961385e+09 1.08961386e+09 1.08961387e+09
 1.08961387e+09 1.08961388e+09 1.08961388e+09 1.08961389e+09
 1.08961389e+09 1.08961390e+09 1.08961390e+09 1.08961391e+09
 1.08961391e+09 1.08961392e+09 1.08961392e+09 1.08961393e+09
 1.08961393e+09 1.08961394e+09 1.08961394e+09 1.08961395e+09
 1.08961395e+09 1.08961396e+09 1.08961397e+09 1.08961397e+09
 1.08961398e+09 1.08961398e+09 1.08961399e+09 1.08961399e+09
 1.08961400e+09 1.08961400e+09 1.08961401e+09 1.08961401e+09
 1.08961402e+09 1.08961402e+09 1.08961403e+09 1.08961403e+09
 1.08961404e+09 1.08961404e+09 1.08961405e+09 1.08961405e+09
 1.08961406e+09 1.08961407e+09 1.08961407e+09 1.08961408e+09
 1.08961408e+09 1.08961409e+09 1.08961409e+09 1.08961410e+09
 1.08961410e+09 1.08961411e+09 1.08961411e+09 1.08961412e+09
 1.08961412e+09 1.08961413e+09 1.08961413e+09 1.08961414e+09
 1.08961414e+09 1.08961415e+09 1.08961415e+09 1.08961416e+09
 1.08961416e+09 1.08961417e+09 1.08961418e+09 1.08961418e+09
 1.08961419e+09 1.08961419e+09 1.08961420e+09 1.08961420e+09
 1.08961421e+09 1.08961421e+09 1.08961422e+09 1.08961422e+09
 1.08961423e+09 1.08961423e+09 1.08961424e+09 1.08961424e+09
 1.08961425e+09 1.08961425e+09 1.08961426e+09 1.08961426e+09
 1.08961427e+09 1.08961428e+09 1.08961428e+09 1.08961429e+09
 1.08961429e+09 1.08961430e+09 1.08961430e+09 1.08961431e+09
 1.08961431e+09 1.08961432e+09 1.08961432e+09 1.08961433e+09
 1.08961433e+09 1.08961434e+09 1.08961434e+09 1.08961435e+09
 1.08961435e+09 1.08961436e+09 1.08961436e+09 1.08961437e+09
 1.08961438e+09 1.08961438e+09 1.08961439e+09 1.08961439e+09
 1.08961440e+09 1.08961440e+09 1.08961441e+09 1.08961441e+09
 1.08961442e+09 1.08961442e+09 1.08961443e+09 1.08961443e+09
 1.08961444e+09 1.08961444e+09 1.08961445e+09 1.08961445e+09
 1.08961446e+09 1.08961446e+09 1.08961447e+09 1.08961447e+09
 1.08961448e+09 1.08961449e+09 1.08961449e+09 1.08961450e+09
 1.08961450e+09 1.08961451e+09 1.08961451e+09 1.08961452e+09
 1.08961452e+09 1.08961453e+09 1.08961453e+09 1.08961454e+09
 1.08961454e+09 1.08961455e+09 1.08961455e+09 1.08961456e+09
 1.08961456e+09 1.08961457e+09 1.08961457e+09 1.08961458e+09
 1.08961459e+09 1.08961459e+09 1.08961460e+09 1.08961460e+09
 1.08961461e+09 1.08961461e+09 1.08961462e+09 1.08961462e+09
 1.08961463e+09 1.08961463e+09 1.08961464e+09 1.08961464e+09
 1.08961465e+09 1.08961465e+09 1.08961466e+09 1.08961466e+09
 1.08961467e+09 1.08961467e+09 1.08961468e+09 1.08961469e+09
 1.08961469e+09 1.08961470e+09 1.08961470e+09 1.08961471e+09
 1.08961471e+09 1.08961472e+09 1.08961472e+09 1.08961473e+09
 1.08961473e+09 1.08961474e+09 1.08961474e+09 1.08961475e+09
 1.08961475e+09 1.08961476e+09 1.08961476e+09 1.08961477e+09
 1.08961477e+09 1.08961478e+09 1.08961479e+09 1.08961479e+09
 1.08961480e+09 1.08961480e+09 1.08961481e+09 1.08961481e+09
 1.08961482e+09 1.08961482e+09 1.08961483e+09 1.08961483e+09
 1.08961484e+09 1.08961484e+09 1.08961485e+09 1.08961485e+09
 1.08961486e+09 1.08961486e+09 1.08961487e+09 1.08961487e+09
 1.08961488e+09 1.08961488e+09 1.08961489e+09 1.08961490e+09
 1.08961490e+09 1.08961491e+09 1.08961491e+09 1.08961492e+09
 1.08961492e+09 1.08961493e+09 1.08961493e+09 1.08961494e+09
 1.08961494e+09 1.08961495e+09 1.08961495e+09 1.08961496e+09
 1.08961496e+09 1.08961497e+09 1.08961497e+09 1.08961498e+09
 1.08961498e+09 1.08961499e+09 1.08961500e+09 1.08961500e+09
 1.08961501e+09 1.08961501e+09 1.08961502e+09 1.08961502e+09
 1.08961503e+09 1.08961503e+09 1.08961504e+09 1.08961504e+09
 1.08961505e+09 1.08961505e+09 1.08961506e+09 1.08961506e+09
 1.08961507e+09 1.08961507e+09 1.08961508e+09 1.08961508e+09
 1.08961509e+09 1.08961510e+09 1.08961510e+09 1.08961511e+09
 1.08961511e+09 1.08961512e+09 1.08961512e+09 1.08961513e+09
 1.08961513e+09 1.08961514e+09 1.08961514e+09 1.08961515e+09
 1.08961515e+09 1.08961516e+09 1.08961516e+09 1.08961517e+09
 1.08961517e+09 1.08961518e+09 1.08961518e+09 1.08961519e+09
 1.08961519e+09 1.08961520e+09 1.08961521e+09 1.08961521e+09
 1.08961522e+09 1.08961522e+09 1.08961523e+09 1.08961523e+09
 1.08961524e+09 1.08961524e+09 1.08961525e+09 1.08961525e+09
 1.08961526e+09 1.08961526e+09 1.08961527e+09 1.08961527e+09
 1.08961528e+09 1.08961528e+09 1.08961529e+09 1.08961529e+09
 1.08961530e+09 1.08961531e+09 1.08961531e+09 1.08961532e+09
 1.08961532e+09 1.08961533e+09 1.08961533e+09 1.08961534e+09
 1.08961534e+09 1.08961535e+09 1.08961535e+09 1.08961536e+09
 1.08961536e+09 1.08961537e+09 1.08961537e+09 1.08961538e+09
 1.08961538e+09 1.08961539e+09 1.08961539e+09 1.08961540e+09
 1.08961541e+09 1.08961541e+09 1.08961542e+09 1.08961542e+09
 1.08961543e+09 1.08961543e+09 1.08961544e+09 1.08961544e+09
 1.08961545e+09 1.08961545e+09 1.08961546e+09 1.08961546e+09
 1.08961547e+09 1.08961547e+09 1.08961548e+09 1.08961548e+09
 1.08961549e+09 1.08961549e+09 1.08961550e+09 1.08961550e+09
 1.08961551e+09 1.08961552e+09 1.08961552e+09 1.08961553e+09
 1.08961553e+09 1.08961554e+09 1.08961554e+09 1.08961555e+09
 1.08961555e+09 1.08961556e+09 1.08961556e+09 1.08961557e+09
 1.08961557e+09 1.08961558e+09 1.08961558e+09 1.08961559e+09
 1.08961559e+09 1.08961560e+09 1.08961560e+09 1.08961561e+09
 1.08961562e+09 1.08961562e+09 1.08961563e+09 1.08961563e+09
 1.08961564e+09 1.08961564e+09 1.08961565e+09 1.08961565e+09
 1.08961566e+09 1.08961566e+09 1.08961567e+09 1.08961567e+09
 1.08961568e+09 1.08961568e+09 1.08961569e+09 1.08961569e+09
 1.08961570e+09 1.08961570e+09 1.08961571e+09 1.08961572e+09
 1.08961572e+09 1.08961573e+09 1.08961573e+09 1.08961574e+09
 1.08961574e+09 1.08961575e+09 1.08961575e+09 1.08961576e+09
 1.08961576e+09 1.08961577e+09 1.08961577e+09 1.08961578e+09
 1.08961578e+09 1.08961579e+09 1.08961579e+09 1.08961580e+09
 1.08961580e+09 1.08961581e+09 1.08961582e+09 1.08961582e+09
 1.08961583e+09 1.08961583e+09 1.08961584e+09 1.08961584e+09
 1.08961585e+09 1.08961585e+09 1.08961586e+09 1.08961586e+09
 1.08961587e+09 1.08961587e+09 1.08961588e+09 1.08961588e+09
 1.08961589e+09 1.08961589e+09 1.08961590e+09 1.08961590e+09
 1.08961591e+09 1.08961591e+09 1.08961592e+09 1.08961593e+09
 1.08961593e+09 1.08961594e+09 1.08961594e+09 1.08961595e+09
 1.08961595e+09 1.08961596e+09 1.08961596e+09 1.08961597e+09
 1.08961597e+09 1.08961598e+09 1.08961598e+09 1.08961599e+09
 1.08961599e+09 1.08961600e+09 1.08961600e+09 1.08961601e+09
 1.08961601e+09 1.08961602e+09 1.08961603e+09 1.08961603e+09
 1.08961604e+09 1.08961604e+09 1.08961605e+09 1.08961605e+09
 1.08961606e+09 1.08961606e+09 1.08961607e+09 1.08961607e+09
 1.08961608e+09 1.08961608e+09 1.08961609e+09 1.08961609e+09
 1.08961610e+09 1.08961610e+09 1.08961611e+09 1.08961611e+09
 1.08961612e+09 1.08961613e+09 1.08961613e+09 1.08961614e+09
 1.08961614e+09 1.08961615e+09 1.08961615e+09 1.08961616e+09
 1.08961616e+09 1.08961617e+09 1.08961617e+09 1.08961618e+09
 1.08961618e+09 1.08961619e+09 1.08961619e+09 1.08961620e+09
 1.08961620e+09 1.08961621e+09 1.08961621e+09 1.08961622e+09
 1.08961622e+09 1.08961623e+09 1.08961624e+09 1.08961624e+09
 1.08961625e+09 1.08961625e+09 1.08961626e+09 1.08961626e+09
 1.08961627e+09 1.08961627e+09 1.08961628e+09 1.08961628e+09
 1.08961629e+09 1.08961629e+09 1.08961630e+09 1.08961630e+09
 1.08961631e+09 1.08961631e+09 1.08961632e+09 1.08961632e+09
 1.08961633e+09 1.08961634e+09 1.08961634e+09 1.08961635e+09
 1.08961635e+09 1.08961636e+09 1.08961636e+09 1.08961637e+09
 1.08961637e+09 1.08961638e+09 1.08961638e+09 1.08961639e+09
 1.08961639e+09 1.08961640e+09 1.08961640e+09 1.08961641e+09
 1.08961641e+09 1.08961642e+09 1.08961642e+09 1.08961643e+09
 1.08961644e+09 1.08961644e+09 1.08961645e+09 1.08961645e+09
 1.08961646e+09 1.08961646e+09 1.08961647e+09 1.08961647e+09
 1.08961648e+09 1.08961648e+09 1.08961649e+09 1.08961649e+09
 1.08961650e+09 1.08961650e+09 1.08961651e+09 1.08961651e+09
 1.08961652e+09 1.08961652e+09 1.08961653e+09 1.08961654e+09
 1.08961654e+09 1.08961655e+09 1.08961655e+09 1.08961656e+09
 1.08961656e+09 1.08961657e+09 1.08961657e+09 1.08961658e+09
 1.08961658e+09 1.08961659e+09 1.08961659e+09 1.08961660e+09
 1.08961660e+09 1.08961661e+09 1.08961661e+09 1.08961662e+09
 1.08961662e+09 1.08961663e+09 1.08961663e+09 1.08961664e+09
 1.08961665e+09 1.08961665e+09 1.08961666e+09 1.08961666e+09
 1.08961667e+09 1.08961667e+09 1.08961668e+09 1.08961668e+09
 1.08961669e+09 1.08961669e+09 1.08961670e+09 1.08961670e+09
 1.08961671e+09 1.08961671e+09 1.08961672e+09 1.08961672e+09
 1.08961673e+09 1.08961673e+09 1.08961674e+09 1.08961675e+09
 1.08961675e+09 1.08961676e+09 1.08961676e+09 1.08961677e+09
 1.08961677e+09 1.08961678e+09 1.08961678e+09 1.08961679e+09
 1.08961679e+09 1.08961680e+09 1.08961680e+09 1.08961681e+09
 1.08961681e+09 1.08961682e+09 1.08961682e+09 1.08961683e+09
 1.08961683e+09 1.08961684e+09 1.08961685e+09 1.08961685e+09
 1.08961686e+09 1.08961686e+09 1.08961687e+09 1.08961687e+09
 1.08961688e+09 1.08961688e+09 1.08961689e+09 1.08961689e+09
 1.08961690e+09 1.08961690e+09 1.08961691e+09 1.08961691e+09
 1.08961692e+09 1.08961692e+09 1.08961693e+09 1.08961693e+09
 1.08961694e+09 1.08961694e+09 1.08961695e+09 1.08961696e+09
 1.08961696e+09 1.08961697e+09 1.08961697e+09 1.08961698e+09
 1.08961698e+09 1.08961699e+09 1.08961699e+09 1.08961700e+09
 1.08961700e+09 1.08961701e+09 1.08961701e+09 1.08961702e+09
 1.08961702e+09 1.08961703e+09 1.08961703e+09 1.08961704e+09
 1.08961704e+09 1.08961705e+09 1.08961706e+09 1.08961706e+09
 1.08961707e+09 1.08961707e+09 1.08961708e+09 1.08961708e+09
 1.08961709e+09 1.08961709e+09 1.08961710e+09 1.08961710e+09
 1.08961711e+09 1.08961711e+09 1.08961712e+09 1.08961712e+09
 1.08961713e+09 1.08961713e+09 1.08961714e+09 1.08961714e+09
 1.08961715e+09 1.08961716e+09 1.08961716e+09 1.08961717e+09
 1.08961717e+09 1.08961718e+09 1.08961718e+09 1.08961719e+09
 1.08961719e+09 1.08961720e+09 1.08961720e+09 1.08961721e+09
 1.08961721e+09 1.08961722e+09 1.08961722e+09 1.08961723e+09
 1.08961723e+09 1.08961724e+09 1.08961724e+09 1.08961725e+09
 1.08961725e+09 1.08961726e+09 1.08961727e+09 1.08961727e+09
 1.08961728e+09 1.08961728e+09 1.08961729e+09 1.08961729e+09
 1.08961730e+09 1.08961730e+09 1.08961731e+09 1.08961731e+09
 1.08961732e+09 1.08961732e+09 1.08961733e+09 1.08961733e+09
 1.08961734e+09 1.08961734e+09 1.08961735e+09 1.08961735e+09
 1.08961736e+09 1.08961737e+09 1.08961737e+09 1.08961738e+09
 1.08961738e+09 1.08961739e+09 1.08961739e+09 1.08961740e+09
 1.08961740e+09 1.08961741e+09 1.08961741e+09 1.08961742e+09
 1.08961742e+09 1.08961743e+09 1.08961743e+09 1.08961744e+09
 1.08961744e+09 1.08961745e+09 1.08961745e+09 1.08961746e+09
 1.08961747e+09 1.08961747e+09 1.08961748e+09 1.08961748e+09
 1.08961749e+09 1.08961749e+09 1.08961750e+09 1.08961750e+09
 1.08961751e+09 1.08961751e+09 1.08961752e+09 1.08961752e+09
 1.08961753e+09 1.08961753e+09 1.08961754e+09 1.08961754e+09
 1.08961755e+09 1.08961755e+09 1.08961756e+09 1.08961757e+09
 1.08961757e+09 1.08961758e+09 1.08961758e+09 1.08961759e+09
 1.08961759e+09 1.08961760e+09 1.08961760e+09 1.08961761e+09
 1.08961761e+09 1.08961762e+09 1.08961762e+09 1.08961763e+09
 1.08961763e+09 1.08961764e+09 1.08961764e+09 1.08961765e+09
 1.08961765e+09 1.08961766e+09 1.08961766e+09 1.08961767e+09
 1.08961768e+09 1.08961768e+09 1.08961769e+09 1.08961769e+09
 1.08961770e+09 1.08961770e+09 1.08961771e+09 1.08961771e+09
 1.08961772e+09 1.08961772e+09 1.08961773e+09 1.08961773e+09
 1.08961774e+09 1.08961774e+09 1.08961775e+09 1.08961775e+09
 1.08961776e+09 1.08961776e+09 1.08961777e+09 1.08961778e+09
 1.08961778e+09 1.08961779e+09 1.08961779e+09 1.08961780e+09
 1.08961780e+09 1.08961781e+09 1.08961781e+09 1.08961782e+09
 1.08961782e+09 1.08961783e+09 1.08961783e+09 1.08961784e+09
 1.08961784e+09 1.08961785e+09 1.08961785e+09 1.08961786e+09
 1.08961786e+09 1.08961787e+09 1.08961788e+09 1.08961788e+09
 1.08961789e+09 1.08961789e+09 1.08961790e+09 1.08961790e+09
 1.08961791e+09 1.08961791e+09 1.08961792e+09 1.08961792e+09
 1.08961793e+09 1.08961793e+09 1.08961794e+09 1.08961794e+09
 1.08961795e+09 1.08961795e+09 1.08961796e+09 1.08961796e+09
 1.08961797e+09 1.08961797e+09 1.08961798e+09 1.08961799e+09
 1.08961799e+09 1.08961800e+09 1.08961800e+09 1.08961801e+09
 1.08961801e+09 1.08961802e+09 1.08961802e+09 1.08961803e+09
 1.08961803e+09 1.08961804e+09 1.08961804e+09 1.08961805e+09
 1.08961805e+09 1.08961806e+09 1.08961806e+09 1.08961807e+09
 1.08961807e+09 1.08961808e+09 1.08961809e+09 1.08961809e+09
 1.08961810e+09 1.08961810e+09 1.08961811e+09 1.08961811e+09
 1.08961812e+09 1.08961812e+09 1.08961813e+09 1.08961813e+09
 1.08961814e+09 1.08961814e+09 1.08961815e+09 1.08961815e+09
 1.08961816e+09 1.08961816e+09 1.08961817e+09 1.08961817e+09
 1.08961818e+09 1.08961819e+09 1.08961819e+09 1.08961820e+09
 1.08961820e+09 1.08961821e+09 1.08961821e+09 1.08961822e+09
 1.08961822e+09 1.08961823e+09 1.08961823e+09 1.08961824e+09
 1.08961824e+09 1.08961825e+09 1.08961825e+09 1.08961826e+09
 1.08961826e+09 1.08961827e+09 1.08961827e+09 1.08961828e+09
 1.08961829e+09 1.08961829e+09 1.08961830e+09 1.08961830e+09
 1.08961831e+09 1.08961831e+09 1.08961832e+09 1.08961832e+09
 1.08961833e+09 1.08961833e+09 1.08961834e+09 1.08961834e+09
 1.08961835e+09 1.08961835e+09 1.08961836e+09 1.08961836e+09
 1.08961837e+09 1.08961837e+09 1.08961838e+09 1.08961838e+09
 1.08961839e+09 1.08961840e+09 1.08961840e+09 1.08961841e+09
 1.08961841e+09 1.08961842e+09 1.08961842e+09 1.08961843e+09
 1.08961843e+09 1.08961844e+09 1.08961844e+09 1.08961845e+09
 1.08961845e+09 1.08961846e+09 1.08961846e+09 1.08961847e+09
 1.08961847e+09 1.08961848e+09 1.08961848e+09 1.08961849e+09
 1.08961850e+09 1.08961850e+09 1.08961851e+09 1.08961851e+09
 1.08961852e+09 1.08961852e+09 1.08961853e+09 1.08961853e+09
 1.08961854e+09 1.08961854e+09 1.08961855e+09 1.08961855e+09
 1.08961856e+09 1.08961856e+09 1.08961857e+09 1.08961857e+09
 1.08961858e+09 1.08961858e+09 1.08961859e+09 1.08961860e+09
 1.08961860e+09 1.08961861e+09 1.08961861e+09 1.08961862e+09
 1.08961862e+09 1.08961863e+09 1.08961863e+09 1.08961864e+09
 1.08961864e+09 1.08961865e+09 1.08961865e+09 1.08961866e+09
 1.08961866e+09 1.08961867e+09 1.08961867e+09 1.08961868e+09
 1.08961868e+09 1.08961869e+09 1.08961869e+09 1.08961870e+09]
minRes = 2.9480130111907807
minResTime = [1.08961345e+09]
Cov(t) = [88.11930749 88.11948679 88.11966603 88.11984482 88.1200254  88.12020354
 88.1203831  88.1205609  88.12073966 88.12091725 88.12109452 88.12127056
 88.1214497  88.12162629 88.12180232 88.12197788 88.12215455 88.12232924
 88.12250509 88.12268039 88.12285566 88.12302967 88.12320348 88.12337764
 88.123553   88.12372546 88.1238984  88.12407158 88.12424396 88.12441671
 88.12458827 88.12476103 88.12493242 88.12510288 88.1252765  88.12544624
 88.1256158  88.12578702 88.12595644 88.126127   88.12629531 88.12646525
 88.12663364 88.12680251 88.12697208 88.12713937 88.12730637 88.12747478
 88.12764239 88.12780877 88.12797588 88.12814189 88.12830797 88.12847371
 88.12864014 88.12880473 88.12896862 88.12913578 88.12929938 88.12946275
 88.12962742 88.12979303 88.12995436 88.13011874 88.13028104 88.13044524
 88.13060694 88.13076801 88.13093084 88.13109257 88.13125378 88.13141462
 88.13157612 88.13173518 88.13189677 88.13205562 88.13221541 88.13237561
 88.13253342 88.13269334 88.13285246 88.13301049 88.13316832 88.13332705
 88.13348293 88.13364142 88.13379709 88.13395566 88.13411144 88.13426692
 88.13442453 88.1345794  88.13473481 88.13488885 88.13504432 88.13519971
 88.13535276 88.13550871 88.13566108 88.13581337 88.13596857 88.13612033
 88.13627305 88.13642609 88.13657699 88.13672935 88.13688046 88.13703285
 88.1371831  88.13733437 88.13748485 88.13763393 88.13778415 88.13793436
 88.13808376 88.13823202 88.13838294 88.13853027 88.13867782 88.13882724
 88.13897431 88.13912233 88.13926966 88.13941663 88.13956347 88.13970964
 88.13985529 88.14000101 88.14014734 88.14029107 88.14043874 88.14058145
 88.14072613 88.1408718  88.14101548 88.14115824 88.14130229 88.1414448
 88.14158941 88.14173052 88.14187386 88.14201625 88.14215754 88.14229736
 88.14243971 88.14258095 88.14272141 88.14286186 88.14300094 88.14314175
 88.14328072 88.14342151 88.14355943 88.14369862 88.1438376  88.14397584
 88.14411201 88.14425138 88.14438775 88.14452648 88.14466273 88.14480027
 88.14493683 88.14507173 88.14520908 88.14534356 88.14548013 88.14561385
 88.14574838 88.14588315 88.14601684 88.14615178 88.1462849  88.14641873
 88.14655149 88.14668289 88.14681727 88.1469475  88.14708126 88.14721326
 88.14734451 88.14747609 88.14760611 88.1477376  88.14786695 88.14799861
 88.14812692 88.14825692 88.14838699 88.14851545 88.14864481 88.14877125
 88.14890081 88.14902742 88.14915678 88.1492841  88.14941165 88.14953749
 88.14966478 88.14979077 88.1499166  88.15004221 88.15016924 88.15029263
 88.15041804 88.1505424  88.15066643 88.15079263 88.15091426 88.15103936
 88.15116142 88.15128572 88.1514069  88.15153096 88.15165254 88.15177424
 88.1518964  88.15201939 88.15213817 88.1522603  88.15237978 88.15250112
 88.15262109 88.15274026 88.15285947 88.15297896 88.15309739 88.15321728
 88.15333423 88.15345423 88.15357165 88.15368926 88.15380581 88.15392281
 88.15403924 88.15415724 88.15427148 88.15438875 88.15450461 88.15461937
 88.15473639 88.15485091 88.15496516 88.1550787  88.15519402 88.15530689
 88.15542138 88.15553368 88.15564694 88.15575893 88.155873   88.15598242
 88.1560959  88.15620939 88.15631828 88.15643054 88.15654172 88.15665126
 88.15676131 88.15687253 88.15698069 88.15709121 88.15719994 88.15730849
 88.15741831 88.15752599 88.15763355 88.15774091 88.15784974 88.15795558
 88.15806288 88.15817056 88.15827746 88.15838272 88.15848794 88.15859512
 88.15869855 88.15880422 88.1589105  88.15901283 88.15911873 88.15922173
 88.15932689 88.15942941 88.15953257 88.15963687 88.15973849 88.15984
 88.15994359 88.16004499 88.16014653 88.16024656 88.16034876 88.16045049
 88.16054911 88.16064953 88.1607499  88.16085019 88.16094889 88.16104746
 88.16114772 88.16124522 88.16134341 88.16144184 88.16153918 88.16163768
 88.16173413 88.16183029 88.16192818 88.16202436 88.16211977 88.16221627
 88.16231153 88.16240724 88.16250201 88.16259591 88.16269172 88.16278676
 88.16287827 88.16297265 88.16306577 88.16316008 88.163253   88.16334319
 88.16343644 88.16352962 88.16362087 88.1637112  88.16380334 88.16389351
 88.16398537 88.16407703 88.16416389 88.1642548  88.1643458  88.16443403
 88.16452395 88.16461204 88.16469988 88.16478831 88.16487705 88.16496404
 88.16505074 88.16513862 88.16522451 88.16531271 88.16539954 88.16548467
 88.16556923 88.165656   88.16573977 88.16582589 88.1659114  88.16599299
 88.16607831 88.1661628  88.16624679 88.16632986 88.16641416 88.16649566
 88.16657708 88.16666001 88.16674284 88.16682371 88.16690597 88.16698581
 88.16706711 88.1671465  88.16722781 88.16730875 88.16738782 88.16746755
 88.16754649 88.16762573 88.16770347 88.16778243 88.16786149 88.16793785
 88.16801601 88.16809255 88.1681704  88.1682465  88.16832386 88.16840016
 88.16847724 88.16855169 88.16862775 88.16870195 88.1687755  88.16885061
 88.16892643 88.16900059 88.16907354 88.16914697 88.16922102 88.1692949
 88.16936454 88.16943754 88.16951067 88.16958216 88.16965355 88.16972556
 88.16979683 88.1698679  88.16993767 88.17000874 88.1700776  88.17014768
 88.17021587 88.17028586 88.17035512 88.17042388 88.17049248 88.17055992
 88.17062769 88.17069614 88.17076336 88.17082795 88.17089499 88.17096232
 88.17102762 88.17109464 88.17115916 88.17122501 88.17129065 88.17135625
 88.17141906 88.17148414 88.17154786 88.17161225 88.17167597 88.17173831
 88.17180176 88.17186304 88.17192518 88.17198776 88.17204886 88.17211052
 88.17217242 88.17223385 88.17229495 88.17235384 88.17241459 88.17247502
 88.17253428 88.17259401 88.17265348 88.17271119 88.17276985 88.17282816
 88.1728869  88.17294517 88.17300146 88.1730587  88.17311608 88.17317276
 88.17322925 88.17328571 88.17334057 88.17339586 88.17345145 88.17350668
 88.17356227 88.17361645 88.17366955 88.17372384 88.17377771 88.17382936
 88.17388299 88.17393635 88.17398752 88.17403957 88.17409201 88.1741456
 88.17419679 88.17424819 88.17429933 88.17434887 88.17439912 88.17444951
 88.17449957 88.17454947 88.17459942 88.17464784 88.17469558 88.17474372
 88.17479243 88.17484033 88.17488881 88.17493597 88.17498316 88.17502995
 88.17507583 88.17512183 88.17516831 88.17521438 88.17525944 88.17530412
 88.17534946 88.17539453 88.17543691 88.17548138 88.17552509 88.17556891
 88.175613   88.17565569 88.17569854 88.17574253 88.17578488 88.17582513
 88.17586652 88.1759088  88.17594959 88.17599067 88.17603194 88.17607205
 88.17611137 88.17615129 88.17619045 88.1762286  88.17626797 88.17630627
 88.17634425 88.17638382 88.17642183 88.17645914 88.17649666 88.17653374
 88.17657085 88.17660798 88.17664385 88.17667838 88.17671402 88.17674925
 88.17678455 88.17682025 88.17685486 88.17688954 88.17692387 88.17695724
 88.17699103 88.17702446 88.17705705 88.17708968 88.1771221  88.17715553
 88.17718528 88.17721747 88.17724815 88.17727883 88.17731039 88.17733993
 88.17737086 88.1774009  88.17743182 88.17746054 88.17748997 88.17751885
 88.17754742 88.17757609 88.17760394 88.17763135 88.17766001 88.17768741
 88.17771374 88.17774076 88.17776654 88.17779164 88.17781715 88.17784269
 88.17786935 88.17789385 88.17791907 88.17794284 88.17796718 88.17799084
 88.17801484 88.1780394  88.17806285 88.17808526 88.1781078  88.17812979
 88.17815146 88.17817503 88.17819647 88.17821695 88.17823828 88.17825831
 88.17827865 88.17830031 88.17831974 88.17833888 88.17835832 88.17837756
 88.17839618 88.17841553 88.17843304 88.17845156 88.17846856 88.17848629
 88.17850287 88.17852108 88.17853756 88.17855374 88.17857014 88.17858544
 88.17860235 88.17861694 88.17863193 88.17864634 88.17866099 88.17867501
 88.17868965 88.17870304 88.17871606 88.17872958 88.17874137 88.17875588
 88.17876722 88.17877916 88.17879012 88.17880146 88.17881399 88.17882619
 88.1788363  88.17884675 88.17885812 88.17886734 88.17887671 88.17888534
 88.17889386 88.1789044  88.17891258 88.17892037 88.17892826 88.17893664
 88.17894373 88.17895056 88.17895668 88.1789633  88.17897083 88.17897672
 88.17898166 88.17898712 88.17899336 88.17899889 88.17900378 88.17900745
 88.179013   88.17901653 88.17901947 88.17902263 88.17902706 88.17902934
 88.17903176 88.17903319 88.17903624 88.17903856 88.17903841 88.17903876
 88.1790417  88.17904361 88.17904327 88.17904312 88.17904336 88.17904243
 88.17904223 88.1790399  88.17903992 88.17903759 88.17903543 88.17903253
 88.17903216 88.17902947 88.17902672 88.17902449 88.17902091 88.17901652
 88.17901258 88.17900942 88.17900431 88.17899885 88.17899447 88.17899003
 88.17898435 88.17897791 88.17897246 88.17896551 88.17895861 88.17895313
 88.17894533 88.17893676 88.1789287  88.17892303 88.17891429 88.17890517
 88.17889713 88.17888747 88.1788775  88.17886939 88.1788582  88.17884916
 88.17883816 88.17882808 88.17881691 88.17880492 88.17879412 88.17878218
 88.17876881 88.17875921 88.17874619 88.17873251 88.17872069 88.17870676
 88.17869241 88.1786796  88.17866413 88.17865098 88.1786369  88.17862117
 88.17860504 88.1785908  88.17857416 88.17855738 88.17854334 88.17852573
 88.17850843 88.17849259 88.17847357 88.17845569 88.17843883 88.17842117
 88.17840202 88.17838388 88.17836426 88.17834402 88.17832518 88.17830624
 88.17828526 88.17826552 88.17824397 88.17822397 88.17820256 88.1781814
 88.17816099 88.17813753 88.17811502 88.17809289 88.17806883 88.17804603
 88.17802512 88.17800009 88.17797648 88.1779523  88.17792683 88.17790441
 88.1778786  88.17785209 88.17782744 88.17780075 88.17777625 88.17774985
 88.17772284 88.17769738 88.17766907 88.17763998 88.17761501 88.17758568
 88.17755876 88.17752953 88.17749963 88.17747294 88.17744277 88.17741398
 88.17738353 88.17735225 88.17732438 88.17729207 88.17726255 88.17723055
 88.17719846 88.17716947 88.17713566 88.17710459 88.17707154 88.17703745
 88.17700591 88.17697258 88.17693915 88.17690496 88.17686973 88.17683693
 88.17680132 88.1767678  88.17673103 88.17669735 88.17666126 88.17662429
 88.17658867 88.17655134 88.17651652 88.17647849 88.17644161 88.17640315
 88.17636576 88.17632835 88.17628914 88.17625146 88.17621048 88.17617455
 88.17613386 88.17609266 88.17605391 88.17601339 88.17597334 88.17593228
 88.17589163 88.17585072 88.1758093  88.17576651 88.17572313 88.17568274
 88.17563865 88.17559656 88.17555202 88.17551085 88.17546608 88.17542331
 88.17537705 88.17533466 88.17528902 88.17524231 88.1751979  88.17515274
 88.17510772 88.17506002 88.17501422 88.17496754 88.17492172 88.17487336
 88.17482595 88.17477906 88.1747306  88.17468254 88.17463379 88.17458542
 88.17453627 88.17448594 88.17443813 88.17438711 88.17433591 88.17428635
 88.17423538 88.17418537 88.17413245 88.17408221 88.17403038 88.17397877
 88.17392517 88.17387475 88.17382023 88.17376823 88.17371347 88.17366199
 88.17360664 88.17355237 88.17349868 88.17344384 88.17338759 88.17333344
 88.17327809 88.17322194 88.17316493 88.17311111 88.17305282 88.17299691
 88.17293851 88.17288266 88.1728236  88.17276609 88.17270868 88.1726504
 88.17259229 88.17253333 88.17247482 88.17241431 88.17235537 88.17229514
 88.17223419 88.17217265 88.17211398 88.17205074 88.17199028 88.17192869
 88.17186754 88.17180362 88.17174275 88.17167909 88.17161621 88.17155462
 88.17148971 88.17142603 88.17136295 88.17129902 88.17123308 88.17117007
 88.17110369 88.17103836 88.17097133 88.17090729 88.17083936 88.17077409
 88.1707088  88.17064003 88.17057324 88.1705063  88.17043821 88.17036926
 88.1703027  88.17023224 88.17016421 88.17009674 88.17002561 88.1699579
 88.16988702 88.16981628 88.16974622 88.16967546 88.16960507 88.16953447
 88.16946248 88.16939023 88.16931932 88.16924578 88.16917348 88.16910248
 88.1690275  88.16895443 88.16888161 88.16880723 88.1687319  88.16865919
 88.16858418 88.16851033 88.16843502 88.1683573  88.16828349 88.16820769
 88.16812999 88.1680548  88.16797705 88.1678996  88.16782324 88.16774466
 88.16766971 88.16758945 88.16751177 88.16743255 88.16735451 88.16727516
 88.16719544 88.16711569 88.16703638 88.16695546 88.16687541 88.1667947
 88.16671359 88.16663261 88.16655093 88.16646901 88.16638713 88.16630494
 88.1662226  88.16613922 88.16605635 88.1659718  88.16588915 88.16580487
 88.16572135 88.16563693 88.16555218 88.16546693 88.16538155 88.16529597
 88.16521036 88.16512444 88.16503839 88.16495154 88.16486624 88.16477748
 88.16469037 88.16460323 88.16451434 88.16442768 88.1643379  88.16424949
 88.16416189 88.16407083 88.16398279 88.163891  ]
maxCov = 88.17904361238844
maxCovTime = [1.08961692e+09]
