name =JUICE_ROI_GAN_7_0_01
flyby = ['2033 NOV 26 18:22:11', '2033 NOV 27 18:22:11']
Observation TW = <SpiceCell dtype = 1, length = 0, size = 3400, card = 14, is_set = 1, adjust = 0, init = 1, base = 94044852753952, data = 94044852754000>
Res(t) = [0.11401786 0.11364    0.11327744 0.11292904 0.12074108 0.11994052
 0.11921667 0.11166146 0.11794742 0.11738409 0.11810328 0.11757796
 0.11708575 0.1166229  0.11618636 0.115774   0.11538375 0.11201869
 0.11172461 0.11144516 0.11117941 0.11092642 0.11068582 0.1107483
 0.1105153  0.11029366 0.11008282 0.10988226 0.10969149 0.10951014
 0.10933779 0.10917414 0.10901869 0.10887122 0.10873144 0.10859906
 0.10847387 0.1083555  0.10824391 0.10813875 0.10803986 0.10794706
 0.10786015 0.107779   0.10770338 0.10763318 0.10756823 0.1075084
 0.10745356 0.10740357 0.10735831 0.10731768 0.10728155 0.10724981
 0.10722237 0.10719913 0.10717997 0.10716483 0.1071536  0.1071462
 0.10714255 0.10714257 0.10714617 0.1071533  0.10716387 0.10717782
 0.10719507 0.10721556 0.10723923 0.10726602 0.10729586 0.10732871
 0.1073645  0.10740318 0.10744469 0.10748899 0.10753603 0.10758574
 0.1076381  0.10769305 0.10775056 0.10781056 0.10787303 0.10689511
 0.10697508 0.10705715 0.10714128 0.10722744 0.1073156  0.10740573
 0.1074978  0.10759178 0.10768765 0.10778537 0.10788493 0.10798629
 0.10808943 0.10819433 0.10830096 0.10840929 0.1085193  0.10863098
 0.10874429 0.10885921 0.10897573 0.10909381 0.10921345 0.10933462
 0.10945729 0.10958146 0.10970709 0.10983418 0.1099627  0.11009263
 0.11022395 0.11035666 0.11049072 0.11062613 0.11076286 0.1109009
 0.11104024 0.11118085 0.11132272 0.11146584 0.11161019 0.11175576
 0.11190253 0.11205048 0.1121996  0.11234989 0.11250132 0.11265388
 0.11280755 0.11296234 0.11311821 0.11327516 0.11343318 0.11359226
 0.11375237 0.11352774 0.11369122 0.11385571 0.1140212  0.11418766
 0.11435509 0.11452348 0.11469282 0.11486309 0.11563895 0.11580657
 0.11597515 0.11614469 0.11631518 0.1164866  0.11665895 0.11683221
 0.11700638 0.11718147 0.11735741 0.11753424 0.11771193 0.11789048
 0.11806987 0.11825011 0.11843117 0.11861306 0.11879576 0.11897926
 0.11916356 0.11934864 0.11953451 0.11972115 0.11990859 0.12009674
 0.12028564 0.12047528 0.12066566 0.12085676 0.12104858 0.12124111
 0.12143434 0.12162827 0.12182289 0.1220182  0.12221418 0.12241083
 0.12260814 0.12280611 0.12300473 0.12320399 0.1234039  0.12360443
 0.12380559 0.12135206 0.1215503  0.12174914 0.12194857 0.12214857
 0.12234916 0.12255031 0.12275203 0.1229543  0.12315714 0.12336052
 0.12356444 0.12376891 0.12397391 0.12417944 0.12438549 0.12459206
 0.12479915 0.12500675 0.12521486 0.12542346 0.12563257 0.12584216
 0.12605224 0.12626281 0.12647386 0.12668538 0.12689737 0.12710983
 0.12732275 0.12753613 0.12774996 0.12796425 0.12817898 0.12839415
 0.12860976 0.12882581 0.12904229 0.1292592  0.12947653 0.12969429
 0.12991246 0.13013104 0.13035003 0.13056943 0.13078924 0.13100944
 0.13123004 0.13145103 0.13167241 0.13189418 0.13211634 0.13233887
 0.13256178 0.13278507 0.13300872 0.13323275 0.13345714 0.13368189
 0.133907   0.13413247 0.13435829 0.13458447 0.13481099 0.13503786
 0.13526506 0.13549261 0.1357205  0.13594872 0.13617727 0.13640616
 0.13738995 0.13762054 0.13785146 0.13808272 0.1383143  0.13854621
 0.13877845 0.139011   0.13924388 0.13947707 0.13971057 0.13994439
 0.14017852 0.14041295 0.14064769 0.14088274 0.14111808 0.14135372
 0.14158966 0.14182589 0.14206241 0.14229923 0.14253633 0.14277371
 0.14301138 0.14324933 0.14348756 0.14372607 0.14396486 0.14420391
 0.14444324 0.14468284 0.14492271 0.14516284 0.14540323 0.14564389
 0.14588481 0.14612599 0.14636742 0.14660911 0.14685105 0.14709324
 0.14733569 0.14757838 0.14782131 0.14806449 0.14830792 0.14855159
 0.14724344 0.1474834  0.14772358 0.14796399 0.14820463 0.14844549
 0.14868657 0.14892788 0.1491694  0.14941115 0.14965311 0.14989529
 0.15013768 0.15038028 0.1506231  0.15086612 0.15110936 0.15135279
 0.15159644 0.15184029 0.15208434 0.1523286  0.15257305 0.1528177
 0.15306255 0.1533076  0.15355284 0.15379827 0.1540439  0.15428972
 0.15453572 0.15478192 0.1550283  0.15527487 0.15552163 0.15576857
 0.15601569 0.15626299 0.15651047 0.15675813 0.15700597 0.15725398
 0.15750217 0.15775054 0.15799908 0.15824779 0.15849667 0.15874573
 0.15899495 0.15924434 0.15949389 0.15974362 0.1599935  0.16024355
 0.16049377 0.16074415 0.16099468 0.16124538 0.16149624 0.16174725
 0.16199842 0.16224975 0.16250123 0.16275287 0.16300466 0.1632566
 0.16350869 0.16376094 0.16401333 0.16426587 0.16451856 0.1647714
 0.16502438 0.16527751 0.16553078 0.1657842  0.16603776 0.16629146
 0.1665453  0.16679929 0.16705341 0.16730767 0.16756207 0.1678166
 0.16807128 0.16832608 0.16858103 0.1688361  0.16909131 0.16934665
 0.16960213 0.16985773 0.17011347 0.17036933 0.17062533 0.17088145
 0.17113769 0.17139407 0.17165057 0.1719072  0.17216395 0.17242082
 0.17267782 0.17293494 0.17319217 0.17344953 0.17370701 0.17428159
 0.17453856 0.17479565 0.17505285 0.17531017 0.17556761 0.17582516
 0.17608283 0.17634061 0.1765985  0.17685649 0.17711461 0.17737284
 0.17763118 0.17788963 0.1781482  0.17840687 0.17866565 0.17892454
 0.17918353 0.17944264 0.17970185 0.17996116 0.18022058 0.18048011
 0.18073974 0.18099947 0.18125931 0.18151925 0.18177929 0.18203944
 0.18229968 0.18256002 0.18282047 0.18308101 0.18334166 0.1836024
 0.18386324 0.18412418 0.18438521 0.18464634 0.18490757 0.18516889
 0.18543031 0.18569182 0.18595343 0.18621513 0.18647692 0.18673881
 0.18704417 0.18730629 0.18769028 0.18795261 0.18821503 0.18847754
 0.18874014 0.18900283 0.18926561 0.18952847 0.18979142 0.19005446
 0.19031759 0.1905808  0.19084409 0.19110748 0.19137095 0.1916345
 0.19189814 0.19216186 0.19242566 0.19268955 0.19295352 0.19321757
 0.19348171 0.19374592 0.19401022 0.1942746  0.19453906 0.1948036
 0.19506822 0.19651278 0.1967269  0.19699522 0.19726363 0.19753211
 0.19780068 0.19806933 0.19833807 0.19860688 0.19887578 0.19914476
 0.19941382 0.19968296 0.19995218 0.20022149 0.20049087 0.20076033
 0.20102987 0.20129949 0.20156918 0.20183896 0.20210881 0.20237874
 0.20264874 0.20291883 0.20318899 0.20345922 0.20372954 0.20399992
 0.20427039 0.20454093 0.20481154 0.20508223 0.20535299 0.20562382
 0.20589473 0.20616571 0.20643677 0.2067079  0.2069791  0.20725037
 0.20752171 0.20779313 0.20806462 0.20833617 0.2086078  0.2088795
 0.20915127 0.20942311 0.20969502 0.209967   0.21023905 0.21330975
 0.21358714 0.2138646  0.21414214 0.21441976 0.21469746 0.21497523
 0.21525307 0.21553099 0.21580899 0.21608706 0.2163652  0.21664342
 0.21692172 0.21720008 0.21747852 0.21775704 0.21803562 0.21831428
 0.21859302 0.21887182 0.2191507  0.21942965 0.21970867 0.21998776
 0.21500454 0.21527437 0.21554425 0.21581419 0.21608418 0.21635423
 0.21662433 0.21689449 0.21716469 0.21743496 0.21770527 0.21797564
 0.21824606 0.21851653 0.21878706 0.21905764 0.21932827 0.21959895
 0.21986968 0.22014047 0.2204113  0.22068219 0.22095313 0.22122412
 0.22149516 0.22176624 0.22203738 0.22230857 0.22257981 0.2228511
 0.22312244 0.22339382 0.22366526 0.22393674 0.22420827 0.22441164
 0.22468327 0.22495494 0.22522667 0.22549844 0.22577025 0.22604212
 0.22631403 0.22658599 0.226858   0.22713005 0.22740215 0.22767429
 0.22794649 0.22821872 0.228491   0.22876333 0.22903571 0.22930812
 0.22958059 0.2298531  0.23012565 0.23039825 0.23067089 0.23094357
 0.2312163  0.23148908 0.23176189 0.23203475 0.23230766 0.23258061
 0.2328536  0.23312663 0.23339971 0.23367283 0.23394599 0.23421919
 0.23449244 0.23476573 0.23503906 0.23531243 0.23558584 0.2358593
 0.23613279 0.23640633 0.23667991 0.23695353 0.23722719 0.23750089
 0.23777463 0.23804841 0.23832223 0.2385961  0.23887    0.23914394
 0.23941792 0.23969194 0.239966   0.2402401  0.24051424 0.24078842
 0.24106264 0.24133689 0.24161119 0.24188552 0.24215989 0.2424343
 0.24270875 0.24298324 0.24325776 0.24353232 0.24380692 0.24408156
 0.24435623 0.24463095 0.24490569 0.24518048 0.2454553  0.24573016
 0.24600506 0.24628    0.24655497 0.24682997 0.24710502 0.24738009
 0.24765521 0.24793036 0.24820555 0.24848077 0.24875603 0.24903132
 0.24779122 0.24806848 0.24834578 0.24862312 0.2489005  0.24917792
 0.24945537 0.24973287 0.2500104  0.25028797 0.25056558 0.25084323
 0.25112092 0.25139864 0.2516764  0.2519542  0.25223203 0.25250991
 0.25278782 0.25306577 0.25334375 0.25362178 0.25389984 0.25417793
 0.25445607 0.25473424 0.25501245 0.25529069 0.25556897 0.25584729
 0.25612564 0.25640403 0.25668246 0.25696092 0.25723942 0.25751795
 0.25779652 0.25807513 0.25835377 0.25863245 0.25891116 0.25918991
 0.2594687  0.25974752 0.26002637 0.26030526 0.26058419 0.26086315
 0.26114214 0.26142118 0.26170024 0.26197934 0.26225848 0.26253765
 0.26281685 0.26309609 0.26337536 0.26365467 0.26393401 0.26421339
 0.2644928  0.26477224 0.26505172 0.26533123 0.26561078 0.26589036
 0.26616997 0.26644962 0.2667293  0.26700901 0.26728876 0.26756854
 0.26784836 0.26812821 0.26840809 0.268688   0.26896795 0.26924793
 0.26952795 0.26980799 0.27008807 0.27036818 0.27064833 0.27092851
 0.27120872 0.27148896 0.27176924 0.27204954 0.27232988 0.27261026
 0.27289066 0.2731711  0.27345157 0.27373207 0.2740126  0.27429317
 0.27457377 0.2748544  0.27513506 0.27541575 0.27569648 0.27597723
 0.27625802 0.27653884 0.27681969 0.27710057 0.27738149 0.27766243
 0.27794341 0.27822442 0.27850546 0.27878653 0.27906763 0.27934876
 0.27962992 0.27991112 0.27930285 0.27957813 0.27985344 0.28012877
 0.28040412 0.28067948 0.28095487 0.28123027 0.2815057  0.28178114
 0.28205661 0.28233209 0.28260759 0.28288311 0.28315865 0.28343421
 0.28370979 0.28398538 0.284261   0.28453663 0.28481228 0.28508795
 0.28536364 0.28563935 0.28591508 0.28619082 0.28646658 0.28674237
 0.28701816 0.28729398 0.28756982 0.28784567 0.28812154 0.28839743
 0.28867334 0.28894927 0.28922521 0.28950117 0.28977715 0.29005314
 0.29032916 0.29060519 0.29088124 0.2911573  0.29143339 0.29170949
 0.2919856  0.29226174 0.29253789 0.29281406 0.29309025 0.29336645
 0.29364267 0.29391891 0.29419516 0.29447143 0.29474772 0.29502402
 0.29530034 0.29557668 0.29585304 0.29612941 0.29640579 0.2966822
 0.29695862 0.29723505 0.29751151 0.29778797 0.29806446 0.29834096
 0.29861748 0.29889401 0.29917056 0.29944713 0.29972371 0.3000003
 0.30027692 0.30055355 0.30083019 0.30110685 0.30138353 0.30166022
 0.30193692 0.30221365 0.30249038 0.30276714 0.30304391 0.30332069
 0.30359749 0.30387431 0.30415114 0.30442798 0.30470484 0.30498172
 0.30525861 0.30553552 0.30581244 0.30608937 0.30636632 0.30664329
 0.30692027 0.30719726 0.30747427 0.3077513  0.30802834 0.30830539
 0.30858246 0.30885955 0.30913664 0.30941376 0.30969088 0.30996802
 0.31024518 0.31052235 0.31079953 0.31107673 0.31135395 0.31163117
 0.31190842 0.31218567 0.31246294 0.31274022 0.31301752 0.31329483
 0.31357216 0.3138495  0.31412685 0.31440422 0.3146816  0.314959
 0.31523641 0.31551383 0.31579126 0.31606871 0.31634618 0.31662365
 0.31690115 0.31717865 0.31745617 0.3177337  0.31801124 0.3182888
 0.31856637 0.31884396 0.31912155 0.31939917 0.31967679 0.31995443
 0.32023208 0.32050974 0.32078742 0.32106511 0.32134281 0.32162053
 0.32189826 0.322176   0.32245376 0.32273152 0.32300931 0.3232871
 0.32356491 0.32384273 0.32412056 0.3243984  0.32467626 0.32495413
 0.32523201 0.32550991 0.32578782 0.32606574 0.32634367 0.32662162
 0.32689957 0.32717754 0.32745553 0.32773352 0.32801153 0.32828955
 0.32856758 0.32884563 0.32912368 0.32940175]
t = [1.06995857e+09 1.06995858e+09 1.06995858e+09 1.06995859e+09
 1.06995859e+09 1.06995860e+09 1.06995860e+09 1.06995861e+09
 1.06995861e+09 1.06995862e+09 1.06995862e+09 1.06995863e+09
 1.06995864e+09 1.06995864e+09 1.06995865e+09 1.06995865e+09
 1.06995866e+09 1.06995866e+09 1.06995867e+09 1.06995867e+09
 1.06995868e+09 1.06995868e+09 1.06995869e+09 1.06995869e+09
 1.06995870e+09 1.06995870e+09 1.06995871e+09 1.06995871e+09
 1.06995872e+09 1.06995873e+09 1.06995873e+09 1.06995874e+09
 1.06995874e+09 1.06995875e+09 1.06995875e+09 1.06995876e+09
 1.06995876e+09 1.06995877e+09 1.06995877e+09 1.06995878e+09
 1.06995878e+09 1.06995879e+09 1.06995879e+09 1.06995880e+09
 1.06995880e+09 1.06995881e+09 1.06995882e+09 1.06995882e+09
 1.06995883e+09 1.06995883e+09 1.06995884e+09 1.06995884e+09
 1.06995885e+09 1.06995885e+09 1.06995886e+09 1.06995886e+09
 1.06995887e+09 1.06995887e+09 1.06995888e+09 1.06995888e+09
 1.06995889e+09 1.06995889e+09 1.06995890e+09 1.06995890e+09
 1.06995891e+09 1.06995892e+09 1.06995892e+09 1.06995893e+09
 1.06995893e+09 1.06995894e+09 1.06995894e+09 1.06995895e+09
 1.06995895e+09 1.06995896e+09 1.06995896e+09 1.06995897e+09
 1.06995897e+09 1.06995898e+09 1.06995898e+09 1.06995899e+09
 1.06995899e+09 1.06995900e+09 1.06995901e+09 1.06995901e+09
 1.06995902e+09 1.06995902e+09 1.06995903e+09 1.06995903e+09
 1.06995904e+09 1.06995904e+09 1.06995905e+09 1.06995905e+09
 1.06995906e+09 1.06995906e+09 1.06995907e+09 1.06995907e+09
 1.06995908e+09 1.06995908e+09 1.06995909e+09 1.06995910e+09
 1.06995910e+09 1.06995911e+09 1.06995911e+09 1.06995912e+09
 1.06995912e+09 1.06995913e+09 1.06995913e+09 1.06995914e+09
 1.06995914e+09 1.06995915e+09 1.06995915e+09 1.06995916e+09
 1.06995916e+09 1.06995917e+09 1.06995917e+09 1.06995918e+09
 1.06995918e+09 1.06995919e+09 1.06995920e+09 1.06995920e+09
 1.06995921e+09 1.06995921e+09 1.06995922e+09 1.06995922e+09
 1.06995923e+09 1.06995923e+09 1.06995924e+09 1.06995924e+09
 1.06995925e+09 1.06995925e+09 1.06995926e+09 1.06995926e+09
 1.06995927e+09 1.06995927e+09 1.06995928e+09 1.06995929e+09
 1.06995929e+09 1.06995930e+09 1.06995930e+09 1.06995931e+09
 1.06995931e+09 1.06995932e+09 1.06995932e+09 1.06995933e+09
 1.06995933e+09 1.06995934e+09 1.06995934e+09 1.06995935e+09
 1.06995935e+09 1.06995936e+09 1.06995936e+09 1.06995937e+09
 1.06995938e+09 1.06995938e+09 1.06995939e+09 1.06995939e+09
 1.06995940e+09 1.06995940e+09 1.06995941e+09 1.06995941e+09
 1.06995942e+09 1.06995942e+09 1.06995943e+09 1.06995943e+09
 1.06995944e+09 1.06995944e+09 1.06995945e+09 1.06995945e+09
 1.06995946e+09 1.06995946e+09 1.06995947e+09 1.06995948e+09
 1.06995948e+09 1.06995949e+09 1.06995949e+09 1.06995950e+09
 1.06995950e+09 1.06995951e+09 1.06995951e+09 1.06995952e+09
 1.06995952e+09 1.06995953e+09 1.06995953e+09 1.06995954e+09
 1.06995954e+09 1.06995955e+09 1.06995955e+09 1.06995956e+09
 1.06995957e+09 1.06995957e+09 1.06995958e+09 1.06995958e+09
 1.06995959e+09 1.06995959e+09 1.06995960e+09 1.06995960e+09
 1.06995961e+09 1.06995961e+09 1.06995962e+09 1.06995962e+09
 1.06995963e+09 1.06995963e+09 1.06995964e+09 1.06995964e+09
 1.06995965e+09 1.06995966e+09 1.06995966e+09 1.06995967e+09
 1.06995967e+09 1.06995968e+09 1.06995968e+09 1.06995969e+09
 1.06995969e+09 1.06995970e+09 1.06995970e+09 1.06995971e+09
 1.06995971e+09 1.06995972e+09 1.06995972e+09 1.06995973e+09
 1.06995973e+09 1.06995974e+09 1.06995974e+09 1.06995975e+09
 1.06995976e+09 1.06995976e+09 1.06995977e+09 1.06995977e+09
 1.06995978e+09 1.06995978e+09 1.06995979e+09 1.06995979e+09
 1.06995980e+09 1.06995980e+09 1.06995981e+09 1.06995981e+09
 1.06995982e+09 1.06995982e+09 1.06995983e+09 1.06995983e+09
 1.06995984e+09 1.06995985e+09 1.06995985e+09 1.06995986e+09
 1.06995986e+09 1.06995987e+09 1.06995987e+09 1.06995988e+09
 1.06995988e+09 1.06995989e+09 1.06995989e+09 1.06995990e+09
 1.06995990e+09 1.06995991e+09 1.06995991e+09 1.06995992e+09
 1.06995992e+09 1.06995993e+09 1.06995994e+09 1.06995994e+09
 1.06995995e+09 1.06995995e+09 1.06995996e+09 1.06995996e+09
 1.06995997e+09 1.06995997e+09 1.06995998e+09 1.06995998e+09
 1.06995999e+09 1.06995999e+09 1.06996000e+09 1.06996000e+09
 1.06996001e+09 1.06996001e+09 1.06996002e+09 1.06996002e+09
 1.06996003e+09 1.06996004e+09 1.06996004e+09 1.06996005e+09
 1.06996005e+09 1.06996006e+09 1.06996006e+09 1.06996007e+09
 1.06996007e+09 1.06996008e+09 1.06996008e+09 1.06996009e+09
 1.06996009e+09 1.06996010e+09 1.06996010e+09 1.06996011e+09
 1.06996011e+09 1.06996012e+09 1.06996013e+09 1.06996013e+09
 1.06996014e+09 1.06996014e+09 1.06996015e+09 1.06996015e+09
 1.06996016e+09 1.06996016e+09 1.06996017e+09 1.06996017e+09
 1.06996018e+09 1.06996018e+09 1.06996019e+09 1.06996019e+09
 1.06996020e+09 1.06996020e+09 1.06996021e+09 1.06996022e+09
 1.06996022e+09 1.06996023e+09 1.06996023e+09 1.06996024e+09
 1.06996024e+09 1.06996025e+09 1.06996025e+09 1.06996026e+09
 1.06996026e+09 1.06996027e+09 1.06996027e+09 1.06996028e+09
 1.06996028e+09 1.06996029e+09 1.06996029e+09 1.06996030e+09
 1.06996031e+09 1.06996031e+09 1.06996032e+09 1.06996032e+09
 1.06996033e+09 1.06996033e+09 1.06996034e+09 1.06996034e+09
 1.06996035e+09 1.06996035e+09 1.06996036e+09 1.06996036e+09
 1.06996037e+09 1.06996037e+09 1.06996038e+09 1.06996038e+09
 1.06996039e+09 1.06996039e+09 1.06996040e+09 1.06996041e+09
 1.06996041e+09 1.06996042e+09 1.06996042e+09 1.06996043e+09
 1.06996043e+09 1.06996044e+09 1.06996044e+09 1.06996045e+09
 1.06996045e+09 1.06996046e+09 1.06996046e+09 1.06996047e+09
 1.06996047e+09 1.06996048e+09 1.06996048e+09 1.06996049e+09
 1.06996050e+09 1.06996050e+09 1.06996051e+09 1.06996051e+09
 1.06996052e+09 1.06996052e+09 1.06996053e+09 1.06996053e+09
 1.06996054e+09 1.06996054e+09 1.06996055e+09 1.06996055e+09
 1.06996056e+09 1.06996056e+09 1.06996057e+09 1.06996057e+09
 1.06996058e+09 1.06996059e+09 1.06996059e+09 1.06996060e+09
 1.06996060e+09 1.06996061e+09 1.06996061e+09 1.06996062e+09
 1.06996062e+09 1.06996063e+09 1.06996063e+09 1.06996064e+09
 1.06996064e+09 1.06996065e+09 1.06996065e+09 1.06996066e+09
 1.06996066e+09 1.06996067e+09 1.06996067e+09 1.06996068e+09
 1.06996069e+09 1.06996069e+09 1.06996070e+09 1.06996070e+09
 1.06996071e+09 1.06996071e+09 1.06996072e+09 1.06996072e+09
 1.06996073e+09 1.06996073e+09 1.06996074e+09 1.06996074e+09
 1.06996075e+09 1.06996075e+09 1.06996076e+09 1.06996076e+09
 1.06996077e+09 1.06996078e+09 1.06996078e+09 1.06996079e+09
 1.06996079e+09 1.06996080e+09 1.06996080e+09 1.06996081e+09
 1.06996081e+09 1.06996082e+09 1.06996082e+09 1.06996083e+09
 1.06996083e+09 1.06996084e+09 1.06996084e+09 1.06996085e+09
 1.06996085e+09 1.06996086e+09 1.06996087e+09 1.06996087e+09
 1.06996088e+09 1.06996088e+09 1.06996089e+09 1.06996089e+09
 1.06996090e+09 1.06996090e+09 1.06996091e+09 1.06996091e+09
 1.06996092e+09 1.06996092e+09 1.06996093e+09 1.06996093e+09
 1.06996094e+09 1.06996094e+09 1.06996095e+09 1.06996095e+09
 1.06996096e+09 1.06996097e+09 1.06996097e+09 1.06996098e+09
 1.06996098e+09 1.06996099e+09 1.06996099e+09 1.06996100e+09
 1.06996100e+09 1.06996101e+09 1.06996101e+09 1.06996102e+09
 1.06996102e+09 1.06996103e+09 1.06996103e+09 1.06996104e+09
 1.06996104e+09 1.06996105e+09 1.06996106e+09 1.06996106e+09
 1.06996107e+09 1.06996107e+09 1.06996108e+09 1.06996108e+09
 1.06996109e+09 1.06996109e+09 1.06996110e+09 1.06996110e+09
 1.06996111e+09 1.06996111e+09 1.06996112e+09 1.06996112e+09
 1.06996113e+09 1.06996113e+09 1.06996114e+09 1.06996115e+09
 1.06996115e+09 1.06996116e+09 1.06996116e+09 1.06996117e+09
 1.06996117e+09 1.06996118e+09 1.06996118e+09 1.06996119e+09
 1.06996119e+09 1.06996120e+09 1.06996120e+09 1.06996121e+09
 1.06996121e+09 1.06996122e+09 1.06996122e+09 1.06996123e+09
 1.06996123e+09 1.06996124e+09 1.06996125e+09 1.06996125e+09
 1.06996126e+09 1.06996126e+09 1.06996127e+09 1.06996127e+09
 1.06996128e+09 1.06996128e+09 1.06996129e+09 1.06996129e+09
 1.06996130e+09 1.06996130e+09 1.06996131e+09 1.06996131e+09
 1.06996132e+09 1.06996132e+09 1.06996133e+09 1.06996134e+09
 1.06996134e+09 1.06996135e+09 1.06996135e+09 1.06996136e+09
 1.06996136e+09 1.06996137e+09 1.06996137e+09 1.06996138e+09
 1.06996138e+09 1.06996139e+09 1.06996139e+09 1.06996140e+09
 1.06996140e+09 1.06996141e+09 1.06996141e+09 1.06996142e+09
 1.06996143e+09 1.06996143e+09 1.06996144e+09 1.06996144e+09
 1.06996145e+09 1.06996145e+09 1.06996146e+09 1.06996146e+09
 1.06996147e+09 1.06996147e+09 1.06996148e+09 1.06996148e+09
 1.06996149e+09 1.06996149e+09 1.06996150e+09 1.06996150e+09
 1.06996151e+09 1.06996151e+09 1.06996152e+09 1.06996153e+09
 1.06996153e+09 1.06996154e+09 1.06996154e+09 1.06996155e+09
 1.06996155e+09 1.06996156e+09 1.06996156e+09 1.06996157e+09
 1.06996157e+09 1.06996158e+09 1.06996158e+09 1.06996159e+09
 1.06996159e+09 1.06996160e+09 1.06996160e+09 1.06996161e+09
 1.06996162e+09 1.06996162e+09 1.06996163e+09 1.06996163e+09
 1.06996164e+09 1.06996164e+09 1.06996165e+09 1.06996165e+09
 1.06996166e+09 1.06996166e+09 1.06996167e+09 1.06996167e+09
 1.06996168e+09 1.06996168e+09 1.06996169e+09 1.06996169e+09
 1.06996170e+09 1.06996171e+09 1.06996171e+09 1.06996172e+09
 1.06996172e+09 1.06996173e+09 1.06996173e+09 1.06996174e+09
 1.06996174e+09 1.06996175e+09 1.06996175e+09 1.06996176e+09
 1.06996176e+09 1.06996177e+09 1.06996177e+09 1.06996178e+09
 1.06996178e+09 1.06996179e+09 1.06996179e+09 1.06996180e+09
 1.06996181e+09 1.06996181e+09 1.06996182e+09 1.06996182e+09
 1.06996183e+09 1.06996183e+09 1.06996184e+09 1.06996184e+09
 1.06996185e+09 1.06996185e+09 1.06996186e+09 1.06996186e+09
 1.06996187e+09 1.06996187e+09 1.06996188e+09 1.06996188e+09
 1.06996189e+09 1.06996190e+09 1.06996190e+09 1.06996191e+09
 1.06996191e+09 1.06996192e+09 1.06996192e+09 1.06996193e+09
 1.06996193e+09 1.06996194e+09 1.06996194e+09 1.06996195e+09
 1.06996195e+09 1.06996196e+09 1.06996196e+09 1.06996197e+09
 1.06996197e+09 1.06996198e+09 1.06996199e+09 1.06996199e+09
 1.06996200e+09 1.06996200e+09 1.06996201e+09 1.06996201e+09
 1.06996202e+09 1.06996202e+09 1.06996203e+09 1.06996203e+09
 1.06996204e+09 1.06996204e+09 1.06996205e+09 1.06996205e+09
 1.06996206e+09 1.06996206e+09 1.06996207e+09 1.06996207e+09
 1.06996208e+09 1.06996209e+09 1.06996209e+09 1.06996210e+09
 1.06996210e+09 1.06996211e+09 1.06996211e+09 1.06996212e+09
 1.06996212e+09 1.06996213e+09 1.06996213e+09 1.06996214e+09
 1.06996214e+09 1.06996215e+09 1.06996215e+09 1.06996216e+09
 1.06996216e+09 1.06996217e+09 1.06996218e+09 1.06996218e+09
 1.06996219e+09 1.06996219e+09 1.06996220e+09 1.06996220e+09
 1.06996221e+09 1.06996221e+09 1.06996222e+09 1.06996222e+09
 1.06996223e+09 1.06996223e+09 1.06996224e+09 1.06996224e+09
 1.06996225e+09 1.06996225e+09 1.06996226e+09 1.06996227e+09
 1.06996227e+09 1.06996228e+09 1.06996228e+09 1.06996229e+09
 1.06996229e+09 1.06996230e+09 1.06996230e+09 1.06996231e+09
 1.06996231e+09 1.06996232e+09 1.06996232e+09 1.06996233e+09
 1.06996233e+09 1.06996234e+09 1.06996234e+09 1.06996235e+09
 1.06996235e+09 1.06996236e+09 1.06996237e+09 1.06996237e+09
 1.06996238e+09 1.06996238e+09 1.06996239e+09 1.06996239e+09
 1.06996240e+09 1.06996240e+09 1.06996241e+09 1.06996241e+09
 1.06996242e+09 1.06996242e+09 1.06996243e+09 1.06996243e+09
 1.06996244e+09 1.06996244e+09 1.06996245e+09 1.06996246e+09
 1.06996246e+09 1.06996247e+09 1.06996247e+09 1.06996248e+09
 1.06996248e+09 1.06996249e+09 1.06996249e+09 1.06996250e+09
 1.06996250e+09 1.06996251e+09 1.06996251e+09 1.06996252e+09
 1.06996252e+09 1.06996253e+09 1.06996253e+09 1.06996254e+09
 1.06996255e+09 1.06996255e+09 1.06996256e+09 1.06996256e+09
 1.06996257e+09 1.06996257e+09 1.06996258e+09 1.06996258e+09
 1.06996259e+09 1.06996259e+09 1.06996260e+09 1.06996260e+09
 1.06996261e+09 1.06996261e+09 1.06996262e+09 1.06996262e+09
 1.06996263e+09 1.06996263e+09 1.06996264e+09 1.06996265e+09
 1.06996265e+09 1.06996266e+09 1.06996266e+09 1.06996267e+09
 1.06996267e+09 1.06996268e+09 1.06996268e+09 1.06996269e+09
 1.06996269e+09 1.06996270e+09 1.06996270e+09 1.06996271e+09
 1.06996271e+09 1.06996272e+09 1.06996272e+09 1.06996273e+09
 1.06996274e+09 1.06996274e+09 1.06996275e+09 1.06996275e+09
 1.06996276e+09 1.06996276e+09 1.06996277e+09 1.06996277e+09
 1.06996278e+09 1.06996278e+09 1.06996279e+09 1.06996279e+09
 1.06996280e+09 1.06996280e+09 1.06996281e+09 1.06996281e+09
 1.06996282e+09 1.06996283e+09 1.06996283e+09 1.06996284e+09
 1.06996284e+09 1.06996285e+09 1.06996285e+09 1.06996286e+09
 1.06996286e+09 1.06996287e+09 1.06996287e+09 1.06996288e+09
 1.06996288e+09 1.06996289e+09 1.06996289e+09 1.06996290e+09
 1.06996290e+09 1.06996291e+09 1.06996292e+09 1.06996292e+09
 1.06996293e+09 1.06996293e+09 1.06996294e+09 1.06996294e+09
 1.06996295e+09 1.06996295e+09 1.06996296e+09 1.06996296e+09
 1.06996297e+09 1.06996297e+09 1.06996298e+09 1.06996298e+09
 1.06996299e+09 1.06996299e+09 1.06996300e+09 1.06996300e+09
 1.06996301e+09 1.06996302e+09 1.06996302e+09 1.06996303e+09
 1.06996303e+09 1.06996304e+09 1.06996304e+09 1.06996305e+09
 1.06996305e+09 1.06996306e+09 1.06996306e+09 1.06996307e+09
 1.06996307e+09 1.06996308e+09 1.06996308e+09 1.06996309e+09
 1.06996309e+09 1.06996310e+09 1.06996311e+09 1.06996311e+09
 1.06996312e+09 1.06996312e+09 1.06996313e+09 1.06996313e+09
 1.06996314e+09 1.06996314e+09 1.06996315e+09 1.06996315e+09
 1.06996316e+09 1.06996316e+09 1.06996317e+09 1.06996317e+09
 1.06996318e+09 1.06996318e+09 1.06996319e+09 1.06996320e+09
 1.06996320e+09 1.06996321e+09 1.06996321e+09 1.06996322e+09
 1.06996322e+09 1.06996323e+09 1.06996323e+09 1.06996324e+09
 1.06996324e+09 1.06996325e+09 1.06996325e+09 1.06996326e+09
 1.06996326e+09 1.06996327e+09 1.06996327e+09 1.06996328e+09
 1.06996328e+09 1.06996329e+09 1.06996330e+09 1.06996330e+09
 1.06996331e+09 1.06996331e+09 1.06996332e+09 1.06996332e+09
 1.06996333e+09 1.06996333e+09 1.06996334e+09 1.06996334e+09
 1.06996335e+09 1.06996335e+09 1.06996336e+09 1.06996336e+09
 1.06996337e+09 1.06996337e+09 1.06996338e+09 1.06996339e+09
 1.06996339e+09 1.06996340e+09 1.06996340e+09 1.06996341e+09
 1.06996341e+09 1.06996342e+09 1.06996342e+09 1.06996343e+09
 1.06996343e+09 1.06996344e+09 1.06996344e+09 1.06996345e+09
 1.06996345e+09 1.06996346e+09 1.06996346e+09 1.06996347e+09
 1.06996348e+09 1.06996348e+09 1.06996349e+09 1.06996349e+09
 1.06996350e+09 1.06996350e+09 1.06996351e+09 1.06996351e+09
 1.06996352e+09 1.06996352e+09 1.06996353e+09 1.06996353e+09
 1.06996354e+09 1.06996354e+09 1.06996355e+09 1.06996355e+09
 1.06996356e+09 1.06996356e+09 1.06996357e+09 1.06996358e+09
 1.06996358e+09 1.06996359e+09 1.06996359e+09 1.06996360e+09
 1.06996360e+09 1.06996361e+09 1.06996361e+09 1.06996362e+09
 1.06996362e+09 1.06996363e+09 1.06996363e+09 1.06996364e+09
 1.06996364e+09 1.06996365e+09 1.06996365e+09 1.06996366e+09
 1.06996367e+09 1.06996367e+09 1.06996368e+09 1.06996368e+09
 1.06996369e+09 1.06996369e+09 1.06996370e+09 1.06996370e+09
 1.06996371e+09 1.06996371e+09 1.06996372e+09 1.06996372e+09
 1.06996373e+09 1.06996373e+09 1.06996374e+09 1.06996374e+09
 1.06996375e+09 1.06996376e+09 1.06996376e+09 1.06996377e+09
 1.06996377e+09 1.06996378e+09 1.06996378e+09 1.06996379e+09
 1.06996379e+09 1.06996380e+09 1.06996380e+09 1.06996381e+09
 1.06996381e+09 1.06996382e+09 1.06996382e+09 1.06996383e+09
 1.06996383e+09 1.06996384e+09 1.06996384e+09 1.06996385e+09]
minRes = 0.10689510517480559
minResTime = [1.06995901e+09]
Cov(t) = [100 100 100 100 100 100 100 100 100 100 100 100 100 100 100 100 100 100
 100 100 100 100 100 100 100 100 100 100 100 100 100 100 100 100 100 100
 100 100 100 100 100 100 100 100 100 100 100 100 100 100 100 100 100 100
 100 100 100 100 100 100 100 100 100 100 100 100 100 100 100 100 100 100
 100 100 100 100 100 100 100 100 100 100 100 100 100 100 100 100 100 100
 100 100 100 100 100 100 100 100 100 100 100 100 100 100 100 100 100 100
 100 100 100 100 100 100 100 100 100 100 100 100 100 100 100 100 100 100
 100 100 100 100 100 100 100 100 100 100 100 100 100 100 100 100 100 100
 100 100 100 100 100 100 100 100 100 100 100 100 100 100 100 100 100 100
 100 100 100 100 100 100 100 100 100 100 100 100 100 100 100 100 100 100
 100 100 100 100 100 100 100 100 100 100 100 100 100 100 100 100 100 100
 100 100 100 100 100 100 100 100 100 100 100 100 100 100 100 100 100 100
 100 100 100 100 100 100 100 100 100 100 100 100 100 100 100 100 100 100
 100 100 100 100 100 100 100 100 100 100 100 100 100 100 100 100 100 100
 100 100 100 100 100 100 100 100 100 100 100 100 100 100 100 100 100 100
 100 100 100 100 100 100 100 100 100 100 100 100 100 100 100 100 100 100
 100 100 100 100 100 100 100 100 100 100 100 100 100 100 100 100 100 100
 100 100 100 100 100 100 100 100 100 100 100 100 100 100 100 100 100 100
 100 100 100 100 100 100 100 100 100 100 100 100 100 100 100 100 100 100
 100 100 100 100 100 100 100 100 100 100 100 100 100 100 100 100 100 100
 100 100 100 100 100 100 100 100 100 100 100 100 100 100 100 100 100 100
 100 100 100 100 100 100 100 100 100 100 100 100 100 100 100 100 100 100
 100 100 100 100 100 100 100 100 100 100 100 100 100 100 100 100 100 100
 100 100 100 100 100 100 100 100 100 100 100 100 100 100 100 100 100 100
 100 100 100 100 100 100 100 100 100 100 100 100 100 100 100 100 100 100
 100 100 100 100 100 100 100 100 100 100 100 100 100 100 100 100 100 100
 100 100 100 100 100 100 100 100 100 100 100 100 100 100 100 100 100 100
 100 100 100 100 100 100 100 100 100 100 100 100 100 100 100 100 100 100
 100 100 100 100 100 100 100 100 100 100 100 100 100 100 100 100 100 100
 100 100 100 100 100 100 100 100 100 100 100 100 100 100 100 100 100 100
 100 100 100 100 100 100 100 100 100 100 100 100 100 100 100 100 100 100
 100 100 100 100 100 100 100 100 100 100 100 100 100 100 100 100 100 100
 100 100 100 100 100 100 100 100 100 100 100 100 100 100 100 100 100 100
 100 100 100 100 100 100 100 100 100 100 100 100 100 100 100 100 100 100
 100 100 100 100 100 100 100 100 100 100 100 100 100 100 100 100 100 100
 100 100 100 100 100 100 100 100 100 100 100 100 100 100 100 100 100 100
 100 100 100 100 100 100 100 100 100 100 100 100 100 100 100 100 100 100
 100 100 100 100 100 100 100 100 100 100 100 100 100 100 100 100 100 100
 100 100 100 100 100 100 100 100 100 100 100 100 100 100 100 100 100 100
 100 100 100 100 100 100 100 100 100 100 100 100 100 100 100 100 100 100
 100 100 100 100 100 100 100 100 100 100 100 100 100 100 100 100 100 100
 100 100 100 100 100 100 100 100 100 100 100 100 100 100 100 100 100 100
 100 100 100 100 100 100 100 100 100 100 100 100 100 100 100 100 100 100
 100 100 100 100 100 100 100 100 100 100 100 100 100 100 100 100 100 100
 100 100 100 100 100 100 100 100 100 100 100 100 100 100 100 100 100 100
 100 100 100 100 100 100 100 100 100 100 100 100 100 100 100 100 100 100
 100 100 100 100 100 100 100 100 100 100 100 100 100 100 100 100 100 100
 100 100 100 100 100 100 100 100 100 100 100 100 100 100 100 100 100 100
 100 100 100 100 100 100 100 100 100 100 100 100 100 100 100 100 100 100
 100 100 100 100 100 100 100 100 100 100 100 100 100 100 100 100 100 100
 100 100 100 100 100 100 100 100 100 100 100 100 100 100 100 100 100 100
 100 100 100 100 100 100 100 100 100 100 100 100 100 100 100 100 100 100
 100 100 100 100 100 100 100 100 100 100 100 100 100 100 100 100 100 100
 100 100 100 100 100 100 100 100 100 100 100 100 100 100 100 100 100 100
 100 100 100 100 100 100 100 100 100 100 100 100 100 100 100 100 100 100
 100 100 100 100 100 100 100 100 100 100]
maxCov = 100
maxCovTime = [1.06995857e+09 1.06995858e+09 1.06995858e+09 1.06995859e+09
 1.06995859e+09 1.06995860e+09 1.06995860e+09 1.06995861e+09
 1.06995861e+09 1.06995862e+09 1.06995862e+09 1.06995863e+09
 1.06995864e+09 1.06995864e+09 1.06995865e+09 1.06995865e+09
 1.06995866e+09 1.06995866e+09 1.06995867e+09 1.06995867e+09
 1.06995868e+09 1.06995868e+09 1.06995869e+09 1.06995869e+09
 1.06995870e+09 1.06995870e+09 1.06995871e+09 1.06995871e+09
 1.06995872e+09 1.06995873e+09 1.06995873e+09 1.06995874e+09
 1.06995874e+09 1.06995875e+09 1.06995875e+09 1.06995876e+09
 1.06995876e+09 1.06995877e+09 1.06995877e+09 1.06995878e+09
 1.06995878e+09 1.06995879e+09 1.06995879e+09 1.06995880e+09
 1.06995880e+09 1.06995881e+09 1.06995882e+09 1.06995882e+09
 1.06995883e+09 1.06995883e+09 1.06995884e+09 1.06995884e+09
 1.06995885e+09 1.06995885e+09 1.06995886e+09 1.06995886e+09
 1.06995887e+09 1.06995887e+09 1.06995888e+09 1.06995888e+09
 1.06995889e+09 1.06995889e+09 1.06995890e+09 1.06995890e+09
 1.06995891e+09 1.06995892e+09 1.06995892e+09 1.06995893e+09
 1.06995893e+09 1.06995894e+09 1.06995894e+09 1.06995895e+09
 1.06995895e+09 1.06995896e+09 1.06995896e+09 1.06995897e+09
 1.06995897e+09 1.06995898e+09 1.06995898e+09 1.06995899e+09
 1.06995899e+09 1.06995900e+09 1.06995901e+09 1.06995901e+09
 1.06995902e+09 1.06995902e+09 1.06995903e+09 1.06995903e+09
 1.06995904e+09 1.06995904e+09 1.06995905e+09 1.06995905e+09
 1.06995906e+09 1.06995906e+09 1.06995907e+09 1.06995907e+09
 1.06995908e+09 1.06995908e+09 1.06995909e+09 1.06995910e+09
 1.06995910e+09 1.06995911e+09 1.06995911e+09 1.06995912e+09
 1.06995912e+09 1.06995913e+09 1.06995913e+09 1.06995914e+09
 1.06995914e+09 1.06995915e+09 1.06995915e+09 1.06995916e+09
 1.06995916e+09 1.06995917e+09 1.06995917e+09 1.06995918e+09
 1.06995918e+09 1.06995919e+09 1.06995920e+09 1.06995920e+09
 1.06995921e+09 1.06995921e+09 1.06995922e+09 1.06995922e+09
 1.06995923e+09 1.06995923e+09 1.06995924e+09 1.06995924e+09
 1.06995925e+09 1.06995925e+09 1.06995926e+09 1.06995926e+09
 1.06995927e+09 1.06995927e+09 1.06995928e+09 1.06995929e+09
 1.06995929e+09 1.06995930e+09 1.06995930e+09 1.06995931e+09
 1.06995931e+09 1.06995932e+09 1.06995932e+09 1.06995933e+09
 1.06995933e+09 1.06995934e+09 1.06995934e+09 1.06995935e+09
 1.06995935e+09 1.06995936e+09 1.06995936e+09 1.06995937e+09
 1.06995938e+09 1.06995938e+09 1.06995939e+09 1.06995939e+09
 1.06995940e+09 1.06995940e+09 1.06995941e+09 1.06995941e+09
 1.06995942e+09 1.06995942e+09 1.06995943e+09 1.06995943e+09
 1.06995944e+09 1.06995944e+09 1.06995945e+09 1.06995945e+09
 1.06995946e+09 1.06995946e+09 1.06995947e+09 1.06995948e+09
 1.06995948e+09 1.06995949e+09 1.06995949e+09 1.06995950e+09
 1.06995950e+09 1.06995951e+09 1.06995951e+09 1.06995952e+09
 1.06995952e+09 1.06995953e+09 1.06995953e+09 1.06995954e+09
 1.06995954e+09 1.06995955e+09 1.06995955e+09 1.06995956e+09
 1.06995957e+09 1.06995957e+09 1.06995958e+09 1.06995958e+09
 1.06995959e+09 1.06995959e+09 1.06995960e+09 1.06995960e+09
 1.06995961e+09 1.06995961e+09 1.06995962e+09 1.06995962e+09
 1.06995963e+09 1.06995963e+09 1.06995964e+09 1.06995964e+09
 1.06995965e+09 1.06995966e+09 1.06995966e+09 1.06995967e+09
 1.06995967e+09 1.06995968e+09 1.06995968e+09 1.06995969e+09
 1.06995969e+09 1.06995970e+09 1.06995970e+09 1.06995971e+09
 1.06995971e+09 1.06995972e+09 1.06995972e+09 1.06995973e+09
 1.06995973e+09 1.06995974e+09 1.06995974e+09 1.06995975e+09
 1.06995976e+09 1.06995976e+09 1.06995977e+09 1.06995977e+09
 1.06995978e+09 1.06995978e+09 1.06995979e+09 1.06995979e+09
 1.06995980e+09 1.06995980e+09 1.06995981e+09 1.06995981e+09
 1.06995982e+09 1.06995982e+09 1.06995983e+09 1.06995983e+09
 1.06995984e+09 1.06995985e+09 1.06995985e+09 1.06995986e+09
 1.06995986e+09 1.06995987e+09 1.06995987e+09 1.06995988e+09
 1.06995988e+09 1.06995989e+09 1.06995989e+09 1.06995990e+09
 1.06995990e+09 1.06995991e+09 1.06995991e+09 1.06995992e+09
 1.06995992e+09 1.06995993e+09 1.06995994e+09 1.06995994e+09
 1.06995995e+09 1.06995995e+09 1.06995996e+09 1.06995996e+09
 1.06995997e+09 1.06995997e+09 1.06995998e+09 1.06995998e+09
 1.06995999e+09 1.06995999e+09 1.06996000e+09 1.06996000e+09
 1.06996001e+09 1.06996001e+09 1.06996002e+09 1.06996002e+09
 1.06996003e+09 1.06996004e+09 1.06996004e+09 1.06996005e+09
 1.06996005e+09 1.06996006e+09 1.06996006e+09 1.06996007e+09
 1.06996007e+09 1.06996008e+09 1.06996008e+09 1.06996009e+09
 1.06996009e+09 1.06996010e+09 1.06996010e+09 1.06996011e+09
 1.06996011e+09 1.06996012e+09 1.06996013e+09 1.06996013e+09
 1.06996014e+09 1.06996014e+09 1.06996015e+09 1.06996015e+09
 1.06996016e+09 1.06996016e+09 1.06996017e+09 1.06996017e+09
 1.06996018e+09 1.06996018e+09 1.06996019e+09 1.06996019e+09
 1.06996020e+09 1.06996020e+09 1.06996021e+09 1.06996022e+09
 1.06996022e+09 1.06996023e+09 1.06996023e+09 1.06996024e+09
 1.06996024e+09 1.06996025e+09 1.06996025e+09 1.06996026e+09
 1.06996026e+09 1.06996027e+09 1.06996027e+09 1.06996028e+09
 1.06996028e+09 1.06996029e+09 1.06996029e+09 1.06996030e+09
 1.06996031e+09 1.06996031e+09 1.06996032e+09 1.06996032e+09
 1.06996033e+09 1.06996033e+09 1.06996034e+09 1.06996034e+09
 1.06996035e+09 1.06996035e+09 1.06996036e+09 1.06996036e+09
 1.06996037e+09 1.06996037e+09 1.06996038e+09 1.06996038e+09
 1.06996039e+09 1.06996039e+09 1.06996040e+09 1.06996041e+09
 1.06996041e+09 1.06996042e+09 1.06996042e+09 1.06996043e+09
 1.06996043e+09 1.06996044e+09 1.06996044e+09 1.06996045e+09
 1.06996045e+09 1.06996046e+09 1.06996046e+09 1.06996047e+09
 1.06996047e+09 1.06996048e+09 1.06996048e+09 1.06996049e+09
 1.06996050e+09 1.06996050e+09 1.06996051e+09 1.06996051e+09
 1.06996052e+09 1.06996052e+09 1.06996053e+09 1.06996053e+09
 1.06996054e+09 1.06996054e+09 1.06996055e+09 1.06996055e+09
 1.06996056e+09 1.06996056e+09 1.06996057e+09 1.06996057e+09
 1.06996058e+09 1.06996059e+09 1.06996059e+09 1.06996060e+09
 1.06996060e+09 1.06996061e+09 1.06996061e+09 1.06996062e+09
 1.06996062e+09 1.06996063e+09 1.06996063e+09 1.06996064e+09
 1.06996064e+09 1.06996065e+09 1.06996065e+09 1.06996066e+09
 1.06996066e+09 1.06996067e+09 1.06996067e+09 1.06996068e+09
 1.06996069e+09 1.06996069e+09 1.06996070e+09 1.06996070e+09
 1.06996071e+09 1.06996071e+09 1.06996072e+09 1.06996072e+09
 1.06996073e+09 1.06996073e+09 1.06996074e+09 1.06996074e+09
 1.06996075e+09 1.06996075e+09 1.06996076e+09 1.06996076e+09
 1.06996077e+09 1.06996078e+09 1.06996078e+09 1.06996079e+09
 1.06996079e+09 1.06996080e+09 1.06996080e+09 1.06996081e+09
 1.06996081e+09 1.06996082e+09 1.06996082e+09 1.06996083e+09
 1.06996083e+09 1.06996084e+09 1.06996084e+09 1.06996085e+09
 1.06996085e+09 1.06996086e+09 1.06996087e+09 1.06996087e+09
 1.06996088e+09 1.06996088e+09 1.06996089e+09 1.06996089e+09
 1.06996090e+09 1.06996090e+09 1.06996091e+09 1.06996091e+09
 1.06996092e+09 1.06996092e+09 1.06996093e+09 1.06996093e+09
 1.06996094e+09 1.06996094e+09 1.06996095e+09 1.06996095e+09
 1.06996096e+09 1.06996097e+09 1.06996097e+09 1.06996098e+09
 1.06996098e+09 1.06996099e+09 1.06996099e+09 1.06996100e+09
 1.06996100e+09 1.06996101e+09 1.06996101e+09 1.06996102e+09
 1.06996102e+09 1.06996103e+09 1.06996103e+09 1.06996104e+09
 1.06996104e+09 1.06996105e+09 1.06996106e+09 1.06996106e+09
 1.06996107e+09 1.06996107e+09 1.06996108e+09 1.06996108e+09
 1.06996109e+09 1.06996109e+09 1.06996110e+09 1.06996110e+09
 1.06996111e+09 1.06996111e+09 1.06996112e+09 1.06996112e+09
 1.06996113e+09 1.06996113e+09 1.06996114e+09 1.06996115e+09
 1.06996115e+09 1.06996116e+09 1.06996116e+09 1.06996117e+09
 1.06996117e+09 1.06996118e+09 1.06996118e+09 1.06996119e+09
 1.06996119e+09 1.06996120e+09 1.06996120e+09 1.06996121e+09
 1.06996121e+09 1.06996122e+09 1.06996122e+09 1.06996123e+09
 1.06996123e+09 1.06996124e+09 1.06996125e+09 1.06996125e+09
 1.06996126e+09 1.06996126e+09 1.06996127e+09 1.06996127e+09
 1.06996128e+09 1.06996128e+09 1.06996129e+09 1.06996129e+09
 1.06996130e+09 1.06996130e+09 1.06996131e+09 1.06996131e+09
 1.06996132e+09 1.06996132e+09 1.06996133e+09 1.06996134e+09
 1.06996134e+09 1.06996135e+09 1.06996135e+09 1.06996136e+09
 1.06996136e+09 1.06996137e+09 1.06996137e+09 1.06996138e+09
 1.06996138e+09 1.06996139e+09 1.06996139e+09 1.06996140e+09
 1.06996140e+09 1.06996141e+09 1.06996141e+09 1.06996142e+09
 1.06996143e+09 1.06996143e+09 1.06996144e+09 1.06996144e+09
 1.06996145e+09 1.06996145e+09 1.06996146e+09 1.06996146e+09
 1.06996147e+09 1.06996147e+09 1.06996148e+09 1.06996148e+09
 1.06996149e+09 1.06996149e+09 1.06996150e+09 1.06996150e+09
 1.06996151e+09 1.06996151e+09 1.06996152e+09 1.06996153e+09
 1.06996153e+09 1.06996154e+09 1.06996154e+09 1.06996155e+09
 1.06996155e+09 1.06996156e+09 1.06996156e+09 1.06996157e+09
 1.06996157e+09 1.06996158e+09 1.06996158e+09 1.06996159e+09
 1.06996159e+09 1.06996160e+09 1.06996160e+09 1.06996161e+09
 1.06996162e+09 1.06996162e+09 1.06996163e+09 1.06996163e+09
 1.06996164e+09 1.06996164e+09 1.06996165e+09 1.06996165e+09
 1.06996166e+09 1.06996166e+09 1.06996167e+09 1.06996167e+09
 1.06996168e+09 1.06996168e+09 1.06996169e+09 1.06996169e+09
 1.06996170e+09 1.06996171e+09 1.06996171e+09 1.06996172e+09
 1.06996172e+09 1.06996173e+09 1.06996173e+09 1.06996174e+09
 1.06996174e+09 1.06996175e+09 1.06996175e+09 1.06996176e+09
 1.06996176e+09 1.06996177e+09 1.06996177e+09 1.06996178e+09
 1.06996178e+09 1.06996179e+09 1.06996179e+09 1.06996180e+09
 1.06996181e+09 1.06996181e+09 1.06996182e+09 1.06996182e+09
 1.06996183e+09 1.06996183e+09 1.06996184e+09 1.06996184e+09
 1.06996185e+09 1.06996185e+09 1.06996186e+09 1.06996186e+09
 1.06996187e+09 1.06996187e+09 1.06996188e+09 1.06996188e+09
 1.06996189e+09 1.06996190e+09 1.06996190e+09 1.06996191e+09
 1.06996191e+09 1.06996192e+09 1.06996192e+09 1.06996193e+09
 1.06996193e+09 1.06996194e+09 1.06996194e+09 1.06996195e+09
 1.06996195e+09 1.06996196e+09 1.06996196e+09 1.06996197e+09
 1.06996197e+09 1.06996198e+09 1.06996199e+09 1.06996199e+09
 1.06996200e+09 1.06996200e+09 1.06996201e+09 1.06996201e+09
 1.06996202e+09 1.06996202e+09 1.06996203e+09 1.06996203e+09
 1.06996204e+09 1.06996204e+09 1.06996205e+09 1.06996205e+09
 1.06996206e+09 1.06996206e+09 1.06996207e+09 1.06996207e+09
 1.06996208e+09 1.06996209e+09 1.06996209e+09 1.06996210e+09
 1.06996210e+09 1.06996211e+09 1.06996211e+09 1.06996212e+09
 1.06996212e+09 1.06996213e+09 1.06996213e+09 1.06996214e+09
 1.06996214e+09 1.06996215e+09 1.06996215e+09 1.06996216e+09
 1.06996216e+09 1.06996217e+09 1.06996218e+09 1.06996218e+09
 1.06996219e+09 1.06996219e+09 1.06996220e+09 1.06996220e+09
 1.06996221e+09 1.06996221e+09 1.06996222e+09 1.06996222e+09
 1.06996223e+09 1.06996223e+09 1.06996224e+09 1.06996224e+09
 1.06996225e+09 1.06996225e+09 1.06996226e+09 1.06996227e+09
 1.06996227e+09 1.06996228e+09 1.06996228e+09 1.06996229e+09
 1.06996229e+09 1.06996230e+09 1.06996230e+09 1.06996231e+09
 1.06996231e+09 1.06996232e+09 1.06996232e+09 1.06996233e+09
 1.06996233e+09 1.06996234e+09 1.06996234e+09 1.06996235e+09
 1.06996235e+09 1.06996236e+09 1.06996237e+09 1.06996237e+09
 1.06996238e+09 1.06996238e+09 1.06996239e+09 1.06996239e+09
 1.06996240e+09 1.06996240e+09 1.06996241e+09 1.06996241e+09
 1.06996242e+09 1.06996242e+09 1.06996243e+09 1.06996243e+09
 1.06996244e+09 1.06996244e+09 1.06996245e+09 1.06996246e+09
 1.06996246e+09 1.06996247e+09 1.06996247e+09 1.06996248e+09
 1.06996248e+09 1.06996249e+09 1.06996249e+09 1.06996250e+09
 1.06996250e+09 1.06996251e+09 1.06996251e+09 1.06996252e+09
 1.06996252e+09 1.06996253e+09 1.06996253e+09 1.06996254e+09
 1.06996255e+09 1.06996255e+09 1.06996256e+09 1.06996256e+09
 1.06996257e+09 1.06996257e+09 1.06996258e+09 1.06996258e+09
 1.06996259e+09 1.06996259e+09 1.06996260e+09 1.06996260e+09
 1.06996261e+09 1.06996261e+09 1.06996262e+09 1.06996262e+09
 1.06996263e+09 1.06996263e+09 1.06996264e+09 1.06996265e+09
 1.06996265e+09 1.06996266e+09 1.06996266e+09 1.06996267e+09
 1.06996267e+09 1.06996268e+09 1.06996268e+09 1.06996269e+09
 1.06996269e+09 1.06996270e+09 1.06996270e+09 1.06996271e+09
 1.06996271e+09 1.06996272e+09 1.06996272e+09 1.06996273e+09
 1.06996274e+09 1.06996274e+09 1.06996275e+09 1.06996275e+09
 1.06996276e+09 1.06996276e+09 1.06996277e+09 1.06996277e+09
 1.06996278e+09 1.06996278e+09 1.06996279e+09 1.06996279e+09
 1.06996280e+09 1.06996280e+09 1.06996281e+09 1.06996281e+09
 1.06996282e+09 1.06996283e+09 1.06996283e+09 1.06996284e+09
 1.06996284e+09 1.06996285e+09 1.06996285e+09 1.06996286e+09
 1.06996286e+09 1.06996287e+09 1.06996287e+09 1.06996288e+09
 1.06996288e+09 1.06996289e+09 1.06996289e+09 1.06996290e+09
 1.06996290e+09 1.06996291e+09 1.06996292e+09 1.06996292e+09
 1.06996293e+09 1.06996293e+09 1.06996294e+09 1.06996294e+09
 1.06996295e+09 1.06996295e+09 1.06996296e+09 1.06996296e+09
 1.06996297e+09 1.06996297e+09 1.06996298e+09 1.06996298e+09
 1.06996299e+09 1.06996299e+09 1.06996300e+09 1.06996300e+09
 1.06996301e+09 1.06996302e+09 1.06996302e+09 1.06996303e+09
 1.06996303e+09 1.06996304e+09 1.06996304e+09 1.06996305e+09
 1.06996305e+09 1.06996306e+09 1.06996306e+09 1.06996307e+09
 1.06996307e+09 1.06996308e+09 1.06996308e+09 1.06996309e+09
 1.06996309e+09 1.06996310e+09 1.06996311e+09 1.06996311e+09
 1.06996312e+09 1.06996312e+09 1.06996313e+09 1.06996313e+09
 1.06996314e+09 1.06996314e+09 1.06996315e+09 1.06996315e+09
 1.06996316e+09 1.06996316e+09 1.06996317e+09 1.06996317e+09
 1.06996318e+09 1.06996318e+09 1.06996319e+09 1.06996320e+09
 1.06996320e+09 1.06996321e+09 1.06996321e+09 1.06996322e+09
 1.06996322e+09 1.06996323e+09 1.06996323e+09 1.06996324e+09
 1.06996324e+09 1.06996325e+09 1.06996325e+09 1.06996326e+09
 1.06996326e+09 1.06996327e+09 1.06996327e+09 1.06996328e+09
 1.06996328e+09 1.06996329e+09 1.06996330e+09 1.06996330e+09
 1.06996331e+09 1.06996331e+09 1.06996332e+09 1.06996332e+09
 1.06996333e+09 1.06996333e+09 1.06996334e+09 1.06996334e+09
 1.06996335e+09 1.06996335e+09 1.06996336e+09 1.06996336e+09
 1.06996337e+09 1.06996337e+09 1.06996338e+09 1.06996339e+09
 1.06996339e+09 1.06996340e+09 1.06996340e+09 1.06996341e+09
 1.06996341e+09 1.06996342e+09 1.06996342e+09 1.06996343e+09
 1.06996343e+09 1.06996344e+09 1.06996344e+09 1.06996345e+09
 1.06996345e+09 1.06996346e+09 1.06996346e+09 1.06996347e+09
 1.06996348e+09 1.06996348e+09 1.06996349e+09 1.06996349e+09
 1.06996350e+09 1.06996350e+09 1.06996351e+09 1.06996351e+09
 1.06996352e+09 1.06996352e+09 1.06996353e+09 1.06996353e+09
 1.06996354e+09 1.06996354e+09 1.06996355e+09 1.06996355e+09
 1.06996356e+09 1.06996356e+09 1.06996357e+09 1.06996358e+09
 1.06996358e+09 1.06996359e+09 1.06996359e+09 1.06996360e+09
 1.06996360e+09 1.06996361e+09 1.06996361e+09 1.06996362e+09
 1.06996362e+09 1.06996363e+09 1.06996363e+09 1.06996364e+09
 1.06996364e+09 1.06996365e+09 1.06996365e+09 1.06996366e+09
 1.06996367e+09 1.06996367e+09 1.06996368e+09 1.06996368e+09
 1.06996369e+09 1.06996369e+09 1.06996370e+09 1.06996370e+09
 1.06996371e+09 1.06996371e+09 1.06996372e+09 1.06996372e+09
 1.06996373e+09 1.06996373e+09 1.06996374e+09 1.06996374e+09
 1.06996375e+09 1.06996376e+09 1.06996376e+09 1.06996377e+09
 1.06996377e+09 1.06996378e+09 1.06996378e+09 1.06996379e+09
 1.06996379e+09 1.06996380e+09 1.06996380e+09 1.06996381e+09
 1.06996381e+09 1.06996382e+09 1.06996382e+09 1.06996383e+09
 1.06996383e+09 1.06996384e+09 1.06996384e+09 1.06996385e+09]
