name =JUICE_ROI_GAN_4_2_06
flyby = ['2034 NOV 18 09:58:51', '2034 NOV 19 09:58:51']
Observation TW = <SpiceCell dtype = 1, length = 0, size = 3000, card = 10, is_set = 1, adjust = 0, init = 1, base = 94217966273136, data = 94217966273184>
Res(t) = [0.53133514 0.53133198 0.53132948 0.53132765 0.53132648 0.53132598
 0.53132615 0.53132698 0.53132848 0.53133065 0.53133348 0.53133697
 0.53134114 0.53134596 0.53135146 0.53135762 0.53136444 0.53137193
 0.53138009 0.53138891 0.53139839 0.53140854 0.53141936 0.53143084
 0.53144298 0.53145579 0.53146927 0.53148341 0.53149821 0.53151368
 0.53152981 0.5315466  0.53156406 0.53158218 0.53160097 0.53162042
 0.53164053 0.5316613  0.53168274 0.53170484 0.5317276  0.53175103
 0.53177511 0.53179986 0.53182527 0.53185134 0.53187808 0.53190547
 0.53193353 0.53196224 0.53199162 0.53202166 0.53205235 0.53208371
 0.53211573 0.53214841 0.53218174 0.53221574 0.53225039 0.5322857
 0.53232167 0.5323583  0.53239559 0.53243353 0.53247213 0.53251139
 0.53255131 0.53259188 0.53263311 0.53267499 0.53271754 0.53276073
 0.53280458 0.53284909 0.53289425 0.53294006 0.53298653 0.53303366
 0.53308143 0.53312986 0.53317894 0.53322868 0.53327907 0.53333011
 0.5333818  0.53343414 0.53348713 0.53354077 0.53359507 0.53365001
 0.5337056  0.53376184 0.53381873 0.53387627 0.53393446 0.5339933
 0.53405278 0.53411291 0.53417368 0.53423511 0.53429717 0.53435989
 0.53442325 0.53448725 0.5345519  0.53461719 0.53468312 0.5347497
 0.53481692 0.53488479 0.53495329 0.53502244 0.53509223 0.53516265
 0.53523372 0.53530543 0.53537778 0.53545076 0.53552439 0.53559865
 0.53567355 0.53574909 0.53582526 0.53590207 0.53597952 0.5360576
 0.53613631 0.53621566 0.53629565 0.53637626 0.53645751 0.53653939
 0.53662191 0.53670505 0.53678883 0.53687323 0.53695827 0.53704394
 0.53713023 0.53721715 0.5373047  0.53739288 0.53748168 0.53757111
 0.53766117 0.53775185 0.53784316 0.53793509 0.53802764 0.53812082
 0.53821461 0.53830903 0.53840408 0.53849974 0.53859602 0.53869292
 0.53879044 0.53888858 0.53898734 0.53908671 0.5391867  0.53928731
 0.53938853 0.53949037 0.53959282 0.53969589 0.53979957 0.53990386
 0.54000876 0.54011428 0.5402204  0.54032713 0.54043448 0.54054243
 0.54065099 0.54076016 0.54086994 0.54098032 0.54109131 0.5412029
 0.54131509 0.54142789 0.5415413  0.5416553  0.54176991 0.54188512
 0.54200093 0.54211733 0.54223434 0.54235195 0.54247015 0.54258895
 0.54270834 0.54282834 0.54294892 0.5430701  0.54319188 0.54331424
 0.5434372  0.54356075 0.5436849  0.54380963 0.54393495 0.54406086
 0.54418735 0.54431444 0.54444211 0.54457036 0.5446992  0.54482863
 0.54495864 0.54508923 0.5452204  0.54535215 0.54548449 0.5456174
 0.54575089 0.54588497 0.54601961 0.54615484 0.54629064 0.54642702
 0.54656397 0.54670149 0.54683959 0.54697826 0.5471175  0.54725731
 0.54739769 0.54753864 0.54768016 0.54782224 0.54796489 0.54810811
 0.54825189 0.54839624 0.54854115 0.54868662 0.54883265 0.54897925
 0.5491264  0.54927411 0.54942239 0.54957121 0.5497206  0.54987054
 0.55002104 0.55017209 0.5503237  0.55047585 0.55062856 0.55078182
 0.55093563 0.55108999 0.5512449  0.55140035 0.55155635 0.5517129
 0.55186999 0.55202763 0.5521858  0.55234453 0.55250379 0.55266359
 0.55282393 0.55298482 0.55314624 0.55330819 0.55347068 0.55363371
 0.55379727 0.55396137 0.554126   0.55429116 0.55445685 0.55462307
 0.55478982 0.5549571  0.5551249  0.55529323 0.55546209 0.55563147
 0.55580137 0.5559718  0.55614275 0.55631422 0.55648621 0.55665872
 0.55683174 0.55700529 0.55717935 0.55735392 0.55752901 0.55770461
 0.55788073 0.55805735 0.55823449 0.55841214 0.55859029 0.55876896
 0.55894813 0.5591278  0.55930798 0.55948867 0.55966985 0.55985154
 0.56003373 0.56021642 0.56039961 0.5605833  0.56076749 0.56095217
 0.56113734 0.56132302 0.56150918 0.56169584 0.56188298 0.56207062
 0.56225875 0.56244737 0.56263647 0.56282606 0.56301614 0.5632067
 0.56339774 0.56358927 0.56378128 0.56397376 0.56416673 0.56436018
 0.5645541  0.5647485  0.56494338 0.56513873 0.56533456 0.56553085
 0.56572762 0.56592486 0.56612257 0.56632075 0.56651939 0.56671851
 0.56691808 0.56711813 0.56731863 0.5675196  0.56772103 0.56792292
 0.56812527 0.56832808 0.56853134 0.56873506 0.56893924 0.56914387
 0.56934896 0.56955449 0.56976048 0.56996692 0.57017381 0.57038114
 0.57058893 0.57079715 0.57100583 0.57121495 0.57142451 0.57163451
 0.57184496 0.57205584 0.57226716 0.57247893 0.57269112 0.57290376
 0.57311683 0.57333033 0.57354426 0.57375863 0.57397343 0.57418865
 0.57440431 0.57462039 0.5748369  0.57505383 0.57527119 0.57548897
 0.57570717 0.5759258  0.57614484 0.57636431 0.57658419 0.57680449
 0.5770252  0.57724633 0.57746788 0.57768983 0.5779122  0.57813498
 0.57835816 0.57858176 0.57880576 0.57903017 0.57925499 0.57948021
 0.57970583 0.57993186 0.58015828 0.58038511 0.58061233 0.58083995
 0.58106797 0.58129639 0.5815252  0.5817544  0.581984   0.58221399
 0.58244436 0.58267513 0.58290629 0.58313783 0.58336976 0.58360207
 0.58383477 0.58406785 0.58430132 0.58453516 0.58476938 0.58500399
 0.58523897 0.58547432 0.58571005 0.58594616 0.58618264 0.58641949
 0.58665672 0.58689431 0.58713227 0.58737061 0.5876093  0.58784837
 0.5880878  0.58832759 0.58856775 0.58880826 0.58904914 0.58929038
 0.58953197 0.58977393 0.59001624 0.5902589  0.59050192 0.59074529
 0.59098902 0.59123309 0.59147752 0.59172229 0.59196742 0.59221288
 0.5924587  0.59270486 0.59295136 0.59319821 0.59344539 0.59369292
 0.59394079 0.59418899 0.59443754 0.59468641 0.59493563 0.59518518
 0.59543506 0.59568527 0.59593581 0.59618669 0.59643789 0.59668942
 0.59694127 0.59719346 0.59744596 0.59769879 0.59795195 0.59820542
 0.59845922 0.59871333 0.59896776 0.59922251 0.59947758 0.59973296
 0.59998865 0.60024466 0.60050098 0.60075761 0.60101455 0.6012718
 0.60152935 0.60178722 0.60204539 0.60230386 0.60256264 0.60282172
 0.6030811  0.60334078 0.60360076 0.60386104 0.60412162 0.60438249
 0.60464366 0.60490512 0.60516688 0.60542893 0.60569127 0.6059539
 0.60621682 0.60648002 0.60674352 0.6070073  0.60727136 0.60753571
 0.60780034 0.60806526 0.60833045 0.60859593 0.60886168 0.60912771
 0.60939402 0.6096606  0.60992746 0.61019459 0.610462   0.61072968
 0.61099762 0.61126584 0.61153433 0.61180308 0.6120721  0.61234139
 0.61261094 0.61288075 0.61315083 0.61342117 0.61369177 0.61396263
 0.61423375 0.61450512 0.61477675 0.61504864 0.61532079 0.61559318
 0.61586583 0.61613873 0.61641188 0.61668528 0.61695894 0.61723283
 0.61750698 0.61778137 0.618056   0.61833088 0.61860601 0.61888137
 0.61915698 0.61943282 0.61970891 0.61998523 0.62026179 0.62053858
 0.62081561 0.62109288 0.62137038 0.62164811 0.62192607 0.62220426
 0.62248268 0.62276133 0.62304021 0.62331931 0.62359864 0.62387819
 0.62415797 0.62443797 0.62471819 0.62499864 0.6252793  0.62556018
 0.62584128 0.6261226  0.62640413 0.62668588 0.62696784 0.62725002
 0.62753241 0.62781501 0.62809782 0.62838084 0.62866407 0.6289475
 0.62923115 0.62951499 0.62979905 0.63008331 0.63036777 0.63065243
 0.6309373  0.63122237 0.63150763 0.6317931  0.63207876 0.63236462
 0.63265067 0.63293692 0.63322337 0.63351    0.63379683 0.63408386
 0.63437107 0.63465847 0.63494606 0.63523384 0.63552181 0.63580996
 0.6360983  0.63638682 0.63667552 0.63696441 0.63725348 0.63754273
 0.63783217 0.63812178 0.63841157 0.63870153 0.63899168 0.63928199
 0.63957249 0.63986316 0.640154   0.64044501 0.6407362  0.64102756
 0.64131908 0.64161078 0.64190264 0.64219467 0.64248687 0.64277923
 0.64307176 0.64336445 0.64365731 0.64395033 0.64424351 0.64453685
 0.64483035 0.64512401 0.64541782 0.6457118  0.64600593 0.64630022
 0.64659466 0.64688926 0.64718401 0.64747891 0.64777397 0.64806917
 0.64836453 0.64866004 0.64895569 0.64925149 0.64954744 0.64984354
 0.65013978 0.65043617 0.6507327  0.65102937 0.65132619 0.65162315
 0.65192024 0.65221748 0.65251486 0.65281238 0.65311003 0.65340782
 0.65370575 0.65400382 0.65430202 0.65460035 0.65489881 0.65519741
 0.65549614 0.65579501 0.656094   0.65639312 0.65669237 0.65699175
 0.65729126 0.65759089 0.65789065 0.65819053 0.65849054 0.65879067
 0.65909093 0.65939131 0.65969181 0.65999243 0.66029317 0.66059403
 0.66089501 0.66119611 0.66149732 0.66179866 0.6621001  0.66240167
 0.66270335 0.66300514 0.66330704 0.66360906 0.66391119 0.66421343
 0.66451579 0.66481825 0.66512082 0.6654235  0.66572629 0.66602918
 0.66633218 0.66663529 0.6669385  0.66724182 0.66754524 0.66784877
 0.6681524  0.66845613 0.66875996 0.66906389 0.66936792 0.66967205
 0.66997628 0.67028061 0.67058504 0.67088956 0.67119418 0.67149889
 0.6718037  0.67210861 0.6724136  0.6727187  0.67302388 0.67332916
 0.67363452 0.67393998 0.67424553 0.67455117 0.67485689 0.67516271
 0.67546861 0.6757746  0.67608068 0.67638684 0.67669309 0.67699942
 0.67730584 0.67761234 0.67791893 0.67822559 0.67853234 0.67883917
 0.67914608 0.67945308 0.67976015 0.6800673  0.68037453 0.68068183
 0.68098922 0.68129668 0.68160422 0.68191183 0.68221952 0.68252728
 0.68283512 0.68314303 0.68345102 0.68375908 0.68406721 0.68437541
 0.68468368 0.68499202 0.68530044 0.68560892 0.68591747 0.68622609
 0.68653478 0.68684354 0.68715236 0.68746125 0.6877702  0.68807922
 0.68838831 0.68869746 0.68900668 0.68931595 0.68962529 0.6899347
 0.69024416 0.69055369 0.69086328 0.69117293 0.69148264 0.69179241
 0.69210223 0.69241212 0.69272207 0.69303207 0.69334213 0.69365225
 0.69396242 0.69427265 0.69458294 0.69489328 0.69520367 0.69551412
 0.69582463 0.69613518 0.69644579 0.69675646 0.69706717 0.69737794
 0.69768876 0.69799963 0.69831054 0.69862151 0.69893253 0.6992436
 0.69955472 0.69986588 0.70017709 0.70048836 0.70079966 0.70111102
 0.70142242 0.70173387 0.70204536 0.7023569  0.70266848 0.70298011
 0.70329178 0.70360349 0.70391525 0.70422705 0.70453889 0.70485078
 0.70516271 0.70547468 0.70578669 0.70609874 0.70641083 0.70672296
 0.70703513 0.70734734 0.70765959 0.70797188 0.7082842  0.70859657
 0.70890897 0.70922141 0.70953388 0.70984639 0.71015894 0.71047153
 0.71078415 0.7110968  0.71140949 0.71172222 0.71203498 0.71234777
 0.7126606  0.71297346 0.71328635 0.71359928 0.71391223 0.71422523
 0.71453825 0.7148513  0.71516439 0.7154775  0.71579065 0.71610383
 0.71641704 0.71673027 0.71704354 0.71735684 0.71767016 0.71798352
 0.7182969  0.71861031 0.71892375 0.71923722 0.71955071 0.71986423
 0.72017778 0.72049135 0.72080496 0.72111858 0.72143224 0.72174591
 0.72205962 0.72237335 0.7226871  0.72300088 0.72331468 0.72362851
 0.72394236 0.72425624 0.72457014 0.72488406 0.725198   0.72551197
 0.72582596 0.72613998 0.72645401 0.72676807 0.72708215 0.72739625
 0.72771037 0.72802451 0.72833868 0.72865286 0.72896707 0.72928129
 0.72959554 0.72990981 0.73022409 0.7305384  0.73085272 0.73116707
 0.73148143 0.73179581 0.73211022 0.73242464 0.73273907 0.73305353
 0.73336801 0.7336825  0.73399701 0.73431154 0.73462608 0.73494064
 0.73525522 0.73556982 0.73588443 0.73619906 0.73651371 0.73682837
 0.73714305 0.73745775 0.73777246 0.73808719 0.73840193 0.73871669
 0.73903146 0.73934625 0.73966106 0.73997588 0.74029071 0.74060556
 0.74092042 0.7412353  0.7415502  0.7418651  0.74218003 0.74249496
 0.74280991 0.74312488 0.74343986 0.74375485 0.74406985 0.74438487
 0.74469991 0.74501495 0.74533001 0.74564509 0.74596017 0.74627527
 0.74659038 0.74690551 0.74722065 0.7475358  0.74785096 0.74816614
 0.74848133 0.74879653 0.74911174 0.74942697 0.74974221 0.75005746
 0.75037272 0.750688   0.75100328 0.75131858 0.75163389 0.75194922
 0.75226455 0.7525799  0.75289526 0.75321063]
t = [1.10076765e+09 1.10076770e+09 1.10076775e+09 1.10076779e+09
 1.10076784e+09 1.10076789e+09 1.10076794e+09 1.10076798e+09
 1.10076803e+09 1.10076808e+09 1.10076813e+09 1.10076817e+09
 1.10076822e+09 1.10076827e+09 1.10076832e+09 1.10076836e+09
 1.10076841e+09 1.10076846e+09 1.10076851e+09 1.10076855e+09
 1.10076860e+09 1.10076865e+09 1.10076870e+09 1.10076874e+09
 1.10076879e+09 1.10076884e+09 1.10076889e+09 1.10076894e+09
 1.10076898e+09 1.10076903e+09 1.10076908e+09 1.10076913e+09
 1.10076917e+09 1.10076922e+09 1.10076927e+09 1.10076932e+09
 1.10076936e+09 1.10076941e+09 1.10076946e+09 1.10076951e+09
 1.10076955e+09 1.10076960e+09 1.10076965e+09 1.10076970e+09
 1.10076974e+09 1.10076979e+09 1.10076984e+09 1.10076989e+09
 1.10076993e+09 1.10076998e+09 1.10077003e+09 1.10077008e+09
 1.10077013e+09 1.10077017e+09 1.10077022e+09 1.10077027e+09
 1.10077032e+09 1.10077036e+09 1.10077041e+09 1.10077046e+09
 1.10077051e+09 1.10077055e+09 1.10077060e+09 1.10077065e+09
 1.10077070e+09 1.10077074e+09 1.10077079e+09 1.10077084e+09
 1.10077089e+09 1.10077093e+09 1.10077098e+09 1.10077103e+09
 1.10077108e+09 1.10077112e+09 1.10077117e+09 1.10077122e+09
 1.10077127e+09 1.10077132e+09 1.10077136e+09 1.10077141e+09
 1.10077146e+09 1.10077151e+09 1.10077155e+09 1.10077160e+09
 1.10077165e+09 1.10077170e+09 1.10077174e+09 1.10077179e+09
 1.10077184e+09 1.10077189e+09 1.10077193e+09 1.10077198e+09
 1.10077203e+09 1.10077208e+09 1.10077212e+09 1.10077217e+09
 1.10077222e+09 1.10077227e+09 1.10077231e+09 1.10077236e+09
 1.10077241e+09 1.10077246e+09 1.10077251e+09 1.10077255e+09
 1.10077260e+09 1.10077265e+09 1.10077270e+09 1.10077274e+09
 1.10077279e+09 1.10077284e+09 1.10077289e+09 1.10077293e+09
 1.10077298e+09 1.10077303e+09 1.10077308e+09 1.10077312e+09
 1.10077317e+09 1.10077322e+09 1.10077327e+09 1.10077331e+09
 1.10077336e+09 1.10077341e+09 1.10077346e+09 1.10077350e+09
 1.10077355e+09 1.10077360e+09 1.10077365e+09 1.10077370e+09
 1.10077374e+09 1.10077379e+09 1.10077384e+09 1.10077389e+09
 1.10077393e+09 1.10077398e+09 1.10077403e+09 1.10077408e+09
 1.10077412e+09 1.10077417e+09 1.10077422e+09 1.10077427e+09
 1.10077431e+09 1.10077436e+09 1.10077441e+09 1.10077446e+09
 1.10077450e+09 1.10077455e+09 1.10077460e+09 1.10077465e+09
 1.10077469e+09 1.10077474e+09 1.10077479e+09 1.10077484e+09
 1.10077489e+09 1.10077493e+09 1.10077498e+09 1.10077503e+09
 1.10077508e+09 1.10077512e+09 1.10077517e+09 1.10077522e+09
 1.10077527e+09 1.10077531e+09 1.10077536e+09 1.10077541e+09
 1.10077546e+09 1.10077550e+09 1.10077555e+09 1.10077560e+09
 1.10077565e+09 1.10077569e+09 1.10077574e+09 1.10077579e+09
 1.10077584e+09 1.10077588e+09 1.10077593e+09 1.10077598e+09
 1.10077603e+09 1.10077607e+09 1.10077612e+09 1.10077617e+09
 1.10077622e+09 1.10077627e+09 1.10077631e+09 1.10077636e+09
 1.10077641e+09 1.10077646e+09 1.10077650e+09 1.10077655e+09
 1.10077660e+09 1.10077665e+09 1.10077669e+09 1.10077674e+09
 1.10077679e+09 1.10077684e+09 1.10077688e+09 1.10077693e+09
 1.10077698e+09 1.10077703e+09 1.10077707e+09 1.10077712e+09
 1.10077717e+09 1.10077722e+09 1.10077726e+09 1.10077731e+09
 1.10077736e+09 1.10077741e+09 1.10077746e+09 1.10077750e+09
 1.10077755e+09 1.10077760e+09 1.10077765e+09 1.10077769e+09
 1.10077774e+09 1.10077779e+09 1.10077784e+09 1.10077788e+09
 1.10077793e+09 1.10077798e+09 1.10077803e+09 1.10077807e+09
 1.10077812e+09 1.10077817e+09 1.10077822e+09 1.10077826e+09
 1.10077831e+09 1.10077836e+09 1.10077841e+09 1.10077845e+09
 1.10077850e+09 1.10077855e+09 1.10077860e+09 1.10077865e+09
 1.10077869e+09 1.10077874e+09 1.10077879e+09 1.10077884e+09
 1.10077888e+09 1.10077893e+09 1.10077898e+09 1.10077903e+09
 1.10077907e+09 1.10077912e+09 1.10077917e+09 1.10077922e+09
 1.10077926e+09 1.10077931e+09 1.10077936e+09 1.10077941e+09
 1.10077945e+09 1.10077950e+09 1.10077955e+09 1.10077960e+09
 1.10077964e+09 1.10077969e+09 1.10077974e+09 1.10077979e+09
 1.10077984e+09 1.10077988e+09 1.10077993e+09 1.10077998e+09
 1.10078003e+09 1.10078007e+09 1.10078012e+09 1.10078017e+09
 1.10078022e+09 1.10078026e+09 1.10078031e+09 1.10078036e+09
 1.10078041e+09 1.10078045e+09 1.10078050e+09 1.10078055e+09
 1.10078060e+09 1.10078064e+09 1.10078069e+09 1.10078074e+09
 1.10078079e+09 1.10078083e+09 1.10078088e+09 1.10078093e+09
 1.10078098e+09 1.10078103e+09 1.10078107e+09 1.10078112e+09
 1.10078117e+09 1.10078122e+09 1.10078126e+09 1.10078131e+09
 1.10078136e+09 1.10078141e+09 1.10078145e+09 1.10078150e+09
 1.10078155e+09 1.10078160e+09 1.10078164e+09 1.10078169e+09
 1.10078174e+09 1.10078179e+09 1.10078183e+09 1.10078188e+09
 1.10078193e+09 1.10078198e+09 1.10078202e+09 1.10078207e+09
 1.10078212e+09 1.10078217e+09 1.10078222e+09 1.10078226e+09
 1.10078231e+09 1.10078236e+09 1.10078241e+09 1.10078245e+09
 1.10078250e+09 1.10078255e+09 1.10078260e+09 1.10078264e+09
 1.10078269e+09 1.10078274e+09 1.10078279e+09 1.10078283e+09
 1.10078288e+09 1.10078293e+09 1.10078298e+09 1.10078302e+09
 1.10078307e+09 1.10078312e+09 1.10078317e+09 1.10078321e+09
 1.10078326e+09 1.10078331e+09 1.10078336e+09 1.10078340e+09
 1.10078345e+09 1.10078350e+09 1.10078355e+09 1.10078360e+09
 1.10078364e+09 1.10078369e+09 1.10078374e+09 1.10078379e+09
 1.10078383e+09 1.10078388e+09 1.10078393e+09 1.10078398e+09
 1.10078402e+09 1.10078407e+09 1.10078412e+09 1.10078417e+09
 1.10078421e+09 1.10078426e+09 1.10078431e+09 1.10078436e+09
 1.10078440e+09 1.10078445e+09 1.10078450e+09 1.10078455e+09
 1.10078459e+09 1.10078464e+09 1.10078469e+09 1.10078474e+09
 1.10078479e+09 1.10078483e+09 1.10078488e+09 1.10078493e+09
 1.10078498e+09 1.10078502e+09 1.10078507e+09 1.10078512e+09
 1.10078517e+09 1.10078521e+09 1.10078526e+09 1.10078531e+09
 1.10078536e+09 1.10078540e+09 1.10078545e+09 1.10078550e+09
 1.10078555e+09 1.10078559e+09 1.10078564e+09 1.10078569e+09
 1.10078574e+09 1.10078578e+09 1.10078583e+09 1.10078588e+09
 1.10078593e+09 1.10078598e+09 1.10078602e+09 1.10078607e+09
 1.10078612e+09 1.10078617e+09 1.10078621e+09 1.10078626e+09
 1.10078631e+09 1.10078636e+09 1.10078640e+09 1.10078645e+09
 1.10078650e+09 1.10078655e+09 1.10078659e+09 1.10078664e+09
 1.10078669e+09 1.10078674e+09 1.10078678e+09 1.10078683e+09
 1.10078688e+09 1.10078693e+09 1.10078697e+09 1.10078702e+09
 1.10078707e+09 1.10078712e+09 1.10078717e+09 1.10078721e+09
 1.10078726e+09 1.10078731e+09 1.10078736e+09 1.10078740e+09
 1.10078745e+09 1.10078750e+09 1.10078755e+09 1.10078759e+09
 1.10078764e+09 1.10078769e+09 1.10078774e+09 1.10078778e+09
 1.10078783e+09 1.10078788e+09 1.10078793e+09 1.10078797e+09
 1.10078802e+09 1.10078807e+09 1.10078812e+09 1.10078816e+09
 1.10078821e+09 1.10078826e+09 1.10078831e+09 1.10078836e+09
 1.10078840e+09 1.10078845e+09 1.10078850e+09 1.10078855e+09
 1.10078859e+09 1.10078864e+09 1.10078869e+09 1.10078874e+09
 1.10078878e+09 1.10078883e+09 1.10078888e+09 1.10078893e+09
 1.10078897e+09 1.10078902e+09 1.10078907e+09 1.10078912e+09
 1.10078916e+09 1.10078921e+09 1.10078926e+09 1.10078931e+09
 1.10078935e+09 1.10078940e+09 1.10078945e+09 1.10078950e+09
 1.10078955e+09 1.10078959e+09 1.10078964e+09 1.10078969e+09
 1.10078974e+09 1.10078978e+09 1.10078983e+09 1.10078988e+09
 1.10078993e+09 1.10078997e+09 1.10079002e+09 1.10079007e+09
 1.10079012e+09 1.10079016e+09 1.10079021e+09 1.10079026e+09
 1.10079031e+09 1.10079035e+09 1.10079040e+09 1.10079045e+09
 1.10079050e+09 1.10079054e+09 1.10079059e+09 1.10079064e+09
 1.10079069e+09 1.10079074e+09 1.10079078e+09 1.10079083e+09
 1.10079088e+09 1.10079093e+09 1.10079097e+09 1.10079102e+09
 1.10079107e+09 1.10079112e+09 1.10079116e+09 1.10079121e+09
 1.10079126e+09 1.10079131e+09 1.10079135e+09 1.10079140e+09
 1.10079145e+09 1.10079150e+09 1.10079154e+09 1.10079159e+09
 1.10079164e+09 1.10079169e+09 1.10079173e+09 1.10079178e+09
 1.10079183e+09 1.10079188e+09 1.10079192e+09 1.10079197e+09
 1.10079202e+09 1.10079207e+09 1.10079212e+09 1.10079216e+09
 1.10079221e+09 1.10079226e+09 1.10079231e+09 1.10079235e+09
 1.10079240e+09 1.10079245e+09 1.10079250e+09 1.10079254e+09
 1.10079259e+09 1.10079264e+09 1.10079269e+09 1.10079273e+09
 1.10079278e+09 1.10079283e+09 1.10079288e+09 1.10079292e+09
 1.10079297e+09 1.10079302e+09 1.10079307e+09 1.10079311e+09
 1.10079316e+09 1.10079321e+09 1.10079326e+09 1.10079331e+09
 1.10079335e+09 1.10079340e+09 1.10079345e+09 1.10079350e+09
 1.10079354e+09 1.10079359e+09 1.10079364e+09 1.10079369e+09
 1.10079373e+09 1.10079378e+09 1.10079383e+09 1.10079388e+09
 1.10079392e+09 1.10079397e+09 1.10079402e+09 1.10079407e+09
 1.10079411e+09 1.10079416e+09 1.10079421e+09 1.10079426e+09
 1.10079430e+09 1.10079435e+09 1.10079440e+09 1.10079445e+09
 1.10079450e+09 1.10079454e+09 1.10079459e+09 1.10079464e+09
 1.10079469e+09 1.10079473e+09 1.10079478e+09 1.10079483e+09
 1.10079488e+09 1.10079492e+09 1.10079497e+09 1.10079502e+09
 1.10079507e+09 1.10079511e+09 1.10079516e+09 1.10079521e+09
 1.10079526e+09 1.10079530e+09 1.10079535e+09 1.10079540e+09
 1.10079545e+09 1.10079549e+09 1.10079554e+09 1.10079559e+09
 1.10079564e+09 1.10079569e+09 1.10079573e+09 1.10079578e+09
 1.10079583e+09 1.10079588e+09 1.10079592e+09 1.10079597e+09
 1.10079602e+09 1.10079607e+09 1.10079611e+09 1.10079616e+09
 1.10079621e+09 1.10079626e+09 1.10079630e+09 1.10079635e+09
 1.10079640e+09 1.10079645e+09 1.10079649e+09 1.10079654e+09
 1.10079659e+09 1.10079664e+09 1.10079668e+09 1.10079673e+09
 1.10079678e+09 1.10079683e+09 1.10079688e+09 1.10079692e+09
 1.10079697e+09 1.10079702e+09 1.10079707e+09 1.10079711e+09
 1.10079716e+09 1.10079721e+09 1.10079726e+09 1.10079730e+09
 1.10079735e+09 1.10079740e+09 1.10079745e+09 1.10079749e+09
 1.10079754e+09 1.10079759e+09 1.10079764e+09 1.10079768e+09
 1.10079773e+09 1.10079778e+09 1.10079783e+09 1.10079787e+09
 1.10079792e+09 1.10079797e+09 1.10079802e+09 1.10079807e+09
 1.10079811e+09 1.10079816e+09 1.10079821e+09 1.10079826e+09
 1.10079830e+09 1.10079835e+09 1.10079840e+09 1.10079845e+09
 1.10079849e+09 1.10079854e+09 1.10079859e+09 1.10079864e+09
 1.10079868e+09 1.10079873e+09 1.10079878e+09 1.10079883e+09
 1.10079887e+09 1.10079892e+09 1.10079897e+09 1.10079902e+09
 1.10079906e+09 1.10079911e+09 1.10079916e+09 1.10079921e+09
 1.10079925e+09 1.10079930e+09 1.10079935e+09 1.10079940e+09
 1.10079945e+09 1.10079949e+09 1.10079954e+09 1.10079959e+09
 1.10079964e+09 1.10079968e+09 1.10079973e+09 1.10079978e+09
 1.10079983e+09 1.10079987e+09 1.10079992e+09 1.10079997e+09
 1.10080002e+09 1.10080006e+09 1.10080011e+09 1.10080016e+09
 1.10080021e+09 1.10080025e+09 1.10080030e+09 1.10080035e+09
 1.10080040e+09 1.10080044e+09 1.10080049e+09 1.10080054e+09
 1.10080059e+09 1.10080064e+09 1.10080068e+09 1.10080073e+09
 1.10080078e+09 1.10080083e+09 1.10080087e+09 1.10080092e+09
 1.10080097e+09 1.10080102e+09 1.10080106e+09 1.10080111e+09
 1.10080116e+09 1.10080121e+09 1.10080125e+09 1.10080130e+09
 1.10080135e+09 1.10080140e+09 1.10080144e+09 1.10080149e+09
 1.10080154e+09 1.10080159e+09 1.10080163e+09 1.10080168e+09
 1.10080173e+09 1.10080178e+09 1.10080183e+09 1.10080187e+09
 1.10080192e+09 1.10080197e+09 1.10080202e+09 1.10080206e+09
 1.10080211e+09 1.10080216e+09 1.10080221e+09 1.10080225e+09
 1.10080230e+09 1.10080235e+09 1.10080240e+09 1.10080244e+09
 1.10080249e+09 1.10080254e+09 1.10080259e+09 1.10080263e+09
 1.10080268e+09 1.10080273e+09 1.10080278e+09 1.10080282e+09
 1.10080287e+09 1.10080292e+09 1.10080297e+09 1.10080302e+09
 1.10080306e+09 1.10080311e+09 1.10080316e+09 1.10080321e+09
 1.10080325e+09 1.10080330e+09 1.10080335e+09 1.10080340e+09
 1.10080344e+09 1.10080349e+09 1.10080354e+09 1.10080359e+09
 1.10080363e+09 1.10080368e+09 1.10080373e+09 1.10080378e+09
 1.10080382e+09 1.10080387e+09 1.10080392e+09 1.10080397e+09
 1.10080401e+09 1.10080406e+09 1.10080411e+09 1.10080416e+09
 1.10080421e+09 1.10080425e+09 1.10080430e+09 1.10080435e+09
 1.10080440e+09 1.10080444e+09 1.10080449e+09 1.10080454e+09
 1.10080459e+09 1.10080463e+09 1.10080468e+09 1.10080473e+09
 1.10080478e+09 1.10080482e+09 1.10080487e+09 1.10080492e+09
 1.10080497e+09 1.10080501e+09 1.10080506e+09 1.10080511e+09
 1.10080516e+09 1.10080520e+09 1.10080525e+09 1.10080530e+09
 1.10080535e+09 1.10080540e+09 1.10080544e+09 1.10080549e+09
 1.10080554e+09 1.10080559e+09 1.10080563e+09 1.10080568e+09
 1.10080573e+09 1.10080578e+09 1.10080582e+09 1.10080587e+09
 1.10080592e+09 1.10080597e+09 1.10080601e+09 1.10080606e+09
 1.10080611e+09 1.10080616e+09 1.10080620e+09 1.10080625e+09
 1.10080630e+09 1.10080635e+09 1.10080639e+09 1.10080644e+09
 1.10080649e+09 1.10080654e+09 1.10080659e+09 1.10080663e+09
 1.10080668e+09 1.10080673e+09 1.10080678e+09 1.10080682e+09
 1.10080687e+09 1.10080692e+09 1.10080697e+09 1.10080701e+09
 1.10080706e+09 1.10080711e+09 1.10080716e+09 1.10080720e+09
 1.10080725e+09 1.10080730e+09 1.10080735e+09 1.10080739e+09
 1.10080744e+09 1.10080749e+09 1.10080754e+09 1.10080758e+09
 1.10080763e+09 1.10080768e+09 1.10080773e+09 1.10080777e+09
 1.10080782e+09 1.10080787e+09 1.10080792e+09 1.10080797e+09
 1.10080801e+09 1.10080806e+09 1.10080811e+09 1.10080816e+09
 1.10080820e+09 1.10080825e+09 1.10080830e+09 1.10080835e+09
 1.10080839e+09 1.10080844e+09 1.10080849e+09 1.10080854e+09
 1.10080858e+09 1.10080863e+09 1.10080868e+09 1.10080873e+09
 1.10080877e+09 1.10080882e+09 1.10080887e+09 1.10080892e+09
 1.10080896e+09 1.10080901e+09 1.10080906e+09 1.10080911e+09
 1.10080916e+09 1.10080920e+09 1.10080925e+09 1.10080930e+09
 1.10080935e+09 1.10080939e+09 1.10080944e+09 1.10080949e+09
 1.10080954e+09 1.10080958e+09 1.10080963e+09 1.10080968e+09
 1.10080973e+09 1.10080977e+09 1.10080982e+09 1.10080987e+09
 1.10080992e+09 1.10080996e+09 1.10081001e+09 1.10081006e+09
 1.10081011e+09 1.10081015e+09 1.10081020e+09 1.10081025e+09
 1.10081030e+09 1.10081035e+09 1.10081039e+09 1.10081044e+09
 1.10081049e+09 1.10081054e+09 1.10081058e+09 1.10081063e+09
 1.10081068e+09 1.10081073e+09 1.10081077e+09 1.10081082e+09
 1.10081087e+09 1.10081092e+09 1.10081096e+09 1.10081101e+09
 1.10081106e+09 1.10081111e+09 1.10081115e+09 1.10081120e+09
 1.10081125e+09 1.10081130e+09 1.10081134e+09 1.10081139e+09
 1.10081144e+09 1.10081149e+09 1.10081154e+09 1.10081158e+09
 1.10081163e+09 1.10081168e+09 1.10081173e+09 1.10081177e+09
 1.10081182e+09 1.10081187e+09 1.10081192e+09 1.10081196e+09
 1.10081201e+09 1.10081206e+09 1.10081211e+09 1.10081215e+09
 1.10081220e+09 1.10081225e+09 1.10081230e+09 1.10081234e+09
 1.10081239e+09 1.10081244e+09 1.10081249e+09 1.10081253e+09
 1.10081258e+09 1.10081263e+09 1.10081268e+09 1.10081273e+09
 1.10081277e+09 1.10081282e+09 1.10081287e+09 1.10081292e+09
 1.10081296e+09 1.10081301e+09 1.10081306e+09 1.10081311e+09
 1.10081315e+09 1.10081320e+09 1.10081325e+09 1.10081330e+09
 1.10081334e+09 1.10081339e+09 1.10081344e+09 1.10081349e+09
 1.10081353e+09 1.10081358e+09 1.10081363e+09 1.10081368e+09
 1.10081372e+09 1.10081377e+09 1.10081382e+09 1.10081387e+09
 1.10081392e+09 1.10081396e+09 1.10081401e+09 1.10081406e+09
 1.10081411e+09 1.10081415e+09 1.10081420e+09 1.10081425e+09
 1.10081430e+09 1.10081434e+09 1.10081439e+09 1.10081444e+09
 1.10081449e+09 1.10081453e+09 1.10081458e+09 1.10081463e+09
 1.10081468e+09 1.10081472e+09 1.10081477e+09 1.10081482e+09
 1.10081487e+09 1.10081491e+09 1.10081496e+09 1.10081501e+09
 1.10081506e+09 1.10081510e+09 1.10081515e+09 1.10081520e+09]
minRes = 0.531325984168411
minResTime = [1.10076789e+09]
Cov(t) = [100 100 100 100 100 100 100 100 100 100 100 100 100 100 100 100 100 100
 100 100 100 100 100 100 100 100 100 100 100 100 100 100 100 100 100 100
 100 100 100 100 100 100 100 100 100 100 100 100 100 100 100 100 100 100
 100 100 100 100 100 100 100 100 100 100 100 100 100 100 100 100 100 100
 100 100 100 100 100 100 100 100 100 100 100 100 100 100 100 100 100 100
 100 100 100 100 100 100 100 100 100 100 100 100 100 100 100 100 100 100
 100 100 100 100 100 100 100 100 100 100 100 100 100 100 100 100 100 100
 100 100 100 100 100 100 100 100 100 100 100 100 100 100 100 100 100 100
 100 100 100 100 100 100 100 100 100 100 100 100 100 100 100 100 100 100
 100 100 100 100 100 100 100 100 100 100 100 100 100 100 100 100 100 100
 100 100 100 100 100 100 100 100 100 100 100 100 100 100 100 100 100 100
 100 100 100 100 100 100 100 100 100 100 100 100 100 100 100 100 100 100
 100 100 100 100 100 100 100 100 100 100 100 100 100 100 100 100 100 100
 100 100 100 100 100 100 100 100 100 100 100 100 100 100 100 100 100 100
 100 100 100 100 100 100 100 100 100 100 100 100 100 100 100 100 100 100
 100 100 100 100 100 100 100 100 100 100 100 100 100 100 100 100 100 100
 100 100 100 100 100 100 100 100 100 100 100 100 100 100 100 100 100 100
 100 100 100 100 100 100 100 100 100 100 100 100 100 100 100 100 100 100
 100 100 100 100 100 100 100 100 100 100 100 100 100 100 100 100 100 100
 100 100 100 100 100 100 100 100 100 100 100 100 100 100 100 100 100 100
 100 100 100 100 100 100 100 100 100 100 100 100 100 100 100 100 100 100
 100 100 100 100 100 100 100 100 100 100 100 100 100 100 100 100 100 100
 100 100 100 100 100 100 100 100 100 100 100 100 100 100 100 100 100 100
 100 100 100 100 100 100 100 100 100 100 100 100 100 100 100 100 100 100
 100 100 100 100 100 100 100 100 100 100 100 100 100 100 100 100 100 100
 100 100 100 100 100 100 100 100 100 100 100 100 100 100 100 100 100 100
 100 100 100 100 100 100 100 100 100 100 100 100 100 100 100 100 100 100
 100 100 100 100 100 100 100 100 100 100 100 100 100 100 100 100 100 100
 100 100 100 100 100 100 100 100 100 100 100 100 100 100 100 100 100 100
 100 100 100 100 100 100 100 100 100 100 100 100 100 100 100 100 100 100
 100 100 100 100 100 100 100 100 100 100 100 100 100 100 100 100 100 100
 100 100 100 100 100 100 100 100 100 100 100 100 100 100 100 100 100 100
 100 100 100 100 100 100 100 100 100 100 100 100 100 100 100 100 100 100
 100 100 100 100 100 100 100 100 100 100 100 100 100 100 100 100 100 100
 100 100 100 100 100 100 100 100 100 100 100 100 100 100 100 100 100 100
 100 100 100 100 100 100 100 100 100 100 100 100 100 100 100 100 100 100
 100 100 100 100 100 100 100 100 100 100 100 100 100 100 100 100 100 100
 100 100 100 100 100 100 100 100 100 100 100 100 100 100 100 100 100 100
 100 100 100 100 100 100 100 100 100 100 100 100 100 100 100 100 100 100
 100 100 100 100 100 100 100 100 100 100 100 100 100 100 100 100 100 100
 100 100 100 100 100 100 100 100 100 100 100 100 100 100 100 100 100 100
 100 100 100 100 100 100 100 100 100 100 100 100 100 100 100 100 100 100
 100 100 100 100 100 100 100 100 100 100 100 100 100 100 100 100 100 100
 100 100 100 100 100 100 100 100 100 100 100 100 100 100 100 100 100 100
 100 100 100 100 100 100 100 100 100 100 100 100 100 100 100 100 100 100
 100 100 100 100 100 100 100 100 100 100 100 100 100 100 100 100 100 100
 100 100 100 100 100 100 100 100 100 100 100 100 100 100 100 100 100 100
 100 100 100 100 100 100 100 100 100 100 100 100 100 100 100 100 100 100
 100 100 100 100 100 100 100 100 100 100 100 100 100 100 100 100 100 100
 100 100 100 100 100 100 100 100 100 100 100 100 100 100 100 100 100 100
 100 100 100 100 100 100 100 100 100 100 100 100 100 100 100 100 100 100
 100 100 100 100 100 100 100 100 100 100 100 100 100 100 100 100 100 100
 100 100 100 100 100 100 100 100 100 100 100 100 100 100 100 100 100 100
 100 100 100 100 100 100 100 100 100 100 100 100 100 100 100 100 100 100
 100 100 100 100 100 100 100 100 100 100 100 100 100 100 100 100 100 100
 100 100 100 100 100 100 100 100 100 100]
maxCov = 100
maxCovTime = [1.10076765e+09 1.10076770e+09 1.10076775e+09 1.10076779e+09
 1.10076784e+09 1.10076789e+09 1.10076794e+09 1.10076798e+09
 1.10076803e+09 1.10076808e+09 1.10076813e+09 1.10076817e+09
 1.10076822e+09 1.10076827e+09 1.10076832e+09 1.10076836e+09
 1.10076841e+09 1.10076846e+09 1.10076851e+09 1.10076855e+09
 1.10076860e+09 1.10076865e+09 1.10076870e+09 1.10076874e+09
 1.10076879e+09 1.10076884e+09 1.10076889e+09 1.10076894e+09
 1.10076898e+09 1.10076903e+09 1.10076908e+09 1.10076913e+09
 1.10076917e+09 1.10076922e+09 1.10076927e+09 1.10076932e+09
 1.10076936e+09 1.10076941e+09 1.10076946e+09 1.10076951e+09
 1.10076955e+09 1.10076960e+09 1.10076965e+09 1.10076970e+09
 1.10076974e+09 1.10076979e+09 1.10076984e+09 1.10076989e+09
 1.10076993e+09 1.10076998e+09 1.10077003e+09 1.10077008e+09
 1.10077013e+09 1.10077017e+09 1.10077022e+09 1.10077027e+09
 1.10077032e+09 1.10077036e+09 1.10077041e+09 1.10077046e+09
 1.10077051e+09 1.10077055e+09 1.10077060e+09 1.10077065e+09
 1.10077070e+09 1.10077074e+09 1.10077079e+09 1.10077084e+09
 1.10077089e+09 1.10077093e+09 1.10077098e+09 1.10077103e+09
 1.10077108e+09 1.10077112e+09 1.10077117e+09 1.10077122e+09
 1.10077127e+09 1.10077132e+09 1.10077136e+09 1.10077141e+09
 1.10077146e+09 1.10077151e+09 1.10077155e+09 1.10077160e+09
 1.10077165e+09 1.10077170e+09 1.10077174e+09 1.10077179e+09
 1.10077184e+09 1.10077189e+09 1.10077193e+09 1.10077198e+09
 1.10077203e+09 1.10077208e+09 1.10077212e+09 1.10077217e+09
 1.10077222e+09 1.10077227e+09 1.10077231e+09 1.10077236e+09
 1.10077241e+09 1.10077246e+09 1.10077251e+09 1.10077255e+09
 1.10077260e+09 1.10077265e+09 1.10077270e+09 1.10077274e+09
 1.10077279e+09 1.10077284e+09 1.10077289e+09 1.10077293e+09
 1.10077298e+09 1.10077303e+09 1.10077308e+09 1.10077312e+09
 1.10077317e+09 1.10077322e+09 1.10077327e+09 1.10077331e+09
 1.10077336e+09 1.10077341e+09 1.10077346e+09 1.10077350e+09
 1.10077355e+09 1.10077360e+09 1.10077365e+09 1.10077370e+09
 1.10077374e+09 1.10077379e+09 1.10077384e+09 1.10077389e+09
 1.10077393e+09 1.10077398e+09 1.10077403e+09 1.10077408e+09
 1.10077412e+09 1.10077417e+09 1.10077422e+09 1.10077427e+09
 1.10077431e+09 1.10077436e+09 1.10077441e+09 1.10077446e+09
 1.10077450e+09 1.10077455e+09 1.10077460e+09 1.10077465e+09
 1.10077469e+09 1.10077474e+09 1.10077479e+09 1.10077484e+09
 1.10077489e+09 1.10077493e+09 1.10077498e+09 1.10077503e+09
 1.10077508e+09 1.10077512e+09 1.10077517e+09 1.10077522e+09
 1.10077527e+09 1.10077531e+09 1.10077536e+09 1.10077541e+09
 1.10077546e+09 1.10077550e+09 1.10077555e+09 1.10077560e+09
 1.10077565e+09 1.10077569e+09 1.10077574e+09 1.10077579e+09
 1.10077584e+09 1.10077588e+09 1.10077593e+09 1.10077598e+09
 1.10077603e+09 1.10077607e+09 1.10077612e+09 1.10077617e+09
 1.10077622e+09 1.10077627e+09 1.10077631e+09 1.10077636e+09
 1.10077641e+09 1.10077646e+09 1.10077650e+09 1.10077655e+09
 1.10077660e+09 1.10077665e+09 1.10077669e+09 1.10077674e+09
 1.10077679e+09 1.10077684e+09 1.10077688e+09 1.10077693e+09
 1.10077698e+09 1.10077703e+09 1.10077707e+09 1.10077712e+09
 1.10077717e+09 1.10077722e+09 1.10077726e+09 1.10077731e+09
 1.10077736e+09 1.10077741e+09 1.10077746e+09 1.10077750e+09
 1.10077755e+09 1.10077760e+09 1.10077765e+09 1.10077769e+09
 1.10077774e+09 1.10077779e+09 1.10077784e+09 1.10077788e+09
 1.10077793e+09 1.10077798e+09 1.10077803e+09 1.10077807e+09
 1.10077812e+09 1.10077817e+09 1.10077822e+09 1.10077826e+09
 1.10077831e+09 1.10077836e+09 1.10077841e+09 1.10077845e+09
 1.10077850e+09 1.10077855e+09 1.10077860e+09 1.10077865e+09
 1.10077869e+09 1.10077874e+09 1.10077879e+09 1.10077884e+09
 1.10077888e+09 1.10077893e+09 1.10077898e+09 1.10077903e+09
 1.10077907e+09 1.10077912e+09 1.10077917e+09 1.10077922e+09
 1.10077926e+09 1.10077931e+09 1.10077936e+09 1.10077941e+09
 1.10077945e+09 1.10077950e+09 1.10077955e+09 1.10077960e+09
 1.10077964e+09 1.10077969e+09 1.10077974e+09 1.10077979e+09
 1.10077984e+09 1.10077988e+09 1.10077993e+09 1.10077998e+09
 1.10078003e+09 1.10078007e+09 1.10078012e+09 1.10078017e+09
 1.10078022e+09 1.10078026e+09 1.10078031e+09 1.10078036e+09
 1.10078041e+09 1.10078045e+09 1.10078050e+09 1.10078055e+09
 1.10078060e+09 1.10078064e+09 1.10078069e+09 1.10078074e+09
 1.10078079e+09 1.10078083e+09 1.10078088e+09 1.10078093e+09
 1.10078098e+09 1.10078103e+09 1.10078107e+09 1.10078112e+09
 1.10078117e+09 1.10078122e+09 1.10078126e+09 1.10078131e+09
 1.10078136e+09 1.10078141e+09 1.10078145e+09 1.10078150e+09
 1.10078155e+09 1.10078160e+09 1.10078164e+09 1.10078169e+09
 1.10078174e+09 1.10078179e+09 1.10078183e+09 1.10078188e+09
 1.10078193e+09 1.10078198e+09 1.10078202e+09 1.10078207e+09
 1.10078212e+09 1.10078217e+09 1.10078222e+09 1.10078226e+09
 1.10078231e+09 1.10078236e+09 1.10078241e+09 1.10078245e+09
 1.10078250e+09 1.10078255e+09 1.10078260e+09 1.10078264e+09
 1.10078269e+09 1.10078274e+09 1.10078279e+09 1.10078283e+09
 1.10078288e+09 1.10078293e+09 1.10078298e+09 1.10078302e+09
 1.10078307e+09 1.10078312e+09 1.10078317e+09 1.10078321e+09
 1.10078326e+09 1.10078331e+09 1.10078336e+09 1.10078340e+09
 1.10078345e+09 1.10078350e+09 1.10078355e+09 1.10078360e+09
 1.10078364e+09 1.10078369e+09 1.10078374e+09 1.10078379e+09
 1.10078383e+09 1.10078388e+09 1.10078393e+09 1.10078398e+09
 1.10078402e+09 1.10078407e+09 1.10078412e+09 1.10078417e+09
 1.10078421e+09 1.10078426e+09 1.10078431e+09 1.10078436e+09
 1.10078440e+09 1.10078445e+09 1.10078450e+09 1.10078455e+09
 1.10078459e+09 1.10078464e+09 1.10078469e+09 1.10078474e+09
 1.10078479e+09 1.10078483e+09 1.10078488e+09 1.10078493e+09
 1.10078498e+09 1.10078502e+09 1.10078507e+09 1.10078512e+09
 1.10078517e+09 1.10078521e+09 1.10078526e+09 1.10078531e+09
 1.10078536e+09 1.10078540e+09 1.10078545e+09 1.10078550e+09
 1.10078555e+09 1.10078559e+09 1.10078564e+09 1.10078569e+09
 1.10078574e+09 1.10078578e+09 1.10078583e+09 1.10078588e+09
 1.10078593e+09 1.10078598e+09 1.10078602e+09 1.10078607e+09
 1.10078612e+09 1.10078617e+09 1.10078621e+09 1.10078626e+09
 1.10078631e+09 1.10078636e+09 1.10078640e+09 1.10078645e+09
 1.10078650e+09 1.10078655e+09 1.10078659e+09 1.10078664e+09
 1.10078669e+09 1.10078674e+09 1.10078678e+09 1.10078683e+09
 1.10078688e+09 1.10078693e+09 1.10078697e+09 1.10078702e+09
 1.10078707e+09 1.10078712e+09 1.10078717e+09 1.10078721e+09
 1.10078726e+09 1.10078731e+09 1.10078736e+09 1.10078740e+09
 1.10078745e+09 1.10078750e+09 1.10078755e+09 1.10078759e+09
 1.10078764e+09 1.10078769e+09 1.10078774e+09 1.10078778e+09
 1.10078783e+09 1.10078788e+09 1.10078793e+09 1.10078797e+09
 1.10078802e+09 1.10078807e+09 1.10078812e+09 1.10078816e+09
 1.10078821e+09 1.10078826e+09 1.10078831e+09 1.10078836e+09
 1.10078840e+09 1.10078845e+09 1.10078850e+09 1.10078855e+09
 1.10078859e+09 1.10078864e+09 1.10078869e+09 1.10078874e+09
 1.10078878e+09 1.10078883e+09 1.10078888e+09 1.10078893e+09
 1.10078897e+09 1.10078902e+09 1.10078907e+09 1.10078912e+09
 1.10078916e+09 1.10078921e+09 1.10078926e+09 1.10078931e+09
 1.10078935e+09 1.10078940e+09 1.10078945e+09 1.10078950e+09
 1.10078955e+09 1.10078959e+09 1.10078964e+09 1.10078969e+09
 1.10078974e+09 1.10078978e+09 1.10078983e+09 1.10078988e+09
 1.10078993e+09 1.10078997e+09 1.10079002e+09 1.10079007e+09
 1.10079012e+09 1.10079016e+09 1.10079021e+09 1.10079026e+09
 1.10079031e+09 1.10079035e+09 1.10079040e+09 1.10079045e+09
 1.10079050e+09 1.10079054e+09 1.10079059e+09 1.10079064e+09
 1.10079069e+09 1.10079074e+09 1.10079078e+09 1.10079083e+09
 1.10079088e+09 1.10079093e+09 1.10079097e+09 1.10079102e+09
 1.10079107e+09 1.10079112e+09 1.10079116e+09 1.10079121e+09
 1.10079126e+09 1.10079131e+09 1.10079135e+09 1.10079140e+09
 1.10079145e+09 1.10079150e+09 1.10079154e+09 1.10079159e+09
 1.10079164e+09 1.10079169e+09 1.10079173e+09 1.10079178e+09
 1.10079183e+09 1.10079188e+09 1.10079192e+09 1.10079197e+09
 1.10079202e+09 1.10079207e+09 1.10079212e+09 1.10079216e+09
 1.10079221e+09 1.10079226e+09 1.10079231e+09 1.10079235e+09
 1.10079240e+09 1.10079245e+09 1.10079250e+09 1.10079254e+09
 1.10079259e+09 1.10079264e+09 1.10079269e+09 1.10079273e+09
 1.10079278e+09 1.10079283e+09 1.10079288e+09 1.10079292e+09
 1.10079297e+09 1.10079302e+09 1.10079307e+09 1.10079311e+09
 1.10079316e+09 1.10079321e+09 1.10079326e+09 1.10079331e+09
 1.10079335e+09 1.10079340e+09 1.10079345e+09 1.10079350e+09
 1.10079354e+09 1.10079359e+09 1.10079364e+09 1.10079369e+09
 1.10079373e+09 1.10079378e+09 1.10079383e+09 1.10079388e+09
 1.10079392e+09 1.10079397e+09 1.10079402e+09 1.10079407e+09
 1.10079411e+09 1.10079416e+09 1.10079421e+09 1.10079426e+09
 1.10079430e+09 1.10079435e+09 1.10079440e+09 1.10079445e+09
 1.10079450e+09 1.10079454e+09 1.10079459e+09 1.10079464e+09
 1.10079469e+09 1.10079473e+09 1.10079478e+09 1.10079483e+09
 1.10079488e+09 1.10079492e+09 1.10079497e+09 1.10079502e+09
 1.10079507e+09 1.10079511e+09 1.10079516e+09 1.10079521e+09
 1.10079526e+09 1.10079530e+09 1.10079535e+09 1.10079540e+09
 1.10079545e+09 1.10079549e+09 1.10079554e+09 1.10079559e+09
 1.10079564e+09 1.10079569e+09 1.10079573e+09 1.10079578e+09
 1.10079583e+09 1.10079588e+09 1.10079592e+09 1.10079597e+09
 1.10079602e+09 1.10079607e+09 1.10079611e+09 1.10079616e+09
 1.10079621e+09 1.10079626e+09 1.10079630e+09 1.10079635e+09
 1.10079640e+09 1.10079645e+09 1.10079649e+09 1.10079654e+09
 1.10079659e+09 1.10079664e+09 1.10079668e+09 1.10079673e+09
 1.10079678e+09 1.10079683e+09 1.10079688e+09 1.10079692e+09
 1.10079697e+09 1.10079702e+09 1.10079707e+09 1.10079711e+09
 1.10079716e+09 1.10079721e+09 1.10079726e+09 1.10079730e+09
 1.10079735e+09 1.10079740e+09 1.10079745e+09 1.10079749e+09
 1.10079754e+09 1.10079759e+09 1.10079764e+09 1.10079768e+09
 1.10079773e+09 1.10079778e+09 1.10079783e+09 1.10079787e+09
 1.10079792e+09 1.10079797e+09 1.10079802e+09 1.10079807e+09
 1.10079811e+09 1.10079816e+09 1.10079821e+09 1.10079826e+09
 1.10079830e+09 1.10079835e+09 1.10079840e+09 1.10079845e+09
 1.10079849e+09 1.10079854e+09 1.10079859e+09 1.10079864e+09
 1.10079868e+09 1.10079873e+09 1.10079878e+09 1.10079883e+09
 1.10079887e+09 1.10079892e+09 1.10079897e+09 1.10079902e+09
 1.10079906e+09 1.10079911e+09 1.10079916e+09 1.10079921e+09
 1.10079925e+09 1.10079930e+09 1.10079935e+09 1.10079940e+09
 1.10079945e+09 1.10079949e+09 1.10079954e+09 1.10079959e+09
 1.10079964e+09 1.10079968e+09 1.10079973e+09 1.10079978e+09
 1.10079983e+09 1.10079987e+09 1.10079992e+09 1.10079997e+09
 1.10080002e+09 1.10080006e+09 1.10080011e+09 1.10080016e+09
 1.10080021e+09 1.10080025e+09 1.10080030e+09 1.10080035e+09
 1.10080040e+09 1.10080044e+09 1.10080049e+09 1.10080054e+09
 1.10080059e+09 1.10080064e+09 1.10080068e+09 1.10080073e+09
 1.10080078e+09 1.10080083e+09 1.10080087e+09 1.10080092e+09
 1.10080097e+09 1.10080102e+09 1.10080106e+09 1.10080111e+09
 1.10080116e+09 1.10080121e+09 1.10080125e+09 1.10080130e+09
 1.10080135e+09 1.10080140e+09 1.10080144e+09 1.10080149e+09
 1.10080154e+09 1.10080159e+09 1.10080163e+09 1.10080168e+09
 1.10080173e+09 1.10080178e+09 1.10080183e+09 1.10080187e+09
 1.10080192e+09 1.10080197e+09 1.10080202e+09 1.10080206e+09
 1.10080211e+09 1.10080216e+09 1.10080221e+09 1.10080225e+09
 1.10080230e+09 1.10080235e+09 1.10080240e+09 1.10080244e+09
 1.10080249e+09 1.10080254e+09 1.10080259e+09 1.10080263e+09
 1.10080268e+09 1.10080273e+09 1.10080278e+09 1.10080282e+09
 1.10080287e+09 1.10080292e+09 1.10080297e+09 1.10080302e+09
 1.10080306e+09 1.10080311e+09 1.10080316e+09 1.10080321e+09
 1.10080325e+09 1.10080330e+09 1.10080335e+09 1.10080340e+09
 1.10080344e+09 1.10080349e+09 1.10080354e+09 1.10080359e+09
 1.10080363e+09 1.10080368e+09 1.10080373e+09 1.10080378e+09
 1.10080382e+09 1.10080387e+09 1.10080392e+09 1.10080397e+09
 1.10080401e+09 1.10080406e+09 1.10080411e+09 1.10080416e+09
 1.10080421e+09 1.10080425e+09 1.10080430e+09 1.10080435e+09
 1.10080440e+09 1.10080444e+09 1.10080449e+09 1.10080454e+09
 1.10080459e+09 1.10080463e+09 1.10080468e+09 1.10080473e+09
 1.10080478e+09 1.10080482e+09 1.10080487e+09 1.10080492e+09
 1.10080497e+09 1.10080501e+09 1.10080506e+09 1.10080511e+09
 1.10080516e+09 1.10080520e+09 1.10080525e+09 1.10080530e+09
 1.10080535e+09 1.10080540e+09 1.10080544e+09 1.10080549e+09
 1.10080554e+09 1.10080559e+09 1.10080563e+09 1.10080568e+09
 1.10080573e+09 1.10080578e+09 1.10080582e+09 1.10080587e+09
 1.10080592e+09 1.10080597e+09 1.10080601e+09 1.10080606e+09
 1.10080611e+09 1.10080616e+09 1.10080620e+09 1.10080625e+09
 1.10080630e+09 1.10080635e+09 1.10080639e+09 1.10080644e+09
 1.10080649e+09 1.10080654e+09 1.10080659e+09 1.10080663e+09
 1.10080668e+09 1.10080673e+09 1.10080678e+09 1.10080682e+09
 1.10080687e+09 1.10080692e+09 1.10080697e+09 1.10080701e+09
 1.10080706e+09 1.10080711e+09 1.10080716e+09 1.10080720e+09
 1.10080725e+09 1.10080730e+09 1.10080735e+09 1.10080739e+09
 1.10080744e+09 1.10080749e+09 1.10080754e+09 1.10080758e+09
 1.10080763e+09 1.10080768e+09 1.10080773e+09 1.10080777e+09
 1.10080782e+09 1.10080787e+09 1.10080792e+09 1.10080797e+09
 1.10080801e+09 1.10080806e+09 1.10080811e+09 1.10080816e+09
 1.10080820e+09 1.10080825e+09 1.10080830e+09 1.10080835e+09
 1.10080839e+09 1.10080844e+09 1.10080849e+09 1.10080854e+09
 1.10080858e+09 1.10080863e+09 1.10080868e+09 1.10080873e+09
 1.10080877e+09 1.10080882e+09 1.10080887e+09 1.10080892e+09
 1.10080896e+09 1.10080901e+09 1.10080906e+09 1.10080911e+09
 1.10080916e+09 1.10080920e+09 1.10080925e+09 1.10080930e+09
 1.10080935e+09 1.10080939e+09 1.10080944e+09 1.10080949e+09
 1.10080954e+09 1.10080958e+09 1.10080963e+09 1.10080968e+09
 1.10080973e+09 1.10080977e+09 1.10080982e+09 1.10080987e+09
 1.10080992e+09 1.10080996e+09 1.10081001e+09 1.10081006e+09
 1.10081011e+09 1.10081015e+09 1.10081020e+09 1.10081025e+09
 1.10081030e+09 1.10081035e+09 1.10081039e+09 1.10081044e+09
 1.10081049e+09 1.10081054e+09 1.10081058e+09 1.10081063e+09
 1.10081068e+09 1.10081073e+09 1.10081077e+09 1.10081082e+09
 1.10081087e+09 1.10081092e+09 1.10081096e+09 1.10081101e+09
 1.10081106e+09 1.10081111e+09 1.10081115e+09 1.10081120e+09
 1.10081125e+09 1.10081130e+09 1.10081134e+09 1.10081139e+09
 1.10081144e+09 1.10081149e+09 1.10081154e+09 1.10081158e+09
 1.10081163e+09 1.10081168e+09 1.10081173e+09 1.10081177e+09
 1.10081182e+09 1.10081187e+09 1.10081192e+09 1.10081196e+09
 1.10081201e+09 1.10081206e+09 1.10081211e+09 1.10081215e+09
 1.10081220e+09 1.10081225e+09 1.10081230e+09 1.10081234e+09
 1.10081239e+09 1.10081244e+09 1.10081249e+09 1.10081253e+09
 1.10081258e+09 1.10081263e+09 1.10081268e+09 1.10081273e+09
 1.10081277e+09 1.10081282e+09 1.10081287e+09 1.10081292e+09
 1.10081296e+09 1.10081301e+09 1.10081306e+09 1.10081311e+09
 1.10081315e+09 1.10081320e+09 1.10081325e+09 1.10081330e+09
 1.10081334e+09 1.10081339e+09 1.10081344e+09 1.10081349e+09
 1.10081353e+09 1.10081358e+09 1.10081363e+09 1.10081368e+09
 1.10081372e+09 1.10081377e+09 1.10081382e+09 1.10081387e+09
 1.10081392e+09 1.10081396e+09 1.10081401e+09 1.10081406e+09
 1.10081411e+09 1.10081415e+09 1.10081420e+09 1.10081425e+09
 1.10081430e+09 1.10081434e+09 1.10081439e+09 1.10081444e+09
 1.10081449e+09 1.10081453e+09 1.10081458e+09 1.10081463e+09
 1.10081468e+09 1.10081472e+09 1.10081477e+09 1.10081482e+09
 1.10081487e+09 1.10081491e+09 1.10081496e+09 1.10081501e+09
 1.10081506e+09 1.10081510e+09 1.10081515e+09 1.10081520e+09]
