name =JUICE_ROI_GAN_2_0_05
flyby = ['2034 NOV 18 09:58:51', '2034 NOV 19 09:58:51']
Observation TW = <SpiceCell dtype = 1, length = 0, size = 3200, card = 12, is_set = 1, adjust = 0, init = 1, base = 94725110654112, data = 94725110654160>
Res(t) = [0.94920164 0.94785799 0.94651532 0.94517363 0.94383291 0.94249319
 0.94115446 0.93981673 0.93848001 0.9371443  0.9358096  0.93447593
 0.93314328 0.93181167 0.9304811  0.92915157 0.92782309 0.92649567
 0.92516931 0.92384401 0.92251979 0.92119665 0.9198746  0.91855363
 0.91723377 0.915915   0.91459735 0.91328081 0.91196538 0.91065109
 0.90933793 0.9080259  0.90671503 0.9054053  0.90409673 0.90278932
 0.90148308 0.90017802 0.89887413 0.89757144 0.89626994 0.89496964
 0.89367054 0.89237266 0.89107599 0.88978055 0.88848635 0.88719338
 0.88590165 0.88461117 0.88332195 0.882034   0.88074731 0.8794619
 0.87817777 0.87689493 0.87561339 0.87433315 0.87305421 0.87177659
 0.8705003  0.86922533 0.86795169 0.8666794  0.86540845 0.86413886
 0.86287063 0.86160376 0.86033827 0.85907416 0.85781144 0.85655012
 0.85529019 0.85403167 0.85277457 0.85151889 0.85026463 0.84901181
 0.84776043 0.8465105  0.84526203 0.84401502 0.84276947 0.8415254
 0.84028282 0.83904172 0.83780212 0.83656402 0.83532743 0.83409236
 0.83285881 0.83162679 0.83039631 0.82916738 0.82793999 0.82671417
 0.82548991 0.82426722 0.82304611 0.82182658 0.82060865 0.81939232
 0.8181776  0.81696449 0.815753   0.81454314 0.81333492 0.81212834
 0.8109234  0.80972012 0.80851851 0.80731857 0.8061203  0.80492372
 0.80372883 0.80253564 0.80134415 0.80015438 0.79896633 0.79778
 0.79659541 0.79541256 0.79423146 0.79305211 0.79187452 0.79069871
 0.78952467 0.78835241 0.78718195 0.78601328 0.78484642 0.78368137
 0.78251814 0.78135673 0.78019716 0.77903943 0.77788355 0.77672952
 0.77557736 0.77442706 0.77327864 0.7721321  0.77098745 0.7698447
 0.76870385 0.76756492 0.7664279  0.76529281 0.76415965 0.76302843
 0.76189916 0.76077184 0.75964648 0.75852309 0.75740168 0.75628225
 0.75516481 0.75404936 0.75293592 0.75182448 0.75071507 0.74960768
 0.74850232 0.747399   0.74629772 0.7451985  0.74410133 0.74300624
 0.74191321 0.74082227 0.73973341 0.73864665 0.73756199 0.73647944
 0.735399   0.73432068 0.7332445  0.73217044 0.73109854 0.73002878
 0.72896118 0.72789574 0.72683247 0.72577137 0.72471247 0.72365575
 0.72260123 0.72154891 0.72049881 0.71945092 0.71840526 0.71736183
 0.71632064 0.71528169 0.71424499 0.71321055 0.71217838 0.71114848
 0.71012085 0.70909552 0.70807247 0.70705172 0.70603328 0.70501714
 0.70400333 0.70299184 0.70198268 0.70097586 0.69997138 0.69896926
 0.69796949 0.69697208 0.69597705 0.69498439 0.69399411 0.69300623
 0.69202074 0.69103765 0.69005697 0.6890787  0.68810286 0.68712944
 0.68615846 0.68518992 0.68422382 0.68326018 0.68229899 0.68134027
 0.68038402 0.67943025 0.67847896 0.67753016 0.67658386 0.67564005
 0.67469876 0.67375998 0.67282372 0.67188998 0.67095878 0.67003011
 0.66910399 0.66818041 0.6672594  0.66634094 0.66542505 0.66451173
 0.66360099 0.66269284 0.66178727 0.66088431 0.65998394 0.65908618
 0.65819103 0.65729851 0.6564086  0.65552133 0.65463669 0.65375469
 0.65287534 0.65199864 0.6511246  0.65025322 0.64938451 0.64851847
 0.64765512 0.64679444 0.64593646 0.64508117 0.64422858 0.6433787
 0.64253153 0.64168707 0.64084534 0.64000633 0.63917005 0.63833651
 0.63750571 0.63667766 0.63585236 0.63502982 0.63421004 0.63339302
 0.63257878 0.63176731 0.63095862 0.63015272 0.62934961 0.6285493
 0.62775178 0.62695707 0.62616517 0.62537609 0.62458982 0.62380638
 0.62302576 0.62224798 0.62147303 0.62070093 0.61993167 0.61916526
 0.6184017  0.61764101 0.61688318 0.61612821 0.61537612 0.6146269
 0.61388056 0.61313711 0.61239655 0.61165887 0.6109241  0.61019222
 0.60946325 0.60873719 0.60801404 0.60729381 0.6065765  0.60586211
 0.60515065 0.60444212 0.60373653 0.60303387 0.60233416 0.6016374
 0.60094358 0.60025272 0.59956482 0.59887987 0.59819789 0.59751888
 0.59684284 0.59616978 0.59549969 0.59483258 0.59416846 0.59350732
 0.59284918 0.59219403 0.59154188 0.59089272 0.59024658 0.58960343
 0.5889633  0.58832618 0.58769207 0.58706099 0.58643292 0.58580788
 0.58518586 0.58456688 0.58395093 0.58333801 0.58272813 0.58212129
 0.58151749 0.58091674 0.58031903 0.57972438 0.57913278 0.57854423
 0.57795874 0.57737632 0.57679695 0.57622065 0.57564742 0.57507725
 0.57451016 0.57394614 0.57338519 0.57282732 0.57227253 0.57172083
 0.5711722  0.57062667 0.57008421 0.56954485 0.56900858 0.5684754
 0.56794532 0.56741833 0.56689444 0.56637365 0.56585596 0.56534137
 0.56482989 0.56432151 0.56381624 0.56331408 0.56281503 0.56231908
 0.56182625 0.56133654 0.56084994 0.56036645 0.55988608 0.55940883
 0.5589347  0.55846369 0.5579958  0.55753103 0.55706939 0.55661087
 0.55615547 0.55570321 0.55525406 0.55480805 0.55436516 0.5539254
 0.55348877 0.55305527 0.5526249  0.55219767 0.55177356 0.55135258
 0.55093474 0.55052003 0.55010846 0.54970001 0.5492947  0.54889253
 0.54849349 0.54809758 0.5477048  0.54731517 0.54692866 0.54654529
 0.54616506 0.54578796 0.54541399 0.54504316 0.54467546 0.5443109
 0.54394947 0.54359117 0.543236   0.54288397 0.54253507 0.54218931
 0.54184667 0.54150717 0.54117079 0.54083755 0.54050743 0.54018044
 0.53985658 0.53953585 0.53921825 0.53890377 0.53859241 0.53828418
 0.53797907 0.53767709 0.53737823 0.53708248 0.53678986 0.53650035
 0.53621396 0.53593069 0.53565053 0.53537349 0.53509956 0.53482874
 0.53456102 0.53429642 0.53403493 0.53377654 0.53352125 0.53326907
 0.53301999 0.53277401 0.53253113 0.53229134 0.53205465 0.53182105
 0.53159055 0.53136313 0.53113881 0.53091757 0.53069941 0.53048434
 0.53027235 0.53006343 0.5298576  0.52965484 0.52945515 0.52925853
 0.52906498 0.5288745  0.52868708 0.52850273 0.52832144 0.5281432
 0.52796802 0.52779589 0.52762682 0.52746079 0.52729781 0.52713787
 0.52698098 0.52682712 0.5266763  0.52652851 0.52638376 0.52624203
 0.52610333 0.52596765 0.525835   0.52570536 0.52557874 0.52545513
 0.52533453 0.52521693 0.52510234 0.52499075 0.52488216 0.52477657
 0.52467396 0.52457435 0.52447772 0.52438408 0.52429341 0.52420572
 0.52412101 0.52403927 0.52396049 0.52388468 0.52381183 0.52374194
 0.523675   0.52361101 0.52354997 0.52349188 0.52343672 0.52338451
 0.52333522 0.52328887 0.52324545 0.52320495 0.52316736 0.5231327
 0.52310095 0.52307211 0.52304617 0.52302314 0.523003   0.52298576
 0.52297141 0.52295994 0.52295136 0.52294566 0.52294284 0.52294288
 0.5229458  0.52295158 0.52296022 0.52297171 0.52298606 0.52300326
 0.5230233  0.52304618 0.52307189 0.52310044 0.52313182 0.52316602
 0.52320304 0.52324288 0.52328553 0.52333099 0.52337925 0.52343031
 0.52348416 0.52354081 0.52360024 0.52366245 0.52372744 0.52379521
 0.52386574 0.52393904 0.5240151  0.52409391 0.52417548 0.52425979
 0.52434685 0.52443665 0.52452918 0.52462443 0.52472242 0.52482312
 0.52492654 0.52503267 0.52514151 0.52525305 0.52536729 0.52548422
 0.52560383 0.52572614 0.52585112 0.52597877 0.5261091  0.52624209
 0.52637774 0.52651604 0.526657   0.52680061 0.52694685 0.52709573
 0.52724725 0.52740139 0.52755815 0.52771753 0.52787952 0.52804412
 0.52821133 0.52838113 0.52855353 0.52872851 0.52890608 0.52908622
 0.52926894 0.52945423 0.52964209 0.5298325  0.53002547 0.53022098
 0.53041904 0.53061964 0.53082278 0.53102844 0.53123663 0.53144733
 0.53166056 0.53187629 0.53209452 0.53231526 0.53253848 0.5327642
 0.53299241 0.53322309 0.53345624 0.53369187 0.53392996 0.53417051
 0.53441351 0.53465896 0.53490685 0.53515719 0.53540995 0.53566515
 0.53592277 0.5361828  0.53644526 0.53671011 0.53697738 0.53724703
 0.53751909 0.53779353 0.53807035 0.53834955 0.53863112 0.53891506
 0.53920136 0.53949002 0.53978103 0.54007438 0.54037008 0.54066812
 0.54096848 0.54127117 0.54157619 0.54188351 0.54219315 0.5425051
 0.54281934 0.54313588 0.54345471 0.54377582 0.54409922 0.54442489
 0.54475283 0.54508303 0.54541549 0.5457502  0.54608717 0.54642638
 0.54676782 0.54711151 0.54745741 0.54780555 0.5481559  0.54850846
 0.54886323 0.54922021 0.54957938 0.54994074 0.55030429 0.55067003
 0.55103794 0.55140802 0.55178027 0.55215469 0.55253126 0.55290998
 0.55329085 0.55367386 0.554059   0.55444628 0.55483569 0.55522721
 0.55562086 0.55601661 0.55641447 0.55681444 0.55721649 0.55762064
 0.55802688 0.5584352  0.55884559 0.55925806 0.55967259 0.56008918
 0.56050783 0.56092853 0.56135128 0.56177607 0.5622029  0.56263175
 0.56306264 0.56349555 0.56393047 0.5643674  0.56480635 0.56524729
 0.56569023 0.56613517 0.56658209 0.56703099 0.56748188 0.56793473
 0.56838956 0.56884634 0.56930509 0.56976579 0.57022844 0.57069303
 0.57115957 0.57162804 0.57209843 0.57257076 0.573045   0.57352116
 0.57399923 0.57447921 0.57496109 0.57544486 0.57593053 0.57641809
 0.57690753 0.57739885 0.57789204 0.5783871  0.57888403 0.57938282
 0.57988346 0.58038595 0.58089029 0.58139647 0.58190449 0.58241434
 0.58292602 0.58343953 0.58395485 0.58447199 0.58499094 0.58551169
 0.58603425 0.5865586  0.58708475 0.58761268 0.5881424  0.5886739
 0.58920718 0.58974222 0.59027903 0.59081761 0.59135794 0.59190002
 0.59244386 0.59298944 0.59353676 0.59408582 0.59463661 0.59518913
 0.59574337 0.59629933 0.59685701 0.5974164  0.5979775  0.5985403
 0.5991048  0.599671   0.60023889 0.60080846 0.60137972 0.60195266
 0.60252727 0.60310355 0.6036815  0.60426111 0.60484238 0.60542531
 0.60600989 0.60659611 0.60718398 0.60777349 0.60836463 0.60895741
 0.60955181 0.61014784 0.61074548 0.61134475 0.61194563 0.61254811
 0.6131522  0.6137579  0.61436519 0.61497407 0.61558455 0.61619661
 0.61681026 0.61742548 0.61804228 0.61866065 0.6192806  0.6199021
 0.62052517 0.6211498  0.62177598 0.62240372 0.623033   0.62366382
 0.62429619 0.62493009 0.62556553 0.62620249 0.62684099 0.62748101
 0.62812255 0.6287656  0.62941017 0.63005625 0.63070384 0.63135293
 0.63200352 0.63265561 0.63330919 0.63396427 0.63462083 0.63527888
 0.63593841 0.63659942 0.6372619  0.63792585 0.63859128 0.63925817
 0.63992652 0.64059634 0.64126761 0.64194033 0.64261451 0.64329014
 0.64396721 0.64464572 0.64532567 0.64600706 0.64668988 0.64737413
 0.64805981 0.64874692 0.64943545 0.6501254  0.65081677 0.65150955
 0.65220374 0.65289934 0.65359635 0.65429476 0.65499457 0.65569578
 0.65639838 0.65710238 0.65780777 0.65851454 0.65922271 0.65993225
 0.66064318 0.66135548 0.66206916 0.66278421 0.66350063 0.66421842
 0.66493758 0.6656581  0.66637998 0.66710322 0.66782782 0.66855377
 0.66928107 0.67000972 0.67073972 0.67147107 0.67220375 0.67293778
 0.67367315 0.67440985 0.67514789 0.67588726 0.67662796 0.67736999
 0.67811334 0.67885802 0.67960402 0.68035134 0.68109998 0.68184993
 0.6826012  0.68335378 0.68410767 0.68486287 0.68561938 0.68637719
 0.6871363  0.68789672 0.68865843 0.68942144 0.69018575 0.69095135
 0.69171824 0.69248643 0.6932559  0.69402666 0.69479871 0.69557204
 0.69634665 0.69712254 0.69789971 0.69867816 0.69945789 0.70023889
 0.70102117 0.70180471 0.70258953 0.70337561 0.70416297 0.70495159
 0.70574147 0.70653262 0.70732502 0.70811869 0.70891362 0.70970981
 0.71050725 0.71130595 0.71210591 0.71290711 0.71370957 0.71451328
 0.71531824 0.71612445 0.7169319  0.71774061 0.71855055 0.71936174
 0.72017418 0.72098785 0.72180277 0.72261893 0.72343632 0.72425496
 0.72507483 0.72589594 0.72671829 0.72754186 0.72836668 0.72919272
 0.73002    0.73084851 0.73167825 0.73250922 0.73334142 0.73417485
 0.73500951 0.73584539 0.7366825  0.73752083 0.73836039 0.73920118
 0.74004319 0.74088642 0.74173087 0.74257655]
t = [1.10072880e+09 1.10072889e+09 1.10072897e+09 1.10072906e+09
 1.10072915e+09 1.10072923e+09 1.10072932e+09 1.10072941e+09
 1.10072949e+09 1.10072958e+09 1.10072967e+09 1.10072975e+09
 1.10072984e+09 1.10072992e+09 1.10073001e+09 1.10073010e+09
 1.10073018e+09 1.10073027e+09 1.10073036e+09 1.10073044e+09
 1.10073053e+09 1.10073062e+09 1.10073070e+09 1.10073079e+09
 1.10073088e+09 1.10073096e+09 1.10073105e+09 1.10073114e+09
 1.10073122e+09 1.10073131e+09 1.10073139e+09 1.10073148e+09
 1.10073157e+09 1.10073165e+09 1.10073174e+09 1.10073183e+09
 1.10073191e+09 1.10073200e+09 1.10073209e+09 1.10073217e+09
 1.10073226e+09 1.10073235e+09 1.10073243e+09 1.10073252e+09
 1.10073261e+09 1.10073269e+09 1.10073278e+09 1.10073287e+09
 1.10073295e+09 1.10073304e+09 1.10073312e+09 1.10073321e+09
 1.10073330e+09 1.10073338e+09 1.10073347e+09 1.10073356e+09
 1.10073364e+09 1.10073373e+09 1.10073382e+09 1.10073390e+09
 1.10073399e+09 1.10073408e+09 1.10073416e+09 1.10073425e+09
 1.10073434e+09 1.10073442e+09 1.10073451e+09 1.10073459e+09
 1.10073468e+09 1.10073477e+09 1.10073485e+09 1.10073494e+09
 1.10073503e+09 1.10073511e+09 1.10073520e+09 1.10073529e+09
 1.10073537e+09 1.10073546e+09 1.10073555e+09 1.10073563e+09
 1.10073572e+09 1.10073581e+09 1.10073589e+09 1.10073598e+09
 1.10073607e+09 1.10073615e+09 1.10073624e+09 1.10073632e+09
 1.10073641e+09 1.10073650e+09 1.10073658e+09 1.10073667e+09
 1.10073676e+09 1.10073684e+09 1.10073693e+09 1.10073702e+09
 1.10073710e+09 1.10073719e+09 1.10073728e+09 1.10073736e+09
 1.10073745e+09 1.10073754e+09 1.10073762e+09 1.10073771e+09
 1.10073779e+09 1.10073788e+09 1.10073797e+09 1.10073805e+09
 1.10073814e+09 1.10073823e+09 1.10073831e+09 1.10073840e+09
 1.10073849e+09 1.10073857e+09 1.10073866e+09 1.10073875e+09
 1.10073883e+09 1.10073892e+09 1.10073901e+09 1.10073909e+09
 1.10073918e+09 1.10073927e+09 1.10073935e+09 1.10073944e+09
 1.10073952e+09 1.10073961e+09 1.10073970e+09 1.10073978e+09
 1.10073987e+09 1.10073996e+09 1.10074004e+09 1.10074013e+09
 1.10074022e+09 1.10074030e+09 1.10074039e+09 1.10074048e+09
 1.10074056e+09 1.10074065e+09 1.10074074e+09 1.10074082e+09
 1.10074091e+09 1.10074099e+09 1.10074108e+09 1.10074117e+09
 1.10074125e+09 1.10074134e+09 1.10074143e+09 1.10074151e+09
 1.10074160e+09 1.10074169e+09 1.10074177e+09 1.10074186e+09
 1.10074195e+09 1.10074203e+09 1.10074212e+09 1.10074221e+09
 1.10074229e+09 1.10074238e+09 1.10074247e+09 1.10074255e+09
 1.10074264e+09 1.10074272e+09 1.10074281e+09 1.10074290e+09
 1.10074298e+09 1.10074307e+09 1.10074316e+09 1.10074324e+09
 1.10074333e+09 1.10074342e+09 1.10074350e+09 1.10074359e+09
 1.10074368e+09 1.10074376e+09 1.10074385e+09 1.10074394e+09
 1.10074402e+09 1.10074411e+09 1.10074419e+09 1.10074428e+09
 1.10074437e+09 1.10074445e+09 1.10074454e+09 1.10074463e+09
 1.10074471e+09 1.10074480e+09 1.10074489e+09 1.10074497e+09
 1.10074506e+09 1.10074515e+09 1.10074523e+09 1.10074532e+09
 1.10074541e+09 1.10074549e+09 1.10074558e+09 1.10074567e+09
 1.10074575e+09 1.10074584e+09 1.10074592e+09 1.10074601e+09
 1.10074610e+09 1.10074618e+09 1.10074627e+09 1.10074636e+09
 1.10074644e+09 1.10074653e+09 1.10074662e+09 1.10074670e+09
 1.10074679e+09 1.10074688e+09 1.10074696e+09 1.10074705e+09
 1.10074714e+09 1.10074722e+09 1.10074731e+09 1.10074739e+09
 1.10074748e+09 1.10074757e+09 1.10074765e+09 1.10074774e+09
 1.10074783e+09 1.10074791e+09 1.10074800e+09 1.10074809e+09
 1.10074817e+09 1.10074826e+09 1.10074835e+09 1.10074843e+09
 1.10074852e+09 1.10074861e+09 1.10074869e+09 1.10074878e+09
 1.10074887e+09 1.10074895e+09 1.10074904e+09 1.10074912e+09
 1.10074921e+09 1.10074930e+09 1.10074938e+09 1.10074947e+09
 1.10074956e+09 1.10074964e+09 1.10074973e+09 1.10074982e+09
 1.10074990e+09 1.10074999e+09 1.10075008e+09 1.10075016e+09
 1.10075025e+09 1.10075034e+09 1.10075042e+09 1.10075051e+09
 1.10075059e+09 1.10075068e+09 1.10075077e+09 1.10075085e+09
 1.10075094e+09 1.10075103e+09 1.10075111e+09 1.10075120e+09
 1.10075129e+09 1.10075137e+09 1.10075146e+09 1.10075155e+09
 1.10075163e+09 1.10075172e+09 1.10075181e+09 1.10075189e+09
 1.10075198e+09 1.10075207e+09 1.10075215e+09 1.10075224e+09
 1.10075232e+09 1.10075241e+09 1.10075250e+09 1.10075258e+09
 1.10075267e+09 1.10075276e+09 1.10075284e+09 1.10075293e+09
 1.10075302e+09 1.10075310e+09 1.10075319e+09 1.10075328e+09
 1.10075336e+09 1.10075345e+09 1.10075354e+09 1.10075362e+09
 1.10075371e+09 1.10075379e+09 1.10075388e+09 1.10075397e+09
 1.10075405e+09 1.10075414e+09 1.10075423e+09 1.10075431e+09
 1.10075440e+09 1.10075449e+09 1.10075457e+09 1.10075466e+09
 1.10075475e+09 1.10075483e+09 1.10075492e+09 1.10075501e+09
 1.10075509e+09 1.10075518e+09 1.10075527e+09 1.10075535e+09
 1.10075544e+09 1.10075552e+09 1.10075561e+09 1.10075570e+09
 1.10075578e+09 1.10075587e+09 1.10075596e+09 1.10075604e+09
 1.10075613e+09 1.10075622e+09 1.10075630e+09 1.10075639e+09
 1.10075648e+09 1.10075656e+09 1.10075665e+09 1.10075674e+09
 1.10075682e+09 1.10075691e+09 1.10075699e+09 1.10075708e+09
 1.10075717e+09 1.10075725e+09 1.10075734e+09 1.10075743e+09
 1.10075751e+09 1.10075760e+09 1.10075769e+09 1.10075777e+09
 1.10075786e+09 1.10075795e+09 1.10075803e+09 1.10075812e+09
 1.10075821e+09 1.10075829e+09 1.10075838e+09 1.10075847e+09
 1.10075855e+09 1.10075864e+09 1.10075872e+09 1.10075881e+09
 1.10075890e+09 1.10075898e+09 1.10075907e+09 1.10075916e+09
 1.10075924e+09 1.10075933e+09 1.10075942e+09 1.10075950e+09
 1.10075959e+09 1.10075968e+09 1.10075976e+09 1.10075985e+09
 1.10075994e+09 1.10076002e+09 1.10076011e+09 1.10076019e+09
 1.10076028e+09 1.10076037e+09 1.10076045e+09 1.10076054e+09
 1.10076063e+09 1.10076071e+09 1.10076080e+09 1.10076089e+09
 1.10076097e+09 1.10076106e+09 1.10076115e+09 1.10076123e+09
 1.10076132e+09 1.10076141e+09 1.10076149e+09 1.10076158e+09
 1.10076167e+09 1.10076175e+09 1.10076184e+09 1.10076192e+09
 1.10076201e+09 1.10076210e+09 1.10076218e+09 1.10076227e+09
 1.10076236e+09 1.10076244e+09 1.10076253e+09 1.10076262e+09
 1.10076270e+09 1.10076279e+09 1.10076288e+09 1.10076296e+09
 1.10076305e+09 1.10076314e+09 1.10076322e+09 1.10076331e+09
 1.10076339e+09 1.10076348e+09 1.10076357e+09 1.10076365e+09
 1.10076374e+09 1.10076383e+09 1.10076391e+09 1.10076400e+09
 1.10076409e+09 1.10076417e+09 1.10076426e+09 1.10076435e+09
 1.10076443e+09 1.10076452e+09 1.10076461e+09 1.10076469e+09
 1.10076478e+09 1.10076487e+09 1.10076495e+09 1.10076504e+09
 1.10076512e+09 1.10076521e+09 1.10076530e+09 1.10076538e+09
 1.10076547e+09 1.10076556e+09 1.10076564e+09 1.10076573e+09
 1.10076582e+09 1.10076590e+09 1.10076599e+09 1.10076608e+09
 1.10076616e+09 1.10076625e+09 1.10076634e+09 1.10076642e+09
 1.10076651e+09 1.10076659e+09 1.10076668e+09 1.10076677e+09
 1.10076685e+09 1.10076694e+09 1.10076703e+09 1.10076711e+09
 1.10076720e+09 1.10076729e+09 1.10076737e+09 1.10076746e+09
 1.10076755e+09 1.10076763e+09 1.10076772e+09 1.10076781e+09
 1.10076789e+09 1.10076798e+09 1.10076807e+09 1.10076815e+09
 1.10076824e+09 1.10076832e+09 1.10076841e+09 1.10076850e+09
 1.10076858e+09 1.10076867e+09 1.10076876e+09 1.10076884e+09
 1.10076893e+09 1.10076902e+09 1.10076910e+09 1.10076919e+09
 1.10076928e+09 1.10076936e+09 1.10076945e+09 1.10076954e+09
 1.10076962e+09 1.10076971e+09 1.10076979e+09 1.10076988e+09
 1.10076997e+09 1.10077005e+09 1.10077014e+09 1.10077023e+09
 1.10077031e+09 1.10077040e+09 1.10077049e+09 1.10077057e+09
 1.10077066e+09 1.10077075e+09 1.10077083e+09 1.10077092e+09
 1.10077101e+09 1.10077109e+09 1.10077118e+09 1.10077127e+09
 1.10077135e+09 1.10077144e+09 1.10077152e+09 1.10077161e+09
 1.10077170e+09 1.10077178e+09 1.10077187e+09 1.10077196e+09
 1.10077204e+09 1.10077213e+09 1.10077222e+09 1.10077230e+09
 1.10077239e+09 1.10077248e+09 1.10077256e+09 1.10077265e+09
 1.10077274e+09 1.10077282e+09 1.10077291e+09 1.10077299e+09
 1.10077308e+09 1.10077317e+09 1.10077325e+09 1.10077334e+09
 1.10077343e+09 1.10077351e+09 1.10077360e+09 1.10077369e+09
 1.10077377e+09 1.10077386e+09 1.10077395e+09 1.10077403e+09
 1.10077412e+09 1.10077421e+09 1.10077429e+09 1.10077438e+09
 1.10077447e+09 1.10077455e+09 1.10077464e+09 1.10077472e+09
 1.10077481e+09 1.10077490e+09 1.10077498e+09 1.10077507e+09
 1.10077516e+09 1.10077524e+09 1.10077533e+09 1.10077542e+09
 1.10077550e+09 1.10077559e+09 1.10077568e+09 1.10077576e+09
 1.10077585e+09 1.10077594e+09 1.10077602e+09 1.10077611e+09
 1.10077619e+09 1.10077628e+09 1.10077637e+09 1.10077645e+09
 1.10077654e+09 1.10077663e+09 1.10077671e+09 1.10077680e+09
 1.10077689e+09 1.10077697e+09 1.10077706e+09 1.10077715e+09
 1.10077723e+09 1.10077732e+09 1.10077741e+09 1.10077749e+09
 1.10077758e+09 1.10077767e+09 1.10077775e+09 1.10077784e+09
 1.10077792e+09 1.10077801e+09 1.10077810e+09 1.10077818e+09
 1.10077827e+09 1.10077836e+09 1.10077844e+09 1.10077853e+09
 1.10077862e+09 1.10077870e+09 1.10077879e+09 1.10077888e+09
 1.10077896e+09 1.10077905e+09 1.10077914e+09 1.10077922e+09
 1.10077931e+09 1.10077939e+09 1.10077948e+09 1.10077957e+09
 1.10077965e+09 1.10077974e+09 1.10077983e+09 1.10077991e+09
 1.10078000e+09 1.10078009e+09 1.10078017e+09 1.10078026e+09
 1.10078035e+09 1.10078043e+09 1.10078052e+09 1.10078061e+09
 1.10078069e+09 1.10078078e+09 1.10078087e+09 1.10078095e+09
 1.10078104e+09 1.10078112e+09 1.10078121e+09 1.10078130e+09
 1.10078138e+09 1.10078147e+09 1.10078156e+09 1.10078164e+09
 1.10078173e+09 1.10078182e+09 1.10078190e+09 1.10078199e+09
 1.10078208e+09 1.10078216e+09 1.10078225e+09 1.10078234e+09
 1.10078242e+09 1.10078251e+09 1.10078259e+09 1.10078268e+09
 1.10078277e+09 1.10078285e+09 1.10078294e+09 1.10078303e+09
 1.10078311e+09 1.10078320e+09 1.10078329e+09 1.10078337e+09
 1.10078346e+09 1.10078355e+09 1.10078363e+09 1.10078372e+09
 1.10078381e+09 1.10078389e+09 1.10078398e+09 1.10078407e+09
 1.10078415e+09 1.10078424e+09 1.10078432e+09 1.10078441e+09
 1.10078450e+09 1.10078458e+09 1.10078467e+09 1.10078476e+09
 1.10078484e+09 1.10078493e+09 1.10078502e+09 1.10078510e+09
 1.10078519e+09 1.10078528e+09 1.10078536e+09 1.10078545e+09
 1.10078554e+09 1.10078562e+09 1.10078571e+09 1.10078579e+09
 1.10078588e+09 1.10078597e+09 1.10078605e+09 1.10078614e+09
 1.10078623e+09 1.10078631e+09 1.10078640e+09 1.10078649e+09
 1.10078657e+09 1.10078666e+09 1.10078675e+09 1.10078683e+09
 1.10078692e+09 1.10078701e+09 1.10078709e+09 1.10078718e+09
 1.10078727e+09 1.10078735e+09 1.10078744e+09 1.10078752e+09
 1.10078761e+09 1.10078770e+09 1.10078778e+09 1.10078787e+09
 1.10078796e+09 1.10078804e+09 1.10078813e+09 1.10078822e+09
 1.10078830e+09 1.10078839e+09 1.10078848e+09 1.10078856e+09
 1.10078865e+09 1.10078874e+09 1.10078882e+09 1.10078891e+09
 1.10078899e+09 1.10078908e+09 1.10078917e+09 1.10078925e+09
 1.10078934e+09 1.10078943e+09 1.10078951e+09 1.10078960e+09
 1.10078969e+09 1.10078977e+09 1.10078986e+09 1.10078995e+09
 1.10079003e+09 1.10079012e+09 1.10079021e+09 1.10079029e+09
 1.10079038e+09 1.10079047e+09 1.10079055e+09 1.10079064e+09
 1.10079072e+09 1.10079081e+09 1.10079090e+09 1.10079098e+09
 1.10079107e+09 1.10079116e+09 1.10079124e+09 1.10079133e+09
 1.10079142e+09 1.10079150e+09 1.10079159e+09 1.10079168e+09
 1.10079176e+09 1.10079185e+09 1.10079194e+09 1.10079202e+09
 1.10079211e+09 1.10079219e+09 1.10079228e+09 1.10079237e+09
 1.10079245e+09 1.10079254e+09 1.10079263e+09 1.10079271e+09
 1.10079280e+09 1.10079289e+09 1.10079297e+09 1.10079306e+09
 1.10079315e+09 1.10079323e+09 1.10079332e+09 1.10079341e+09
 1.10079349e+09 1.10079358e+09 1.10079367e+09 1.10079375e+09
 1.10079384e+09 1.10079392e+09 1.10079401e+09 1.10079410e+09
 1.10079418e+09 1.10079427e+09 1.10079436e+09 1.10079444e+09
 1.10079453e+09 1.10079462e+09 1.10079470e+09 1.10079479e+09
 1.10079488e+09 1.10079496e+09 1.10079505e+09 1.10079514e+09
 1.10079522e+09 1.10079531e+09 1.10079539e+09 1.10079548e+09
 1.10079557e+09 1.10079565e+09 1.10079574e+09 1.10079583e+09
 1.10079591e+09 1.10079600e+09 1.10079609e+09 1.10079617e+09
 1.10079626e+09 1.10079635e+09 1.10079643e+09 1.10079652e+09
 1.10079661e+09 1.10079669e+09 1.10079678e+09 1.10079687e+09
 1.10079695e+09 1.10079704e+09 1.10079712e+09 1.10079721e+09
 1.10079730e+09 1.10079738e+09 1.10079747e+09 1.10079756e+09
 1.10079764e+09 1.10079773e+09 1.10079782e+09 1.10079790e+09
 1.10079799e+09 1.10079808e+09 1.10079816e+09 1.10079825e+09
 1.10079834e+09 1.10079842e+09 1.10079851e+09 1.10079859e+09
 1.10079868e+09 1.10079877e+09 1.10079885e+09 1.10079894e+09
 1.10079903e+09 1.10079911e+09 1.10079920e+09 1.10079929e+09
 1.10079937e+09 1.10079946e+09 1.10079955e+09 1.10079963e+09
 1.10079972e+09 1.10079981e+09 1.10079989e+09 1.10079998e+09
 1.10080007e+09 1.10080015e+09 1.10080024e+09 1.10080032e+09
 1.10080041e+09 1.10080050e+09 1.10080058e+09 1.10080067e+09
 1.10080076e+09 1.10080084e+09 1.10080093e+09 1.10080102e+09
 1.10080110e+09 1.10080119e+09 1.10080128e+09 1.10080136e+09
 1.10080145e+09 1.10080154e+09 1.10080162e+09 1.10080171e+09
 1.10080179e+09 1.10080188e+09 1.10080197e+09 1.10080205e+09
 1.10080214e+09 1.10080223e+09 1.10080231e+09 1.10080240e+09
 1.10080249e+09 1.10080257e+09 1.10080266e+09 1.10080275e+09
 1.10080283e+09 1.10080292e+09 1.10080301e+09 1.10080309e+09
 1.10080318e+09 1.10080327e+09 1.10080335e+09 1.10080344e+09
 1.10080352e+09 1.10080361e+09 1.10080370e+09 1.10080378e+09
 1.10080387e+09 1.10080396e+09 1.10080404e+09 1.10080413e+09
 1.10080422e+09 1.10080430e+09 1.10080439e+09 1.10080448e+09
 1.10080456e+09 1.10080465e+09 1.10080474e+09 1.10080482e+09
 1.10080491e+09 1.10080499e+09 1.10080508e+09 1.10080517e+09
 1.10080525e+09 1.10080534e+09 1.10080543e+09 1.10080551e+09
 1.10080560e+09 1.10080569e+09 1.10080577e+09 1.10080586e+09
 1.10080595e+09 1.10080603e+09 1.10080612e+09 1.10080621e+09
 1.10080629e+09 1.10080638e+09 1.10080647e+09 1.10080655e+09
 1.10080664e+09 1.10080672e+09 1.10080681e+09 1.10080690e+09
 1.10080698e+09 1.10080707e+09 1.10080716e+09 1.10080724e+09
 1.10080733e+09 1.10080742e+09 1.10080750e+09 1.10080759e+09
 1.10080768e+09 1.10080776e+09 1.10080785e+09 1.10080794e+09
 1.10080802e+09 1.10080811e+09 1.10080819e+09 1.10080828e+09
 1.10080837e+09 1.10080845e+09 1.10080854e+09 1.10080863e+09
 1.10080871e+09 1.10080880e+09 1.10080889e+09 1.10080897e+09
 1.10080906e+09 1.10080915e+09 1.10080923e+09 1.10080932e+09
 1.10080941e+09 1.10080949e+09 1.10080958e+09 1.10080967e+09
 1.10080975e+09 1.10080984e+09 1.10080992e+09 1.10081001e+09
 1.10081010e+09 1.10081018e+09 1.10081027e+09 1.10081036e+09
 1.10081044e+09 1.10081053e+09 1.10081062e+09 1.10081070e+09
 1.10081079e+09 1.10081088e+09 1.10081096e+09 1.10081105e+09
 1.10081114e+09 1.10081122e+09 1.10081131e+09 1.10081139e+09
 1.10081148e+09 1.10081157e+09 1.10081165e+09 1.10081174e+09
 1.10081183e+09 1.10081191e+09 1.10081200e+09 1.10081209e+09
 1.10081217e+09 1.10081226e+09 1.10081235e+09 1.10081243e+09
 1.10081252e+09 1.10081261e+09 1.10081269e+09 1.10081278e+09
 1.10081287e+09 1.10081295e+09 1.10081304e+09 1.10081312e+09
 1.10081321e+09 1.10081330e+09 1.10081338e+09 1.10081347e+09
 1.10081356e+09 1.10081364e+09 1.10081373e+09 1.10081382e+09
 1.10081390e+09 1.10081399e+09 1.10081408e+09 1.10081416e+09
 1.10081425e+09 1.10081434e+09 1.10081442e+09 1.10081451e+09
 1.10081459e+09 1.10081468e+09 1.10081477e+09 1.10081485e+09
 1.10081494e+09 1.10081503e+09 1.10081511e+09 1.10081520e+09]
minRes = 0.5229428368915918
minResTime = [1.10077637e+09]
Cov(t) = [100 100 100 100 100 100 100 100 100 100 100 100 100 100 100 100 100 100
 100 100 100 100 100 100 100 100 100 100 100 100 100 100 100 100 100 100
 100 100 100 100 100 100 100 100 100 100 100 100 100 100 100 100 100 100
 100 100 100 100 100 100 100 100 100 100 100 100 100 100 100 100 100 100
 100 100 100 100 100 100 100 100 100 100 100 100 100 100 100 100 100 100
 100 100 100 100 100 100 100 100 100 100 100 100 100 100 100 100 100 100
 100 100 100 100 100 100 100 100 100 100 100 100 100 100 100 100 100 100
 100 100 100 100 100 100 100 100 100 100 100 100 100 100 100 100 100 100
 100 100 100 100 100 100 100 100 100 100 100 100 100 100 100 100 100 100
 100 100 100 100 100 100 100 100 100 100 100 100 100 100 100 100 100 100
 100 100 100 100 100 100 100 100 100 100 100 100 100 100 100 100 100 100
 100 100 100 100 100 100 100 100 100 100 100 100 100 100 100 100 100 100
 100 100 100 100 100 100 100 100 100 100 100 100 100 100 100 100 100 100
 100 100 100 100 100 100 100 100 100 100 100 100 100 100 100 100 100 100
 100 100 100 100 100 100 100 100 100 100 100 100 100 100 100 100 100 100
 100 100 100 100 100 100 100 100 100 100 100 100 100 100 100 100 100 100
 100 100 100 100 100 100 100 100 100 100 100 100 100 100 100 100 100 100
 100 100 100 100 100 100 100 100 100 100 100 100 100 100 100 100 100 100
 100 100 100 100 100 100 100 100 100 100 100 100 100 100 100 100 100 100
 100 100 100 100 100 100 100 100 100 100 100 100 100 100 100 100 100 100
 100 100 100 100 100 100 100 100 100 100 100 100 100 100 100 100 100 100
 100 100 100 100 100 100 100 100 100 100 100 100 100 100 100 100 100 100
 100 100 100 100 100 100 100 100 100 100 100 100 100 100 100 100 100 100
 100 100 100 100 100 100 100 100 100 100 100 100 100 100 100 100 100 100
 100 100 100 100 100 100 100 100 100 100 100 100 100 100 100 100 100 100
 100 100 100 100 100 100 100 100 100 100 100 100 100 100 100 100 100 100
 100 100 100 100 100 100 100 100 100 100 100 100 100 100 100 100 100 100
 100 100 100 100 100 100 100 100 100 100 100 100 100 100 100 100 100 100
 100 100 100 100 100 100 100 100 100 100 100 100 100 100 100 100 100 100
 100 100 100 100 100 100 100 100 100 100 100 100 100 100 100 100 100 100
 100 100 100 100 100 100 100 100 100 100 100 100 100 100 100 100 100 100
 100 100 100 100 100 100 100 100 100 100 100 100 100 100 100 100 100 100
 100 100 100 100 100 100 100 100 100 100 100 100 100 100 100 100 100 100
 100 100 100 100 100 100 100 100 100 100 100 100 100 100 100 100 100 100
 100 100 100 100 100 100 100 100 100 100 100 100 100 100 100 100 100 100
 100 100 100 100 100 100 100 100 100 100 100 100 100 100 100 100 100 100
 100 100 100 100 100 100 100 100 100 100 100 100 100 100 100 100 100 100
 100 100 100 100 100 100 100 100 100 100 100 100 100 100 100 100 100 100
 100 100 100 100 100 100 100 100 100 100 100 100 100 100 100 100 100 100
 100 100 100 100 100 100 100 100 100 100 100 100 100 100 100 100 100 100
 100 100 100 100 100 100 100 100 100 100 100 100 100 100 100 100 100 100
 100 100 100 100 100 100 100 100 100 100 100 100 100 100 100 100 100 100
 100 100 100 100 100 100 100 100 100 100 100 100 100 100 100 100 100 100
 100 100 100 100 100 100 100 100 100 100 100 100 100 100 100 100 100 100
 100 100 100 100 100 100 100 100 100 100 100 100 100 100 100 100 100 100
 100 100 100 100 100 100 100 100 100 100 100 100 100 100 100 100 100 100
 100 100 100 100 100 100 100 100 100 100 100 100 100 100 100 100 100 100
 100 100 100 100 100 100 100 100 100 100 100 100 100 100 100 100 100 100
 100 100 100 100 100 100 100 100 100 100 100 100 100 100 100 100 100 100
 100 100 100 100 100 100 100 100 100 100 100 100 100 100 100 100 100 100
 100 100 100 100 100 100 100 100 100 100 100 100 100 100 100 100 100 100
 100 100 100 100 100 100 100 100 100 100 100 100 100 100 100 100 100 100
 100 100 100 100 100 100 100 100 100 100 100 100 100 100 100 100 100 100
 100 100 100 100 100 100 100 100 100 100 100 100 100 100 100 100 100 100
 100 100 100 100 100 100 100 100 100 100 100 100 100 100 100 100 100 100
 100 100 100 100 100 100 100 100 100 100]
maxCov = 100
maxCovTime = [1.10072880e+09 1.10072889e+09 1.10072897e+09 1.10072906e+09
 1.10072915e+09 1.10072923e+09 1.10072932e+09 1.10072941e+09
 1.10072949e+09 1.10072958e+09 1.10072967e+09 1.10072975e+09
 1.10072984e+09 1.10072992e+09 1.10073001e+09 1.10073010e+09
 1.10073018e+09 1.10073027e+09 1.10073036e+09 1.10073044e+09
 1.10073053e+09 1.10073062e+09 1.10073070e+09 1.10073079e+09
 1.10073088e+09 1.10073096e+09 1.10073105e+09 1.10073114e+09
 1.10073122e+09 1.10073131e+09 1.10073139e+09 1.10073148e+09
 1.10073157e+09 1.10073165e+09 1.10073174e+09 1.10073183e+09
 1.10073191e+09 1.10073200e+09 1.10073209e+09 1.10073217e+09
 1.10073226e+09 1.10073235e+09 1.10073243e+09 1.10073252e+09
 1.10073261e+09 1.10073269e+09 1.10073278e+09 1.10073287e+09
 1.10073295e+09 1.10073304e+09 1.10073312e+09 1.10073321e+09
 1.10073330e+09 1.10073338e+09 1.10073347e+09 1.10073356e+09
 1.10073364e+09 1.10073373e+09 1.10073382e+09 1.10073390e+09
 1.10073399e+09 1.10073408e+09 1.10073416e+09 1.10073425e+09
 1.10073434e+09 1.10073442e+09 1.10073451e+09 1.10073459e+09
 1.10073468e+09 1.10073477e+09 1.10073485e+09 1.10073494e+09
 1.10073503e+09 1.10073511e+09 1.10073520e+09 1.10073529e+09
 1.10073537e+09 1.10073546e+09 1.10073555e+09 1.10073563e+09
 1.10073572e+09 1.10073581e+09 1.10073589e+09 1.10073598e+09
 1.10073607e+09 1.10073615e+09 1.10073624e+09 1.10073632e+09
 1.10073641e+09 1.10073650e+09 1.10073658e+09 1.10073667e+09
 1.10073676e+09 1.10073684e+09 1.10073693e+09 1.10073702e+09
 1.10073710e+09 1.10073719e+09 1.10073728e+09 1.10073736e+09
 1.10073745e+09 1.10073754e+09 1.10073762e+09 1.10073771e+09
 1.10073779e+09 1.10073788e+09 1.10073797e+09 1.10073805e+09
 1.10073814e+09 1.10073823e+09 1.10073831e+09 1.10073840e+09
 1.10073849e+09 1.10073857e+09 1.10073866e+09 1.10073875e+09
 1.10073883e+09 1.10073892e+09 1.10073901e+09 1.10073909e+09
 1.10073918e+09 1.10073927e+09 1.10073935e+09 1.10073944e+09
 1.10073952e+09 1.10073961e+09 1.10073970e+09 1.10073978e+09
 1.10073987e+09 1.10073996e+09 1.10074004e+09 1.10074013e+09
 1.10074022e+09 1.10074030e+09 1.10074039e+09 1.10074048e+09
 1.10074056e+09 1.10074065e+09 1.10074074e+09 1.10074082e+09
 1.10074091e+09 1.10074099e+09 1.10074108e+09 1.10074117e+09
 1.10074125e+09 1.10074134e+09 1.10074143e+09 1.10074151e+09
 1.10074160e+09 1.10074169e+09 1.10074177e+09 1.10074186e+09
 1.10074195e+09 1.10074203e+09 1.10074212e+09 1.10074221e+09
 1.10074229e+09 1.10074238e+09 1.10074247e+09 1.10074255e+09
 1.10074264e+09 1.10074272e+09 1.10074281e+09 1.10074290e+09
 1.10074298e+09 1.10074307e+09 1.10074316e+09 1.10074324e+09
 1.10074333e+09 1.10074342e+09 1.10074350e+09 1.10074359e+09
 1.10074368e+09 1.10074376e+09 1.10074385e+09 1.10074394e+09
 1.10074402e+09 1.10074411e+09 1.10074419e+09 1.10074428e+09
 1.10074437e+09 1.10074445e+09 1.10074454e+09 1.10074463e+09
 1.10074471e+09 1.10074480e+09 1.10074489e+09 1.10074497e+09
 1.10074506e+09 1.10074515e+09 1.10074523e+09 1.10074532e+09
 1.10074541e+09 1.10074549e+09 1.10074558e+09 1.10074567e+09
 1.10074575e+09 1.10074584e+09 1.10074592e+09 1.10074601e+09
 1.10074610e+09 1.10074618e+09 1.10074627e+09 1.10074636e+09
 1.10074644e+09 1.10074653e+09 1.10074662e+09 1.10074670e+09
 1.10074679e+09 1.10074688e+09 1.10074696e+09 1.10074705e+09
 1.10074714e+09 1.10074722e+09 1.10074731e+09 1.10074739e+09
 1.10074748e+09 1.10074757e+09 1.10074765e+09 1.10074774e+09
 1.10074783e+09 1.10074791e+09 1.10074800e+09 1.10074809e+09
 1.10074817e+09 1.10074826e+09 1.10074835e+09 1.10074843e+09
 1.10074852e+09 1.10074861e+09 1.10074869e+09 1.10074878e+09
 1.10074887e+09 1.10074895e+09 1.10074904e+09 1.10074912e+09
 1.10074921e+09 1.10074930e+09 1.10074938e+09 1.10074947e+09
 1.10074956e+09 1.10074964e+09 1.10074973e+09 1.10074982e+09
 1.10074990e+09 1.10074999e+09 1.10075008e+09 1.10075016e+09
 1.10075025e+09 1.10075034e+09 1.10075042e+09 1.10075051e+09
 1.10075059e+09 1.10075068e+09 1.10075077e+09 1.10075085e+09
 1.10075094e+09 1.10075103e+09 1.10075111e+09 1.10075120e+09
 1.10075129e+09 1.10075137e+09 1.10075146e+09 1.10075155e+09
 1.10075163e+09 1.10075172e+09 1.10075181e+09 1.10075189e+09
 1.10075198e+09 1.10075207e+09 1.10075215e+09 1.10075224e+09
 1.10075232e+09 1.10075241e+09 1.10075250e+09 1.10075258e+09
 1.10075267e+09 1.10075276e+09 1.10075284e+09 1.10075293e+09
 1.10075302e+09 1.10075310e+09 1.10075319e+09 1.10075328e+09
 1.10075336e+09 1.10075345e+09 1.10075354e+09 1.10075362e+09
 1.10075371e+09 1.10075379e+09 1.10075388e+09 1.10075397e+09
 1.10075405e+09 1.10075414e+09 1.10075423e+09 1.10075431e+09
 1.10075440e+09 1.10075449e+09 1.10075457e+09 1.10075466e+09
 1.10075475e+09 1.10075483e+09 1.10075492e+09 1.10075501e+09
 1.10075509e+09 1.10075518e+09 1.10075527e+09 1.10075535e+09
 1.10075544e+09 1.10075552e+09 1.10075561e+09 1.10075570e+09
 1.10075578e+09 1.10075587e+09 1.10075596e+09 1.10075604e+09
 1.10075613e+09 1.10075622e+09 1.10075630e+09 1.10075639e+09
 1.10075648e+09 1.10075656e+09 1.10075665e+09 1.10075674e+09
 1.10075682e+09 1.10075691e+09 1.10075699e+09 1.10075708e+09
 1.10075717e+09 1.10075725e+09 1.10075734e+09 1.10075743e+09
 1.10075751e+09 1.10075760e+09 1.10075769e+09 1.10075777e+09
 1.10075786e+09 1.10075795e+09 1.10075803e+09 1.10075812e+09
 1.10075821e+09 1.10075829e+09 1.10075838e+09 1.10075847e+09
 1.10075855e+09 1.10075864e+09 1.10075872e+09 1.10075881e+09
 1.10075890e+09 1.10075898e+09 1.10075907e+09 1.10075916e+09
 1.10075924e+09 1.10075933e+09 1.10075942e+09 1.10075950e+09
 1.10075959e+09 1.10075968e+09 1.10075976e+09 1.10075985e+09
 1.10075994e+09 1.10076002e+09 1.10076011e+09 1.10076019e+09
 1.10076028e+09 1.10076037e+09 1.10076045e+09 1.10076054e+09
 1.10076063e+09 1.10076071e+09 1.10076080e+09 1.10076089e+09
 1.10076097e+09 1.10076106e+09 1.10076115e+09 1.10076123e+09
 1.10076132e+09 1.10076141e+09 1.10076149e+09 1.10076158e+09
 1.10076167e+09 1.10076175e+09 1.10076184e+09 1.10076192e+09
 1.10076201e+09 1.10076210e+09 1.10076218e+09 1.10076227e+09
 1.10076236e+09 1.10076244e+09 1.10076253e+09 1.10076262e+09
 1.10076270e+09 1.10076279e+09 1.10076288e+09 1.10076296e+09
 1.10076305e+09 1.10076314e+09 1.10076322e+09 1.10076331e+09
 1.10076339e+09 1.10076348e+09 1.10076357e+09 1.10076365e+09
 1.10076374e+09 1.10076383e+09 1.10076391e+09 1.10076400e+09
 1.10076409e+09 1.10076417e+09 1.10076426e+09 1.10076435e+09
 1.10076443e+09 1.10076452e+09 1.10076461e+09 1.10076469e+09
 1.10076478e+09 1.10076487e+09 1.10076495e+09 1.10076504e+09
 1.10076512e+09 1.10076521e+09 1.10076530e+09 1.10076538e+09
 1.10076547e+09 1.10076556e+09 1.10076564e+09 1.10076573e+09
 1.10076582e+09 1.10076590e+09 1.10076599e+09 1.10076608e+09
 1.10076616e+09 1.10076625e+09 1.10076634e+09 1.10076642e+09
 1.10076651e+09 1.10076659e+09 1.10076668e+09 1.10076677e+09
 1.10076685e+09 1.10076694e+09 1.10076703e+09 1.10076711e+09
 1.10076720e+09 1.10076729e+09 1.10076737e+09 1.10076746e+09
 1.10076755e+09 1.10076763e+09 1.10076772e+09 1.10076781e+09
 1.10076789e+09 1.10076798e+09 1.10076807e+09 1.10076815e+09
 1.10076824e+09 1.10076832e+09 1.10076841e+09 1.10076850e+09
 1.10076858e+09 1.10076867e+09 1.10076876e+09 1.10076884e+09
 1.10076893e+09 1.10076902e+09 1.10076910e+09 1.10076919e+09
 1.10076928e+09 1.10076936e+09 1.10076945e+09 1.10076954e+09
 1.10076962e+09 1.10076971e+09 1.10076979e+09 1.10076988e+09
 1.10076997e+09 1.10077005e+09 1.10077014e+09 1.10077023e+09
 1.10077031e+09 1.10077040e+09 1.10077049e+09 1.10077057e+09
 1.10077066e+09 1.10077075e+09 1.10077083e+09 1.10077092e+09
 1.10077101e+09 1.10077109e+09 1.10077118e+09 1.10077127e+09
 1.10077135e+09 1.10077144e+09 1.10077152e+09 1.10077161e+09
 1.10077170e+09 1.10077178e+09 1.10077187e+09 1.10077196e+09
 1.10077204e+09 1.10077213e+09 1.10077222e+09 1.10077230e+09
 1.10077239e+09 1.10077248e+09 1.10077256e+09 1.10077265e+09
 1.10077274e+09 1.10077282e+09 1.10077291e+09 1.10077299e+09
 1.10077308e+09 1.10077317e+09 1.10077325e+09 1.10077334e+09
 1.10077343e+09 1.10077351e+09 1.10077360e+09 1.10077369e+09
 1.10077377e+09 1.10077386e+09 1.10077395e+09 1.10077403e+09
 1.10077412e+09 1.10077421e+09 1.10077429e+09 1.10077438e+09
 1.10077447e+09 1.10077455e+09 1.10077464e+09 1.10077472e+09
 1.10077481e+09 1.10077490e+09 1.10077498e+09 1.10077507e+09
 1.10077516e+09 1.10077524e+09 1.10077533e+09 1.10077542e+09
 1.10077550e+09 1.10077559e+09 1.10077568e+09 1.10077576e+09
 1.10077585e+09 1.10077594e+09 1.10077602e+09 1.10077611e+09
 1.10077619e+09 1.10077628e+09 1.10077637e+09 1.10077645e+09
 1.10077654e+09 1.10077663e+09 1.10077671e+09 1.10077680e+09
 1.10077689e+09 1.10077697e+09 1.10077706e+09 1.10077715e+09
 1.10077723e+09 1.10077732e+09 1.10077741e+09 1.10077749e+09
 1.10077758e+09 1.10077767e+09 1.10077775e+09 1.10077784e+09
 1.10077792e+09 1.10077801e+09 1.10077810e+09 1.10077818e+09
 1.10077827e+09 1.10077836e+09 1.10077844e+09 1.10077853e+09
 1.10077862e+09 1.10077870e+09 1.10077879e+09 1.10077888e+09
 1.10077896e+09 1.10077905e+09 1.10077914e+09 1.10077922e+09
 1.10077931e+09 1.10077939e+09 1.10077948e+09 1.10077957e+09
 1.10077965e+09 1.10077974e+09 1.10077983e+09 1.10077991e+09
 1.10078000e+09 1.10078009e+09 1.10078017e+09 1.10078026e+09
 1.10078035e+09 1.10078043e+09 1.10078052e+09 1.10078061e+09
 1.10078069e+09 1.10078078e+09 1.10078087e+09 1.10078095e+09
 1.10078104e+09 1.10078112e+09 1.10078121e+09 1.10078130e+09
 1.10078138e+09 1.10078147e+09 1.10078156e+09 1.10078164e+09
 1.10078173e+09 1.10078182e+09 1.10078190e+09 1.10078199e+09
 1.10078208e+09 1.10078216e+09 1.10078225e+09 1.10078234e+09
 1.10078242e+09 1.10078251e+09 1.10078259e+09 1.10078268e+09
 1.10078277e+09 1.10078285e+09 1.10078294e+09 1.10078303e+09
 1.10078311e+09 1.10078320e+09 1.10078329e+09 1.10078337e+09
 1.10078346e+09 1.10078355e+09 1.10078363e+09 1.10078372e+09
 1.10078381e+09 1.10078389e+09 1.10078398e+09 1.10078407e+09
 1.10078415e+09 1.10078424e+09 1.10078432e+09 1.10078441e+09
 1.10078450e+09 1.10078458e+09 1.10078467e+09 1.10078476e+09
 1.10078484e+09 1.10078493e+09 1.10078502e+09 1.10078510e+09
 1.10078519e+09 1.10078528e+09 1.10078536e+09 1.10078545e+09
 1.10078554e+09 1.10078562e+09 1.10078571e+09 1.10078579e+09
 1.10078588e+09 1.10078597e+09 1.10078605e+09 1.10078614e+09
 1.10078623e+09 1.10078631e+09 1.10078640e+09 1.10078649e+09
 1.10078657e+09 1.10078666e+09 1.10078675e+09 1.10078683e+09
 1.10078692e+09 1.10078701e+09 1.10078709e+09 1.10078718e+09
 1.10078727e+09 1.10078735e+09 1.10078744e+09 1.10078752e+09
 1.10078761e+09 1.10078770e+09 1.10078778e+09 1.10078787e+09
 1.10078796e+09 1.10078804e+09 1.10078813e+09 1.10078822e+09
 1.10078830e+09 1.10078839e+09 1.10078848e+09 1.10078856e+09
 1.10078865e+09 1.10078874e+09 1.10078882e+09 1.10078891e+09
 1.10078899e+09 1.10078908e+09 1.10078917e+09 1.10078925e+09
 1.10078934e+09 1.10078943e+09 1.10078951e+09 1.10078960e+09
 1.10078969e+09 1.10078977e+09 1.10078986e+09 1.10078995e+09
 1.10079003e+09 1.10079012e+09 1.10079021e+09 1.10079029e+09
 1.10079038e+09 1.10079047e+09 1.10079055e+09 1.10079064e+09
 1.10079072e+09 1.10079081e+09 1.10079090e+09 1.10079098e+09
 1.10079107e+09 1.10079116e+09 1.10079124e+09 1.10079133e+09
 1.10079142e+09 1.10079150e+09 1.10079159e+09 1.10079168e+09
 1.10079176e+09 1.10079185e+09 1.10079194e+09 1.10079202e+09
 1.10079211e+09 1.10079219e+09 1.10079228e+09 1.10079237e+09
 1.10079245e+09 1.10079254e+09 1.10079263e+09 1.10079271e+09
 1.10079280e+09 1.10079289e+09 1.10079297e+09 1.10079306e+09
 1.10079315e+09 1.10079323e+09 1.10079332e+09 1.10079341e+09
 1.10079349e+09 1.10079358e+09 1.10079367e+09 1.10079375e+09
 1.10079384e+09 1.10079392e+09 1.10079401e+09 1.10079410e+09
 1.10079418e+09 1.10079427e+09 1.10079436e+09 1.10079444e+09
 1.10079453e+09 1.10079462e+09 1.10079470e+09 1.10079479e+09
 1.10079488e+09 1.10079496e+09 1.10079505e+09 1.10079514e+09
 1.10079522e+09 1.10079531e+09 1.10079539e+09 1.10079548e+09
 1.10079557e+09 1.10079565e+09 1.10079574e+09 1.10079583e+09
 1.10079591e+09 1.10079600e+09 1.10079609e+09 1.10079617e+09
 1.10079626e+09 1.10079635e+09 1.10079643e+09 1.10079652e+09
 1.10079661e+09 1.10079669e+09 1.10079678e+09 1.10079687e+09
 1.10079695e+09 1.10079704e+09 1.10079712e+09 1.10079721e+09
 1.10079730e+09 1.10079738e+09 1.10079747e+09 1.10079756e+09
 1.10079764e+09 1.10079773e+09 1.10079782e+09 1.10079790e+09
 1.10079799e+09 1.10079808e+09 1.10079816e+09 1.10079825e+09
 1.10079834e+09 1.10079842e+09 1.10079851e+09 1.10079859e+09
 1.10079868e+09 1.10079877e+09 1.10079885e+09 1.10079894e+09
 1.10079903e+09 1.10079911e+09 1.10079920e+09 1.10079929e+09
 1.10079937e+09 1.10079946e+09 1.10079955e+09 1.10079963e+09
 1.10079972e+09 1.10079981e+09 1.10079989e+09 1.10079998e+09
 1.10080007e+09 1.10080015e+09 1.10080024e+09 1.10080032e+09
 1.10080041e+09 1.10080050e+09 1.10080058e+09 1.10080067e+09
 1.10080076e+09 1.10080084e+09 1.10080093e+09 1.10080102e+09
 1.10080110e+09 1.10080119e+09 1.10080128e+09 1.10080136e+09
 1.10080145e+09 1.10080154e+09 1.10080162e+09 1.10080171e+09
 1.10080179e+09 1.10080188e+09 1.10080197e+09 1.10080205e+09
 1.10080214e+09 1.10080223e+09 1.10080231e+09 1.10080240e+09
 1.10080249e+09 1.10080257e+09 1.10080266e+09 1.10080275e+09
 1.10080283e+09 1.10080292e+09 1.10080301e+09 1.10080309e+09
 1.10080318e+09 1.10080327e+09 1.10080335e+09 1.10080344e+09
 1.10080352e+09 1.10080361e+09 1.10080370e+09 1.10080378e+09
 1.10080387e+09 1.10080396e+09 1.10080404e+09 1.10080413e+09
 1.10080422e+09 1.10080430e+09 1.10080439e+09 1.10080448e+09
 1.10080456e+09 1.10080465e+09 1.10080474e+09 1.10080482e+09
 1.10080491e+09 1.10080499e+09 1.10080508e+09 1.10080517e+09
 1.10080525e+09 1.10080534e+09 1.10080543e+09 1.10080551e+09
 1.10080560e+09 1.10080569e+09 1.10080577e+09 1.10080586e+09
 1.10080595e+09 1.10080603e+09 1.10080612e+09 1.10080621e+09
 1.10080629e+09 1.10080638e+09 1.10080647e+09 1.10080655e+09
 1.10080664e+09 1.10080672e+09 1.10080681e+09 1.10080690e+09
 1.10080698e+09 1.10080707e+09 1.10080716e+09 1.10080724e+09
 1.10080733e+09 1.10080742e+09 1.10080750e+09 1.10080759e+09
 1.10080768e+09 1.10080776e+09 1.10080785e+09 1.10080794e+09
 1.10080802e+09 1.10080811e+09 1.10080819e+09 1.10080828e+09
 1.10080837e+09 1.10080845e+09 1.10080854e+09 1.10080863e+09
 1.10080871e+09 1.10080880e+09 1.10080889e+09 1.10080897e+09
 1.10080906e+09 1.10080915e+09 1.10080923e+09 1.10080932e+09
 1.10080941e+09 1.10080949e+09 1.10080958e+09 1.10080967e+09
 1.10080975e+09 1.10080984e+09 1.10080992e+09 1.10081001e+09
 1.10081010e+09 1.10081018e+09 1.10081027e+09 1.10081036e+09
 1.10081044e+09 1.10081053e+09 1.10081062e+09 1.10081070e+09
 1.10081079e+09 1.10081088e+09 1.10081096e+09 1.10081105e+09
 1.10081114e+09 1.10081122e+09 1.10081131e+09 1.10081139e+09
 1.10081148e+09 1.10081157e+09 1.10081165e+09 1.10081174e+09
 1.10081183e+09 1.10081191e+09 1.10081200e+09 1.10081209e+09
 1.10081217e+09 1.10081226e+09 1.10081235e+09 1.10081243e+09
 1.10081252e+09 1.10081261e+09 1.10081269e+09 1.10081278e+09
 1.10081287e+09 1.10081295e+09 1.10081304e+09 1.10081312e+09
 1.10081321e+09 1.10081330e+09 1.10081338e+09 1.10081347e+09
 1.10081356e+09 1.10081364e+09 1.10081373e+09 1.10081382e+09
 1.10081390e+09 1.10081399e+09 1.10081408e+09 1.10081416e+09
 1.10081425e+09 1.10081434e+09 1.10081442e+09 1.10081451e+09
 1.10081459e+09 1.10081468e+09 1.10081477e+09 1.10081485e+09
 1.10081494e+09 1.10081503e+09 1.10081511e+09 1.10081520e+09]
