name =JUICE_ROI_GAN_4_1_03
flyby = ['2033 NOV 26 18:22:11', '2033 NOV 27 18:22:11']
Observation TW = <SpiceCell dtype = 1, length = 0, size = 2200, card = 2, is_set = 1, adjust = 0, init = 1, base = 94676066263072, data = 94676066263120>
Res(t) = [2.51353744 2.51211458 2.51069138 2.50926784 2.50784397 2.50641975
 2.50499521 2.50357032 2.5021451  2.50071953 2.49929364 2.4978674
 2.49644083 2.49501392 2.49358667 2.49215909 2.49073116 2.4893029
 2.48787431 2.48644537 2.4850161  2.48358649 2.48215654 2.48072626
 2.47929564 2.47786468 2.47643338 2.47500174 2.47356977 2.47213746
 2.47070481 2.46927183 2.4678385  2.46640484 2.46497084 2.46353651
 2.46210183 2.46066682 2.45923147 2.45779579 2.45635976 2.4549234
 2.4534867  2.45204966 2.45061228 2.44917457 2.44773652 2.44629813
 2.4448594  2.44342033 2.44198093 2.44054119 2.43910111 2.43766069
 2.43621993 2.43477884 2.43333741 2.43189564 2.43045353 2.42901108
 2.4275683  2.42612518 2.42468172 2.42323792 2.42179378 2.42034931
 2.41890449 2.41745934 2.41601385 2.41456802 2.41312186 2.41167535
 2.41022851 2.40878133 2.40733381 2.40588595 2.40443776 2.40298922
 2.40154035 2.40009114 2.39864159 2.3971917  2.39574148 2.39429091
 2.39284001 2.39138877 2.38993719 2.38848527 2.38703301 2.38558042
 2.38412748 2.38267421 2.3812206  2.37976665 2.37831236 2.37685774
 2.37540277 2.37394747 2.37249182 2.37103584 2.36957952 2.36812286
 2.36666587 2.36520853 2.36375085 2.36229284 2.36083449 2.3593758
 2.35791677 2.3564574  2.35499769 2.35353765 2.35207726 2.35061654
 2.34915547 2.34769407 2.34623233 2.34477025 2.34330783 2.34184508
 2.34038198 2.33891855 2.33745477 2.33599066 2.33452621 2.33306142
 2.33159629 2.33013082 2.32866501 2.32719886 2.32573238 2.32426555
 2.32279839 2.32133088 2.31986304 2.31839486 2.31692634 2.31545748
 2.31398828 2.31251874 2.31104887 2.30957865 2.30810809 2.3066372
 2.30516597 2.30369439 2.30222248 2.30075023 2.29927764 2.29780471
 2.29633144 2.29485783 2.29338388 2.29190959 2.29043497 2.28896
 2.2874847  2.28600905 2.28453307 2.28305674 2.28158008 2.28010308
 2.27862574 2.27714806 2.27567004 2.27419168 2.27271298 2.27123394
 2.26975456 2.26827484 2.26679479 2.26531439 2.26383365 2.26235258
 2.26087116 2.25938941 2.25790731 2.25642488 2.25494211 2.25345899
 2.25197554 2.25049175 2.24900762 2.24752315 2.24603834 2.24455319
 2.2430677  2.24158187 2.2400957  2.23860919 2.23712234 2.23563515
 2.23414762 2.23265976 2.23117155 2.229683   2.22819412 2.22670489
 2.22521532 2.22372542 2.22223517 2.22074459 2.21925366 2.2177624
 2.21627079 2.21477885 2.21328656 2.21179394 2.21030098 2.20880767
 2.20731403 2.20582005 2.20432572 2.20283106 2.20133606 2.19984072
 2.19834503 2.19684901 2.19535265 2.19385595 2.19235891 2.19086153
 2.18936381 2.18786574 2.18636734 2.1848686  2.18336952 2.1818701
 2.18037034 2.17887024 2.1773698  2.17586902 2.1743679  2.17286644
 2.17136464 2.1698625  2.16836002 2.1668572  2.16535404 2.16385054
 2.1623467  2.16084252 2.159338   2.15783314 2.15632794 2.1548224
 2.15331652 2.1518103  2.15030374 2.14879685 2.14728961 2.14578203
 2.14427411 2.14276585 2.14125725 2.13974831 2.13823903 2.13672941
 2.13521945 2.13370915 2.13219852 2.13068754 2.12917622 2.12766456
 2.12615256 2.12464022 2.12312754 2.12161453 2.12010117 2.11858747
 2.11707343 2.11555905 2.11404433 2.11252928 2.11101388 2.10949814
 2.10798206 2.10646564 2.10494888 2.10343179 2.10191435 2.10039657
 2.09887845 2.09735999 2.0958412  2.09432206 2.09280258 2.09128276
 2.08976261 2.08824211 2.08672127 2.08520009 2.08367858 2.08215672
 2.08063452 2.07911199 2.07758911 2.07606589 2.07454234 2.07301844
 2.07149421 2.06996963 2.06844472 2.06691946 2.06539386 2.06386793
 2.06234165 2.06081504 2.05928809 2.05776079 2.05623316 2.05470518
 2.05317687 2.05164822 2.05011922 2.04858989 2.04706022 2.04553021
 2.04399986 2.04246916 2.04093813 2.03940676 2.03787505 2.036343
 2.03481061 2.03327788 2.03174482 2.03021141 2.02867766 2.02714357
 2.02560915 2.02407438 2.02253927 2.02100383 2.01946804 2.01793192
 2.01639546 2.01485865 2.01332151 2.01178403 2.01024621 2.00870805
 2.00716955 2.00563071 2.00409153 2.00255201 2.00101215 1.99947196
 1.99793142 1.99639055 1.99484933 1.99330778 1.99176589 1.99022365
 1.98868108 1.98713817 1.98559493 1.98405134 1.98250741 1.98096315
 1.97941854 1.9778736  1.97632832 1.97478269 1.97323673 1.97169044
 1.9701438  1.96859682 1.96704951 1.96550185 1.96395386 1.96240553
 1.96085686 1.95930785 1.9577585  1.95620882 1.95465879 1.95310843
 1.95155773 1.95000669 1.94845531 1.94690359 1.94535154 1.94379914
 1.94224641 1.94069334 1.93913994 1.93758619 1.93603211 1.93447768
 1.93292292 1.93136782 1.92981239 1.92825661 1.9267005  1.92514405
 1.92358726 1.92203014 1.92047267 1.91891487 1.91735673 1.91579826
 1.91423944 1.91268029 1.9111208  1.90956098 1.90800081 1.90644031
 1.90487947 1.90331829 1.90175678 1.90019493 1.89863274 1.89707022
 1.89550736 1.89394416 1.89238062 1.89081675 1.88925254 1.88768799
 1.88612311 1.88455789 1.88299233 1.88142644 1.87986021 1.87829365
 1.87672674 1.8751595  1.87359193 1.87202402 1.87045577 1.86888719
 1.86731827 1.86574901 1.86417942 1.86260949 1.86103923 1.85946863
 1.85789769 1.85632642 1.85475482 1.85318287 1.8516106  1.85003798
 1.84846504 1.84689175 1.84531814 1.84374418 1.84216989 1.84059527
 1.83902031 1.83744502 1.83586939 1.83429343 1.83271713 1.8311405
 1.82956353 1.82798623 1.8264086  1.82483063 1.82325232 1.82167369
 1.82009472 1.81851541 1.81693577 1.8153558  1.81377549 1.81219485
 1.81061388 1.80903257 1.80745093 1.80586896 1.80428666 1.80270402
 1.80112104 1.79953774 1.7979541  1.79637013 1.79478583 1.79320119
 1.79161623 1.79003093 1.78844529 1.78685933 1.78527303 1.78368641
 1.78209945 1.78051216 1.77892453 1.77733658 1.77574829 1.77415968
 1.77257073 1.77098145 1.76939184 1.7678019  1.76621163 1.76462103
 1.7630301  1.76143884 1.75984724 1.75825532 1.75666307 1.75507049
 1.75347758 1.75188434 1.75029077 1.74869687 1.74710264 1.74550808
 1.74391319 1.74231798 1.74072243 1.73912656 1.73753036 1.73593383
 1.73433697 1.73273979 1.73114228 1.72954444 1.72794627 1.72634777
 1.72474895 1.7231498  1.72155032 1.71995052 1.71835039 1.71674993
 1.71514915 1.71354804 1.71194661 1.71034485 1.70874276 1.70714035
 1.70553761 1.70393455 1.70233116 1.70072745 1.69912342 1.69751906
 1.69591437 1.69430936 1.69270403 1.69109837 1.68949239 1.68788609
 1.68627946 1.68467251 1.68306524 1.68145764 1.67984972 1.67824148
 1.67663292 1.67502404 1.67341483 1.67180531 1.67019546 1.66858529
 1.6669748  1.66536399 1.66375286 1.6621414  1.66052963 1.65891754
 1.65730513 1.6556924  1.65407935 1.65246599 1.6508523  1.6492383
 1.64762397 1.64600933 1.64439437 1.6427791  1.6411635  1.63954759
 1.63793137 1.63631482 1.63469797 1.63308079 1.6314633  1.62984549
 1.62822737 1.62660893 1.62499018 1.62337112 1.62175174 1.62013204
 1.61851203 1.61689171 1.61527108 1.61365013 1.61202887 1.6104073
 1.60878542 1.60716322 1.60554072 1.6039179  1.60229477 1.60067134
 1.59904759 1.59742353 1.59579916 1.59417448 1.5925495  1.5909242
 1.5892986  1.58767269 1.58604647 1.58441995 1.58279312 1.58116598
 1.57953853 1.57791078 1.57628272 1.57465436 1.5730257  1.57139673
 1.56976745 1.56813787 1.56650799 1.56487781 1.56324732 1.56161653
 1.55998544 1.55835404 1.55672235 1.55509035 1.55345806 1.55182546
 1.55019257 1.54855937 1.54692588 1.54529209 1.543658   1.54202361
 1.54038893 1.53875395 1.53711867 1.5354831  1.53384723 1.53221107
 1.53057461 1.52893786 1.52730081 1.52566348 1.52402585 1.52238792
 1.52074971 1.5191112  1.51747241 1.51583332 1.51419395 1.51255428
 1.51091433 1.50927409 1.50763356 1.50599274 1.50435163 1.50271024
 1.50106857 1.49942661 1.49778436 1.49614183 1.49449902 1.49285592
 1.49121254 1.48956888 1.48792494 1.48628072 1.48463622 1.48299144
 1.48134638 1.47970104 1.47805542 1.47640952 1.47476335 1.47311691
 1.47147018 1.46982319 1.46817592 1.46652837 1.46488056 1.46323247
 1.46158411 1.45993547 1.45828657 1.4566374  1.45498796 1.45333825
 1.45168828 1.45003803 1.44838753 1.44673675 1.44508571 1.44343441
 1.44178285 1.44013102 1.43847893 1.43682658 1.43517397 1.4335211
 1.43186797 1.43021458 1.42856094 1.42690704 1.42525289 1.42359848
 1.42194381 1.4202889  1.41863373 1.41697831 1.41532264 1.41366672
 1.41201055 1.41035413 1.40869747 1.40704056 1.4053834  1.403726
 1.40206836 1.40041048 1.39875235 1.39709398 1.39543537 1.39377653
 1.39211744 1.39045812 1.38879857 1.38713878 1.38547875 1.38381849
 1.382158   1.38049728 1.37883633 1.37717516 1.37551375 1.37385212
 1.37219026 1.37052818 1.36886587 1.36720334 1.3655406  1.36387763
 1.36221444 1.36055104 1.35888741 1.35722358 1.35555953 1.35389526
 1.35223079 1.3505661  1.34890121 1.34723611 1.3455708  1.34390528
 1.34223956 1.34057364 1.33890752 1.3372412  1.33557468 1.33390796
 1.33224104 1.33057393 1.32890663 1.32723913 1.32557145 1.32390357
 1.32223551 1.32056726 1.31889883 1.31723021 1.31556141 1.31389243
 1.31222327 1.31055394 1.30888443 1.30721474 1.30554489 1.30387486
 1.30220466 1.3005343  1.29886377 1.29719307 1.29552221 1.29385119
 1.29218002 1.29050868 1.28883719 1.28716555 1.28549375 1.2838218
 1.28214971 1.28047747 1.27880508 1.27713255 1.27545988 1.27378707
 1.27211412 1.27044104 1.26876782 1.26709448 1.265421   1.2637474
 1.26207367 1.26039982 1.25872585 1.25705176 1.25537755 1.25370323
 1.25202879 1.25035425 1.2486796  1.24700484 1.24532998 1.24365502
 1.24197996 1.2403048  1.23862955 1.23695421 1.23527878 1.23360326
 1.23192766 1.23025197 1.22857621 1.22690037 1.22522446 1.22354847
 1.22187242 1.2201963  1.21852012 1.21684388 1.21516757 1.21349122
 1.21181481 1.21013835 1.20846185 1.2067853  1.20510871 1.20343208
 1.20175542 1.20007872 1.198402   1.19672525 1.19504848 1.19337169
 1.19169489 1.19001807 1.18834124 1.1866644  1.18498757 1.18331073
 1.18163389 1.17995707 1.17828025 1.17660345 1.17492666 1.1732499
 1.17157316 1.16989645 1.16821978 1.16654314 1.16486654 1.16318998
 1.16151347 1.15983701 1.15816061 1.15648427 1.15480799 1.15313178
 1.15145564 1.14977957 1.14810359 1.14642769 1.14475188 1.14307617
 1.14140055 1.13972504 1.13804963 1.13637433 1.13469915 1.13302409
 1.13134916 1.12967436 1.12799969 1.12632516 1.12465078 1.12297655
 1.12130247 1.11962855 1.1179548  1.11628123 1.11460782 1.1129346
 1.11126157 1.10958873 1.10791609 1.10624365 1.10457143 1.10289941
 1.10122762 1.09955606 1.09788473 1.09621364 1.0945428  1.09287221
 1.09120188 1.08953181 1.08786201 1.0861925  1.08452326 1.08285432
 1.08118568 1.07951734 1.07784931 1.0761816  1.07451422 1.07284717
 1.07118046 1.0695141  1.06784809 1.06618245 1.06451718 1.06285229
 1.06118778 1.05952367 1.05785996 1.05619666 1.05453379 1.05287133
 1.05120932 1.04954775 1.04788663 1.04622598 1.04456579 1.04290609
 1.04124688 1.03958816 1.03792995 1.03627226 1.0346151  1.03295848
 1.0313024  1.02964688 1.02799193 1.02633756 1.02468377 1.02303058
 1.021378   1.01972605 1.01807472 1.01642404 1.01477401 1.01312465
 1.01147597 1.00982797 1.00818068 1.0065341  1.00488824 1.00324313
 1.00159876 0.99995516 0.99831233 0.9966703  0.99502907 0.99338865
 0.99174907 0.99011033 0.98847245 0.98683545 0.98519933 0.98356411
 0.98192981 0.98029645 0.97866403 0.97703258 0.9754021  0.97377263
 0.97214416 0.97051673 0.96889034 0.96726501 0.96564076 0.96401761
 0.96239558 0.96077468 0.95915493 0.95753635 0.95591896 0.95430278
 0.95268783 0.95107413 0.9494617  0.94785055 0.94624071 0.94463221
 0.94302506 0.94141928 0.93981489 0.93821193]
t = [1.06992095e+09 1.06992098e+09 1.06992100e+09 1.06992103e+09
 1.06992106e+09 1.06992108e+09 1.06992111e+09 1.06992114e+09
 1.06992116e+09 1.06992119e+09 1.06992122e+09 1.06992125e+09
 1.06992127e+09 1.06992130e+09 1.06992133e+09 1.06992135e+09
 1.06992138e+09 1.06992141e+09 1.06992143e+09 1.06992146e+09
 1.06992149e+09 1.06992151e+09 1.06992154e+09 1.06992157e+09
 1.06992159e+09 1.06992162e+09 1.06992165e+09 1.06992167e+09
 1.06992170e+09 1.06992173e+09 1.06992175e+09 1.06992178e+09
 1.06992181e+09 1.06992183e+09 1.06992186e+09 1.06992189e+09
 1.06992192e+09 1.06992194e+09 1.06992197e+09 1.06992200e+09
 1.06992202e+09 1.06992205e+09 1.06992208e+09 1.06992210e+09
 1.06992213e+09 1.06992216e+09 1.06992218e+09 1.06992221e+09
 1.06992224e+09 1.06992226e+09 1.06992229e+09 1.06992232e+09
 1.06992234e+09 1.06992237e+09 1.06992240e+09 1.06992242e+09
 1.06992245e+09 1.06992248e+09 1.06992250e+09 1.06992253e+09
 1.06992256e+09 1.06992259e+09 1.06992261e+09 1.06992264e+09
 1.06992267e+09 1.06992269e+09 1.06992272e+09 1.06992275e+09
 1.06992277e+09 1.06992280e+09 1.06992283e+09 1.06992285e+09
 1.06992288e+09 1.06992291e+09 1.06992293e+09 1.06992296e+09
 1.06992299e+09 1.06992301e+09 1.06992304e+09 1.06992307e+09
 1.06992309e+09 1.06992312e+09 1.06992315e+09 1.06992317e+09
 1.06992320e+09 1.06992323e+09 1.06992326e+09 1.06992328e+09
 1.06992331e+09 1.06992334e+09 1.06992336e+09 1.06992339e+09
 1.06992342e+09 1.06992344e+09 1.06992347e+09 1.06992350e+09
 1.06992352e+09 1.06992355e+09 1.06992358e+09 1.06992360e+09
 1.06992363e+09 1.06992366e+09 1.06992368e+09 1.06992371e+09
 1.06992374e+09 1.06992376e+09 1.06992379e+09 1.06992382e+09
 1.06992384e+09 1.06992387e+09 1.06992390e+09 1.06992393e+09
 1.06992395e+09 1.06992398e+09 1.06992401e+09 1.06992403e+09
 1.06992406e+09 1.06992409e+09 1.06992411e+09 1.06992414e+09
 1.06992417e+09 1.06992419e+09 1.06992422e+09 1.06992425e+09
 1.06992427e+09 1.06992430e+09 1.06992433e+09 1.06992435e+09
 1.06992438e+09 1.06992441e+09 1.06992443e+09 1.06992446e+09
 1.06992449e+09 1.06992451e+09 1.06992454e+09 1.06992457e+09
 1.06992460e+09 1.06992462e+09 1.06992465e+09 1.06992468e+09
 1.06992470e+09 1.06992473e+09 1.06992476e+09 1.06992478e+09
 1.06992481e+09 1.06992484e+09 1.06992486e+09 1.06992489e+09
 1.06992492e+09 1.06992494e+09 1.06992497e+09 1.06992500e+09
 1.06992502e+09 1.06992505e+09 1.06992508e+09 1.06992510e+09
 1.06992513e+09 1.06992516e+09 1.06992518e+09 1.06992521e+09
 1.06992524e+09 1.06992527e+09 1.06992529e+09 1.06992532e+09
 1.06992535e+09 1.06992537e+09 1.06992540e+09 1.06992543e+09
 1.06992545e+09 1.06992548e+09 1.06992551e+09 1.06992553e+09
 1.06992556e+09 1.06992559e+09 1.06992561e+09 1.06992564e+09
 1.06992567e+09 1.06992569e+09 1.06992572e+09 1.06992575e+09
 1.06992577e+09 1.06992580e+09 1.06992583e+09 1.06992585e+09
 1.06992588e+09 1.06992591e+09 1.06992594e+09 1.06992596e+09
 1.06992599e+09 1.06992602e+09 1.06992604e+09 1.06992607e+09
 1.06992610e+09 1.06992612e+09 1.06992615e+09 1.06992618e+09
 1.06992620e+09 1.06992623e+09 1.06992626e+09 1.06992628e+09
 1.06992631e+09 1.06992634e+09 1.06992636e+09 1.06992639e+09
 1.06992642e+09 1.06992644e+09 1.06992647e+09 1.06992650e+09
 1.06992652e+09 1.06992655e+09 1.06992658e+09 1.06992661e+09
 1.06992663e+09 1.06992666e+09 1.06992669e+09 1.06992671e+09
 1.06992674e+09 1.06992677e+09 1.06992679e+09 1.06992682e+09
 1.06992685e+09 1.06992687e+09 1.06992690e+09 1.06992693e+09
 1.06992695e+09 1.06992698e+09 1.06992701e+09 1.06992703e+09
 1.06992706e+09 1.06992709e+09 1.06992711e+09 1.06992714e+09
 1.06992717e+09 1.06992720e+09 1.06992722e+09 1.06992725e+09
 1.06992728e+09 1.06992730e+09 1.06992733e+09 1.06992736e+09
 1.06992738e+09 1.06992741e+09 1.06992744e+09 1.06992746e+09
 1.06992749e+09 1.06992752e+09 1.06992754e+09 1.06992757e+09
 1.06992760e+09 1.06992762e+09 1.06992765e+09 1.06992768e+09
 1.06992770e+09 1.06992773e+09 1.06992776e+09 1.06992778e+09
 1.06992781e+09 1.06992784e+09 1.06992787e+09 1.06992789e+09
 1.06992792e+09 1.06992795e+09 1.06992797e+09 1.06992800e+09
 1.06992803e+09 1.06992805e+09 1.06992808e+09 1.06992811e+09
 1.06992813e+09 1.06992816e+09 1.06992819e+09 1.06992821e+09
 1.06992824e+09 1.06992827e+09 1.06992829e+09 1.06992832e+09
 1.06992835e+09 1.06992837e+09 1.06992840e+09 1.06992843e+09
 1.06992845e+09 1.06992848e+09 1.06992851e+09 1.06992854e+09
 1.06992856e+09 1.06992859e+09 1.06992862e+09 1.06992864e+09
 1.06992867e+09 1.06992870e+09 1.06992872e+09 1.06992875e+09
 1.06992878e+09 1.06992880e+09 1.06992883e+09 1.06992886e+09
 1.06992888e+09 1.06992891e+09 1.06992894e+09 1.06992896e+09
 1.06992899e+09 1.06992902e+09 1.06992904e+09 1.06992907e+09
 1.06992910e+09 1.06992912e+09 1.06992915e+09 1.06992918e+09
 1.06992921e+09 1.06992923e+09 1.06992926e+09 1.06992929e+09
 1.06992931e+09 1.06992934e+09 1.06992937e+09 1.06992939e+09
 1.06992942e+09 1.06992945e+09 1.06992947e+09 1.06992950e+09
 1.06992953e+09 1.06992955e+09 1.06992958e+09 1.06992961e+09
 1.06992963e+09 1.06992966e+09 1.06992969e+09 1.06992971e+09
 1.06992974e+09 1.06992977e+09 1.06992979e+09 1.06992982e+09
 1.06992985e+09 1.06992988e+09 1.06992990e+09 1.06992993e+09
 1.06992996e+09 1.06992998e+09 1.06993001e+09 1.06993004e+09
 1.06993006e+09 1.06993009e+09 1.06993012e+09 1.06993014e+09
 1.06993017e+09 1.06993020e+09 1.06993022e+09 1.06993025e+09
 1.06993028e+09 1.06993030e+09 1.06993033e+09 1.06993036e+09
 1.06993038e+09 1.06993041e+09 1.06993044e+09 1.06993046e+09
 1.06993049e+09 1.06993052e+09 1.06993055e+09 1.06993057e+09
 1.06993060e+09 1.06993063e+09 1.06993065e+09 1.06993068e+09
 1.06993071e+09 1.06993073e+09 1.06993076e+09 1.06993079e+09
 1.06993081e+09 1.06993084e+09 1.06993087e+09 1.06993089e+09
 1.06993092e+09 1.06993095e+09 1.06993097e+09 1.06993100e+09
 1.06993103e+09 1.06993105e+09 1.06993108e+09 1.06993111e+09
 1.06993113e+09 1.06993116e+09 1.06993119e+09 1.06993122e+09
 1.06993124e+09 1.06993127e+09 1.06993130e+09 1.06993132e+09
 1.06993135e+09 1.06993138e+09 1.06993140e+09 1.06993143e+09
 1.06993146e+09 1.06993148e+09 1.06993151e+09 1.06993154e+09
 1.06993156e+09 1.06993159e+09 1.06993162e+09 1.06993164e+09
 1.06993167e+09 1.06993170e+09 1.06993172e+09 1.06993175e+09
 1.06993178e+09 1.06993180e+09 1.06993183e+09 1.06993186e+09
 1.06993189e+09 1.06993191e+09 1.06993194e+09 1.06993197e+09
 1.06993199e+09 1.06993202e+09 1.06993205e+09 1.06993207e+09
 1.06993210e+09 1.06993213e+09 1.06993215e+09 1.06993218e+09
 1.06993221e+09 1.06993223e+09 1.06993226e+09 1.06993229e+09
 1.06993231e+09 1.06993234e+09 1.06993237e+09 1.06993239e+09
 1.06993242e+09 1.06993245e+09 1.06993247e+09 1.06993250e+09
 1.06993253e+09 1.06993256e+09 1.06993258e+09 1.06993261e+09
 1.06993264e+09 1.06993266e+09 1.06993269e+09 1.06993272e+09
 1.06993274e+09 1.06993277e+09 1.06993280e+09 1.06993282e+09
 1.06993285e+09 1.06993288e+09 1.06993290e+09 1.06993293e+09
 1.06993296e+09 1.06993298e+09 1.06993301e+09 1.06993304e+09
 1.06993306e+09 1.06993309e+09 1.06993312e+09 1.06993315e+09
 1.06993317e+09 1.06993320e+09 1.06993323e+09 1.06993325e+09
 1.06993328e+09 1.06993331e+09 1.06993333e+09 1.06993336e+09
 1.06993339e+09 1.06993341e+09 1.06993344e+09 1.06993347e+09
 1.06993349e+09 1.06993352e+09 1.06993355e+09 1.06993357e+09
 1.06993360e+09 1.06993363e+09 1.06993365e+09 1.06993368e+09
 1.06993371e+09 1.06993373e+09 1.06993376e+09 1.06993379e+09
 1.06993382e+09 1.06993384e+09 1.06993387e+09 1.06993390e+09
 1.06993392e+09 1.06993395e+09 1.06993398e+09 1.06993400e+09
 1.06993403e+09 1.06993406e+09 1.06993408e+09 1.06993411e+09
 1.06993414e+09 1.06993416e+09 1.06993419e+09 1.06993422e+09
 1.06993424e+09 1.06993427e+09 1.06993430e+09 1.06993432e+09
 1.06993435e+09 1.06993438e+09 1.06993440e+09 1.06993443e+09
 1.06993446e+09 1.06993449e+09 1.06993451e+09 1.06993454e+09
 1.06993457e+09 1.06993459e+09 1.06993462e+09 1.06993465e+09
 1.06993467e+09 1.06993470e+09 1.06993473e+09 1.06993475e+09
 1.06993478e+09 1.06993481e+09 1.06993483e+09 1.06993486e+09
 1.06993489e+09 1.06993491e+09 1.06993494e+09 1.06993497e+09
 1.06993499e+09 1.06993502e+09 1.06993505e+09 1.06993507e+09
 1.06993510e+09 1.06993513e+09 1.06993516e+09 1.06993518e+09
 1.06993521e+09 1.06993524e+09 1.06993526e+09 1.06993529e+09
 1.06993532e+09 1.06993534e+09 1.06993537e+09 1.06993540e+09
 1.06993542e+09 1.06993545e+09 1.06993548e+09 1.06993550e+09
 1.06993553e+09 1.06993556e+09 1.06993558e+09 1.06993561e+09
 1.06993564e+09 1.06993566e+09 1.06993569e+09 1.06993572e+09
 1.06993574e+09 1.06993577e+09 1.06993580e+09 1.06993583e+09
 1.06993585e+09 1.06993588e+09 1.06993591e+09 1.06993593e+09
 1.06993596e+09 1.06993599e+09 1.06993601e+09 1.06993604e+09
 1.06993607e+09 1.06993609e+09 1.06993612e+09 1.06993615e+09
 1.06993617e+09 1.06993620e+09 1.06993623e+09 1.06993625e+09
 1.06993628e+09 1.06993631e+09 1.06993633e+09 1.06993636e+09
 1.06993639e+09 1.06993641e+09 1.06993644e+09 1.06993647e+09
 1.06993650e+09 1.06993652e+09 1.06993655e+09 1.06993658e+09
 1.06993660e+09 1.06993663e+09 1.06993666e+09 1.06993668e+09
 1.06993671e+09 1.06993674e+09 1.06993676e+09 1.06993679e+09
 1.06993682e+09 1.06993684e+09 1.06993687e+09 1.06993690e+09
 1.06993692e+09 1.06993695e+09 1.06993698e+09 1.06993700e+09
 1.06993703e+09 1.06993706e+09 1.06993708e+09 1.06993711e+09
 1.06993714e+09 1.06993717e+09 1.06993719e+09 1.06993722e+09
 1.06993725e+09 1.06993727e+09 1.06993730e+09 1.06993733e+09
 1.06993735e+09 1.06993738e+09 1.06993741e+09 1.06993743e+09
 1.06993746e+09 1.06993749e+09 1.06993751e+09 1.06993754e+09
 1.06993757e+09 1.06993759e+09 1.06993762e+09 1.06993765e+09
 1.06993767e+09 1.06993770e+09 1.06993773e+09 1.06993775e+09
 1.06993778e+09 1.06993781e+09 1.06993784e+09 1.06993786e+09
 1.06993789e+09 1.06993792e+09 1.06993794e+09 1.06993797e+09
 1.06993800e+09 1.06993802e+09 1.06993805e+09 1.06993808e+09
 1.06993810e+09 1.06993813e+09 1.06993816e+09 1.06993818e+09
 1.06993821e+09 1.06993824e+09 1.06993826e+09 1.06993829e+09
 1.06993832e+09 1.06993834e+09 1.06993837e+09 1.06993840e+09
 1.06993842e+09 1.06993845e+09 1.06993848e+09 1.06993851e+09
 1.06993853e+09 1.06993856e+09 1.06993859e+09 1.06993861e+09
 1.06993864e+09 1.06993867e+09 1.06993869e+09 1.06993872e+09
 1.06993875e+09 1.06993877e+09 1.06993880e+09 1.06993883e+09
 1.06993885e+09 1.06993888e+09 1.06993891e+09 1.06993893e+09
 1.06993896e+09 1.06993899e+09 1.06993901e+09 1.06993904e+09
 1.06993907e+09 1.06993910e+09 1.06993912e+09 1.06993915e+09
 1.06993918e+09 1.06993920e+09 1.06993923e+09 1.06993926e+09
 1.06993928e+09 1.06993931e+09 1.06993934e+09 1.06993936e+09
 1.06993939e+09 1.06993942e+09 1.06993944e+09 1.06993947e+09
 1.06993950e+09 1.06993952e+09 1.06993955e+09 1.06993958e+09
 1.06993960e+09 1.06993963e+09 1.06993966e+09 1.06993968e+09
 1.06993971e+09 1.06993974e+09 1.06993977e+09 1.06993979e+09
 1.06993982e+09 1.06993985e+09 1.06993987e+09 1.06993990e+09
 1.06993993e+09 1.06993995e+09 1.06993998e+09 1.06994001e+09
 1.06994003e+09 1.06994006e+09 1.06994009e+09 1.06994011e+09
 1.06994014e+09 1.06994017e+09 1.06994019e+09 1.06994022e+09
 1.06994025e+09 1.06994027e+09 1.06994030e+09 1.06994033e+09
 1.06994035e+09 1.06994038e+09 1.06994041e+09 1.06994044e+09
 1.06994046e+09 1.06994049e+09 1.06994052e+09 1.06994054e+09
 1.06994057e+09 1.06994060e+09 1.06994062e+09 1.06994065e+09
 1.06994068e+09 1.06994070e+09 1.06994073e+09 1.06994076e+09
 1.06994078e+09 1.06994081e+09 1.06994084e+09 1.06994086e+09
 1.06994089e+09 1.06994092e+09 1.06994094e+09 1.06994097e+09
 1.06994100e+09 1.06994102e+09 1.06994105e+09 1.06994108e+09
 1.06994111e+09 1.06994113e+09 1.06994116e+09 1.06994119e+09
 1.06994121e+09 1.06994124e+09 1.06994127e+09 1.06994129e+09
 1.06994132e+09 1.06994135e+09 1.06994137e+09 1.06994140e+09
 1.06994143e+09 1.06994145e+09 1.06994148e+09 1.06994151e+09
 1.06994153e+09 1.06994156e+09 1.06994159e+09 1.06994161e+09
 1.06994164e+09 1.06994167e+09 1.06994169e+09 1.06994172e+09
 1.06994175e+09 1.06994178e+09 1.06994180e+09 1.06994183e+09
 1.06994186e+09 1.06994188e+09 1.06994191e+09 1.06994194e+09
 1.06994196e+09 1.06994199e+09 1.06994202e+09 1.06994204e+09
 1.06994207e+09 1.06994210e+09 1.06994212e+09 1.06994215e+09
 1.06994218e+09 1.06994220e+09 1.06994223e+09 1.06994226e+09
 1.06994228e+09 1.06994231e+09 1.06994234e+09 1.06994236e+09
 1.06994239e+09 1.06994242e+09 1.06994245e+09 1.06994247e+09
 1.06994250e+09 1.06994253e+09 1.06994255e+09 1.06994258e+09
 1.06994261e+09 1.06994263e+09 1.06994266e+09 1.06994269e+09
 1.06994271e+09 1.06994274e+09 1.06994277e+09 1.06994279e+09
 1.06994282e+09 1.06994285e+09 1.06994287e+09 1.06994290e+09
 1.06994293e+09 1.06994295e+09 1.06994298e+09 1.06994301e+09
 1.06994303e+09 1.06994306e+09 1.06994309e+09 1.06994312e+09
 1.06994314e+09 1.06994317e+09 1.06994320e+09 1.06994322e+09
 1.06994325e+09 1.06994328e+09 1.06994330e+09 1.06994333e+09
 1.06994336e+09 1.06994338e+09 1.06994341e+09 1.06994344e+09
 1.06994346e+09 1.06994349e+09 1.06994352e+09 1.06994354e+09
 1.06994357e+09 1.06994360e+09 1.06994362e+09 1.06994365e+09
 1.06994368e+09 1.06994370e+09 1.06994373e+09 1.06994376e+09
 1.06994379e+09 1.06994381e+09 1.06994384e+09 1.06994387e+09
 1.06994389e+09 1.06994392e+09 1.06994395e+09 1.06994397e+09
 1.06994400e+09 1.06994403e+09 1.06994405e+09 1.06994408e+09
 1.06994411e+09 1.06994413e+09 1.06994416e+09 1.06994419e+09
 1.06994421e+09 1.06994424e+09 1.06994427e+09 1.06994429e+09
 1.06994432e+09 1.06994435e+09 1.06994437e+09 1.06994440e+09
 1.06994443e+09 1.06994446e+09 1.06994448e+09 1.06994451e+09
 1.06994454e+09 1.06994456e+09 1.06994459e+09 1.06994462e+09
 1.06994464e+09 1.06994467e+09 1.06994470e+09 1.06994472e+09
 1.06994475e+09 1.06994478e+09 1.06994480e+09 1.06994483e+09
 1.06994486e+09 1.06994488e+09 1.06994491e+09 1.06994494e+09
 1.06994496e+09 1.06994499e+09 1.06994502e+09 1.06994505e+09
 1.06994507e+09 1.06994510e+09 1.06994513e+09 1.06994515e+09
 1.06994518e+09 1.06994521e+09 1.06994523e+09 1.06994526e+09
 1.06994529e+09 1.06994531e+09 1.06994534e+09 1.06994537e+09
 1.06994539e+09 1.06994542e+09 1.06994545e+09 1.06994547e+09
 1.06994550e+09 1.06994553e+09 1.06994555e+09 1.06994558e+09
 1.06994561e+09 1.06994563e+09 1.06994566e+09 1.06994569e+09
 1.06994572e+09 1.06994574e+09 1.06994577e+09 1.06994580e+09
 1.06994582e+09 1.06994585e+09 1.06994588e+09 1.06994590e+09
 1.06994593e+09 1.06994596e+09 1.06994598e+09 1.06994601e+09
 1.06994604e+09 1.06994606e+09 1.06994609e+09 1.06994612e+09
 1.06994614e+09 1.06994617e+09 1.06994620e+09 1.06994622e+09
 1.06994625e+09 1.06994628e+09 1.06994630e+09 1.06994633e+09
 1.06994636e+09 1.06994639e+09 1.06994641e+09 1.06994644e+09
 1.06994647e+09 1.06994649e+09 1.06994652e+09 1.06994655e+09
 1.06994657e+09 1.06994660e+09 1.06994663e+09 1.06994665e+09
 1.06994668e+09 1.06994671e+09 1.06994673e+09 1.06994676e+09
 1.06994679e+09 1.06994681e+09 1.06994684e+09 1.06994687e+09
 1.06994689e+09 1.06994692e+09 1.06994695e+09 1.06994697e+09
 1.06994700e+09 1.06994703e+09 1.06994706e+09 1.06994708e+09
 1.06994711e+09 1.06994714e+09 1.06994716e+09 1.06994719e+09
 1.06994722e+09 1.06994724e+09 1.06994727e+09 1.06994730e+09
 1.06994732e+09 1.06994735e+09 1.06994738e+09 1.06994740e+09
 1.06994743e+09 1.06994746e+09 1.06994748e+09 1.06994751e+09
 1.06994754e+09 1.06994756e+09 1.06994759e+09 1.06994762e+09
 1.06994764e+09 1.06994767e+09 1.06994770e+09 1.06994773e+09]
minRes = 0.9382119269787227
minResTime = [1.06994773e+09]
Cov(t) = [ 82.73636819  83.70902876  84.67241842  85.62661964  86.57171453
  87.507786    88.43491425  89.35318262  90.26266975  91.16345689
  92.05562523  92.93925178  93.81441883  94.68120105 100.
 100.         100.         100.         100.          62.5121026
  65.39149169  65.67939269  72.13687771  78.41794704  83.66724589
 100.         100.         100.         100.         100.
 100.         100.         100.         100.         100.
 100.         100.         100.         100.         100.
 100.         100.         100.         100.         100.
 100.         100.         100.         100.         100.
 100.         100.         100.         100.         100.
 100.         100.         100.         100.         100.
 100.         100.         100.         100.         100.
 100.         100.         100.         100.         100.
 100.         100.         100.         100.         100.
 100.         100.         100.         100.         100.
 100.         100.         100.         100.         100.
 100.         100.         100.         100.         100.
 100.         100.         100.         100.         100.
 100.         100.         100.         100.         100.
 100.         100.         100.         100.         100.
 100.         100.         100.         100.         100.
 100.         100.         100.         100.         100.
 100.         100.         100.         100.         100.
 100.         100.         100.         100.         100.
 100.         100.         100.         100.         100.
 100.         100.         100.         100.         100.
 100.         100.         100.         100.         100.
 100.         100.         100.         100.         100.
 100.         100.         100.         100.         100.
 100.         100.         100.         100.         100.
 100.         100.         100.         100.         100.
 100.         100.         100.         100.         100.
 100.         100.         100.         100.         100.
 100.         100.         100.         100.         100.
 100.         100.         100.         100.         100.
 100.         100.         100.         100.         100.
 100.         100.         100.         100.         100.
 100.         100.         100.         100.         100.
 100.         100.         100.         100.         100.
 100.         100.         100.         100.         100.
 100.         100.         100.         100.         100.
 100.         100.         100.         100.         100.
 100.         100.         100.         100.         100.
 100.         100.         100.         100.         100.
 100.         100.         100.         100.         100.
 100.         100.         100.         100.         100.
 100.         100.         100.         100.         100.
 100.         100.         100.         100.         100.
 100.         100.         100.         100.         100.
 100.         100.         100.         100.         100.
 100.         100.         100.         100.         100.
 100.         100.         100.         100.         100.
 100.         100.         100.         100.         100.
 100.         100.         100.         100.         100.
 100.         100.         100.         100.         100.
 100.         100.         100.         100.         100.
 100.         100.         100.         100.         100.
 100.         100.         100.         100.         100.
 100.         100.         100.         100.         100.
 100.         100.         100.         100.         100.
 100.         100.         100.         100.         100.
 100.         100.         100.         100.         100.
 100.         100.         100.         100.         100.
 100.         100.         100.         100.         100.
 100.         100.         100.         100.         100.
 100.         100.         100.         100.         100.
 100.         100.         100.         100.         100.
 100.         100.         100.         100.         100.
 100.         100.         100.         100.         100.
 100.         100.         100.         100.         100.
 100.         100.         100.         100.         100.
 100.         100.         100.         100.         100.
 100.         100.         100.         100.         100.
 100.         100.         100.         100.         100.
 100.         100.         100.         100.         100.
 100.         100.         100.         100.         100.
 100.         100.         100.         100.         100.
 100.         100.         100.         100.         100.
 100.         100.         100.         100.         100.
 100.         100.         100.         100.         100.
 100.         100.         100.         100.         100.
 100.         100.         100.         100.         100.
 100.         100.         100.         100.         100.
 100.         100.         100.         100.         100.
 100.         100.         100.         100.         100.
 100.         100.         100.         100.         100.
 100.         100.         100.         100.         100.
 100.         100.         100.         100.         100.
 100.         100.         100.         100.         100.
 100.         100.         100.         100.         100.
 100.         100.         100.         100.         100.
 100.         100.         100.         100.         100.
 100.         100.         100.         100.         100.
 100.         100.         100.         100.         100.
 100.         100.         100.         100.         100.
 100.         100.         100.         100.         100.
 100.         100.         100.         100.         100.
 100.         100.         100.         100.         100.
 100.         100.         100.         100.         100.
 100.         100.         100.         100.         100.
 100.         100.         100.         100.         100.
 100.         100.         100.         100.         100.
 100.         100.         100.         100.         100.
 100.         100.         100.         100.         100.
 100.         100.         100.         100.         100.
 100.         100.         100.         100.         100.
 100.         100.         100.         100.         100.
 100.         100.         100.         100.         100.
 100.         100.         100.         100.         100.
 100.         100.         100.         100.         100.
 100.         100.         100.         100.         100.
 100.         100.         100.         100.         100.
 100.         100.         100.         100.         100.
 100.         100.         100.         100.         100.
 100.         100.         100.         100.         100.
 100.         100.         100.         100.         100.
 100.         100.         100.         100.         100.
 100.         100.         100.         100.         100.
 100.         100.         100.         100.         100.
 100.         100.         100.         100.         100.
 100.         100.         100.         100.         100.
 100.         100.         100.         100.         100.
 100.         100.         100.         100.         100.
 100.         100.         100.         100.         100.
 100.         100.         100.         100.         100.
 100.         100.         100.         100.         100.
 100.         100.         100.         100.         100.
 100.         100.         100.         100.         100.
 100.         100.         100.         100.         100.
 100.         100.         100.         100.         100.
 100.         100.         100.         100.         100.
 100.         100.         100.         100.         100.
 100.         100.         100.         100.         100.
 100.         100.         100.         100.         100.
 100.         100.         100.         100.         100.
 100.         100.         100.         100.         100.
 100.         100.         100.         100.         100.
 100.         100.         100.         100.         100.
 100.         100.         100.         100.         100.
 100.         100.         100.         100.         100.
 100.         100.         100.         100.         100.
 100.         100.         100.         100.         100.
 100.         100.         100.         100.         100.
 100.         100.         100.         100.         100.
 100.         100.         100.         100.         100.
 100.         100.         100.         100.         100.
 100.         100.         100.         100.         100.
 100.         100.         100.         100.         100.
 100.         100.         100.         100.         100.
 100.         100.         100.         100.         100.
 100.         100.         100.         100.         100.
 100.         100.         100.         100.         100.
 100.         100.         100.         100.         100.
 100.         100.         100.         100.         100.
 100.         100.         100.         100.         100.
 100.         100.         100.         100.         100.
 100.         100.         100.         100.         100.
 100.         100.         100.         100.         100.
 100.         100.         100.         100.         100.
 100.         100.         100.         100.         100.
 100.         100.         100.         100.         100.
 100.         100.         100.         100.         100.
 100.         100.         100.         100.         100.
 100.         100.         100.         100.         100.
 100.         100.         100.         100.         100.
 100.         100.         100.         100.         100.
 100.         100.         100.         100.         100.
 100.         100.         100.         100.         100.
 100.         100.         100.         100.         100.
 100.         100.         100.         100.         100.
 100.         100.         100.         100.         100.
 100.         100.         100.         100.         100.
 100.         100.         100.         100.         100.
 100.         100.         100.         100.         100.
 100.         100.         100.         100.         100.
 100.         100.         100.         100.         100.
 100.         100.         100.         100.         100.
 100.         100.         100.         100.         100.
 100.         100.         100.         100.         100.
 100.         100.         100.         100.         100.
 100.         100.         100.         100.         100.
 100.         100.         100.         100.         100.
 100.         100.         100.         100.         100.
 100.         100.         100.         100.         100.
 100.         100.         100.         100.         100.
 100.         100.         100.         100.         100.
 100.         100.         100.         100.         100.
 100.         100.         100.         100.         100.
 100.         100.         100.         100.         100.
 100.         100.         100.         100.         100.
 100.         100.         100.         100.         100.
 100.         100.         100.         100.         100.
 100.         100.         100.         100.         100.
 100.         100.         100.         100.         100.
 100.         100.         100.         100.         100.
 100.         100.         100.         100.         100.
 100.         100.         100.         100.         100.
 100.         100.         100.         100.         100.
 100.         100.         100.         100.         100.        ]
maxCov = 100.0
maxCovTime = [1.06992133e+09 1.06992135e+09 1.06992138e+09 1.06992141e+09
 1.06992143e+09 1.06992162e+09 1.06992165e+09 1.06992167e+09
 1.06992170e+09 1.06992173e+09 1.06992175e+09 1.06992178e+09
 1.06992181e+09 1.06992183e+09 1.06992186e+09 1.06992189e+09
 1.06992192e+09 1.06992194e+09 1.06992197e+09 1.06992200e+09
 1.06992202e+09 1.06992205e+09 1.06992208e+09 1.06992210e+09
 1.06992213e+09 1.06992216e+09 1.06992218e+09 1.06992221e+09
 1.06992224e+09 1.06992226e+09 1.06992229e+09 1.06992232e+09
 1.06992234e+09 1.06992237e+09 1.06992240e+09 1.06992242e+09
 1.06992245e+09 1.06992248e+09 1.06992250e+09 1.06992253e+09
 1.06992256e+09 1.06992259e+09 1.06992261e+09 1.06992264e+09
 1.06992267e+09 1.06992269e+09 1.06992272e+09 1.06992275e+09
 1.06992277e+09 1.06992280e+09 1.06992283e+09 1.06992285e+09
 1.06992288e+09 1.06992291e+09 1.06992293e+09 1.06992296e+09
 1.06992299e+09 1.06992301e+09 1.06992304e+09 1.06992307e+09
 1.06992309e+09 1.06992312e+09 1.06992315e+09 1.06992317e+09
 1.06992320e+09 1.06992323e+09 1.06992326e+09 1.06992328e+09
 1.06992331e+09 1.06992334e+09 1.06992336e+09 1.06992339e+09
 1.06992342e+09 1.06992344e+09 1.06992347e+09 1.06992350e+09
 1.06992352e+09 1.06992355e+09 1.06992358e+09 1.06992360e+09
 1.06992363e+09 1.06992366e+09 1.06992368e+09 1.06992371e+09
 1.06992374e+09 1.06992376e+09 1.06992379e+09 1.06992382e+09
 1.06992384e+09 1.06992387e+09 1.06992390e+09 1.06992393e+09
 1.06992395e+09 1.06992398e+09 1.06992401e+09 1.06992403e+09
 1.06992406e+09 1.06992409e+09 1.06992411e+09 1.06992414e+09
 1.06992417e+09 1.06992419e+09 1.06992422e+09 1.06992425e+09
 1.06992427e+09 1.06992430e+09 1.06992433e+09 1.06992435e+09
 1.06992438e+09 1.06992441e+09 1.06992443e+09 1.06992446e+09
 1.06992449e+09 1.06992451e+09 1.06992454e+09 1.06992457e+09
 1.06992460e+09 1.06992462e+09 1.06992465e+09 1.06992468e+09
 1.06992470e+09 1.06992473e+09 1.06992476e+09 1.06992478e+09
 1.06992481e+09 1.06992484e+09 1.06992486e+09 1.06992489e+09
 1.06992492e+09 1.06992494e+09 1.06992497e+09 1.06992500e+09
 1.06992502e+09 1.06992505e+09 1.06992508e+09 1.06992510e+09
 1.06992513e+09 1.06992516e+09 1.06992518e+09 1.06992521e+09
 1.06992524e+09 1.06992527e+09 1.06992529e+09 1.06992532e+09
 1.06992535e+09 1.06992537e+09 1.06992540e+09 1.06992543e+09
 1.06992545e+09 1.06992548e+09 1.06992551e+09 1.06992553e+09
 1.06992556e+09 1.06992559e+09 1.06992561e+09 1.06992564e+09
 1.06992567e+09 1.06992569e+09 1.06992572e+09 1.06992575e+09
 1.06992577e+09 1.06992580e+09 1.06992583e+09 1.06992585e+09
 1.06992588e+09 1.06992591e+09 1.06992594e+09 1.06992596e+09
 1.06992599e+09 1.06992602e+09 1.06992604e+09 1.06992607e+09
 1.06992610e+09 1.06992612e+09 1.06992615e+09 1.06992618e+09
 1.06992620e+09 1.06992623e+09 1.06992626e+09 1.06992628e+09
 1.06992631e+09 1.06992634e+09 1.06992636e+09 1.06992639e+09
 1.06992642e+09 1.06992644e+09 1.06992647e+09 1.06992650e+09
 1.06992652e+09 1.06992655e+09 1.06992658e+09 1.06992661e+09
 1.06992663e+09 1.06992666e+09 1.06992669e+09 1.06992671e+09
 1.06992674e+09 1.06992677e+09 1.06992679e+09 1.06992682e+09
 1.06992685e+09 1.06992687e+09 1.06992690e+09 1.06992693e+09
 1.06992695e+09 1.06992698e+09 1.06992701e+09 1.06992703e+09
 1.06992706e+09 1.06992709e+09 1.06992711e+09 1.06992714e+09
 1.06992717e+09 1.06992720e+09 1.06992722e+09 1.06992725e+09
 1.06992728e+09 1.06992730e+09 1.06992733e+09 1.06992736e+09
 1.06992738e+09 1.06992741e+09 1.06992744e+09 1.06992746e+09
 1.06992749e+09 1.06992752e+09 1.06992754e+09 1.06992757e+09
 1.06992760e+09 1.06992762e+09 1.06992765e+09 1.06992768e+09
 1.06992770e+09 1.06992773e+09 1.06992776e+09 1.06992778e+09
 1.06992781e+09 1.06992784e+09 1.06992787e+09 1.06992789e+09
 1.06992792e+09 1.06992795e+09 1.06992797e+09 1.06992800e+09
 1.06992803e+09 1.06992805e+09 1.06992808e+09 1.06992811e+09
 1.06992813e+09 1.06992816e+09 1.06992819e+09 1.06992821e+09
 1.06992824e+09 1.06992827e+09 1.06992829e+09 1.06992832e+09
 1.06992835e+09 1.06992837e+09 1.06992840e+09 1.06992843e+09
 1.06992845e+09 1.06992848e+09 1.06992851e+09 1.06992854e+09
 1.06992856e+09 1.06992859e+09 1.06992862e+09 1.06992864e+09
 1.06992867e+09 1.06992870e+09 1.06992872e+09 1.06992875e+09
 1.06992878e+09 1.06992880e+09 1.06992883e+09 1.06992886e+09
 1.06992888e+09 1.06992891e+09 1.06992894e+09 1.06992896e+09
 1.06992899e+09 1.06992902e+09 1.06992904e+09 1.06992907e+09
 1.06992910e+09 1.06992912e+09 1.06992915e+09 1.06992918e+09
 1.06992921e+09 1.06992923e+09 1.06992926e+09 1.06992929e+09
 1.06992931e+09 1.06992934e+09 1.06992937e+09 1.06992939e+09
 1.06992942e+09 1.06992945e+09 1.06992947e+09 1.06992950e+09
 1.06992953e+09 1.06992955e+09 1.06992958e+09 1.06992961e+09
 1.06992963e+09 1.06992966e+09 1.06992969e+09 1.06992971e+09
 1.06992974e+09 1.06992977e+09 1.06992979e+09 1.06992982e+09
 1.06992985e+09 1.06992988e+09 1.06992990e+09 1.06992993e+09
 1.06992996e+09 1.06992998e+09 1.06993001e+09 1.06993004e+09
 1.06993006e+09 1.06993009e+09 1.06993012e+09 1.06993014e+09
 1.06993017e+09 1.06993020e+09 1.06993022e+09 1.06993025e+09
 1.06993028e+09 1.06993030e+09 1.06993033e+09 1.06993036e+09
 1.06993038e+09 1.06993041e+09 1.06993044e+09 1.06993046e+09
 1.06993049e+09 1.06993052e+09 1.06993055e+09 1.06993057e+09
 1.06993060e+09 1.06993063e+09 1.06993065e+09 1.06993068e+09
 1.06993071e+09 1.06993073e+09 1.06993076e+09 1.06993079e+09
 1.06993081e+09 1.06993084e+09 1.06993087e+09 1.06993089e+09
 1.06993092e+09 1.06993095e+09 1.06993097e+09 1.06993100e+09
 1.06993103e+09 1.06993105e+09 1.06993108e+09 1.06993111e+09
 1.06993113e+09 1.06993116e+09 1.06993119e+09 1.06993122e+09
 1.06993124e+09 1.06993127e+09 1.06993130e+09 1.06993132e+09
 1.06993135e+09 1.06993138e+09 1.06993140e+09 1.06993143e+09
 1.06993146e+09 1.06993148e+09 1.06993151e+09 1.06993154e+09
 1.06993156e+09 1.06993159e+09 1.06993162e+09 1.06993164e+09
 1.06993167e+09 1.06993170e+09 1.06993172e+09 1.06993175e+09
 1.06993178e+09 1.06993180e+09 1.06993183e+09 1.06993186e+09
 1.06993189e+09 1.06993191e+09 1.06993194e+09 1.06993197e+09
 1.06993199e+09 1.06993202e+09 1.06993205e+09 1.06993207e+09
 1.06993210e+09 1.06993213e+09 1.06993215e+09 1.06993218e+09
 1.06993221e+09 1.06993223e+09 1.06993226e+09 1.06993229e+09
 1.06993231e+09 1.06993234e+09 1.06993237e+09 1.06993239e+09
 1.06993242e+09 1.06993245e+09 1.06993247e+09 1.06993250e+09
 1.06993253e+09 1.06993256e+09 1.06993258e+09 1.06993261e+09
 1.06993264e+09 1.06993266e+09 1.06993269e+09 1.06993272e+09
 1.06993274e+09 1.06993277e+09 1.06993280e+09 1.06993282e+09
 1.06993285e+09 1.06993288e+09 1.06993290e+09 1.06993293e+09
 1.06993296e+09 1.06993298e+09 1.06993301e+09 1.06993304e+09
 1.06993306e+09 1.06993309e+09 1.06993312e+09 1.06993315e+09
 1.06993317e+09 1.06993320e+09 1.06993323e+09 1.06993325e+09
 1.06993328e+09 1.06993331e+09 1.06993333e+09 1.06993336e+09
 1.06993339e+09 1.06993341e+09 1.06993344e+09 1.06993347e+09
 1.06993349e+09 1.06993352e+09 1.06993355e+09 1.06993357e+09
 1.06993360e+09 1.06993363e+09 1.06993365e+09 1.06993368e+09
 1.06993371e+09 1.06993373e+09 1.06993376e+09 1.06993379e+09
 1.06993382e+09 1.06993384e+09 1.06993387e+09 1.06993390e+09
 1.06993392e+09 1.06993395e+09 1.06993398e+09 1.06993400e+09
 1.06993403e+09 1.06993406e+09 1.06993408e+09 1.06993411e+09
 1.06993414e+09 1.06993416e+09 1.06993419e+09 1.06993422e+09
 1.06993424e+09 1.06993427e+09 1.06993430e+09 1.06993432e+09
 1.06993435e+09 1.06993438e+09 1.06993440e+09 1.06993443e+09
 1.06993446e+09 1.06993449e+09 1.06993451e+09 1.06993454e+09
 1.06993457e+09 1.06993459e+09 1.06993462e+09 1.06993465e+09
 1.06993467e+09 1.06993470e+09 1.06993473e+09 1.06993475e+09
 1.06993478e+09 1.06993481e+09 1.06993483e+09 1.06993486e+09
 1.06993489e+09 1.06993491e+09 1.06993494e+09 1.06993497e+09
 1.06993499e+09 1.06993502e+09 1.06993505e+09 1.06993507e+09
 1.06993510e+09 1.06993513e+09 1.06993516e+09 1.06993518e+09
 1.06993521e+09 1.06993524e+09 1.06993526e+09 1.06993529e+09
 1.06993532e+09 1.06993534e+09 1.06993537e+09 1.06993540e+09
 1.06993542e+09 1.06993545e+09 1.06993548e+09 1.06993550e+09
 1.06993553e+09 1.06993556e+09 1.06993558e+09 1.06993561e+09
 1.06993564e+09 1.06993566e+09 1.06993569e+09 1.06993572e+09
 1.06993574e+09 1.06993577e+09 1.06993580e+09 1.06993583e+09
 1.06993585e+09 1.06993588e+09 1.06993591e+09 1.06993593e+09
 1.06993596e+09 1.06993599e+09 1.06993601e+09 1.06993604e+09
 1.06993607e+09 1.06993609e+09 1.06993612e+09 1.06993615e+09
 1.06993617e+09 1.06993620e+09 1.06993623e+09 1.06993625e+09
 1.06993628e+09 1.06993631e+09 1.06993633e+09 1.06993636e+09
 1.06993639e+09 1.06993641e+09 1.06993644e+09 1.06993647e+09
 1.06993650e+09 1.06993652e+09 1.06993655e+09 1.06993658e+09
 1.06993660e+09 1.06993663e+09 1.06993666e+09 1.06993668e+09
 1.06993671e+09 1.06993674e+09 1.06993676e+09 1.06993679e+09
 1.06993682e+09 1.06993684e+09 1.06993687e+09 1.06993690e+09
 1.06993692e+09 1.06993695e+09 1.06993698e+09 1.06993700e+09
 1.06993703e+09 1.06993706e+09 1.06993708e+09 1.06993711e+09
 1.06993714e+09 1.06993717e+09 1.06993719e+09 1.06993722e+09
 1.06993725e+09 1.06993727e+09 1.06993730e+09 1.06993733e+09
 1.06993735e+09 1.06993738e+09 1.06993741e+09 1.06993743e+09
 1.06993746e+09 1.06993749e+09 1.06993751e+09 1.06993754e+09
 1.06993757e+09 1.06993759e+09 1.06993762e+09 1.06993765e+09
 1.06993767e+09 1.06993770e+09 1.06993773e+09 1.06993775e+09
 1.06993778e+09 1.06993781e+09 1.06993784e+09 1.06993786e+09
 1.06993789e+09 1.06993792e+09 1.06993794e+09 1.06993797e+09
 1.06993800e+09 1.06993802e+09 1.06993805e+09 1.06993808e+09
 1.06993810e+09 1.06993813e+09 1.06993816e+09 1.06993818e+09
 1.06993821e+09 1.06993824e+09 1.06993826e+09 1.06993829e+09
 1.06993832e+09 1.06993834e+09 1.06993837e+09 1.06993840e+09
 1.06993842e+09 1.06993845e+09 1.06993848e+09 1.06993851e+09
 1.06993853e+09 1.06993856e+09 1.06993859e+09 1.06993861e+09
 1.06993864e+09 1.06993867e+09 1.06993869e+09 1.06993872e+09
 1.06993875e+09 1.06993877e+09 1.06993880e+09 1.06993883e+09
 1.06993885e+09 1.06993888e+09 1.06993891e+09 1.06993893e+09
 1.06993896e+09 1.06993899e+09 1.06993901e+09 1.06993904e+09
 1.06993907e+09 1.06993910e+09 1.06993912e+09 1.06993915e+09
 1.06993918e+09 1.06993920e+09 1.06993923e+09 1.06993926e+09
 1.06993928e+09 1.06993931e+09 1.06993934e+09 1.06993936e+09
 1.06993939e+09 1.06993942e+09 1.06993944e+09 1.06993947e+09
 1.06993950e+09 1.06993952e+09 1.06993955e+09 1.06993958e+09
 1.06993960e+09 1.06993963e+09 1.06993966e+09 1.06993968e+09
 1.06993971e+09 1.06993974e+09 1.06993977e+09 1.06993979e+09
 1.06993982e+09 1.06993985e+09 1.06993987e+09 1.06993990e+09
 1.06993993e+09 1.06993995e+09 1.06993998e+09 1.06994001e+09
 1.06994003e+09 1.06994006e+09 1.06994009e+09 1.06994011e+09
 1.06994014e+09 1.06994017e+09 1.06994019e+09 1.06994022e+09
 1.06994025e+09 1.06994027e+09 1.06994030e+09 1.06994033e+09
 1.06994035e+09 1.06994038e+09 1.06994041e+09 1.06994044e+09
 1.06994046e+09 1.06994049e+09 1.06994052e+09 1.06994054e+09
 1.06994057e+09 1.06994060e+09 1.06994062e+09 1.06994065e+09
 1.06994068e+09 1.06994070e+09 1.06994073e+09 1.06994076e+09
 1.06994078e+09 1.06994081e+09 1.06994084e+09 1.06994086e+09
 1.06994089e+09 1.06994092e+09 1.06994094e+09 1.06994097e+09
 1.06994100e+09 1.06994102e+09 1.06994105e+09 1.06994108e+09
 1.06994111e+09 1.06994113e+09 1.06994116e+09 1.06994119e+09
 1.06994121e+09 1.06994124e+09 1.06994127e+09 1.06994129e+09
 1.06994132e+09 1.06994135e+09 1.06994137e+09 1.06994140e+09
 1.06994143e+09 1.06994145e+09 1.06994148e+09 1.06994151e+09
 1.06994153e+09 1.06994156e+09 1.06994159e+09 1.06994161e+09
 1.06994164e+09 1.06994167e+09 1.06994169e+09 1.06994172e+09
 1.06994175e+09 1.06994178e+09 1.06994180e+09 1.06994183e+09
 1.06994186e+09 1.06994188e+09 1.06994191e+09 1.06994194e+09
 1.06994196e+09 1.06994199e+09 1.06994202e+09 1.06994204e+09
 1.06994207e+09 1.06994210e+09 1.06994212e+09 1.06994215e+09
 1.06994218e+09 1.06994220e+09 1.06994223e+09 1.06994226e+09
 1.06994228e+09 1.06994231e+09 1.06994234e+09 1.06994236e+09
 1.06994239e+09 1.06994242e+09 1.06994245e+09 1.06994247e+09
 1.06994250e+09 1.06994253e+09 1.06994255e+09 1.06994258e+09
 1.06994261e+09 1.06994263e+09 1.06994266e+09 1.06994269e+09
 1.06994271e+09 1.06994274e+09 1.06994277e+09 1.06994279e+09
 1.06994282e+09 1.06994285e+09 1.06994287e+09 1.06994290e+09
 1.06994293e+09 1.06994295e+09 1.06994298e+09 1.06994301e+09
 1.06994303e+09 1.06994306e+09 1.06994309e+09 1.06994312e+09
 1.06994314e+09 1.06994317e+09 1.06994320e+09 1.06994322e+09
 1.06994325e+09 1.06994328e+09 1.06994330e+09 1.06994333e+09
 1.06994336e+09 1.06994338e+09 1.06994341e+09 1.06994344e+09
 1.06994346e+09 1.06994349e+09 1.06994352e+09 1.06994354e+09
 1.06994357e+09 1.06994360e+09 1.06994362e+09 1.06994365e+09
 1.06994368e+09 1.06994370e+09 1.06994373e+09 1.06994376e+09
 1.06994379e+09 1.06994381e+09 1.06994384e+09 1.06994387e+09
 1.06994389e+09 1.06994392e+09 1.06994395e+09 1.06994397e+09
 1.06994400e+09 1.06994403e+09 1.06994405e+09 1.06994408e+09
 1.06994411e+09 1.06994413e+09 1.06994416e+09 1.06994419e+09
 1.06994421e+09 1.06994424e+09 1.06994427e+09 1.06994429e+09
 1.06994432e+09 1.06994435e+09 1.06994437e+09 1.06994440e+09
 1.06994443e+09 1.06994446e+09 1.06994448e+09 1.06994451e+09
 1.06994454e+09 1.06994456e+09 1.06994459e+09 1.06994462e+09
 1.06994464e+09 1.06994467e+09 1.06994470e+09 1.06994472e+09
 1.06994475e+09 1.06994478e+09 1.06994480e+09 1.06994483e+09
 1.06994486e+09 1.06994488e+09 1.06994491e+09 1.06994494e+09
 1.06994496e+09 1.06994499e+09 1.06994502e+09 1.06994505e+09
 1.06994507e+09 1.06994510e+09 1.06994513e+09 1.06994515e+09
 1.06994518e+09 1.06994521e+09 1.06994523e+09 1.06994526e+09
 1.06994529e+09 1.06994531e+09 1.06994534e+09 1.06994537e+09
 1.06994539e+09 1.06994542e+09 1.06994545e+09 1.06994547e+09
 1.06994550e+09 1.06994553e+09 1.06994555e+09 1.06994558e+09
 1.06994561e+09 1.06994563e+09 1.06994566e+09 1.06994569e+09
 1.06994572e+09 1.06994574e+09 1.06994577e+09 1.06994580e+09
 1.06994582e+09 1.06994585e+09 1.06994588e+09 1.06994590e+09
 1.06994593e+09 1.06994596e+09 1.06994598e+09 1.06994601e+09
 1.06994604e+09 1.06994606e+09 1.06994609e+09 1.06994612e+09
 1.06994614e+09 1.06994617e+09 1.06994620e+09 1.06994622e+09
 1.06994625e+09 1.06994628e+09 1.06994630e+09 1.06994633e+09
 1.06994636e+09 1.06994639e+09 1.06994641e+09 1.06994644e+09
 1.06994647e+09 1.06994649e+09 1.06994652e+09 1.06994655e+09
 1.06994657e+09 1.06994660e+09 1.06994663e+09 1.06994665e+09
 1.06994668e+09 1.06994671e+09 1.06994673e+09 1.06994676e+09
 1.06994679e+09 1.06994681e+09 1.06994684e+09 1.06994687e+09
 1.06994689e+09 1.06994692e+09 1.06994695e+09 1.06994697e+09
 1.06994700e+09 1.06994703e+09 1.06994706e+09 1.06994708e+09
 1.06994711e+09 1.06994714e+09 1.06994716e+09 1.06994719e+09
 1.06994722e+09 1.06994724e+09 1.06994727e+09 1.06994730e+09
 1.06994732e+09 1.06994735e+09 1.06994738e+09 1.06994740e+09
 1.06994743e+09 1.06994746e+09 1.06994748e+09 1.06994751e+09
 1.06994754e+09 1.06994756e+09 1.06994759e+09 1.06994762e+09
 1.06994764e+09 1.06994767e+09 1.06994770e+09 1.06994773e+09]
