name =JUICE_ROI_GAN_2_0_08
flyby = ['2034 JUL 11 19:50:31', '2034 JUL 12 19:50:31']
Observation TW = <SpiceCell dtype = 1, length = 0, size = 3200, card = 12, is_set = 1, adjust = 0, init = 1, base = 94628595236592, data = 94628595236640>
Res(t) = [2.63855052 2.63873685 2.63892315 2.63910941 2.63929563 2.63948182
 2.63966797 2.63985408 2.64004016 2.64022621 2.64041221 2.64059818
 2.64078411 2.64097001 2.64115587 2.6413417  2.64152749 2.64171324
 2.64189895 2.64208463 2.64227028 2.64245588 2.64264145 2.64282698
 2.64301248 2.64319794 2.64338336 2.64356874 2.64375409 2.6439394
 2.64412468 2.64430991 2.64449511 2.64468028 2.6448654  2.64505049
 2.64523554 2.64542055 2.64560553 2.64579047 2.64597537 2.64616024
 2.64634506 2.64652985 2.6467146  2.64689932 2.64708399 2.64726863
 2.64745323 2.6476378  2.64782232 2.64800681 2.64819126 2.64837567
 2.64856005 2.64874438 2.64892868 2.64911294 2.64929716 2.64948134
 2.64966549 2.64984959 2.65003366 2.65021769 2.65040169 2.65058564
 2.65076955 2.65095343 2.65113727 2.65132107 2.65150483 2.65168855
 2.65187223 2.65205588 2.65223948 2.65242305 2.65260658 2.65279007
 2.65297352 2.65315693 2.6533403  2.65352364 2.65370693 2.65389019
 2.6540734  2.65425658 2.65443972 2.65462281 2.65480587 2.65498889
 2.65517187 2.65535481 2.65553772 2.65572058 2.6559034  2.65608618
 2.65626892 2.65645163 2.65663429 2.65681692 2.6569995  2.65718204
 2.65736455 2.65754701 2.65772944 2.65791182 2.65809417 2.65827647
 2.65845873 2.65864096 2.65882314 2.65900529 2.65918739 2.65936945
 2.65955148 2.65973346 2.6599154  2.6600973  2.66027917 2.66046099
 2.66064277 2.66082451 2.66100621 2.66118786 2.66136948 2.66155106
 2.6617326  2.66191409 2.66209555 2.66227696 2.66245833 2.66263966
 2.66282095 2.6630022  2.66318341 2.66336458 2.66354571 2.66372679
 2.66390784 2.66408884 2.6642698  2.66445072 2.6646316  2.66481244
 2.66499323 2.66517399 2.6653547  2.66553537 2.665716   2.66589659
 2.66607713 2.66625764 2.6664381  2.66661852 2.6667989  2.66697924
 2.66715953 2.66733979 2.66752    2.66770017 2.6678803  2.66806038
 2.66824043 2.66842043 2.66860039 2.6687803  2.66896018 2.66914001
 2.6693198  2.66949955 2.66967925 2.66985891 2.67003853 2.67021811
 2.67039764 2.67057714 2.67075659 2.67093599 2.67111536 2.67129468
 2.67147396 2.67165319 2.67183239 2.67201154 2.67219064 2.67236971
 2.67254873 2.67272771 2.67290664 2.67308554 2.67326439 2.67344319
 2.67362195 2.67380067 2.67397935 2.67415798 2.67433657 2.67451512
 2.67469362 2.67487208 2.67505049 2.67522887 2.67540719 2.67558548
 2.67576372 2.67594192 2.67612007 2.67629818 2.67647625 2.67665427
 2.67683225 2.67701018 2.67718808 2.67736592 2.67754372 2.67772148
 2.6778992  2.67807687 2.67825449 2.67843208 2.67860962 2.67878711
 2.67896456 2.67914196 2.67931933 2.67949664 2.67967391 2.67985114
 2.68002832 2.68020546 2.68038256 2.68055961 2.68073661 2.68091357
 2.68109049 2.68126736 2.68144418 2.68162097 2.6817977  2.68197439
 2.68215104 2.68232764 2.6825042  2.68268071 2.68285718 2.6830336
 2.68320998 2.68338631 2.68356259 2.68373883 2.68391503 2.68409118
 2.68426728 2.68444334 2.68461936 2.68479533 2.68497125 2.68514713
 2.68532296 2.68549875 2.68567449 2.68585019 2.68602584 2.68620144
 2.686377   2.68655251 2.68672798 2.6869034  2.68707878 2.68725411
 2.68742939 2.68760463 2.68777982 2.68795497 2.68813007 2.68830512
 2.68848013 2.68865509 2.68883    2.68900487 2.6891797  2.68935447
 2.6895292  2.68970389 2.68987852 2.69005311 2.69022766 2.69040216
 2.69057661 2.69075101 2.69092537 2.69109968 2.69127395 2.69144817
 2.69162234 2.69179646 2.69197054 2.69214457 2.69231856 2.69249249
 2.69266638 2.69284023 2.69301403 2.69318777 2.69336148 2.69353513
 2.69370874 2.6938823  2.69405582 2.69422928 2.6944027  2.69457608
 2.6947494  2.69492268 2.69509591 2.69526909 2.69544223 2.69561532
 2.69578836 2.69596135 2.69613429 2.69630719 2.69648004 2.69665285
 2.6968256  2.69699831 2.69717097 2.69734358 2.69751614 2.69768866
 2.69786113 2.69803355 2.69820592 2.69837824 2.69855052 2.69872275
 2.69889493 2.69906706 2.69923915 2.69941118 2.69958317 2.69975511
 2.699927   2.70009884 2.70027064 2.70044238 2.70061408 2.70078573
 2.70095733 2.70112888 2.70130039 2.70147184 2.70164325 2.70181461
 2.70198592 2.70215718 2.70232839 2.70249955 2.70267067 2.70284174
 2.70301275 2.70318372 2.70335464 2.70352551 2.70369633 2.7038671
 2.70403783 2.7042085  2.70437913 2.70454971 2.70472023 2.70489071
 2.70506114 2.70523152 2.70540185 2.70557213 2.70574236 2.70591254
 2.70608268 2.70625276 2.7064228  2.70659278 2.70676272 2.7069326
 2.70710244 2.70727223 2.70744196 2.70761165 2.70778129 2.70795088
 2.70812042 2.7082899  2.70845934 2.70862873 2.70879807 2.70896736
 2.7091366  2.70930579 2.70947493 2.70964402 2.70981306 2.70998205
 2.71015099 2.71031988 2.71048872 2.7106575  2.71082624 2.71099493
 2.71116357 2.71133216 2.7115007  2.71166918 2.71183762 2.71200601
 2.71217435 2.71234263 2.71251086 2.71267905 2.71284718 2.71301527
 2.7131833  2.71335128 2.71351921 2.7136871  2.71385493 2.7140227
 2.71419043 2.71435811 2.71452574 2.71469331 2.71486084 2.71502831
 2.71519574 2.71536311 2.71553043 2.7156977  2.71586492 2.71603209
 2.71619921 2.71636627 2.71653329 2.71670025 2.71686716 2.71703402
 2.71720083 2.71736759 2.7175343  2.71770095 2.71786756 2.71803411
 2.71820061 2.71836706 2.71853346 2.71869981 2.7188661  2.71903235
 2.71919854 2.71936468 2.71953077 2.7196968  2.71986279 2.72002872
 2.7201946  2.72036043 2.72052621 2.72069194 2.72085761 2.72102323
 2.7211888  2.72135432 2.72151979 2.7216852  2.72185056 2.72201587
 2.72218113 2.72234634 2.72251149 2.72267659 2.72284164 2.72300664
 2.72317158 2.72333647 2.72350132 2.7236661  2.72383084 2.72399552
 2.72416015 2.72432473 2.72448925 2.72465372 2.72481814 2.72498251
 2.72514683 2.72531109 2.7254753  2.72563946 2.72580356 2.72596761
 2.72613161 2.72629556 2.72645945 2.72662329 2.72678708 2.72695081
 2.72711449 2.72727812 2.7274417  2.72760522 2.72776869 2.7279321
 2.72809547 2.72825878 2.72842203 2.72858524 2.72874839 2.72891148
 2.72907453 2.72923752 2.72940046 2.72956334 2.72972617 2.72988895
 2.73005167 2.73021434 2.73037696 2.73053953 2.73070203 2.73086449
 2.73102689 2.73118925 2.73135154 2.73151378 2.73167597 2.73183811
 2.73200019 2.73216221 2.73232419 2.73248611 2.73264797 2.73280979
 2.73297155 2.73313325 2.7332949  2.7334565  2.73361804 2.73377953
 2.73394096 2.73410234 2.73426367 2.73442494 2.73458616 2.73474732
 2.73490844 2.73506949 2.73523049 2.73539144 2.73555233 2.73571317
 2.73587396 2.73603469 2.73619536 2.73635598 2.73651655 2.73667706
 2.73683752 2.73699792 2.73715827 2.73731857 2.73747881 2.73763899
 2.73779913 2.7379592  2.73811922 2.73827919 2.7384391  2.73859896
 2.73875876 2.73891851 2.7390782  2.73923784 2.73939742 2.73955695
 2.73971643 2.73987584 2.74003521 2.74019452 2.74035377 2.74051297
 2.74067211 2.7408312  2.74099024 2.74114921 2.74130814 2.74146701
 2.74162582 2.74178458 2.74194328 2.74210193 2.74226052 2.74241905
 2.74257754 2.74273596 2.74289433 2.74305265 2.74321091 2.74336911
 2.74352726 2.74368535 2.74384339 2.74400137 2.7441593  2.74431717
 2.74447499 2.74463275 2.74479045 2.7449481  2.74510569 2.74526323
 2.74542071 2.74557813 2.7457355  2.74589282 2.74605008 2.74620728
 2.74636443 2.74652152 2.74667855 2.74683553 2.74699245 2.74714932
 2.74730613 2.74746288 2.74761958 2.74777622 2.74793281 2.74808934
 2.74824582 2.74840223 2.7485586  2.7487149  2.74887115 2.74902734
 2.74918348 2.74933956 2.74949558 2.74965155 2.74980746 2.74996332
 2.75011911 2.75027486 2.75043054 2.75058617 2.75074175 2.75089726
 2.75105272 2.75120812 2.75136347 2.75151876 2.75167399 2.75182917
 2.75198429 2.75213935 2.75229436 2.75244931 2.7526042  2.75275904
 2.75291381 2.75306854 2.7532232  2.75337781 2.75353236 2.75368686
 2.75384129 2.75399567 2.75415    2.75430427 2.75445848 2.75461263
 2.75476672 2.75492076 2.75507474 2.75522867 2.75538253 2.75553635
 2.7556901  2.7558438  2.75599743 2.75615101 2.75630454 2.756458
 2.75661141 2.75676477 2.75691806 2.7570713  2.75722448 2.7573776
 2.75753066 2.75768367 2.75783662 2.75798951 2.75814235 2.75829513
 2.75844784 2.75860051 2.75875311 2.75890566 2.75905815 2.75921058
 2.75936295 2.75951527 2.75966753 2.75981973 2.75997187 2.76012396
 2.76027598 2.76042795 2.76057986 2.76073172 2.76088352 2.76103525
 2.76118693 2.76133855 2.76149012 2.76164162 2.76179307 2.76194446
 2.76209579 2.76224707 2.76239829 2.76254944 2.76270054 2.76285158
 2.76300257 2.76315349 2.76330436 2.76345517 2.76360592 2.76375661
 2.76390724 2.76405782 2.76420834 2.7643588  2.7645092  2.76465954
 2.76480982 2.76496005 2.76511021 2.76526032 2.76541037 2.76556036
 2.7657103  2.76586017 2.76600999 2.76615975 2.76630944 2.76645908
 2.76660867 2.76675819 2.76690765 2.76705706 2.7672064  2.76735569
 2.76750492 2.76765409 2.7678032  2.76795226 2.76810125 2.76825019
 2.76839906 2.76854788 2.76869664 2.76884534 2.76899398 2.76914256
 2.76929109 2.76943955 2.76958795 2.7697363  2.76988459 2.77003281
 2.77018098 2.77032909 2.77047714 2.77062513 2.77077307 2.77092094
 2.77106876 2.77121651 2.77136421 2.77151184 2.77165942 2.77180694
 2.77195439 2.77210179 2.77224913 2.77239641 2.77254364 2.7726908
 2.7728379  2.77298494 2.77313193 2.77327885 2.77342572 2.77357252
 2.77371927 2.77386595 2.77401258 2.77415915 2.77430565 2.7744521
 2.77459849 2.77474482 2.77489109 2.7750373  2.77518345 2.77532954
 2.77547557 2.77562154 2.77576745 2.7759133  2.77605909 2.77620482
 2.7763505  2.77649611 2.77664166 2.77678715 2.77693258 2.77707796
 2.77722327 2.77736852 2.77751371 2.77765885 2.77780392 2.77794893
 2.77809389 2.77823878 2.77838361 2.77852838 2.7786731  2.77881775
 2.77896234 2.77910687 2.77925134 2.77939576 2.77954011 2.7796844
 2.77982863 2.7799728  2.78011691 2.78026096 2.78040495 2.78054888
 2.78069275 2.78083656 2.78098031 2.781124   2.78126763 2.7814112
 2.7815547  2.78169815 2.78184154 2.78198487 2.78212813 2.78227134
 2.78241448 2.78255757 2.78270059 2.78284355 2.78298646 2.7831293
 2.78327208 2.7834148  2.78355746 2.78370006 2.7838426  2.78398508
 2.7841275  2.78426985 2.78441215 2.78455439 2.78469656 2.78483867
 2.78498073 2.78512272 2.78526465 2.78540652 2.78554833 2.78569008
 2.78583177 2.7859734  2.78611497 2.78625647 2.78639792 2.7865393
 2.78668062 2.78682188 2.78696309 2.78710423 2.7872453  2.78738632
 2.78752728 2.78766818 2.78780901 2.78794978 2.7880905  2.78823115
 2.78837174 2.78851227 2.78865273 2.78879314 2.78893349 2.78907377
 2.789214   2.78935416 2.78949426 2.7896343  2.78977428 2.78991419
 2.79005405 2.79019384 2.79033358 2.79047325 2.79061286 2.79075241
 2.7908919  2.79103132 2.79117069 2.79130999 2.79144923 2.79158841
 2.79172753 2.79186659 2.79200558 2.79214452 2.79228339 2.7924222
 2.79256095 2.79269964 2.79283827 2.79297683 2.79311534 2.79325378
 2.79339216 2.79353048 2.79366873 2.79380693 2.79394507 2.79408314
 2.79422115 2.79435909 2.79449698 2.79463481 2.79477257 2.79491027
 2.79504791 2.79518549 2.79532301 2.79546046 2.79559785 2.79573518
 2.79587245 2.79600966 2.7961468  2.79628389 2.79642091 2.79655787
 2.79669476 2.7968316  2.79696837 2.79710508 2.79724173 2.79737832
 2.79751484 2.79765131 2.79778771 2.79792405 2.79806032 2.79819654
 2.79833269 2.79846878 2.79860481 2.79874078 2.79887668 2.79901253
 2.7991483  2.79928402 2.79941968 2.79955527 2.7996908  2.79982627
 2.79996168 2.80009702 2.8002323  2.80036752 2.80050268 2.80063778
 2.80077281 2.80090778 2.80104269 2.80117753]
t = [1.08960595e+09 1.08960596e+09 1.08960598e+09 1.08960599e+09
 1.08960600e+09 1.08960601e+09 1.08960603e+09 1.08960604e+09
 1.08960605e+09 1.08960607e+09 1.08960608e+09 1.08960609e+09
 1.08960610e+09 1.08960612e+09 1.08960613e+09 1.08960614e+09
 1.08960615e+09 1.08960617e+09 1.08960618e+09 1.08960619e+09
 1.08960621e+09 1.08960622e+09 1.08960623e+09 1.08960624e+09
 1.08960626e+09 1.08960627e+09 1.08960628e+09 1.08960629e+09
 1.08960631e+09 1.08960632e+09 1.08960633e+09 1.08960635e+09
 1.08960636e+09 1.08960637e+09 1.08960638e+09 1.08960640e+09
 1.08960641e+09 1.08960642e+09 1.08960644e+09 1.08960645e+09
 1.08960646e+09 1.08960647e+09 1.08960649e+09 1.08960650e+09
 1.08960651e+09 1.08960652e+09 1.08960654e+09 1.08960655e+09
 1.08960656e+09 1.08960658e+09 1.08960659e+09 1.08960660e+09
 1.08960661e+09 1.08960663e+09 1.08960664e+09 1.08960665e+09
 1.08960666e+09 1.08960668e+09 1.08960669e+09 1.08960670e+09
 1.08960672e+09 1.08960673e+09 1.08960674e+09 1.08960675e+09
 1.08960677e+09 1.08960678e+09 1.08960679e+09 1.08960681e+09
 1.08960682e+09 1.08960683e+09 1.08960684e+09 1.08960686e+09
 1.08960687e+09 1.08960688e+09 1.08960689e+09 1.08960691e+09
 1.08960692e+09 1.08960693e+09 1.08960695e+09 1.08960696e+09
 1.08960697e+09 1.08960698e+09 1.08960700e+09 1.08960701e+09
 1.08960702e+09 1.08960704e+09 1.08960705e+09 1.08960706e+09
 1.08960707e+09 1.08960709e+09 1.08960710e+09 1.08960711e+09
 1.08960712e+09 1.08960714e+09 1.08960715e+09 1.08960716e+09
 1.08960718e+09 1.08960719e+09 1.08960720e+09 1.08960721e+09
 1.08960723e+09 1.08960724e+09 1.08960725e+09 1.08960726e+09
 1.08960728e+09 1.08960729e+09 1.08960730e+09 1.08960732e+09
 1.08960733e+09 1.08960734e+09 1.08960735e+09 1.08960737e+09
 1.08960738e+09 1.08960739e+09 1.08960741e+09 1.08960742e+09
 1.08960743e+09 1.08960744e+09 1.08960746e+09 1.08960747e+09
 1.08960748e+09 1.08960749e+09 1.08960751e+09 1.08960752e+09
 1.08960753e+09 1.08960755e+09 1.08960756e+09 1.08960757e+09
 1.08960758e+09 1.08960760e+09 1.08960761e+09 1.08960762e+09
 1.08960763e+09 1.08960765e+09 1.08960766e+09 1.08960767e+09
 1.08960769e+09 1.08960770e+09 1.08960771e+09 1.08960772e+09
 1.08960774e+09 1.08960775e+09 1.08960776e+09 1.08960778e+09
 1.08960779e+09 1.08960780e+09 1.08960781e+09 1.08960783e+09
 1.08960784e+09 1.08960785e+09 1.08960786e+09 1.08960788e+09
 1.08960789e+09 1.08960790e+09 1.08960792e+09 1.08960793e+09
 1.08960794e+09 1.08960795e+09 1.08960797e+09 1.08960798e+09
 1.08960799e+09 1.08960800e+09 1.08960802e+09 1.08960803e+09
 1.08960804e+09 1.08960806e+09 1.08960807e+09 1.08960808e+09
 1.08960809e+09 1.08960811e+09 1.08960812e+09 1.08960813e+09
 1.08960815e+09 1.08960816e+09 1.08960817e+09 1.08960818e+09
 1.08960820e+09 1.08960821e+09 1.08960822e+09 1.08960823e+09
 1.08960825e+09 1.08960826e+09 1.08960827e+09 1.08960829e+09
 1.08960830e+09 1.08960831e+09 1.08960832e+09 1.08960834e+09
 1.08960835e+09 1.08960836e+09 1.08960838e+09 1.08960839e+09
 1.08960840e+09 1.08960841e+09 1.08960843e+09 1.08960844e+09
 1.08960845e+09 1.08960846e+09 1.08960848e+09 1.08960849e+09
 1.08960850e+09 1.08960852e+09 1.08960853e+09 1.08960854e+09
 1.08960855e+09 1.08960857e+09 1.08960858e+09 1.08960859e+09
 1.08960860e+09 1.08960862e+09 1.08960863e+09 1.08960864e+09
 1.08960866e+09 1.08960867e+09 1.08960868e+09 1.08960869e+09
 1.08960871e+09 1.08960872e+09 1.08960873e+09 1.08960875e+09
 1.08960876e+09 1.08960877e+09 1.08960878e+09 1.08960880e+09
 1.08960881e+09 1.08960882e+09 1.08960883e+09 1.08960885e+09
 1.08960886e+09 1.08960887e+09 1.08960889e+09 1.08960890e+09
 1.08960891e+09 1.08960892e+09 1.08960894e+09 1.08960895e+09
 1.08960896e+09 1.08960897e+09 1.08960899e+09 1.08960900e+09
 1.08960901e+09 1.08960903e+09 1.08960904e+09 1.08960905e+09
 1.08960906e+09 1.08960908e+09 1.08960909e+09 1.08960910e+09
 1.08960912e+09 1.08960913e+09 1.08960914e+09 1.08960915e+09
 1.08960917e+09 1.08960918e+09 1.08960919e+09 1.08960920e+09
 1.08960922e+09 1.08960923e+09 1.08960924e+09 1.08960926e+09
 1.08960927e+09 1.08960928e+09 1.08960929e+09 1.08960931e+09
 1.08960932e+09 1.08960933e+09 1.08960935e+09 1.08960936e+09
 1.08960937e+09 1.08960938e+09 1.08960940e+09 1.08960941e+09
 1.08960942e+09 1.08960943e+09 1.08960945e+09 1.08960946e+09
 1.08960947e+09 1.08960949e+09 1.08960950e+09 1.08960951e+09
 1.08960952e+09 1.08960954e+09 1.08960955e+09 1.08960956e+09
 1.08960957e+09 1.08960959e+09 1.08960960e+09 1.08960961e+09
 1.08960963e+09 1.08960964e+09 1.08960965e+09 1.08960966e+09
 1.08960968e+09 1.08960969e+09 1.08960970e+09 1.08960972e+09
 1.08960973e+09 1.08960974e+09 1.08960975e+09 1.08960977e+09
 1.08960978e+09 1.08960979e+09 1.08960980e+09 1.08960982e+09
 1.08960983e+09 1.08960984e+09 1.08960986e+09 1.08960987e+09
 1.08960988e+09 1.08960989e+09 1.08960991e+09 1.08960992e+09
 1.08960993e+09 1.08960994e+09 1.08960996e+09 1.08960997e+09
 1.08960998e+09 1.08961000e+09 1.08961001e+09 1.08961002e+09
 1.08961003e+09 1.08961005e+09 1.08961006e+09 1.08961007e+09
 1.08961009e+09 1.08961010e+09 1.08961011e+09 1.08961012e+09
 1.08961014e+09 1.08961015e+09 1.08961016e+09 1.08961017e+09
 1.08961019e+09 1.08961020e+09 1.08961021e+09 1.08961023e+09
 1.08961024e+09 1.08961025e+09 1.08961026e+09 1.08961028e+09
 1.08961029e+09 1.08961030e+09 1.08961032e+09 1.08961033e+09
 1.08961034e+09 1.08961035e+09 1.08961037e+09 1.08961038e+09
 1.08961039e+09 1.08961040e+09 1.08961042e+09 1.08961043e+09
 1.08961044e+09 1.08961046e+09 1.08961047e+09 1.08961048e+09
 1.08961049e+09 1.08961051e+09 1.08961052e+09 1.08961053e+09
 1.08961054e+09 1.08961056e+09 1.08961057e+09 1.08961058e+09
 1.08961060e+09 1.08961061e+09 1.08961062e+09 1.08961063e+09
 1.08961065e+09 1.08961066e+09 1.08961067e+09 1.08961069e+09
 1.08961070e+09 1.08961071e+09 1.08961072e+09 1.08961074e+09
 1.08961075e+09 1.08961076e+09 1.08961077e+09 1.08961079e+09
 1.08961080e+09 1.08961081e+09 1.08961083e+09 1.08961084e+09
 1.08961085e+09 1.08961086e+09 1.08961088e+09 1.08961089e+09
 1.08961090e+09 1.08961091e+09 1.08961093e+09 1.08961094e+09
 1.08961095e+09 1.08961097e+09 1.08961098e+09 1.08961099e+09
 1.08961100e+09 1.08961102e+09 1.08961103e+09 1.08961104e+09
 1.08961106e+09 1.08961107e+09 1.08961108e+09 1.08961109e+09
 1.08961111e+09 1.08961112e+09 1.08961113e+09 1.08961114e+09
 1.08961116e+09 1.08961117e+09 1.08961118e+09 1.08961120e+09
 1.08961121e+09 1.08961122e+09 1.08961123e+09 1.08961125e+09
 1.08961126e+09 1.08961127e+09 1.08961129e+09 1.08961130e+09
 1.08961131e+09 1.08961132e+09 1.08961134e+09 1.08961135e+09
 1.08961136e+09 1.08961137e+09 1.08961139e+09 1.08961140e+09
 1.08961141e+09 1.08961143e+09 1.08961144e+09 1.08961145e+09
 1.08961146e+09 1.08961148e+09 1.08961149e+09 1.08961150e+09
 1.08961151e+09 1.08961153e+09 1.08961154e+09 1.08961155e+09
 1.08961157e+09 1.08961158e+09 1.08961159e+09 1.08961160e+09
 1.08961162e+09 1.08961163e+09 1.08961164e+09 1.08961166e+09
 1.08961167e+09 1.08961168e+09 1.08961169e+09 1.08961171e+09
 1.08961172e+09 1.08961173e+09 1.08961174e+09 1.08961176e+09
 1.08961177e+09 1.08961178e+09 1.08961180e+09 1.08961181e+09
 1.08961182e+09 1.08961183e+09 1.08961185e+09 1.08961186e+09
 1.08961187e+09 1.08961188e+09 1.08961190e+09 1.08961191e+09
 1.08961192e+09 1.08961194e+09 1.08961195e+09 1.08961196e+09
 1.08961197e+09 1.08961199e+09 1.08961200e+09 1.08961201e+09
 1.08961203e+09 1.08961204e+09 1.08961205e+09 1.08961206e+09
 1.08961208e+09 1.08961209e+09 1.08961210e+09 1.08961211e+09
 1.08961213e+09 1.08961214e+09 1.08961215e+09 1.08961217e+09
 1.08961218e+09 1.08961219e+09 1.08961220e+09 1.08961222e+09
 1.08961223e+09 1.08961224e+09 1.08961225e+09 1.08961227e+09
 1.08961228e+09 1.08961229e+09 1.08961231e+09 1.08961232e+09
 1.08961233e+09 1.08961234e+09 1.08961236e+09 1.08961237e+09
 1.08961238e+09 1.08961240e+09 1.08961241e+09 1.08961242e+09
 1.08961243e+09 1.08961245e+09 1.08961246e+09 1.08961247e+09
 1.08961248e+09 1.08961250e+09 1.08961251e+09 1.08961252e+09
 1.08961254e+09 1.08961255e+09 1.08961256e+09 1.08961257e+09
 1.08961259e+09 1.08961260e+09 1.08961261e+09 1.08961263e+09
 1.08961264e+09 1.08961265e+09 1.08961266e+09 1.08961268e+09
 1.08961269e+09 1.08961270e+09 1.08961271e+09 1.08961273e+09
 1.08961274e+09 1.08961275e+09 1.08961277e+09 1.08961278e+09
 1.08961279e+09 1.08961280e+09 1.08961282e+09 1.08961283e+09
 1.08961284e+09 1.08961285e+09 1.08961287e+09 1.08961288e+09
 1.08961289e+09 1.08961291e+09 1.08961292e+09 1.08961293e+09
 1.08961294e+09 1.08961296e+09 1.08961297e+09 1.08961298e+09
 1.08961300e+09 1.08961301e+09 1.08961302e+09 1.08961303e+09
 1.08961305e+09 1.08961306e+09 1.08961307e+09 1.08961308e+09
 1.08961310e+09 1.08961311e+09 1.08961312e+09 1.08961314e+09
 1.08961315e+09 1.08961316e+09 1.08961317e+09 1.08961319e+09
 1.08961320e+09 1.08961321e+09 1.08961322e+09 1.08961324e+09
 1.08961325e+09 1.08961326e+09 1.08961328e+09 1.08961329e+09
 1.08961330e+09 1.08961331e+09 1.08961333e+09 1.08961334e+09
 1.08961335e+09 1.08961337e+09 1.08961338e+09 1.08961339e+09
 1.08961340e+09 1.08961342e+09 1.08961343e+09 1.08961344e+09
 1.08961345e+09 1.08961347e+09 1.08961348e+09 1.08961349e+09
 1.08961351e+09 1.08961352e+09 1.08961353e+09 1.08961354e+09
 1.08961356e+09 1.08961357e+09 1.08961358e+09 1.08961360e+09
 1.08961361e+09 1.08961362e+09 1.08961363e+09 1.08961365e+09
 1.08961366e+09 1.08961367e+09 1.08961368e+09 1.08961370e+09
 1.08961371e+09 1.08961372e+09 1.08961374e+09 1.08961375e+09
 1.08961376e+09 1.08961377e+09 1.08961379e+09 1.08961380e+09
 1.08961381e+09 1.08961382e+09 1.08961384e+09 1.08961385e+09
 1.08961386e+09 1.08961388e+09 1.08961389e+09 1.08961390e+09
 1.08961391e+09 1.08961393e+09 1.08961394e+09 1.08961395e+09
 1.08961397e+09 1.08961398e+09 1.08961399e+09 1.08961400e+09
 1.08961402e+09 1.08961403e+09 1.08961404e+09 1.08961405e+09
 1.08961407e+09 1.08961408e+09 1.08961409e+09 1.08961411e+09
 1.08961412e+09 1.08961413e+09 1.08961414e+09 1.08961416e+09
 1.08961417e+09 1.08961418e+09 1.08961419e+09 1.08961421e+09
 1.08961422e+09 1.08961423e+09 1.08961425e+09 1.08961426e+09
 1.08961427e+09 1.08961428e+09 1.08961430e+09 1.08961431e+09
 1.08961432e+09 1.08961434e+09 1.08961435e+09 1.08961436e+09
 1.08961437e+09 1.08961439e+09 1.08961440e+09 1.08961441e+09
 1.08961442e+09 1.08961444e+09 1.08961445e+09 1.08961446e+09
 1.08961448e+09 1.08961449e+09 1.08961450e+09 1.08961451e+09
 1.08961453e+09 1.08961454e+09 1.08961455e+09 1.08961457e+09
 1.08961458e+09 1.08961459e+09 1.08961460e+09 1.08961462e+09
 1.08961463e+09 1.08961464e+09 1.08961465e+09 1.08961467e+09
 1.08961468e+09 1.08961469e+09 1.08961471e+09 1.08961472e+09
 1.08961473e+09 1.08961474e+09 1.08961476e+09 1.08961477e+09
 1.08961478e+09 1.08961479e+09 1.08961481e+09 1.08961482e+09
 1.08961483e+09 1.08961485e+09 1.08961486e+09 1.08961487e+09
 1.08961488e+09 1.08961490e+09 1.08961491e+09 1.08961492e+09
 1.08961494e+09 1.08961495e+09 1.08961496e+09 1.08961497e+09
 1.08961499e+09 1.08961500e+09 1.08961501e+09 1.08961502e+09
 1.08961504e+09 1.08961505e+09 1.08961506e+09 1.08961508e+09
 1.08961509e+09 1.08961510e+09 1.08961511e+09 1.08961513e+09
 1.08961514e+09 1.08961515e+09 1.08961516e+09 1.08961518e+09
 1.08961519e+09 1.08961520e+09 1.08961522e+09 1.08961523e+09
 1.08961524e+09 1.08961525e+09 1.08961527e+09 1.08961528e+09
 1.08961529e+09 1.08961531e+09 1.08961532e+09 1.08961533e+09
 1.08961534e+09 1.08961536e+09 1.08961537e+09 1.08961538e+09
 1.08961539e+09 1.08961541e+09 1.08961542e+09 1.08961543e+09
 1.08961545e+09 1.08961546e+09 1.08961547e+09 1.08961548e+09
 1.08961550e+09 1.08961551e+09 1.08961552e+09 1.08961554e+09
 1.08961555e+09 1.08961556e+09 1.08961557e+09 1.08961559e+09
 1.08961560e+09 1.08961561e+09 1.08961562e+09 1.08961564e+09
 1.08961565e+09 1.08961566e+09 1.08961568e+09 1.08961569e+09
 1.08961570e+09 1.08961571e+09 1.08961573e+09 1.08961574e+09
 1.08961575e+09 1.08961576e+09 1.08961578e+09 1.08961579e+09
 1.08961580e+09 1.08961582e+09 1.08961583e+09 1.08961584e+09
 1.08961585e+09 1.08961587e+09 1.08961588e+09 1.08961589e+09
 1.08961591e+09 1.08961592e+09 1.08961593e+09 1.08961594e+09
 1.08961596e+09 1.08961597e+09 1.08961598e+09 1.08961599e+09
 1.08961601e+09 1.08961602e+09 1.08961603e+09 1.08961605e+09
 1.08961606e+09 1.08961607e+09 1.08961608e+09 1.08961610e+09
 1.08961611e+09 1.08961612e+09 1.08961613e+09 1.08961615e+09
 1.08961616e+09 1.08961617e+09 1.08961619e+09 1.08961620e+09
 1.08961621e+09 1.08961622e+09 1.08961624e+09 1.08961625e+09
 1.08961626e+09 1.08961628e+09 1.08961629e+09 1.08961630e+09
 1.08961631e+09 1.08961633e+09 1.08961634e+09 1.08961635e+09
 1.08961636e+09 1.08961638e+09 1.08961639e+09 1.08961640e+09
 1.08961642e+09 1.08961643e+09 1.08961644e+09 1.08961645e+09
 1.08961647e+09 1.08961648e+09 1.08961649e+09 1.08961650e+09
 1.08961652e+09 1.08961653e+09 1.08961654e+09 1.08961656e+09
 1.08961657e+09 1.08961658e+09 1.08961659e+09 1.08961661e+09
 1.08961662e+09 1.08961663e+09 1.08961665e+09 1.08961666e+09
 1.08961667e+09 1.08961668e+09 1.08961670e+09 1.08961671e+09
 1.08961672e+09 1.08961673e+09 1.08961675e+09 1.08961676e+09
 1.08961677e+09 1.08961679e+09 1.08961680e+09 1.08961681e+09
 1.08961682e+09 1.08961684e+09 1.08961685e+09 1.08961686e+09
 1.08961688e+09 1.08961689e+09 1.08961690e+09 1.08961691e+09
 1.08961693e+09 1.08961694e+09 1.08961695e+09 1.08961696e+09
 1.08961698e+09 1.08961699e+09 1.08961700e+09 1.08961702e+09
 1.08961703e+09 1.08961704e+09 1.08961705e+09 1.08961707e+09
 1.08961708e+09 1.08961709e+09 1.08961710e+09 1.08961712e+09
 1.08961713e+09 1.08961714e+09 1.08961716e+09 1.08961717e+09
 1.08961718e+09 1.08961719e+09 1.08961721e+09 1.08961722e+09
 1.08961723e+09 1.08961725e+09 1.08961726e+09 1.08961727e+09
 1.08961728e+09 1.08961730e+09 1.08961731e+09 1.08961732e+09
 1.08961733e+09 1.08961735e+09 1.08961736e+09 1.08961737e+09
 1.08961739e+09 1.08961740e+09 1.08961741e+09 1.08961742e+09
 1.08961744e+09 1.08961745e+09 1.08961746e+09 1.08961747e+09
 1.08961749e+09 1.08961750e+09 1.08961751e+09 1.08961753e+09
 1.08961754e+09 1.08961755e+09 1.08961756e+09 1.08961758e+09
 1.08961759e+09 1.08961760e+09 1.08961762e+09 1.08961763e+09
 1.08961764e+09 1.08961765e+09 1.08961767e+09 1.08961768e+09
 1.08961769e+09 1.08961770e+09 1.08961772e+09 1.08961773e+09
 1.08961774e+09 1.08961776e+09 1.08961777e+09 1.08961778e+09
 1.08961779e+09 1.08961781e+09 1.08961782e+09 1.08961783e+09
 1.08961785e+09 1.08961786e+09 1.08961787e+09 1.08961788e+09
 1.08961790e+09 1.08961791e+09 1.08961792e+09 1.08961793e+09
 1.08961795e+09 1.08961796e+09 1.08961797e+09 1.08961799e+09
 1.08961800e+09 1.08961801e+09 1.08961802e+09 1.08961804e+09
 1.08961805e+09 1.08961806e+09 1.08961807e+09 1.08961809e+09
 1.08961810e+09 1.08961811e+09 1.08961813e+09 1.08961814e+09
 1.08961815e+09 1.08961816e+09 1.08961818e+09 1.08961819e+09
 1.08961820e+09 1.08961822e+09 1.08961823e+09 1.08961824e+09
 1.08961825e+09 1.08961827e+09 1.08961828e+09 1.08961829e+09
 1.08961830e+09 1.08961832e+09 1.08961833e+09 1.08961834e+09
 1.08961836e+09 1.08961837e+09 1.08961838e+09 1.08961839e+09
 1.08961841e+09 1.08961842e+09 1.08961843e+09 1.08961844e+09
 1.08961846e+09 1.08961847e+09 1.08961848e+09 1.08961850e+09
 1.08961851e+09 1.08961852e+09 1.08961853e+09 1.08961855e+09
 1.08961856e+09 1.08961857e+09 1.08961859e+09 1.08961860e+09
 1.08961861e+09 1.08961862e+09 1.08961864e+09 1.08961865e+09
 1.08961866e+09 1.08961867e+09 1.08961869e+09 1.08961870e+09]
minRes = 2.6385505244969267
minResTime = [1.08960595e+09]
Cov(t) = [100 100 100 100 100 100 100 100 100 100 100 100 100 100 100 100 100 100
 100 100 100 100 100 100 100 100 100 100 100 100 100 100 100 100 100 100
 100 100 100 100 100 100 100 100 100 100 100 100 100 100 100 100 100 100
 100 100 100 100 100 100 100 100 100 100 100 100 100 100 100 100 100 100
 100 100 100 100 100 100 100 100 100 100 100 100 100 100 100 100 100 100
 100 100 100 100 100 100 100 100 100 100 100 100 100 100 100 100 100 100
 100 100 100 100 100 100 100 100 100 100 100 100 100 100 100 100 100 100
 100 100 100 100 100 100 100 100 100 100 100 100 100 100 100 100 100 100
 100 100 100 100 100 100 100 100 100 100 100 100 100 100 100 100 100 100
 100 100 100 100 100 100 100 100 100 100 100 100 100 100 100 100 100 100
 100 100 100 100 100 100 100 100 100 100 100 100 100 100 100 100 100 100
 100 100 100 100 100 100 100 100 100 100 100 100 100 100 100 100 100 100
 100 100 100 100 100 100 100 100 100 100 100 100 100 100 100 100 100 100
 100 100 100 100 100 100 100 100 100 100 100 100 100 100 100 100 100 100
 100 100 100 100 100 100 100 100 100 100 100 100 100 100 100 100 100 100
 100 100 100 100 100 100 100 100 100 100 100 100 100 100 100 100 100 100
 100 100 100 100 100 100 100 100 100 100 100 100 100 100 100 100 100 100
 100 100 100 100 100 100 100 100 100 100 100 100 100 100 100 100 100 100
 100 100 100 100 100 100 100 100 100 100 100 100 100 100 100 100 100 100
 100 100 100 100 100 100 100 100 100 100 100 100 100 100 100 100 100 100
 100 100 100 100 100 100 100 100 100 100 100 100 100 100 100 100 100 100
 100 100 100 100 100 100 100 100 100 100 100 100 100 100 100 100 100 100
 100 100 100 100 100 100 100 100 100 100 100 100 100 100 100 100 100 100
 100 100 100 100 100 100 100 100 100 100 100 100 100 100 100 100 100 100
 100 100 100 100 100 100 100 100 100 100 100 100 100 100 100 100 100 100
 100 100 100 100 100 100 100 100 100 100 100 100 100 100 100 100 100 100
 100 100 100 100 100 100 100 100 100 100 100 100 100 100 100 100 100 100
 100 100 100 100 100 100 100 100 100 100 100 100 100 100 100 100 100 100
 100 100 100 100 100 100 100 100 100 100 100 100 100 100 100 100 100 100
 100 100 100 100 100 100 100 100 100 100 100 100 100 100 100 100 100 100
 100 100 100 100 100 100 100 100 100 100 100 100 100 100 100 100 100 100
 100 100 100 100 100 100 100 100 100 100 100 100 100 100 100 100 100 100
 100 100 100 100 100 100 100 100 100 100 100 100 100 100 100 100 100 100
 100 100 100 100 100 100 100 100 100 100 100 100 100 100 100 100 100 100
 100 100 100 100 100 100 100 100 100 100 100 100 100 100 100 100 100 100
 100 100 100 100 100 100 100 100 100 100 100 100 100 100 100 100 100 100
 100 100 100 100 100 100 100 100 100 100 100 100 100 100 100 100 100 100
 100 100 100 100 100 100 100 100 100 100 100 100 100 100 100 100 100 100
 100 100 100 100 100 100 100 100 100 100 100 100 100 100 100 100 100 100
 100 100 100 100 100 100 100 100 100 100 100 100 100 100 100 100 100 100
 100 100 100 100 100 100 100 100 100 100 100 100 100 100 100 100 100 100
 100 100 100 100 100 100 100 100 100 100 100 100 100 100 100 100 100 100
 100 100 100 100 100 100 100 100 100 100 100 100 100 100 100 100 100 100
 100 100 100 100 100 100 100 100 100 100 100 100 100 100 100 100 100 100
 100 100 100 100 100 100 100 100 100 100 100 100 100 100 100 100 100 100
 100 100 100 100 100 100 100 100 100 100 100 100 100 100 100 100 100 100
 100 100 100 100 100 100 100 100 100 100 100 100 100 100 100 100 100 100
 100 100 100 100 100 100 100 100 100 100 100 100 100 100 100 100 100 100
 100 100 100 100 100 100 100 100 100 100 100 100 100 100 100 100 100 100
 100 100 100 100 100 100 100 100 100 100 100 100 100 100 100 100 100 100
 100 100 100 100 100 100 100 100 100 100 100 100 100 100 100 100 100 100
 100 100 100 100 100 100 100 100 100 100 100 100 100 100 100 100 100 100
 100 100 100 100 100 100 100 100 100 100 100 100 100 100 100 100 100 100
 100 100 100 100 100 100 100 100 100 100 100 100 100 100 100 100 100 100
 100 100 100 100 100 100 100 100 100 100 100 100 100 100 100 100 100 100
 100 100 100 100 100 100 100 100 100 100]
maxCov = 100
maxCovTime = [1.08960595e+09 1.08960596e+09 1.08960598e+09 1.08960599e+09
 1.08960600e+09 1.08960601e+09 1.08960603e+09 1.08960604e+09
 1.08960605e+09 1.08960607e+09 1.08960608e+09 1.08960609e+09
 1.08960610e+09 1.08960612e+09 1.08960613e+09 1.08960614e+09
 1.08960615e+09 1.08960617e+09 1.08960618e+09 1.08960619e+09
 1.08960621e+09 1.08960622e+09 1.08960623e+09 1.08960624e+09
 1.08960626e+09 1.08960627e+09 1.08960628e+09 1.08960629e+09
 1.08960631e+09 1.08960632e+09 1.08960633e+09 1.08960635e+09
 1.08960636e+09 1.08960637e+09 1.08960638e+09 1.08960640e+09
 1.08960641e+09 1.08960642e+09 1.08960644e+09 1.08960645e+09
 1.08960646e+09 1.08960647e+09 1.08960649e+09 1.08960650e+09
 1.08960651e+09 1.08960652e+09 1.08960654e+09 1.08960655e+09
 1.08960656e+09 1.08960658e+09 1.08960659e+09 1.08960660e+09
 1.08960661e+09 1.08960663e+09 1.08960664e+09 1.08960665e+09
 1.08960666e+09 1.08960668e+09 1.08960669e+09 1.08960670e+09
 1.08960672e+09 1.08960673e+09 1.08960674e+09 1.08960675e+09
 1.08960677e+09 1.08960678e+09 1.08960679e+09 1.08960681e+09
 1.08960682e+09 1.08960683e+09 1.08960684e+09 1.08960686e+09
 1.08960687e+09 1.08960688e+09 1.08960689e+09 1.08960691e+09
 1.08960692e+09 1.08960693e+09 1.08960695e+09 1.08960696e+09
 1.08960697e+09 1.08960698e+09 1.08960700e+09 1.08960701e+09
 1.08960702e+09 1.08960704e+09 1.08960705e+09 1.08960706e+09
 1.08960707e+09 1.08960709e+09 1.08960710e+09 1.08960711e+09
 1.08960712e+09 1.08960714e+09 1.08960715e+09 1.08960716e+09
 1.08960718e+09 1.08960719e+09 1.08960720e+09 1.08960721e+09
 1.08960723e+09 1.08960724e+09 1.08960725e+09 1.08960726e+09
 1.08960728e+09 1.08960729e+09 1.08960730e+09 1.08960732e+09
 1.08960733e+09 1.08960734e+09 1.08960735e+09 1.08960737e+09
 1.08960738e+09 1.08960739e+09 1.08960741e+09 1.08960742e+09
 1.08960743e+09 1.08960744e+09 1.08960746e+09 1.08960747e+09
 1.08960748e+09 1.08960749e+09 1.08960751e+09 1.08960752e+09
 1.08960753e+09 1.08960755e+09 1.08960756e+09 1.08960757e+09
 1.08960758e+09 1.08960760e+09 1.08960761e+09 1.08960762e+09
 1.08960763e+09 1.08960765e+09 1.08960766e+09 1.08960767e+09
 1.08960769e+09 1.08960770e+09 1.08960771e+09 1.08960772e+09
 1.08960774e+09 1.08960775e+09 1.08960776e+09 1.08960778e+09
 1.08960779e+09 1.08960780e+09 1.08960781e+09 1.08960783e+09
 1.08960784e+09 1.08960785e+09 1.08960786e+09 1.08960788e+09
 1.08960789e+09 1.08960790e+09 1.08960792e+09 1.08960793e+09
 1.08960794e+09 1.08960795e+09 1.08960797e+09 1.08960798e+09
 1.08960799e+09 1.08960800e+09 1.08960802e+09 1.08960803e+09
 1.08960804e+09 1.08960806e+09 1.08960807e+09 1.08960808e+09
 1.08960809e+09 1.08960811e+09 1.08960812e+09 1.08960813e+09
 1.08960815e+09 1.08960816e+09 1.08960817e+09 1.08960818e+09
 1.08960820e+09 1.08960821e+09 1.08960822e+09 1.08960823e+09
 1.08960825e+09 1.08960826e+09 1.08960827e+09 1.08960829e+09
 1.08960830e+09 1.08960831e+09 1.08960832e+09 1.08960834e+09
 1.08960835e+09 1.08960836e+09 1.08960838e+09 1.08960839e+09
 1.08960840e+09 1.08960841e+09 1.08960843e+09 1.08960844e+09
 1.08960845e+09 1.08960846e+09 1.08960848e+09 1.08960849e+09
 1.08960850e+09 1.08960852e+09 1.08960853e+09 1.08960854e+09
 1.08960855e+09 1.08960857e+09 1.08960858e+09 1.08960859e+09
 1.08960860e+09 1.08960862e+09 1.08960863e+09 1.08960864e+09
 1.08960866e+09 1.08960867e+09 1.08960868e+09 1.08960869e+09
 1.08960871e+09 1.08960872e+09 1.08960873e+09 1.08960875e+09
 1.08960876e+09 1.08960877e+09 1.08960878e+09 1.08960880e+09
 1.08960881e+09 1.08960882e+09 1.08960883e+09 1.08960885e+09
 1.08960886e+09 1.08960887e+09 1.08960889e+09 1.08960890e+09
 1.08960891e+09 1.08960892e+09 1.08960894e+09 1.08960895e+09
 1.08960896e+09 1.08960897e+09 1.08960899e+09 1.08960900e+09
 1.08960901e+09 1.08960903e+09 1.08960904e+09 1.08960905e+09
 1.08960906e+09 1.08960908e+09 1.08960909e+09 1.08960910e+09
 1.08960912e+09 1.08960913e+09 1.08960914e+09 1.08960915e+09
 1.08960917e+09 1.08960918e+09 1.08960919e+09 1.08960920e+09
 1.08960922e+09 1.08960923e+09 1.08960924e+09 1.08960926e+09
 1.08960927e+09 1.08960928e+09 1.08960929e+09 1.08960931e+09
 1.08960932e+09 1.08960933e+09 1.08960935e+09 1.08960936e+09
 1.08960937e+09 1.08960938e+09 1.08960940e+09 1.08960941e+09
 1.08960942e+09 1.08960943e+09 1.08960945e+09 1.08960946e+09
 1.08960947e+09 1.08960949e+09 1.08960950e+09 1.08960951e+09
 1.08960952e+09 1.08960954e+09 1.08960955e+09 1.08960956e+09
 1.08960957e+09 1.08960959e+09 1.08960960e+09 1.08960961e+09
 1.08960963e+09 1.08960964e+09 1.08960965e+09 1.08960966e+09
 1.08960968e+09 1.08960969e+09 1.08960970e+09 1.08960972e+09
 1.08960973e+09 1.08960974e+09 1.08960975e+09 1.08960977e+09
 1.08960978e+09 1.08960979e+09 1.08960980e+09 1.08960982e+09
 1.08960983e+09 1.08960984e+09 1.08960986e+09 1.08960987e+09
 1.08960988e+09 1.08960989e+09 1.08960991e+09 1.08960992e+09
 1.08960993e+09 1.08960994e+09 1.08960996e+09 1.08960997e+09
 1.08960998e+09 1.08961000e+09 1.08961001e+09 1.08961002e+09
 1.08961003e+09 1.08961005e+09 1.08961006e+09 1.08961007e+09
 1.08961009e+09 1.08961010e+09 1.08961011e+09 1.08961012e+09
 1.08961014e+09 1.08961015e+09 1.08961016e+09 1.08961017e+09
 1.08961019e+09 1.08961020e+09 1.08961021e+09 1.08961023e+09
 1.08961024e+09 1.08961025e+09 1.08961026e+09 1.08961028e+09
 1.08961029e+09 1.08961030e+09 1.08961032e+09 1.08961033e+09
 1.08961034e+09 1.08961035e+09 1.08961037e+09 1.08961038e+09
 1.08961039e+09 1.08961040e+09 1.08961042e+09 1.08961043e+09
 1.08961044e+09 1.08961046e+09 1.08961047e+09 1.08961048e+09
 1.08961049e+09 1.08961051e+09 1.08961052e+09 1.08961053e+09
 1.08961054e+09 1.08961056e+09 1.08961057e+09 1.08961058e+09
 1.08961060e+09 1.08961061e+09 1.08961062e+09 1.08961063e+09
 1.08961065e+09 1.08961066e+09 1.08961067e+09 1.08961069e+09
 1.08961070e+09 1.08961071e+09 1.08961072e+09 1.08961074e+09
 1.08961075e+09 1.08961076e+09 1.08961077e+09 1.08961079e+09
 1.08961080e+09 1.08961081e+09 1.08961083e+09 1.08961084e+09
 1.08961085e+09 1.08961086e+09 1.08961088e+09 1.08961089e+09
 1.08961090e+09 1.08961091e+09 1.08961093e+09 1.08961094e+09
 1.08961095e+09 1.08961097e+09 1.08961098e+09 1.08961099e+09
 1.08961100e+09 1.08961102e+09 1.08961103e+09 1.08961104e+09
 1.08961106e+09 1.08961107e+09 1.08961108e+09 1.08961109e+09
 1.08961111e+09 1.08961112e+09 1.08961113e+09 1.08961114e+09
 1.08961116e+09 1.08961117e+09 1.08961118e+09 1.08961120e+09
 1.08961121e+09 1.08961122e+09 1.08961123e+09 1.08961125e+09
 1.08961126e+09 1.08961127e+09 1.08961129e+09 1.08961130e+09
 1.08961131e+09 1.08961132e+09 1.08961134e+09 1.08961135e+09
 1.08961136e+09 1.08961137e+09 1.08961139e+09 1.08961140e+09
 1.08961141e+09 1.08961143e+09 1.08961144e+09 1.08961145e+09
 1.08961146e+09 1.08961148e+09 1.08961149e+09 1.08961150e+09
 1.08961151e+09 1.08961153e+09 1.08961154e+09 1.08961155e+09
 1.08961157e+09 1.08961158e+09 1.08961159e+09 1.08961160e+09
 1.08961162e+09 1.08961163e+09 1.08961164e+09 1.08961166e+09
 1.08961167e+09 1.08961168e+09 1.08961169e+09 1.08961171e+09
 1.08961172e+09 1.08961173e+09 1.08961174e+09 1.08961176e+09
 1.08961177e+09 1.08961178e+09 1.08961180e+09 1.08961181e+09
 1.08961182e+09 1.08961183e+09 1.08961185e+09 1.08961186e+09
 1.08961187e+09 1.08961188e+09 1.08961190e+09 1.08961191e+09
 1.08961192e+09 1.08961194e+09 1.08961195e+09 1.08961196e+09
 1.08961197e+09 1.08961199e+09 1.08961200e+09 1.08961201e+09
 1.08961203e+09 1.08961204e+09 1.08961205e+09 1.08961206e+09
 1.08961208e+09 1.08961209e+09 1.08961210e+09 1.08961211e+09
 1.08961213e+09 1.08961214e+09 1.08961215e+09 1.08961217e+09
 1.08961218e+09 1.08961219e+09 1.08961220e+09 1.08961222e+09
 1.08961223e+09 1.08961224e+09 1.08961225e+09 1.08961227e+09
 1.08961228e+09 1.08961229e+09 1.08961231e+09 1.08961232e+09
 1.08961233e+09 1.08961234e+09 1.08961236e+09 1.08961237e+09
 1.08961238e+09 1.08961240e+09 1.08961241e+09 1.08961242e+09
 1.08961243e+09 1.08961245e+09 1.08961246e+09 1.08961247e+09
 1.08961248e+09 1.08961250e+09 1.08961251e+09 1.08961252e+09
 1.08961254e+09 1.08961255e+09 1.08961256e+09 1.08961257e+09
 1.08961259e+09 1.08961260e+09 1.08961261e+09 1.08961263e+09
 1.08961264e+09 1.08961265e+09 1.08961266e+09 1.08961268e+09
 1.08961269e+09 1.08961270e+09 1.08961271e+09 1.08961273e+09
 1.08961274e+09 1.08961275e+09 1.08961277e+09 1.08961278e+09
 1.08961279e+09 1.08961280e+09 1.08961282e+09 1.08961283e+09
 1.08961284e+09 1.08961285e+09 1.08961287e+09 1.08961288e+09
 1.08961289e+09 1.08961291e+09 1.08961292e+09 1.08961293e+09
 1.08961294e+09 1.08961296e+09 1.08961297e+09 1.08961298e+09
 1.08961300e+09 1.08961301e+09 1.08961302e+09 1.08961303e+09
 1.08961305e+09 1.08961306e+09 1.08961307e+09 1.08961308e+09
 1.08961310e+09 1.08961311e+09 1.08961312e+09 1.08961314e+09
 1.08961315e+09 1.08961316e+09 1.08961317e+09 1.08961319e+09
 1.08961320e+09 1.08961321e+09 1.08961322e+09 1.08961324e+09
 1.08961325e+09 1.08961326e+09 1.08961328e+09 1.08961329e+09
 1.08961330e+09 1.08961331e+09 1.08961333e+09 1.08961334e+09
 1.08961335e+09 1.08961337e+09 1.08961338e+09 1.08961339e+09
 1.08961340e+09 1.08961342e+09 1.08961343e+09 1.08961344e+09
 1.08961345e+09 1.08961347e+09 1.08961348e+09 1.08961349e+09
 1.08961351e+09 1.08961352e+09 1.08961353e+09 1.08961354e+09
 1.08961356e+09 1.08961357e+09 1.08961358e+09 1.08961360e+09
 1.08961361e+09 1.08961362e+09 1.08961363e+09 1.08961365e+09
 1.08961366e+09 1.08961367e+09 1.08961368e+09 1.08961370e+09
 1.08961371e+09 1.08961372e+09 1.08961374e+09 1.08961375e+09
 1.08961376e+09 1.08961377e+09 1.08961379e+09 1.08961380e+09
 1.08961381e+09 1.08961382e+09 1.08961384e+09 1.08961385e+09
 1.08961386e+09 1.08961388e+09 1.08961389e+09 1.08961390e+09
 1.08961391e+09 1.08961393e+09 1.08961394e+09 1.08961395e+09
 1.08961397e+09 1.08961398e+09 1.08961399e+09 1.08961400e+09
 1.08961402e+09 1.08961403e+09 1.08961404e+09 1.08961405e+09
 1.08961407e+09 1.08961408e+09 1.08961409e+09 1.08961411e+09
 1.08961412e+09 1.08961413e+09 1.08961414e+09 1.08961416e+09
 1.08961417e+09 1.08961418e+09 1.08961419e+09 1.08961421e+09
 1.08961422e+09 1.08961423e+09 1.08961425e+09 1.08961426e+09
 1.08961427e+09 1.08961428e+09 1.08961430e+09 1.08961431e+09
 1.08961432e+09 1.08961434e+09 1.08961435e+09 1.08961436e+09
 1.08961437e+09 1.08961439e+09 1.08961440e+09 1.08961441e+09
 1.08961442e+09 1.08961444e+09 1.08961445e+09 1.08961446e+09
 1.08961448e+09 1.08961449e+09 1.08961450e+09 1.08961451e+09
 1.08961453e+09 1.08961454e+09 1.08961455e+09 1.08961457e+09
 1.08961458e+09 1.08961459e+09 1.08961460e+09 1.08961462e+09
 1.08961463e+09 1.08961464e+09 1.08961465e+09 1.08961467e+09
 1.08961468e+09 1.08961469e+09 1.08961471e+09 1.08961472e+09
 1.08961473e+09 1.08961474e+09 1.08961476e+09 1.08961477e+09
 1.08961478e+09 1.08961479e+09 1.08961481e+09 1.08961482e+09
 1.08961483e+09 1.08961485e+09 1.08961486e+09 1.08961487e+09
 1.08961488e+09 1.08961490e+09 1.08961491e+09 1.08961492e+09
 1.08961494e+09 1.08961495e+09 1.08961496e+09 1.08961497e+09
 1.08961499e+09 1.08961500e+09 1.08961501e+09 1.08961502e+09
 1.08961504e+09 1.08961505e+09 1.08961506e+09 1.08961508e+09
 1.08961509e+09 1.08961510e+09 1.08961511e+09 1.08961513e+09
 1.08961514e+09 1.08961515e+09 1.08961516e+09 1.08961518e+09
 1.08961519e+09 1.08961520e+09 1.08961522e+09 1.08961523e+09
 1.08961524e+09 1.08961525e+09 1.08961527e+09 1.08961528e+09
 1.08961529e+09 1.08961531e+09 1.08961532e+09 1.08961533e+09
 1.08961534e+09 1.08961536e+09 1.08961537e+09 1.08961538e+09
 1.08961539e+09 1.08961541e+09 1.08961542e+09 1.08961543e+09
 1.08961545e+09 1.08961546e+09 1.08961547e+09 1.08961548e+09
 1.08961550e+09 1.08961551e+09 1.08961552e+09 1.08961554e+09
 1.08961555e+09 1.08961556e+09 1.08961557e+09 1.08961559e+09
 1.08961560e+09 1.08961561e+09 1.08961562e+09 1.08961564e+09
 1.08961565e+09 1.08961566e+09 1.08961568e+09 1.08961569e+09
 1.08961570e+09 1.08961571e+09 1.08961573e+09 1.08961574e+09
 1.08961575e+09 1.08961576e+09 1.08961578e+09 1.08961579e+09
 1.08961580e+09 1.08961582e+09 1.08961583e+09 1.08961584e+09
 1.08961585e+09 1.08961587e+09 1.08961588e+09 1.08961589e+09
 1.08961591e+09 1.08961592e+09 1.08961593e+09 1.08961594e+09
 1.08961596e+09 1.08961597e+09 1.08961598e+09 1.08961599e+09
 1.08961601e+09 1.08961602e+09 1.08961603e+09 1.08961605e+09
 1.08961606e+09 1.08961607e+09 1.08961608e+09 1.08961610e+09
 1.08961611e+09 1.08961612e+09 1.08961613e+09 1.08961615e+09
 1.08961616e+09 1.08961617e+09 1.08961619e+09 1.08961620e+09
 1.08961621e+09 1.08961622e+09 1.08961624e+09 1.08961625e+09
 1.08961626e+09 1.08961628e+09 1.08961629e+09 1.08961630e+09
 1.08961631e+09 1.08961633e+09 1.08961634e+09 1.08961635e+09
 1.08961636e+09 1.08961638e+09 1.08961639e+09 1.08961640e+09
 1.08961642e+09 1.08961643e+09 1.08961644e+09 1.08961645e+09
 1.08961647e+09 1.08961648e+09 1.08961649e+09 1.08961650e+09
 1.08961652e+09 1.08961653e+09 1.08961654e+09 1.08961656e+09
 1.08961657e+09 1.08961658e+09 1.08961659e+09 1.08961661e+09
 1.08961662e+09 1.08961663e+09 1.08961665e+09 1.08961666e+09
 1.08961667e+09 1.08961668e+09 1.08961670e+09 1.08961671e+09
 1.08961672e+09 1.08961673e+09 1.08961675e+09 1.08961676e+09
 1.08961677e+09 1.08961679e+09 1.08961680e+09 1.08961681e+09
 1.08961682e+09 1.08961684e+09 1.08961685e+09 1.08961686e+09
 1.08961688e+09 1.08961689e+09 1.08961690e+09 1.08961691e+09
 1.08961693e+09 1.08961694e+09 1.08961695e+09 1.08961696e+09
 1.08961698e+09 1.08961699e+09 1.08961700e+09 1.08961702e+09
 1.08961703e+09 1.08961704e+09 1.08961705e+09 1.08961707e+09
 1.08961708e+09 1.08961709e+09 1.08961710e+09 1.08961712e+09
 1.08961713e+09 1.08961714e+09 1.08961716e+09 1.08961717e+09
 1.08961718e+09 1.08961719e+09 1.08961721e+09 1.08961722e+09
 1.08961723e+09 1.08961725e+09 1.08961726e+09 1.08961727e+09
 1.08961728e+09 1.08961730e+09 1.08961731e+09 1.08961732e+09
 1.08961733e+09 1.08961735e+09 1.08961736e+09 1.08961737e+09
 1.08961739e+09 1.08961740e+09 1.08961741e+09 1.08961742e+09
 1.08961744e+09 1.08961745e+09 1.08961746e+09 1.08961747e+09
 1.08961749e+09 1.08961750e+09 1.08961751e+09 1.08961753e+09
 1.08961754e+09 1.08961755e+09 1.08961756e+09 1.08961758e+09
 1.08961759e+09 1.08961760e+09 1.08961762e+09 1.08961763e+09
 1.08961764e+09 1.08961765e+09 1.08961767e+09 1.08961768e+09
 1.08961769e+09 1.08961770e+09 1.08961772e+09 1.08961773e+09
 1.08961774e+09 1.08961776e+09 1.08961777e+09 1.08961778e+09
 1.08961779e+09 1.08961781e+09 1.08961782e+09 1.08961783e+09
 1.08961785e+09 1.08961786e+09 1.08961787e+09 1.08961788e+09
 1.08961790e+09 1.08961791e+09 1.08961792e+09 1.08961793e+09
 1.08961795e+09 1.08961796e+09 1.08961797e+09 1.08961799e+09
 1.08961800e+09 1.08961801e+09 1.08961802e+09 1.08961804e+09
 1.08961805e+09 1.08961806e+09 1.08961807e+09 1.08961809e+09
 1.08961810e+09 1.08961811e+09 1.08961813e+09 1.08961814e+09
 1.08961815e+09 1.08961816e+09 1.08961818e+09 1.08961819e+09
 1.08961820e+09 1.08961822e+09 1.08961823e+09 1.08961824e+09
 1.08961825e+09 1.08961827e+09 1.08961828e+09 1.08961829e+09
 1.08961830e+09 1.08961832e+09 1.08961833e+09 1.08961834e+09
 1.08961836e+09 1.08961837e+09 1.08961838e+09 1.08961839e+09
 1.08961841e+09 1.08961842e+09 1.08961843e+09 1.08961844e+09
 1.08961846e+09 1.08961847e+09 1.08961848e+09 1.08961850e+09
 1.08961851e+09 1.08961852e+09 1.08961853e+09 1.08961855e+09
 1.08961856e+09 1.08961857e+09 1.08961859e+09 1.08961860e+09
 1.08961861e+09 1.08961862e+09 1.08961864e+09 1.08961865e+09
 1.08961866e+09 1.08961867e+09 1.08961869e+09 1.08961870e+09]
