name =JUICE_ROI_GAN_5_0_02
flyby = ['2034 JUN 05 18:53:51', '2034 JUN 06 18:53:51']
Observation TW = <SpiceCell dtype = 1, length = 0, size = 2200, card = 2, is_set = 1, adjust = 0, init = 1, base = 94049582050544, data = 94049582050592>
Res(t) = [0.42887053 0.42792645 0.42707041 0.42629476 0.4255928  0.42495863
 0.42438702 0.42387333 0.42341343 0.42300359 0.42264049 0.4223211
 0.42204271 0.42180284 0.42159923 0.42142983 0.42129276 0.42118628
 0.4211088  0.42105887 0.42103512 0.4210363  0.42106125 0.4211089
 0.42117824 0.42126833 0.4213783  0.42150733 0.42165467 0.42181958
 0.4220014  0.4221995  0.42241328 0.42264218 0.42288567 0.42314325
 0.42341445 0.42369882 0.42399594 0.4243054  0.42462682 0.42495985
 0.42530413 0.42565935 0.42602518 0.42640133 0.42678752 0.42718347
 0.42758893 0.42800364 0.42842739 0.42885992 0.42930104 0.42975053
 0.43020819 0.43067384 0.43114728 0.43162834 0.43211686 0.43261267
 0.43311561 0.43362554 0.4341423  0.43466576 0.43519578 0.43573224
 0.43627501 0.43682396 0.43737899 0.43793997 0.43850681 0.43907939
 0.43965761 0.44024138 0.4408306  0.44142518 0.44202503 0.44263006
 0.44324019 0.44385534 0.44447544 0.44510039 0.44573015 0.44636462
 0.44700374 0.44764745 0.44829568 0.44894837 0.44960545 0.45026687
 0.45093257 0.45160249 0.45227657 0.45295478 0.45363704 0.45432333
 0.45501357 0.45570774 0.45640578 0.45710764 0.45781329 0.45852269
 0.45923578 0.45995254 0.46067292 0.46139689 0.4621244  0.46285543
 0.46358994 0.46432789 0.46506926 0.465814   0.4665621  0.46731351
 0.46806822 0.46882618 0.46958738 0.47035178 0.47111937 0.47189011
 0.47266398 0.47344095 0.47422101 0.47500413 0.47579029 0.47657946
 0.47737162 0.47816676 0.47896486 0.5040814  0.50490012 0.50572241
 0.50654824 0.50737761 0.50821049 0.50904687 0.50988671 0.51073001
 0.51157674 0.51242689 0.51328045 0.51413739 0.5149977  0.51586137
 0.51672838 0.51759872 0.51847238 0.51934934 0.52022959 0.52111312
 0.52199992 0.52288998 0.52378328 0.52467982 0.5255796  0.52648259
 0.52738879 0.5282982  0.52921081 0.53012661 0.5310456  0.53196776
 0.5328931  0.53382161 0.53475328 0.53568811 0.5366261  0.53756724
 0.53851153 0.53945897 0.54040956 0.54136329 0.54232017 0.54328019
 0.54424335 0.54520965 0.47473102 0.47548039 0.47623064 0.47698176
 0.47773375 0.47848659 0.4792403  0.47999485 0.48075025 0.48150648
 0.48226355 0.48302144 0.48378015 0.48453969 0.48530003 0.48606118
 0.48682312 0.48758587 0.4883494  0.48911373 0.48987883 0.4906447
 0.49141135 0.49217877 0.49294694 0.49371588 0.49448556 0.495256
 0.49602717 0.49679909 0.49757174 0.49834512 0.49911923 0.49989405
 0.5006696  0.50144586 0.50222283 0.5030005  0.50377888 0.50455795
 0.50533771 0.50611817 0.50689931 0.50768114 0.50846364 0.50924681
 0.51003066 0.51081518 0.51160035 0.51238619 0.51317269 0.51395984
 0.51474764 0.51553608 0.51632517 0.5171149  0.51790527 0.51869627
 0.51948789 0.52028015 0.52107303 0.52186653 0.52266065 0.5404776
 0.54128728 0.5420976  0.54290856 0.54372017 0.5445324  0.54534527
 0.54615877 0.54697289 0.54778764 0.548603   0.54941897 0.55023556
 0.55105275 0.55187055 0.55268895 0.55350794 0.55432753 0.55514771
 0.55596848 0.55678983 0.55761177 0.55843428 0.55925737 0.56008103
 0.56090527 0.56173006 0.56255543 0.56338135 0.56420783 0.56503487
 0.56586245 0.56669059 0.56751928 0.56834851 0.56917828 0.57000859
 0.57083943 0.57167081 0.57250273 0.57333516 0.57416813 0.57500162
 0.57583563 0.57667016 0.5775052  0.57834076 0.57917683 0.58001341
 0.58085049 0.58168808 0.58252617 0.58336476 0.58420385 0.58504343
 0.58588351 0.58672408 0.58756513 0.58840667 0.5892487  0.59009121
 0.5909342  0.59177766 0.59262161 0.59346602 0.59431091 0.59515627
 0.5960021  0.59684839 0.59769515 0.59854237 0.59939005 0.60023819
 0.60108679 0.60193584 0.60278534 0.60363529 0.6044857  0.60533655
 0.60618785 0.60703959 0.60789177 0.6087444  0.60959746 0.61045096
 0.6113049  0.61215927 0.61301407 0.61386931 0.61472497 0.61558106
 0.61643758 0.61729452 0.61815188 0.61900967 0.61986787 0.6207265
 0.62158554 0.62244499 0.62330486 0.62416514 0.62502584 0.62588694
 0.62674845 0.62761037 0.6284727  0.62933542 0.63019855 0.63106209
 0.63192602 0.63279035 0.63365508 0.6345202  0.63538572 0.63625164
 0.63711794 0.63798464 0.63885172 0.6397192  0.64058706 0.64145531
 0.64232395 0.64319296 0.64406236 0.64493215 0.64580231 0.64667285
 0.64754377 0.64841507 0.64928674 0.65015879 0.65103121 0.651904
 0.65277717 0.6536507  0.65452461 0.65539888 0.65627352 0.65714853
 0.6580239  0.65889964 0.65977574 0.6606522  0.66152903 0.66240621
 0.66328375 0.66416166 0.66503991 0.66591853 0.6667975  0.66767683
 0.66855651 0.66943654 0.67031693 0.67119767 0.67207875 0.67296019
 0.67384197 0.67472411 0.67560659 0.67648941 0.67737258 0.6782561
 0.67913995 0.68002416 0.6809087  0.68179358 0.68267881 0.68356437
 0.68445027 0.68533651 0.68622309 0.68711001 0.68799726 0.68888484
 0.68977276 0.69066102 0.6915496  0.69243852 0.69332777 0.69421735
 0.69510726 0.6959975  0.69688807 0.69777896 0.69867019 0.69956174
 0.70045361 0.70134581 0.70223834 0.70313119 0.70402436 0.70491786
 0.70581168 0.70670582 0.70760028 0.70849506 0.70939016 0.71028558
 0.71118132 0.71207737 0.71297375 0.71387044 0.71476744 0.71566476
 0.7165624  0.71746035 0.71835862 0.7192572  0.72015609 0.72105529
 0.72195481 0.72285464 0.72375477 0.72465522 0.72555598 0.72645705
 0.72735842 0.72826011 0.7291621  0.7300644  0.73096701 0.73186992
 0.73277314 0.73367666 0.73458049 0.73548462 0.73638906 0.7372938
 0.73819884 0.73910419 0.74000984 0.74091579 0.74182204 0.74272859
 0.74363544 0.7445426  0.74545005 0.7463578  0.74726585 0.7481742
 0.74908285 0.74999179 0.75090103 0.75181057 0.75272041 0.75363054
 0.75454097 0.75545169 0.75636271 0.75727402 0.75818562 0.75909752
 0.76000972 0.7609222  0.76183498 0.76274805 0.76366142 0.76457507
 0.76548902 0.76640326 0.76731779 0.76823261 0.76914772 0.77006312
 0.77097881 0.77189479 0.77281105 0.77372761 0.77464445 0.77556159
 0.77647901 0.77739671 0.77831471 0.77923299 0.78015156 0.78107041
 0.78198955 0.78290898 0.78382869 0.78474868 0.78566896 0.78658953
 0.78751038 0.78843151 0.78935293 0.79027463 0.79119662 0.79211889
 0.79304144 0.79396427 0.79488739 0.79581078 0.79673446 0.79765843
 0.79858267 0.79950719 0.800432   0.80135708 0.80228245 0.8032081
 0.80413402 0.80506023 0.80598672 0.80691348 0.80784053 0.80876785
 0.80969546 0.81062334 0.8115515  0.81247994 0.81340866 0.81433765
 0.81526692 0.81619647 0.8171263  0.8180564  0.81898679 0.81991745
 0.82084838 0.82177959 0.82271108 0.82364284 0.82457488 0.8255072
 0.82643979 0.82737266 0.8283058  0.82923922 0.83017291 0.83110688
 0.83204112 0.83297564 0.83391043 0.8348455  0.83578084 0.83671645
 0.83765234 0.8385885  0.83952494 0.84046165 0.84139863 0.84233589
 0.84327342 0.84421122 0.8451493  0.84608764 0.84702627 0.84796516
 0.84890432 0.84984376 0.85078347 0.85172346 0.85266371 0.85360424
 0.85454504 0.85548611 0.85642745 0.85736906 0.85831095 0.8592531
 0.86019553 0.86113823 0.8620812  0.86302444 0.86396795 0.86491174
 0.86585579 0.86680012 0.86774471 0.86868958 0.86963471 0.87058012
 0.87152579 0.87247174 0.87341796 0.87436445 0.8753112  0.87625823
 0.87720553 0.8781531  0.87910093 0.88004904 0.88099742 0.88194606
 0.88289498 0.88384416 0.88479362 0.88574334 0.88669333 0.8876436
 0.88859413 0.88954493 0.890496   0.89144734 0.89239895 0.89335083
 0.89430298 0.89525539 0.89620808 0.89716103 0.89811425 0.89906775
 0.90002151 0.90097554 0.90192984 0.9028844  0.90383924 0.90479435
 0.90574972 0.90670536 0.90766127 0.90861745 0.9095739  0.91053062
 0.91148761 0.91244486 0.91340238 0.91436018 0.91531824 0.91627657
 0.91723516 0.91819403 0.91915316 0.92011257 0.92107224 0.92203218
 0.92299239 0.92395287 0.92491362 0.92587463 0.92683592 0.92779747
 0.92875929 0.92972138 0.93068374 0.93164637 0.93260926 0.93357243
 0.93453586 0.93549956 0.93646354 0.93742778 0.93839228 0.93935706
 0.94032211 0.94128742 0.94225301 0.94321886 0.94418498 0.94515138
 0.94611804 0.94708497 0.94805216 0.94901963 0.94998737 0.95095537
 0.95192365 0.95289219 0.95386101 0.95483009 0.95579944 0.95676907
 0.95773896 0.95870912 0.95967955 0.96065025 0.96162122 0.96259246
 0.96356397 0.96453575 0.9655078  0.96648012 0.9674527  0.96842556
 0.96939869 0.97037209 0.97134576 0.9723197  0.97329391 0.97426839
 0.97524314 0.97621816 0.97719345 0.97816901 0.97914485 0.98012095
 0.98109732 0.98207397 0.98305088 0.98402807 0.98500553 0.98598326
 0.98696126 0.98793953 0.98891807 0.98989689 0.99087597 0.99185533
 0.99283496 0.99381486 0.99479503 0.99577548 0.99675619 0.99773718
 0.99871844 0.99969997 1.00068178 1.00166386 1.00264621 1.00362883
 1.00461172 1.00559489 1.00657833 1.00756204 1.00854603 1.00953029
 1.01051482 1.01149963 1.0124847  1.01347006 1.01445568 1.01544158
 1.01642776 1.0174142  1.01840092 1.01938792 1.02037519 1.02136273
 1.02235055 1.02333864 1.02432701 1.02531565 1.02630456 1.02729375
 1.02828322 1.02927296 1.03026297 1.03125326 1.03224383 1.03323467
 1.03422579 1.03521718 1.03620885 1.0372008  1.03819302 1.03918551
 1.04017829 1.04117134 1.04216466 1.04315826 1.04415214 1.0451463
 1.04614073 1.04713544 1.04813043 1.04912569 1.05012124 1.05111705
 1.05211315 1.05310953 1.05410618 1.05510311 1.05610032 1.05709781
 1.05809557 1.05909362 1.06009194 1.06109054 1.06208942 1.06308858
 1.06408802 1.06508774 1.06608774 1.06708802 1.06808857 1.06908941
 1.07009053 1.07109193 1.0720936  1.07309556 1.0740978  1.07510032
 1.07610312 1.0771062  1.07810956 1.07911321 1.08011713 1.08112134
 1.08212583 1.0831306  1.08413565 1.08514099 1.0861466  1.0871525
 1.08815868 1.08916515 1.0901719  1.09117893 1.09218624 1.09319384
 1.09420172 1.09520988 1.09621833 1.09722706 1.09823608 1.09924538
 1.10025496 1.10126483 1.10227499 1.10328542 1.10429615 1.10530716
 1.10631845 1.10733003 1.1083419  1.10935405 1.11036649 1.11137921
 1.11239222 1.11340552 1.1144191  1.11543297 1.11644713 1.11746157
 1.1184763  1.11949132 1.12050663 1.12152222 1.12253811 1.12355428
 1.12457074 1.12558748 1.12660452 1.12762185 1.12863946 1.12965736
 1.13067556 1.13169404 1.13271281 1.13373187 1.13475123 1.13577087
 1.1367908  1.13781103 1.13883154 1.13985235 1.14087344 1.14189483
 1.14291651 1.14393848 1.14496075 1.1459833  1.14700615 1.14802929
 1.14905272 1.15007645 1.15110047 1.15212478 1.15314939 1.15417429
 1.15519948 1.15622497 1.15725075 1.15827682 1.15930319 1.16032986
 1.16135682 1.16238407 1.16341162 1.16443947 1.16546761 1.16649605
 1.16752478 1.16855381 1.16958314 1.17061276 1.17164268 1.1726729
 1.17370341 1.17473422 1.17576533 1.17679674 1.17782844 1.17886045
 1.17989275 1.18092535 1.18195825 1.18299145 1.18402495 1.18505875
 1.18609285 1.18712724 1.18816194 1.18919694 1.19023224 1.19126784
 1.19230374 1.19333994 1.19437645 1.19541325 1.19645036 1.19748777
 1.19852548 1.19956349 1.20060181 1.20164043 1.20267935 1.20371858
 1.20475811 1.20579794 1.20683808 1.20787852 1.20891927 1.20996032
 1.21100168 1.21204334 1.2130853  1.21412758 1.21517015 1.21621304
 1.21725623 1.21829972 1.21934353 1.22038764 1.22143206 1.22247678
 1.22352181 1.22456715 1.2256128  1.22665876 1.22770503 1.2287516
 1.22979848 1.23084568 1.23189318 1.23294099 1.23398911 1.23503754
 1.23608628 1.23713534 1.2381847  1.23923438 1.24028436 1.24133466
 1.24238527 1.24343619 1.24448742 1.24553897 1.24659083 1.247643
 1.24869549 1.24974829 1.2508014  1.25185483 1.25290857 1.25396263
 1.255017   1.25607168 1.25712668 1.258182  ]
t = [1.08646886e+09 1.08646889e+09 1.08646892e+09 1.08646894e+09
 1.08646897e+09 1.08646900e+09 1.08646903e+09 1.08646905e+09
 1.08646908e+09 1.08646911e+09 1.08646913e+09 1.08646916e+09
 1.08646919e+09 1.08646922e+09 1.08646924e+09 1.08646927e+09
 1.08646930e+09 1.08646933e+09 1.08646935e+09 1.08646938e+09
 1.08646941e+09 1.08646943e+09 1.08646946e+09 1.08646949e+09
 1.08646952e+09 1.08646954e+09 1.08646957e+09 1.08646960e+09
 1.08646962e+09 1.08646965e+09 1.08646968e+09 1.08646971e+09
 1.08646973e+09 1.08646976e+09 1.08646979e+09 1.08646982e+09
 1.08646984e+09 1.08646987e+09 1.08646990e+09 1.08646992e+09
 1.08646995e+09 1.08646998e+09 1.08647001e+09 1.08647003e+09
 1.08647006e+09 1.08647009e+09 1.08647011e+09 1.08647014e+09
 1.08647017e+09 1.08647020e+09 1.08647022e+09 1.08647025e+09
 1.08647028e+09 1.08647031e+09 1.08647033e+09 1.08647036e+09
 1.08647039e+09 1.08647041e+09 1.08647044e+09 1.08647047e+09
 1.08647050e+09 1.08647052e+09 1.08647055e+09 1.08647058e+09
 1.08647060e+09 1.08647063e+09 1.08647066e+09 1.08647069e+09
 1.08647071e+09 1.08647074e+09 1.08647077e+09 1.08647079e+09
 1.08647082e+09 1.08647085e+09 1.08647088e+09 1.08647090e+09
 1.08647093e+09 1.08647096e+09 1.08647099e+09 1.08647101e+09
 1.08647104e+09 1.08647107e+09 1.08647109e+09 1.08647112e+09
 1.08647115e+09 1.08647118e+09 1.08647120e+09 1.08647123e+09
 1.08647126e+09 1.08647128e+09 1.08647131e+09 1.08647134e+09
 1.08647137e+09 1.08647139e+09 1.08647142e+09 1.08647145e+09
 1.08647148e+09 1.08647150e+09 1.08647153e+09 1.08647156e+09
 1.08647158e+09 1.08647161e+09 1.08647164e+09 1.08647167e+09
 1.08647169e+09 1.08647172e+09 1.08647175e+09 1.08647177e+09
 1.08647180e+09 1.08647183e+09 1.08647186e+09 1.08647188e+09
 1.08647191e+09 1.08647194e+09 1.08647197e+09 1.08647199e+09
 1.08647202e+09 1.08647205e+09 1.08647207e+09 1.08647210e+09
 1.08647213e+09 1.08647216e+09 1.08647218e+09 1.08647221e+09
 1.08647224e+09 1.08647226e+09 1.08647229e+09 1.08647232e+09
 1.08647235e+09 1.08647237e+09 1.08647240e+09 1.08647243e+09
 1.08647246e+09 1.08647248e+09 1.08647251e+09 1.08647254e+09
 1.08647256e+09 1.08647259e+09 1.08647262e+09 1.08647265e+09
 1.08647267e+09 1.08647270e+09 1.08647273e+09 1.08647275e+09
 1.08647278e+09 1.08647281e+09 1.08647284e+09 1.08647286e+09
 1.08647289e+09 1.08647292e+09 1.08647294e+09 1.08647297e+09
 1.08647300e+09 1.08647303e+09 1.08647305e+09 1.08647308e+09
 1.08647311e+09 1.08647314e+09 1.08647316e+09 1.08647319e+09
 1.08647322e+09 1.08647324e+09 1.08647327e+09 1.08647330e+09
 1.08647333e+09 1.08647335e+09 1.08647338e+09 1.08647341e+09
 1.08647343e+09 1.08647346e+09 1.08647349e+09 1.08647352e+09
 1.08647354e+09 1.08647357e+09 1.08647360e+09 1.08647363e+09
 1.08647365e+09 1.08647368e+09 1.08647371e+09 1.08647373e+09
 1.08647376e+09 1.08647379e+09 1.08647382e+09 1.08647384e+09
 1.08647387e+09 1.08647390e+09 1.08647392e+09 1.08647395e+09
 1.08647398e+09 1.08647401e+09 1.08647403e+09 1.08647406e+09
 1.08647409e+09 1.08647412e+09 1.08647414e+09 1.08647417e+09
 1.08647420e+09 1.08647422e+09 1.08647425e+09 1.08647428e+09
 1.08647431e+09 1.08647433e+09 1.08647436e+09 1.08647439e+09
 1.08647441e+09 1.08647444e+09 1.08647447e+09 1.08647450e+09
 1.08647452e+09 1.08647455e+09 1.08647458e+09 1.08647460e+09
 1.08647463e+09 1.08647466e+09 1.08647469e+09 1.08647471e+09
 1.08647474e+09 1.08647477e+09 1.08647480e+09 1.08647482e+09
 1.08647485e+09 1.08647488e+09 1.08647490e+09 1.08647493e+09
 1.08647496e+09 1.08647499e+09 1.08647501e+09 1.08647504e+09
 1.08647507e+09 1.08647509e+09 1.08647512e+09 1.08647515e+09
 1.08647518e+09 1.08647520e+09 1.08647523e+09 1.08647526e+09
 1.08647529e+09 1.08647531e+09 1.08647534e+09 1.08647537e+09
 1.08647539e+09 1.08647542e+09 1.08647545e+09 1.08647548e+09
 1.08647550e+09 1.08647553e+09 1.08647556e+09 1.08647558e+09
 1.08647561e+09 1.08647564e+09 1.08647567e+09 1.08647569e+09
 1.08647572e+09 1.08647575e+09 1.08647578e+09 1.08647580e+09
 1.08647583e+09 1.08647586e+09 1.08647588e+09 1.08647591e+09
 1.08647594e+09 1.08647597e+09 1.08647599e+09 1.08647602e+09
 1.08647605e+09 1.08647607e+09 1.08647610e+09 1.08647613e+09
 1.08647616e+09 1.08647618e+09 1.08647621e+09 1.08647624e+09
 1.08647627e+09 1.08647629e+09 1.08647632e+09 1.08647635e+09
 1.08647637e+09 1.08647640e+09 1.08647643e+09 1.08647646e+09
 1.08647648e+09 1.08647651e+09 1.08647654e+09 1.08647656e+09
 1.08647659e+09 1.08647662e+09 1.08647665e+09 1.08647667e+09
 1.08647670e+09 1.08647673e+09 1.08647675e+09 1.08647678e+09
 1.08647681e+09 1.08647684e+09 1.08647686e+09 1.08647689e+09
 1.08647692e+09 1.08647695e+09 1.08647697e+09 1.08647700e+09
 1.08647703e+09 1.08647705e+09 1.08647708e+09 1.08647711e+09
 1.08647714e+09 1.08647716e+09 1.08647719e+09 1.08647722e+09
 1.08647724e+09 1.08647727e+09 1.08647730e+09 1.08647733e+09
 1.08647735e+09 1.08647738e+09 1.08647741e+09 1.08647744e+09
 1.08647746e+09 1.08647749e+09 1.08647752e+09 1.08647754e+09
 1.08647757e+09 1.08647760e+09 1.08647763e+09 1.08647765e+09
 1.08647768e+09 1.08647771e+09 1.08647773e+09 1.08647776e+09
 1.08647779e+09 1.08647782e+09 1.08647784e+09 1.08647787e+09
 1.08647790e+09 1.08647793e+09 1.08647795e+09 1.08647798e+09
 1.08647801e+09 1.08647803e+09 1.08647806e+09 1.08647809e+09
 1.08647812e+09 1.08647814e+09 1.08647817e+09 1.08647820e+09
 1.08647822e+09 1.08647825e+09 1.08647828e+09 1.08647831e+09
 1.08647833e+09 1.08647836e+09 1.08647839e+09 1.08647842e+09
 1.08647844e+09 1.08647847e+09 1.08647850e+09 1.08647852e+09
 1.08647855e+09 1.08647858e+09 1.08647861e+09 1.08647863e+09
 1.08647866e+09 1.08647869e+09 1.08647871e+09 1.08647874e+09
 1.08647877e+09 1.08647880e+09 1.08647882e+09 1.08647885e+09
 1.08647888e+09 1.08647890e+09 1.08647893e+09 1.08647896e+09
 1.08647899e+09 1.08647901e+09 1.08647904e+09 1.08647907e+09
 1.08647910e+09 1.08647912e+09 1.08647915e+09 1.08647918e+09
 1.08647920e+09 1.08647923e+09 1.08647926e+09 1.08647929e+09
 1.08647931e+09 1.08647934e+09 1.08647937e+09 1.08647939e+09
 1.08647942e+09 1.08647945e+09 1.08647948e+09 1.08647950e+09
 1.08647953e+09 1.08647956e+09 1.08647959e+09 1.08647961e+09
 1.08647964e+09 1.08647967e+09 1.08647969e+09 1.08647972e+09
 1.08647975e+09 1.08647978e+09 1.08647980e+09 1.08647983e+09
 1.08647986e+09 1.08647988e+09 1.08647991e+09 1.08647994e+09
 1.08647997e+09 1.08647999e+09 1.08648002e+09 1.08648005e+09
 1.08648008e+09 1.08648010e+09 1.08648013e+09 1.08648016e+09
 1.08648018e+09 1.08648021e+09 1.08648024e+09 1.08648027e+09
 1.08648029e+09 1.08648032e+09 1.08648035e+09 1.08648037e+09
 1.08648040e+09 1.08648043e+09 1.08648046e+09 1.08648048e+09
 1.08648051e+09 1.08648054e+09 1.08648057e+09 1.08648059e+09
 1.08648062e+09 1.08648065e+09 1.08648067e+09 1.08648070e+09
 1.08648073e+09 1.08648076e+09 1.08648078e+09 1.08648081e+09
 1.08648084e+09 1.08648086e+09 1.08648089e+09 1.08648092e+09
 1.08648095e+09 1.08648097e+09 1.08648100e+09 1.08648103e+09
 1.08648105e+09 1.08648108e+09 1.08648111e+09 1.08648114e+09
 1.08648116e+09 1.08648119e+09 1.08648122e+09 1.08648125e+09
 1.08648127e+09 1.08648130e+09 1.08648133e+09 1.08648135e+09
 1.08648138e+09 1.08648141e+09 1.08648144e+09 1.08648146e+09
 1.08648149e+09 1.08648152e+09 1.08648154e+09 1.08648157e+09
 1.08648160e+09 1.08648163e+09 1.08648165e+09 1.08648168e+09
 1.08648171e+09 1.08648174e+09 1.08648176e+09 1.08648179e+09
 1.08648182e+09 1.08648184e+09 1.08648187e+09 1.08648190e+09
 1.08648193e+09 1.08648195e+09 1.08648198e+09 1.08648201e+09
 1.08648203e+09 1.08648206e+09 1.08648209e+09 1.08648212e+09
 1.08648214e+09 1.08648217e+09 1.08648220e+09 1.08648223e+09
 1.08648225e+09 1.08648228e+09 1.08648231e+09 1.08648233e+09
 1.08648236e+09 1.08648239e+09 1.08648242e+09 1.08648244e+09
 1.08648247e+09 1.08648250e+09 1.08648252e+09 1.08648255e+09
 1.08648258e+09 1.08648261e+09 1.08648263e+09 1.08648266e+09
 1.08648269e+09 1.08648271e+09 1.08648274e+09 1.08648277e+09
 1.08648280e+09 1.08648282e+09 1.08648285e+09 1.08648288e+09
 1.08648291e+09 1.08648293e+09 1.08648296e+09 1.08648299e+09
 1.08648301e+09 1.08648304e+09 1.08648307e+09 1.08648310e+09
 1.08648312e+09 1.08648315e+09 1.08648318e+09 1.08648320e+09
 1.08648323e+09 1.08648326e+09 1.08648329e+09 1.08648331e+09
 1.08648334e+09 1.08648337e+09 1.08648340e+09 1.08648342e+09
 1.08648345e+09 1.08648348e+09 1.08648350e+09 1.08648353e+09
 1.08648356e+09 1.08648359e+09 1.08648361e+09 1.08648364e+09
 1.08648367e+09 1.08648369e+09 1.08648372e+09 1.08648375e+09
 1.08648378e+09 1.08648380e+09 1.08648383e+09 1.08648386e+09
 1.08648389e+09 1.08648391e+09 1.08648394e+09 1.08648397e+09
 1.08648399e+09 1.08648402e+09 1.08648405e+09 1.08648408e+09
 1.08648410e+09 1.08648413e+09 1.08648416e+09 1.08648418e+09
 1.08648421e+09 1.08648424e+09 1.08648427e+09 1.08648429e+09
 1.08648432e+09 1.08648435e+09 1.08648438e+09 1.08648440e+09
 1.08648443e+09 1.08648446e+09 1.08648448e+09 1.08648451e+09
 1.08648454e+09 1.08648457e+09 1.08648459e+09 1.08648462e+09
 1.08648465e+09 1.08648467e+09 1.08648470e+09 1.08648473e+09
 1.08648476e+09 1.08648478e+09 1.08648481e+09 1.08648484e+09
 1.08648486e+09 1.08648489e+09 1.08648492e+09 1.08648495e+09
 1.08648497e+09 1.08648500e+09 1.08648503e+09 1.08648506e+09
 1.08648508e+09 1.08648511e+09 1.08648514e+09 1.08648516e+09
 1.08648519e+09 1.08648522e+09 1.08648525e+09 1.08648527e+09
 1.08648530e+09 1.08648533e+09 1.08648535e+09 1.08648538e+09
 1.08648541e+09 1.08648544e+09 1.08648546e+09 1.08648549e+09
 1.08648552e+09 1.08648555e+09 1.08648557e+09 1.08648560e+09
 1.08648563e+09 1.08648565e+09 1.08648568e+09 1.08648571e+09
 1.08648574e+09 1.08648576e+09 1.08648579e+09 1.08648582e+09
 1.08648584e+09 1.08648587e+09 1.08648590e+09 1.08648593e+09
 1.08648595e+09 1.08648598e+09 1.08648601e+09 1.08648604e+09
 1.08648606e+09 1.08648609e+09 1.08648612e+09 1.08648614e+09
 1.08648617e+09 1.08648620e+09 1.08648623e+09 1.08648625e+09
 1.08648628e+09 1.08648631e+09 1.08648633e+09 1.08648636e+09
 1.08648639e+09 1.08648642e+09 1.08648644e+09 1.08648647e+09
 1.08648650e+09 1.08648653e+09 1.08648655e+09 1.08648658e+09
 1.08648661e+09 1.08648663e+09 1.08648666e+09 1.08648669e+09
 1.08648672e+09 1.08648674e+09 1.08648677e+09 1.08648680e+09
 1.08648682e+09 1.08648685e+09 1.08648688e+09 1.08648691e+09
 1.08648693e+09 1.08648696e+09 1.08648699e+09 1.08648701e+09
 1.08648704e+09 1.08648707e+09 1.08648710e+09 1.08648712e+09
 1.08648715e+09 1.08648718e+09 1.08648721e+09 1.08648723e+09
 1.08648726e+09 1.08648729e+09 1.08648731e+09 1.08648734e+09
 1.08648737e+09 1.08648740e+09 1.08648742e+09 1.08648745e+09
 1.08648748e+09 1.08648750e+09 1.08648753e+09 1.08648756e+09
 1.08648759e+09 1.08648761e+09 1.08648764e+09 1.08648767e+09
 1.08648770e+09 1.08648772e+09 1.08648775e+09 1.08648778e+09
 1.08648780e+09 1.08648783e+09 1.08648786e+09 1.08648789e+09
 1.08648791e+09 1.08648794e+09 1.08648797e+09 1.08648799e+09
 1.08648802e+09 1.08648805e+09 1.08648808e+09 1.08648810e+09
 1.08648813e+09 1.08648816e+09 1.08648819e+09 1.08648821e+09
 1.08648824e+09 1.08648827e+09 1.08648829e+09 1.08648832e+09
 1.08648835e+09 1.08648838e+09 1.08648840e+09 1.08648843e+09
 1.08648846e+09 1.08648848e+09 1.08648851e+09 1.08648854e+09
 1.08648857e+09 1.08648859e+09 1.08648862e+09 1.08648865e+09
 1.08648867e+09 1.08648870e+09 1.08648873e+09 1.08648876e+09
 1.08648878e+09 1.08648881e+09 1.08648884e+09 1.08648887e+09
 1.08648889e+09 1.08648892e+09 1.08648895e+09 1.08648897e+09
 1.08648900e+09 1.08648903e+09 1.08648906e+09 1.08648908e+09
 1.08648911e+09 1.08648914e+09 1.08648916e+09 1.08648919e+09
 1.08648922e+09 1.08648925e+09 1.08648927e+09 1.08648930e+09
 1.08648933e+09 1.08648936e+09 1.08648938e+09 1.08648941e+09
 1.08648944e+09 1.08648946e+09 1.08648949e+09 1.08648952e+09
 1.08648955e+09 1.08648957e+09 1.08648960e+09 1.08648963e+09
 1.08648965e+09 1.08648968e+09 1.08648971e+09 1.08648974e+09
 1.08648976e+09 1.08648979e+09 1.08648982e+09 1.08648985e+09
 1.08648987e+09 1.08648990e+09 1.08648993e+09 1.08648995e+09
 1.08648998e+09 1.08649001e+09 1.08649004e+09 1.08649006e+09
 1.08649009e+09 1.08649012e+09 1.08649014e+09 1.08649017e+09
 1.08649020e+09 1.08649023e+09 1.08649025e+09 1.08649028e+09
 1.08649031e+09 1.08649034e+09 1.08649036e+09 1.08649039e+09
 1.08649042e+09 1.08649044e+09 1.08649047e+09 1.08649050e+09
 1.08649053e+09 1.08649055e+09 1.08649058e+09 1.08649061e+09
 1.08649063e+09 1.08649066e+09 1.08649069e+09 1.08649072e+09
 1.08649074e+09 1.08649077e+09 1.08649080e+09 1.08649082e+09
 1.08649085e+09 1.08649088e+09 1.08649091e+09 1.08649093e+09
 1.08649096e+09 1.08649099e+09 1.08649102e+09 1.08649104e+09
 1.08649107e+09 1.08649110e+09 1.08649112e+09 1.08649115e+09
 1.08649118e+09 1.08649121e+09 1.08649123e+09 1.08649126e+09
 1.08649129e+09 1.08649131e+09 1.08649134e+09 1.08649137e+09
 1.08649140e+09 1.08649142e+09 1.08649145e+09 1.08649148e+09
 1.08649151e+09 1.08649153e+09 1.08649156e+09 1.08649159e+09
 1.08649161e+09 1.08649164e+09 1.08649167e+09 1.08649170e+09
 1.08649172e+09 1.08649175e+09 1.08649178e+09 1.08649180e+09
 1.08649183e+09 1.08649186e+09 1.08649189e+09 1.08649191e+09
 1.08649194e+09 1.08649197e+09 1.08649200e+09 1.08649202e+09
 1.08649205e+09 1.08649208e+09 1.08649210e+09 1.08649213e+09
 1.08649216e+09 1.08649219e+09 1.08649221e+09 1.08649224e+09
 1.08649227e+09 1.08649229e+09 1.08649232e+09 1.08649235e+09
 1.08649238e+09 1.08649240e+09 1.08649243e+09 1.08649246e+09
 1.08649249e+09 1.08649251e+09 1.08649254e+09 1.08649257e+09
 1.08649259e+09 1.08649262e+09 1.08649265e+09 1.08649268e+09
 1.08649270e+09 1.08649273e+09 1.08649276e+09 1.08649278e+09
 1.08649281e+09 1.08649284e+09 1.08649287e+09 1.08649289e+09
 1.08649292e+09 1.08649295e+09 1.08649297e+09 1.08649300e+09
 1.08649303e+09 1.08649306e+09 1.08649308e+09 1.08649311e+09
 1.08649314e+09 1.08649317e+09 1.08649319e+09 1.08649322e+09
 1.08649325e+09 1.08649327e+09 1.08649330e+09 1.08649333e+09
 1.08649336e+09 1.08649338e+09 1.08649341e+09 1.08649344e+09
 1.08649346e+09 1.08649349e+09 1.08649352e+09 1.08649355e+09
 1.08649357e+09 1.08649360e+09 1.08649363e+09 1.08649366e+09
 1.08649368e+09 1.08649371e+09 1.08649374e+09 1.08649376e+09
 1.08649379e+09 1.08649382e+09 1.08649385e+09 1.08649387e+09
 1.08649390e+09 1.08649393e+09 1.08649395e+09 1.08649398e+09
 1.08649401e+09 1.08649404e+09 1.08649406e+09 1.08649409e+09
 1.08649412e+09 1.08649415e+09 1.08649417e+09 1.08649420e+09
 1.08649423e+09 1.08649425e+09 1.08649428e+09 1.08649431e+09
 1.08649434e+09 1.08649436e+09 1.08649439e+09 1.08649442e+09
 1.08649444e+09 1.08649447e+09 1.08649450e+09 1.08649453e+09
 1.08649455e+09 1.08649458e+09 1.08649461e+09 1.08649464e+09
 1.08649466e+09 1.08649469e+09 1.08649472e+09 1.08649474e+09
 1.08649477e+09 1.08649480e+09 1.08649483e+09 1.08649485e+09
 1.08649488e+09 1.08649491e+09 1.08649493e+09 1.08649496e+09
 1.08649499e+09 1.08649502e+09 1.08649504e+09 1.08649507e+09
 1.08649510e+09 1.08649512e+09 1.08649515e+09 1.08649518e+09
 1.08649521e+09 1.08649523e+09 1.08649526e+09 1.08649529e+09
 1.08649532e+09 1.08649534e+09 1.08649537e+09 1.08649540e+09
 1.08649542e+09 1.08649545e+09 1.08649548e+09 1.08649551e+09
 1.08649553e+09 1.08649556e+09 1.08649559e+09 1.08649561e+09
 1.08649564e+09 1.08649567e+09 1.08649570e+09 1.08649572e+09
 1.08649575e+09 1.08649578e+09 1.08649581e+09 1.08649583e+09
 1.08649586e+09 1.08649589e+09 1.08649591e+09 1.08649594e+09
 1.08649597e+09 1.08649600e+09 1.08649602e+09 1.08649605e+09]
minRes = 0.42103511549402056
minResTime = [1.08646941e+09]
Cov(t) = [100 100 100 100 100 100 100 100 100 100 100 100 100 100 100 100 100 100
 100 100 100 100 100 100 100 100 100 100 100 100 100 100 100 100 100 100
 100 100 100 100 100 100 100 100 100 100 100 100 100 100 100 100 100 100
 100 100 100 100 100 100 100 100 100 100 100 100 100 100 100 100 100 100
 100 100 100 100 100 100 100 100 100 100 100 100 100 100 100 100 100 100
 100 100 100 100 100 100 100 100 100 100 100 100 100 100 100 100 100 100
 100 100 100 100 100 100 100 100 100 100 100 100 100 100 100 100 100 100
 100 100 100 100 100 100 100 100 100 100 100 100 100 100 100 100 100 100
 100 100 100 100 100 100 100 100 100 100 100 100 100 100 100 100 100 100
 100 100 100 100 100 100 100 100 100 100 100 100 100 100 100 100 100 100
 100 100 100 100 100 100 100 100 100 100 100 100 100 100 100 100 100 100
 100 100 100 100 100 100 100 100 100 100 100 100 100 100 100 100 100 100
 100 100 100 100 100 100 100 100 100 100 100 100 100 100 100 100 100 100
 100 100 100 100 100 100 100 100 100 100 100 100 100 100 100 100 100 100
 100 100 100 100 100 100 100 100 100 100 100 100 100 100 100 100 100 100
 100 100 100 100 100 100 100 100 100 100 100 100 100 100 100 100 100 100
 100 100 100 100 100 100 100 100 100 100 100 100 100 100 100 100 100 100
 100 100 100 100 100 100 100 100 100 100 100 100 100 100 100 100 100 100
 100 100 100 100 100 100 100 100 100 100 100 100 100 100 100 100 100 100
 100 100 100 100 100 100 100 100 100 100 100 100 100 100 100 100 100 100
 100 100 100 100 100 100 100 100 100 100 100 100 100 100 100 100 100 100
 100 100 100 100 100 100 100 100 100 100 100 100 100 100 100 100 100 100
 100 100 100 100 100 100 100 100 100 100 100 100 100 100 100 100 100 100
 100 100 100 100 100 100 100 100 100 100 100 100 100 100 100 100 100 100
 100 100 100 100 100 100 100 100 100 100 100 100 100 100 100 100 100 100
 100 100 100 100 100 100 100 100 100 100 100 100 100 100 100 100 100 100
 100 100 100 100 100 100 100 100 100 100 100 100 100 100 100 100 100 100
 100 100 100 100 100 100 100 100 100 100 100 100 100 100 100 100 100 100
 100 100 100 100 100 100 100 100 100 100 100 100 100 100 100 100 100 100
 100 100 100 100 100 100 100 100 100 100 100 100 100 100 100 100 100 100
 100 100 100 100 100 100 100 100 100 100 100 100 100 100 100 100 100 100
 100 100 100 100 100 100 100 100 100 100 100 100 100 100 100 100 100 100
 100 100 100 100 100 100 100 100 100 100 100 100 100 100 100 100 100 100
 100 100 100 100 100 100 100 100 100 100 100 100 100 100 100 100 100 100
 100 100 100 100 100 100 100 100 100 100 100 100 100 100 100 100 100 100
 100 100 100 100 100 100 100 100 100 100 100 100 100 100 100 100 100 100
 100 100 100 100 100 100 100 100 100 100 100 100 100 100 100 100 100 100
 100 100 100 100 100 100 100 100 100 100 100 100 100 100 100 100 100 100
 100 100 100 100 100 100 100 100 100 100 100 100 100 100 100 100 100 100
 100 100 100 100 100 100 100 100 100 100 100 100 100 100 100 100 100 100
 100 100 100 100 100 100 100 100 100 100 100 100 100 100 100 100 100 100
 100 100 100 100 100 100 100 100 100 100 100 100 100 100 100 100 100 100
 100 100 100 100 100 100 100 100 100 100 100 100 100 100 100 100 100 100
 100 100 100 100 100 100 100 100 100 100 100 100 100 100 100 100 100 100
 100 100 100 100 100 100 100 100 100 100 100 100 100 100 100 100 100 100
 100 100 100 100 100 100 100 100 100 100 100 100 100 100 100 100 100 100
 100 100 100 100 100 100 100 100 100 100 100 100 100 100 100 100 100 100
 100 100 100 100 100 100 100 100 100 100 100 100 100 100 100 100 100 100
 100 100 100 100 100 100 100 100 100 100 100 100 100 100 100 100 100 100
 100 100 100 100 100 100 100 100 100 100 100 100 100 100 100 100 100 100
 100 100 100 100 100 100 100 100 100 100 100 100 100 100 100 100 100 100
 100 100 100 100 100 100 100 100 100 100 100 100 100 100 100 100 100 100
 100 100 100 100 100 100 100 100 100 100 100 100 100 100 100 100 100 100
 100 100 100 100 100 100 100 100 100 100 100 100 100 100 100 100 100 100
 100 100 100 100 100 100 100 100 100 100 100 100 100 100 100 100 100 100
 100 100 100 100 100 100 100 100 100 100]
maxCov = 100
maxCovTime = [1.08646886e+09 1.08646889e+09 1.08646892e+09 1.08646894e+09
 1.08646897e+09 1.08646900e+09 1.08646903e+09 1.08646905e+09
 1.08646908e+09 1.08646911e+09 1.08646913e+09 1.08646916e+09
 1.08646919e+09 1.08646922e+09 1.08646924e+09 1.08646927e+09
 1.08646930e+09 1.08646933e+09 1.08646935e+09 1.08646938e+09
 1.08646941e+09 1.08646943e+09 1.08646946e+09 1.08646949e+09
 1.08646952e+09 1.08646954e+09 1.08646957e+09 1.08646960e+09
 1.08646962e+09 1.08646965e+09 1.08646968e+09 1.08646971e+09
 1.08646973e+09 1.08646976e+09 1.08646979e+09 1.08646982e+09
 1.08646984e+09 1.08646987e+09 1.08646990e+09 1.08646992e+09
 1.08646995e+09 1.08646998e+09 1.08647001e+09 1.08647003e+09
 1.08647006e+09 1.08647009e+09 1.08647011e+09 1.08647014e+09
 1.08647017e+09 1.08647020e+09 1.08647022e+09 1.08647025e+09
 1.08647028e+09 1.08647031e+09 1.08647033e+09 1.08647036e+09
 1.08647039e+09 1.08647041e+09 1.08647044e+09 1.08647047e+09
 1.08647050e+09 1.08647052e+09 1.08647055e+09 1.08647058e+09
 1.08647060e+09 1.08647063e+09 1.08647066e+09 1.08647069e+09
 1.08647071e+09 1.08647074e+09 1.08647077e+09 1.08647079e+09
 1.08647082e+09 1.08647085e+09 1.08647088e+09 1.08647090e+09
 1.08647093e+09 1.08647096e+09 1.08647099e+09 1.08647101e+09
 1.08647104e+09 1.08647107e+09 1.08647109e+09 1.08647112e+09
 1.08647115e+09 1.08647118e+09 1.08647120e+09 1.08647123e+09
 1.08647126e+09 1.08647128e+09 1.08647131e+09 1.08647134e+09
 1.08647137e+09 1.08647139e+09 1.08647142e+09 1.08647145e+09
 1.08647148e+09 1.08647150e+09 1.08647153e+09 1.08647156e+09
 1.08647158e+09 1.08647161e+09 1.08647164e+09 1.08647167e+09
 1.08647169e+09 1.08647172e+09 1.08647175e+09 1.08647177e+09
 1.08647180e+09 1.08647183e+09 1.08647186e+09 1.08647188e+09
 1.08647191e+09 1.08647194e+09 1.08647197e+09 1.08647199e+09
 1.08647202e+09 1.08647205e+09 1.08647207e+09 1.08647210e+09
 1.08647213e+09 1.08647216e+09 1.08647218e+09 1.08647221e+09
 1.08647224e+09 1.08647226e+09 1.08647229e+09 1.08647232e+09
 1.08647235e+09 1.08647237e+09 1.08647240e+09 1.08647243e+09
 1.08647246e+09 1.08647248e+09 1.08647251e+09 1.08647254e+09
 1.08647256e+09 1.08647259e+09 1.08647262e+09 1.08647265e+09
 1.08647267e+09 1.08647270e+09 1.08647273e+09 1.08647275e+09
 1.08647278e+09 1.08647281e+09 1.08647284e+09 1.08647286e+09
 1.08647289e+09 1.08647292e+09 1.08647294e+09 1.08647297e+09
 1.08647300e+09 1.08647303e+09 1.08647305e+09 1.08647308e+09
 1.08647311e+09 1.08647314e+09 1.08647316e+09 1.08647319e+09
 1.08647322e+09 1.08647324e+09 1.08647327e+09 1.08647330e+09
 1.08647333e+09 1.08647335e+09 1.08647338e+09 1.08647341e+09
 1.08647343e+09 1.08647346e+09 1.08647349e+09 1.08647352e+09
 1.08647354e+09 1.08647357e+09 1.08647360e+09 1.08647363e+09
 1.08647365e+09 1.08647368e+09 1.08647371e+09 1.08647373e+09
 1.08647376e+09 1.08647379e+09 1.08647382e+09 1.08647384e+09
 1.08647387e+09 1.08647390e+09 1.08647392e+09 1.08647395e+09
 1.08647398e+09 1.08647401e+09 1.08647403e+09 1.08647406e+09
 1.08647409e+09 1.08647412e+09 1.08647414e+09 1.08647417e+09
 1.08647420e+09 1.08647422e+09 1.08647425e+09 1.08647428e+09
 1.08647431e+09 1.08647433e+09 1.08647436e+09 1.08647439e+09
 1.08647441e+09 1.08647444e+09 1.08647447e+09 1.08647450e+09
 1.08647452e+09 1.08647455e+09 1.08647458e+09 1.08647460e+09
 1.08647463e+09 1.08647466e+09 1.08647469e+09 1.08647471e+09
 1.08647474e+09 1.08647477e+09 1.08647480e+09 1.08647482e+09
 1.08647485e+09 1.08647488e+09 1.08647490e+09 1.08647493e+09
 1.08647496e+09 1.08647499e+09 1.08647501e+09 1.08647504e+09
 1.08647507e+09 1.08647509e+09 1.08647512e+09 1.08647515e+09
 1.08647518e+09 1.08647520e+09 1.08647523e+09 1.08647526e+09
 1.08647529e+09 1.08647531e+09 1.08647534e+09 1.08647537e+09
 1.08647539e+09 1.08647542e+09 1.08647545e+09 1.08647548e+09
 1.08647550e+09 1.08647553e+09 1.08647556e+09 1.08647558e+09
 1.08647561e+09 1.08647564e+09 1.08647567e+09 1.08647569e+09
 1.08647572e+09 1.08647575e+09 1.08647578e+09 1.08647580e+09
 1.08647583e+09 1.08647586e+09 1.08647588e+09 1.08647591e+09
 1.08647594e+09 1.08647597e+09 1.08647599e+09 1.08647602e+09
 1.08647605e+09 1.08647607e+09 1.08647610e+09 1.08647613e+09
 1.08647616e+09 1.08647618e+09 1.08647621e+09 1.08647624e+09
 1.08647627e+09 1.08647629e+09 1.08647632e+09 1.08647635e+09
 1.08647637e+09 1.08647640e+09 1.08647643e+09 1.08647646e+09
 1.08647648e+09 1.08647651e+09 1.08647654e+09 1.08647656e+09
 1.08647659e+09 1.08647662e+09 1.08647665e+09 1.08647667e+09
 1.08647670e+09 1.08647673e+09 1.08647675e+09 1.08647678e+09
 1.08647681e+09 1.08647684e+09 1.08647686e+09 1.08647689e+09
 1.08647692e+09 1.08647695e+09 1.08647697e+09 1.08647700e+09
 1.08647703e+09 1.08647705e+09 1.08647708e+09 1.08647711e+09
 1.08647714e+09 1.08647716e+09 1.08647719e+09 1.08647722e+09
 1.08647724e+09 1.08647727e+09 1.08647730e+09 1.08647733e+09
 1.08647735e+09 1.08647738e+09 1.08647741e+09 1.08647744e+09
 1.08647746e+09 1.08647749e+09 1.08647752e+09 1.08647754e+09
 1.08647757e+09 1.08647760e+09 1.08647763e+09 1.08647765e+09
 1.08647768e+09 1.08647771e+09 1.08647773e+09 1.08647776e+09
 1.08647779e+09 1.08647782e+09 1.08647784e+09 1.08647787e+09
 1.08647790e+09 1.08647793e+09 1.08647795e+09 1.08647798e+09
 1.08647801e+09 1.08647803e+09 1.08647806e+09 1.08647809e+09
 1.08647812e+09 1.08647814e+09 1.08647817e+09 1.08647820e+09
 1.08647822e+09 1.08647825e+09 1.08647828e+09 1.08647831e+09
 1.08647833e+09 1.08647836e+09 1.08647839e+09 1.08647842e+09
 1.08647844e+09 1.08647847e+09 1.08647850e+09 1.08647852e+09
 1.08647855e+09 1.08647858e+09 1.08647861e+09 1.08647863e+09
 1.08647866e+09 1.08647869e+09 1.08647871e+09 1.08647874e+09
 1.08647877e+09 1.08647880e+09 1.08647882e+09 1.08647885e+09
 1.08647888e+09 1.08647890e+09 1.08647893e+09 1.08647896e+09
 1.08647899e+09 1.08647901e+09 1.08647904e+09 1.08647907e+09
 1.08647910e+09 1.08647912e+09 1.08647915e+09 1.08647918e+09
 1.08647920e+09 1.08647923e+09 1.08647926e+09 1.08647929e+09
 1.08647931e+09 1.08647934e+09 1.08647937e+09 1.08647939e+09
 1.08647942e+09 1.08647945e+09 1.08647948e+09 1.08647950e+09
 1.08647953e+09 1.08647956e+09 1.08647959e+09 1.08647961e+09
 1.08647964e+09 1.08647967e+09 1.08647969e+09 1.08647972e+09
 1.08647975e+09 1.08647978e+09 1.08647980e+09 1.08647983e+09
 1.08647986e+09 1.08647988e+09 1.08647991e+09 1.08647994e+09
 1.08647997e+09 1.08647999e+09 1.08648002e+09 1.08648005e+09
 1.08648008e+09 1.08648010e+09 1.08648013e+09 1.08648016e+09
 1.08648018e+09 1.08648021e+09 1.08648024e+09 1.08648027e+09
 1.08648029e+09 1.08648032e+09 1.08648035e+09 1.08648037e+09
 1.08648040e+09 1.08648043e+09 1.08648046e+09 1.08648048e+09
 1.08648051e+09 1.08648054e+09 1.08648057e+09 1.08648059e+09
 1.08648062e+09 1.08648065e+09 1.08648067e+09 1.08648070e+09
 1.08648073e+09 1.08648076e+09 1.08648078e+09 1.08648081e+09
 1.08648084e+09 1.08648086e+09 1.08648089e+09 1.08648092e+09
 1.08648095e+09 1.08648097e+09 1.08648100e+09 1.08648103e+09
 1.08648105e+09 1.08648108e+09 1.08648111e+09 1.08648114e+09
 1.08648116e+09 1.08648119e+09 1.08648122e+09 1.08648125e+09
 1.08648127e+09 1.08648130e+09 1.08648133e+09 1.08648135e+09
 1.08648138e+09 1.08648141e+09 1.08648144e+09 1.08648146e+09
 1.08648149e+09 1.08648152e+09 1.08648154e+09 1.08648157e+09
 1.08648160e+09 1.08648163e+09 1.08648165e+09 1.08648168e+09
 1.08648171e+09 1.08648174e+09 1.08648176e+09 1.08648179e+09
 1.08648182e+09 1.08648184e+09 1.08648187e+09 1.08648190e+09
 1.08648193e+09 1.08648195e+09 1.08648198e+09 1.08648201e+09
 1.08648203e+09 1.08648206e+09 1.08648209e+09 1.08648212e+09
 1.08648214e+09 1.08648217e+09 1.08648220e+09 1.08648223e+09
 1.08648225e+09 1.08648228e+09 1.08648231e+09 1.08648233e+09
 1.08648236e+09 1.08648239e+09 1.08648242e+09 1.08648244e+09
 1.08648247e+09 1.08648250e+09 1.08648252e+09 1.08648255e+09
 1.08648258e+09 1.08648261e+09 1.08648263e+09 1.08648266e+09
 1.08648269e+09 1.08648271e+09 1.08648274e+09 1.08648277e+09
 1.08648280e+09 1.08648282e+09 1.08648285e+09 1.08648288e+09
 1.08648291e+09 1.08648293e+09 1.08648296e+09 1.08648299e+09
 1.08648301e+09 1.08648304e+09 1.08648307e+09 1.08648310e+09
 1.08648312e+09 1.08648315e+09 1.08648318e+09 1.08648320e+09
 1.08648323e+09 1.08648326e+09 1.08648329e+09 1.08648331e+09
 1.08648334e+09 1.08648337e+09 1.08648340e+09 1.08648342e+09
 1.08648345e+09 1.08648348e+09 1.08648350e+09 1.08648353e+09
 1.08648356e+09 1.08648359e+09 1.08648361e+09 1.08648364e+09
 1.08648367e+09 1.08648369e+09 1.08648372e+09 1.08648375e+09
 1.08648378e+09 1.08648380e+09 1.08648383e+09 1.08648386e+09
 1.08648389e+09 1.08648391e+09 1.08648394e+09 1.08648397e+09
 1.08648399e+09 1.08648402e+09 1.08648405e+09 1.08648408e+09
 1.08648410e+09 1.08648413e+09 1.08648416e+09 1.08648418e+09
 1.08648421e+09 1.08648424e+09 1.08648427e+09 1.08648429e+09
 1.08648432e+09 1.08648435e+09 1.08648438e+09 1.08648440e+09
 1.08648443e+09 1.08648446e+09 1.08648448e+09 1.08648451e+09
 1.08648454e+09 1.08648457e+09 1.08648459e+09 1.08648462e+09
 1.08648465e+09 1.08648467e+09 1.08648470e+09 1.08648473e+09
 1.08648476e+09 1.08648478e+09 1.08648481e+09 1.08648484e+09
 1.08648486e+09 1.08648489e+09 1.08648492e+09 1.08648495e+09
 1.08648497e+09 1.08648500e+09 1.08648503e+09 1.08648506e+09
 1.08648508e+09 1.08648511e+09 1.08648514e+09 1.08648516e+09
 1.08648519e+09 1.08648522e+09 1.08648525e+09 1.08648527e+09
 1.08648530e+09 1.08648533e+09 1.08648535e+09 1.08648538e+09
 1.08648541e+09 1.08648544e+09 1.08648546e+09 1.08648549e+09
 1.08648552e+09 1.08648555e+09 1.08648557e+09 1.08648560e+09
 1.08648563e+09 1.08648565e+09 1.08648568e+09 1.08648571e+09
 1.08648574e+09 1.08648576e+09 1.08648579e+09 1.08648582e+09
 1.08648584e+09 1.08648587e+09 1.08648590e+09 1.08648593e+09
 1.08648595e+09 1.08648598e+09 1.08648601e+09 1.08648604e+09
 1.08648606e+09 1.08648609e+09 1.08648612e+09 1.08648614e+09
 1.08648617e+09 1.08648620e+09 1.08648623e+09 1.08648625e+09
 1.08648628e+09 1.08648631e+09 1.08648633e+09 1.08648636e+09
 1.08648639e+09 1.08648642e+09 1.08648644e+09 1.08648647e+09
 1.08648650e+09 1.08648653e+09 1.08648655e+09 1.08648658e+09
 1.08648661e+09 1.08648663e+09 1.08648666e+09 1.08648669e+09
 1.08648672e+09 1.08648674e+09 1.08648677e+09 1.08648680e+09
 1.08648682e+09 1.08648685e+09 1.08648688e+09 1.08648691e+09
 1.08648693e+09 1.08648696e+09 1.08648699e+09 1.08648701e+09
 1.08648704e+09 1.08648707e+09 1.08648710e+09 1.08648712e+09
 1.08648715e+09 1.08648718e+09 1.08648721e+09 1.08648723e+09
 1.08648726e+09 1.08648729e+09 1.08648731e+09 1.08648734e+09
 1.08648737e+09 1.08648740e+09 1.08648742e+09 1.08648745e+09
 1.08648748e+09 1.08648750e+09 1.08648753e+09 1.08648756e+09
 1.08648759e+09 1.08648761e+09 1.08648764e+09 1.08648767e+09
 1.08648770e+09 1.08648772e+09 1.08648775e+09 1.08648778e+09
 1.08648780e+09 1.08648783e+09 1.08648786e+09 1.08648789e+09
 1.08648791e+09 1.08648794e+09 1.08648797e+09 1.08648799e+09
 1.08648802e+09 1.08648805e+09 1.08648808e+09 1.08648810e+09
 1.08648813e+09 1.08648816e+09 1.08648819e+09 1.08648821e+09
 1.08648824e+09 1.08648827e+09 1.08648829e+09 1.08648832e+09
 1.08648835e+09 1.08648838e+09 1.08648840e+09 1.08648843e+09
 1.08648846e+09 1.08648848e+09 1.08648851e+09 1.08648854e+09
 1.08648857e+09 1.08648859e+09 1.08648862e+09 1.08648865e+09
 1.08648867e+09 1.08648870e+09 1.08648873e+09 1.08648876e+09
 1.08648878e+09 1.08648881e+09 1.08648884e+09 1.08648887e+09
 1.08648889e+09 1.08648892e+09 1.08648895e+09 1.08648897e+09
 1.08648900e+09 1.08648903e+09 1.08648906e+09 1.08648908e+09
 1.08648911e+09 1.08648914e+09 1.08648916e+09 1.08648919e+09
 1.08648922e+09 1.08648925e+09 1.08648927e+09 1.08648930e+09
 1.08648933e+09 1.08648936e+09 1.08648938e+09 1.08648941e+09
 1.08648944e+09 1.08648946e+09 1.08648949e+09 1.08648952e+09
 1.08648955e+09 1.08648957e+09 1.08648960e+09 1.08648963e+09
 1.08648965e+09 1.08648968e+09 1.08648971e+09 1.08648974e+09
 1.08648976e+09 1.08648979e+09 1.08648982e+09 1.08648985e+09
 1.08648987e+09 1.08648990e+09 1.08648993e+09 1.08648995e+09
 1.08648998e+09 1.08649001e+09 1.08649004e+09 1.08649006e+09
 1.08649009e+09 1.08649012e+09 1.08649014e+09 1.08649017e+09
 1.08649020e+09 1.08649023e+09 1.08649025e+09 1.08649028e+09
 1.08649031e+09 1.08649034e+09 1.08649036e+09 1.08649039e+09
 1.08649042e+09 1.08649044e+09 1.08649047e+09 1.08649050e+09
 1.08649053e+09 1.08649055e+09 1.08649058e+09 1.08649061e+09
 1.08649063e+09 1.08649066e+09 1.08649069e+09 1.08649072e+09
 1.08649074e+09 1.08649077e+09 1.08649080e+09 1.08649082e+09
 1.08649085e+09 1.08649088e+09 1.08649091e+09 1.08649093e+09
 1.08649096e+09 1.08649099e+09 1.08649102e+09 1.08649104e+09
 1.08649107e+09 1.08649110e+09 1.08649112e+09 1.08649115e+09
 1.08649118e+09 1.08649121e+09 1.08649123e+09 1.08649126e+09
 1.08649129e+09 1.08649131e+09 1.08649134e+09 1.08649137e+09
 1.08649140e+09 1.08649142e+09 1.08649145e+09 1.08649148e+09
 1.08649151e+09 1.08649153e+09 1.08649156e+09 1.08649159e+09
 1.08649161e+09 1.08649164e+09 1.08649167e+09 1.08649170e+09
 1.08649172e+09 1.08649175e+09 1.08649178e+09 1.08649180e+09
 1.08649183e+09 1.08649186e+09 1.08649189e+09 1.08649191e+09
 1.08649194e+09 1.08649197e+09 1.08649200e+09 1.08649202e+09
 1.08649205e+09 1.08649208e+09 1.08649210e+09 1.08649213e+09
 1.08649216e+09 1.08649219e+09 1.08649221e+09 1.08649224e+09
 1.08649227e+09 1.08649229e+09 1.08649232e+09 1.08649235e+09
 1.08649238e+09 1.08649240e+09 1.08649243e+09 1.08649246e+09
 1.08649249e+09 1.08649251e+09 1.08649254e+09 1.08649257e+09
 1.08649259e+09 1.08649262e+09 1.08649265e+09 1.08649268e+09
 1.08649270e+09 1.08649273e+09 1.08649276e+09 1.08649278e+09
 1.08649281e+09 1.08649284e+09 1.08649287e+09 1.08649289e+09
 1.08649292e+09 1.08649295e+09 1.08649297e+09 1.08649300e+09
 1.08649303e+09 1.08649306e+09 1.08649308e+09 1.08649311e+09
 1.08649314e+09 1.08649317e+09 1.08649319e+09 1.08649322e+09
 1.08649325e+09 1.08649327e+09 1.08649330e+09 1.08649333e+09
 1.08649336e+09 1.08649338e+09 1.08649341e+09 1.08649344e+09
 1.08649346e+09 1.08649349e+09 1.08649352e+09 1.08649355e+09
 1.08649357e+09 1.08649360e+09 1.08649363e+09 1.08649366e+09
 1.08649368e+09 1.08649371e+09 1.08649374e+09 1.08649376e+09
 1.08649379e+09 1.08649382e+09 1.08649385e+09 1.08649387e+09
 1.08649390e+09 1.08649393e+09 1.08649395e+09 1.08649398e+09
 1.08649401e+09 1.08649404e+09 1.08649406e+09 1.08649409e+09
 1.08649412e+09 1.08649415e+09 1.08649417e+09 1.08649420e+09
 1.08649423e+09 1.08649425e+09 1.08649428e+09 1.08649431e+09
 1.08649434e+09 1.08649436e+09 1.08649439e+09 1.08649442e+09
 1.08649444e+09 1.08649447e+09 1.08649450e+09 1.08649453e+09
 1.08649455e+09 1.08649458e+09 1.08649461e+09 1.08649464e+09
 1.08649466e+09 1.08649469e+09 1.08649472e+09 1.08649474e+09
 1.08649477e+09 1.08649480e+09 1.08649483e+09 1.08649485e+09
 1.08649488e+09 1.08649491e+09 1.08649493e+09 1.08649496e+09
 1.08649499e+09 1.08649502e+09 1.08649504e+09 1.08649507e+09
 1.08649510e+09 1.08649512e+09 1.08649515e+09 1.08649518e+09
 1.08649521e+09 1.08649523e+09 1.08649526e+09 1.08649529e+09
 1.08649532e+09 1.08649534e+09 1.08649537e+09 1.08649540e+09
 1.08649542e+09 1.08649545e+09 1.08649548e+09 1.08649551e+09
 1.08649553e+09 1.08649556e+09 1.08649559e+09 1.08649561e+09
 1.08649564e+09 1.08649567e+09 1.08649570e+09 1.08649572e+09
 1.08649575e+09 1.08649578e+09 1.08649581e+09 1.08649583e+09
 1.08649586e+09 1.08649589e+09 1.08649591e+09 1.08649594e+09
 1.08649597e+09 1.08649600e+09 1.08649602e+09 1.08649605e+09]
