name =JUICE_ROI_GAN_2_0_18
flyby = ['2034 SEP 07 06:03:51', '2034 SEP 08 06:03:51']
Observation TW = <SpiceCell dtype = 1, length = 0, size = 3200, card = 12, is_set = 1, adjust = 0, init = 1, base = 94414148425376, data = 94414148425424>
Res(t) = [1.39599695 1.3962106  1.39642423 1.39663787 1.39685149 1.39706511
 1.39727872 1.39749232 1.39770591 1.3979195  1.39813308 1.39834665
 1.39856022 1.39877377 1.39898732 1.39920086 1.39941439 1.39962791
 1.39984143 1.40005494 1.40026843 1.40048192 1.4006954  1.40090887
 1.40112234 1.40133579 1.40154923 1.40176267 1.40197609 1.40218951
 1.40240291 1.40261631 1.40282969 1.40304307 1.40325644 1.40346979
 1.40368314 1.40389648 1.4041098  1.40432312 1.40453642 1.40474972
 1.404963   1.40517627 1.40538953 1.40560278 1.40581602 1.40602925
 1.40624247 1.40645567 1.40666886 1.40688205 1.40709522 1.40730837
 1.40752152 1.40773466 1.40794778 1.40816089 1.40837399 1.40858707
 1.40880015 1.40901321 1.40922625 1.40943929 1.40965231 1.40986532
 1.41007832 1.4102913  1.41050427 1.41071723 1.41093017 1.4111431
 1.41135602 1.41156892 1.41178181 1.41199468 1.41220754 1.41242039
 1.41263322 1.41284604 1.41305885 1.41327164 1.41348441 1.41369717
 1.41390992 1.41412265 1.41433537 1.41454807 1.41476075 1.41497343
 1.41518608 1.41539872 1.41561135 1.41582396 1.41603655 1.41624913
 1.41646169 1.41667424 1.41688677 1.41709928 1.41731178 1.41752426
 1.41773673 1.41794918 1.41816161 1.41837402 1.41858642 1.41879881
 1.41901117 1.41922352 1.41943585 1.41964817 1.41986046 1.42007274
 1.42028501 1.42049725 1.42070948 1.42092169 1.42113388 1.42134605
 1.42155821 1.42177034 1.42198246 1.42219457 1.42240665 1.42261871
 1.42283076 1.42304279 1.42325479 1.42346678 1.42367876 1.42389071
 1.42410264 1.42431455 1.42452645 1.42473832 1.42495018 1.42516202
 1.42537383 1.42558563 1.42579741 1.42600916 1.4262209  1.42643262
 1.42664432 1.42685599 1.42706765 1.42727929 1.4274909  1.4277025
 1.42791407 1.42812563 1.42833716 1.42854867 1.42876017 1.42897164
 1.42918309 1.42939451 1.42960592 1.42981731 1.43002867 1.43024001
 1.43045133 1.43066263 1.43087391 1.43108516 1.4312964  1.43150761
 1.43171879 1.43192996 1.4321411  1.43235223 1.43256333 1.4327744
 1.43298546 1.43319649 1.43340749 1.43361848 1.43382944 1.43404038
 1.43425129 1.43446219 1.43467306 1.4348839  1.43509472 1.43530552
 1.4355163  1.43572705 1.43593777 1.43614848 1.43635915 1.43656981
 1.43678044 1.43699104 1.43720163 1.43741218 1.43762272 1.43783322
 1.43804371 1.43825417 1.4384646  1.43867501 1.43888539 1.43909575
 1.43930608 1.43951639 1.43972667 1.43993693 1.44014716 1.44035736
 1.44056754 1.4407777  1.44098783 1.44119793 1.441408   1.44161805
 1.44182808 1.44203807 1.44224805 1.44245799 1.44266791 1.4428778
 1.44308766 1.4432975  1.44350731 1.4437171  1.44392685 1.44413658
 1.44434628 1.44455596 1.44476561 1.44497523 1.44518482 1.44539439
 1.44560392 1.44581343 1.44602291 1.44623237 1.44644179 1.44665119
 1.44686056 1.4470699  1.44727922 1.4474885  1.44769776 1.44790698
 1.44811618 1.44832535 1.44853449 1.44874361 1.44895269 1.44916174
 1.44937077 1.44957977 1.44978873 1.44999767 1.45020658 1.45041546
 1.45062431 1.45083312 1.45104191 1.45125067 1.4514594  1.4516681
 1.45187677 1.45208541 1.45229402 1.4525026  1.45271115 1.45291967
 1.45312815 1.45333661 1.45354504 1.45375343 1.4539618  1.45417013
 1.45437843 1.4545867  1.45479494 1.45500315 1.45521133 1.45541948
 1.45562759 1.45583567 1.45604373 1.45625175 1.45645973 1.45666769
 1.45687561 1.45708351 1.45729137 1.4574992  1.45770699 1.45791476
 1.45812249 1.45833019 1.45853785 1.45874549 1.45895309 1.45916065
 1.45936819 1.45957569 1.45978316 1.4599906  1.460198   1.46040537
 1.46061271 1.46082001 1.46102728 1.46123452 1.46144172 1.46164889
 1.46185603 1.46206313 1.46227019 1.46247723 1.46268423 1.46289119
 1.46309813 1.46330502 1.46351189 1.46371871 1.46392551 1.46413227
 1.46433899 1.46454568 1.46475234 1.46495896 1.46516554 1.4653721
 1.46557861 1.46578509 1.46599154 1.46619795 1.46640432 1.46661066
 1.46681697 1.46702323 1.46722947 1.46743566 1.46764182 1.46784795
 1.46805404 1.46826009 1.46846611 1.46867209 1.46887804 1.46908394
 1.46928982 1.46949565 1.46970145 1.46990722 1.47011294 1.47031863
 1.47052428 1.4707299  1.47093548 1.47114102 1.47134653 1.47155199
 1.47175742 1.47196282 1.47216817 1.47237349 1.47257877 1.47278402
 1.47298922 1.47319439 1.47339952 1.47360461 1.47380967 1.47401469
 1.47421967 1.47442461 1.47462951 1.47483437 1.4750392  1.47524399
 1.47544874 1.47565345 1.47585812 1.47606275 1.47626735 1.4764719
 1.47667642 1.4768809  1.47708534 1.47728974 1.4774941  1.47769842
 1.4779027  1.47810695 1.47831115 1.47851531 1.47871944 1.47892352
 1.47912757 1.47933158 1.47953554 1.47973947 1.47994335 1.4801472
 1.48035101 1.48055477 1.4807585  1.48096218 1.48116583 1.48136943
 1.481573   1.48177652 1.48198001 1.48218345 1.48238685 1.48259021
 1.48279353 1.48299681 1.48320005 1.48340325 1.4836064  1.48380952
 1.48401259 1.48421562 1.48441861 1.48462156 1.48482447 1.48502734
 1.48523016 1.48543295 1.48563569 1.48583839 1.48604104 1.48624366
 1.48644623 1.48664877 1.48685125 1.4870537  1.48725611 1.48745847
 1.48766079 1.48786307 1.4880653  1.4882675  1.48846965 1.48867175
 1.48887382 1.48907584 1.48927782 1.48947975 1.48968165 1.48988349
 1.4900853  1.49028706 1.49048878 1.49069046 1.49089209 1.49109368
 1.49129523 1.49149673 1.49169819 1.49189961 1.49210098 1.4923023
 1.49250359 1.49270483 1.49290602 1.49310718 1.49330828 1.49350935
 1.49371036 1.49391134 1.49411227 1.49431316 1.494514   1.49471479
 1.49491554 1.49511625 1.49531691 1.49551753 1.49571811 1.49591863
 1.49611912 1.49631955 1.49651995 1.49672029 1.4969206  1.49712085
 1.49732107 1.49752123 1.49772135 1.49792143 1.49812146 1.49832144
 1.49852138 1.49872127 1.49892112 1.49912092 1.49932067 1.49952038
 1.49972005 1.49991966 1.50011923 1.50031876 1.50051824 1.50071767
 1.50091705 1.50111639 1.50131568 1.50151493 1.50171413 1.50191328
 1.50211239 1.50231145 1.50251046 1.50270942 1.50290834 1.50310721
 1.50330604 1.50350481 1.50370354 1.50390223 1.50410086 1.50429945
 1.50449799 1.50469648 1.50489493 1.50509332 1.50529167 1.50548998
 1.50568823 1.50588644 1.5060846  1.50628271 1.50648077 1.50667878
 1.50687675 1.50707467 1.50727254 1.50747036 1.50766813 1.50786586
 1.50806354 1.50826116 1.50845875 1.50865628 1.50885376 1.50905119
 1.50924858 1.50944591 1.5096432  1.50984044 1.51003763 1.51023477
 1.51043186 1.5106289  1.5108259  1.51102284 1.51121974 1.51141658
 1.51161338 1.51181012 1.51200682 1.51220347 1.51240007 1.51259661
 1.51279311 1.51298956 1.51318596 1.51338231 1.51357861 1.51377486
 1.51397106 1.5141672  1.5143633  1.51455935 1.51475535 1.5149513
 1.5151472  1.51534304 1.51553884 1.51573459 1.51593028 1.51612593
 1.51632152 1.51651707 1.51671256 1.516908   1.51710339 1.51729873
 1.51749402 1.51768926 1.51788445 1.51807958 1.51827467 1.5184697
 1.51866469 1.51885962 1.5190545  1.51924933 1.5194441  1.51963883
 1.5198335  1.52002813 1.5202227  1.52041722 1.52061168 1.5208061
 1.52100046 1.52119478 1.52138904 1.52158324 1.5217774  1.5219715
 1.52216556 1.52235956 1.5225535  1.5227474  1.52294124 1.52313503
 1.52332877 1.52352245 1.52371609 1.52390967 1.52410319 1.52429667
 1.52449009 1.52468346 1.52487678 1.52507004 1.52526325 1.52545641
 1.52564951 1.52584257 1.52603557 1.52622851 1.5264214  1.52661424
 1.52680703 1.52699976 1.52719244 1.52738507 1.52757764 1.52777016
 1.52796262 1.52815503 1.52834739 1.5285397  1.52873195 1.52892414
 1.52911629 1.52930838 1.52950041 1.52969239 1.52988432 1.53007619
 1.53026801 1.53045978 1.53065149 1.53084314 1.53103474 1.53122629
 1.53141779 1.53160922 1.53180061 1.53199194 1.53218321 1.53237443
 1.5325656  1.53275671 1.53294777 1.53313877 1.53332972 1.53352061
 1.53371145 1.53390223 1.53409296 1.53428363 1.53447425 1.53466481
 1.53485532 1.53504577 1.53523617 1.53542651 1.53561679 1.53580702
 1.5359972  1.53618732 1.53637738 1.53656739 1.53675735 1.53694724
 1.53713709 1.53732687 1.5375166  1.53770628 1.5378959  1.53808546
 1.53827497 1.53846442 1.53865381 1.53884315 1.53903243 1.53922166
 1.53941083 1.53959995 1.539789   1.53997801 1.54016695 1.54035584
 1.54054467 1.54073345 1.54092217 1.54111083 1.54129944 1.54148799
 1.54167648 1.54186492 1.5420533  1.54224162 1.54242989 1.5426181
 1.54280625 1.54299435 1.54318239 1.54337037 1.54355829 1.54374616
 1.54393397 1.54412173 1.54430942 1.54449706 1.54468464 1.54487217
 1.54505963 1.54524704 1.5454344  1.54562169 1.54580893 1.54599611
 1.54618323 1.5463703  1.5465573  1.54674425 1.54693114 1.54711798
 1.54730475 1.54749147 1.54767813 1.54786473 1.54805128 1.54823776
 1.54842419 1.54861056 1.54879687 1.54898313 1.54916932 1.54935546
 1.54954154 1.54972756 1.54991352 1.55009943 1.55028527 1.55047106
 1.55065679 1.55084246 1.55102807 1.55121363 1.55139912 1.55158456
 1.55176994 1.55195525 1.55214051 1.55232572 1.55251086 1.55269594
 1.55288097 1.55306593 1.55325084 1.55343569 1.55362048 1.5538052
 1.55398988 1.55417449 1.55435904 1.55454353 1.55472797 1.55491234
 1.55509666 1.55528091 1.55546511 1.55564925 1.55583332 1.55601734
 1.5562013  1.5563852  1.55656904 1.55675282 1.55693654 1.5571202
 1.5573038  1.55748734 1.55767082 1.55785425 1.55803761 1.55822091
 1.55840415 1.55858733 1.55877046 1.55895352 1.55913652 1.55931946
 1.55950234 1.55968517 1.55986793 1.56005063 1.56023327 1.56041585
 1.56059837 1.56078083 1.56096323 1.56114557 1.56132785 1.56151007
 1.56169223 1.56187433 1.56205636 1.56223834 1.56242026 1.56260211
 1.56278391 1.56296564 1.56314731 1.56332893 1.56351048 1.56369197
 1.5638734  1.56405477 1.56423608 1.56441733 1.56459851 1.56477964
 1.5649607  1.56514171 1.56532265 1.56550353 1.56568435 1.56586511
 1.56604581 1.56622645 1.56640702 1.56658753 1.56676799 1.56694838
 1.56712871 1.56730898 1.56748919 1.56766933 1.56784942 1.56802944
 1.5682094  1.5683893  1.56856914 1.56874891 1.56892863 1.56910828
 1.56928787 1.5694674  1.56964687 1.56982628 1.57000562 1.57018491
 1.57036413 1.57054329 1.57072238 1.57090142 1.57108039 1.5712593
 1.57143815 1.57161694 1.57179566 1.57197432 1.57215292 1.57233146
 1.57250994 1.57268835 1.57286671 1.57304499 1.57322322 1.57340139
 1.57357949 1.57375753 1.57393551 1.57411342 1.57429128 1.57446907
 1.57464679 1.57482446 1.57500206 1.5751796  1.57535708 1.57553449
 1.57571185 1.57588914 1.57606636 1.57624353 1.57642063 1.57659767
 1.57677464 1.57695156 1.57712841 1.5773052  1.57748192 1.57765858
 1.57783518 1.57801172 1.57818819 1.5783646  1.57854095 1.57871723
 1.57889345 1.57906961 1.5792457  1.57942173 1.5795977  1.57977361
 1.57994945 1.58012523 1.58030094 1.58047659 1.58065218 1.58082771
 1.58100317 1.58117857 1.5813539  1.58152917 1.58170438 1.58187953
 1.58205461 1.58222962 1.58240458 1.58257947 1.5827543  1.58292906
 1.58310376 1.5832784  1.58345297 1.58362748 1.58380192 1.5839763
 1.58415062 1.58432487 1.58449906 1.58467319 1.58484725 1.58502125
 1.58519519 1.58536906 1.58554286 1.58571661 1.58589028 1.5860639
 1.58623745 1.58641094 1.58658436 1.58675772 1.58693101 1.58710424
 1.58727741 1.58745051 1.58762355 1.58779653 1.58796944 1.58814228
 1.58831506 1.58848778 1.58866043 1.58883302 1.58900554 1.589178
 1.5893504  1.58952273 1.589695   1.5898672  1.59003934 1.59021141
 1.59038342 1.59055537 1.59072725 1.59089906 1.59107081 1.5912425
 1.59141412 1.59158568 1.59175717 1.5919286  1.59209996 1.59227126
 1.59244249 1.59261366 1.59278477 1.59295581]
t = [1.09456335e+09 1.09456337e+09 1.09456338e+09 1.09456340e+09
 1.09456342e+09 1.09456344e+09 1.09456345e+09 1.09456347e+09
 1.09456349e+09 1.09456350e+09 1.09456352e+09 1.09456354e+09
 1.09456355e+09 1.09456357e+09 1.09456359e+09 1.09456360e+09
 1.09456362e+09 1.09456364e+09 1.09456366e+09 1.09456367e+09
 1.09456369e+09 1.09456371e+09 1.09456372e+09 1.09456374e+09
 1.09456376e+09 1.09456377e+09 1.09456379e+09 1.09456381e+09
 1.09456383e+09 1.09456384e+09 1.09456386e+09 1.09456388e+09
 1.09456389e+09 1.09456391e+09 1.09456393e+09 1.09456394e+09
 1.09456396e+09 1.09456398e+09 1.09456399e+09 1.09456401e+09
 1.09456403e+09 1.09456405e+09 1.09456406e+09 1.09456408e+09
 1.09456410e+09 1.09456411e+09 1.09456413e+09 1.09456415e+09
 1.09456416e+09 1.09456418e+09 1.09456420e+09 1.09456422e+09
 1.09456423e+09 1.09456425e+09 1.09456427e+09 1.09456428e+09
 1.09456430e+09 1.09456432e+09 1.09456433e+09 1.09456435e+09
 1.09456437e+09 1.09456439e+09 1.09456440e+09 1.09456442e+09
 1.09456444e+09 1.09456445e+09 1.09456447e+09 1.09456449e+09
 1.09456450e+09 1.09456452e+09 1.09456454e+09 1.09456455e+09
 1.09456457e+09 1.09456459e+09 1.09456461e+09 1.09456462e+09
 1.09456464e+09 1.09456466e+09 1.09456467e+09 1.09456469e+09
 1.09456471e+09 1.09456472e+09 1.09456474e+09 1.09456476e+09
 1.09456478e+09 1.09456479e+09 1.09456481e+09 1.09456483e+09
 1.09456484e+09 1.09456486e+09 1.09456488e+09 1.09456489e+09
 1.09456491e+09 1.09456493e+09 1.09456495e+09 1.09456496e+09
 1.09456498e+09 1.09456500e+09 1.09456501e+09 1.09456503e+09
 1.09456505e+09 1.09456506e+09 1.09456508e+09 1.09456510e+09
 1.09456511e+09 1.09456513e+09 1.09456515e+09 1.09456517e+09
 1.09456518e+09 1.09456520e+09 1.09456522e+09 1.09456523e+09
 1.09456525e+09 1.09456527e+09 1.09456528e+09 1.09456530e+09
 1.09456532e+09 1.09456534e+09 1.09456535e+09 1.09456537e+09
 1.09456539e+09 1.09456540e+09 1.09456542e+09 1.09456544e+09
 1.09456545e+09 1.09456547e+09 1.09456549e+09 1.09456550e+09
 1.09456552e+09 1.09456554e+09 1.09456556e+09 1.09456557e+09
 1.09456559e+09 1.09456561e+09 1.09456562e+09 1.09456564e+09
 1.09456566e+09 1.09456567e+09 1.09456569e+09 1.09456571e+09
 1.09456573e+09 1.09456574e+09 1.09456576e+09 1.09456578e+09
 1.09456579e+09 1.09456581e+09 1.09456583e+09 1.09456584e+09
 1.09456586e+09 1.09456588e+09 1.09456590e+09 1.09456591e+09
 1.09456593e+09 1.09456595e+09 1.09456596e+09 1.09456598e+09
 1.09456600e+09 1.09456601e+09 1.09456603e+09 1.09456605e+09
 1.09456606e+09 1.09456608e+09 1.09456610e+09 1.09456612e+09
 1.09456613e+09 1.09456615e+09 1.09456617e+09 1.09456618e+09
 1.09456620e+09 1.09456622e+09 1.09456623e+09 1.09456625e+09
 1.09456627e+09 1.09456629e+09 1.09456630e+09 1.09456632e+09
 1.09456634e+09 1.09456635e+09 1.09456637e+09 1.09456639e+09
 1.09456640e+09 1.09456642e+09 1.09456644e+09 1.09456646e+09
 1.09456647e+09 1.09456649e+09 1.09456651e+09 1.09456652e+09
 1.09456654e+09 1.09456656e+09 1.09456657e+09 1.09456659e+09
 1.09456661e+09 1.09456662e+09 1.09456664e+09 1.09456666e+09
 1.09456668e+09 1.09456669e+09 1.09456671e+09 1.09456673e+09
 1.09456674e+09 1.09456676e+09 1.09456678e+09 1.09456679e+09
 1.09456681e+09 1.09456683e+09 1.09456685e+09 1.09456686e+09
 1.09456688e+09 1.09456690e+09 1.09456691e+09 1.09456693e+09
 1.09456695e+09 1.09456696e+09 1.09456698e+09 1.09456700e+09
 1.09456702e+09 1.09456703e+09 1.09456705e+09 1.09456707e+09
 1.09456708e+09 1.09456710e+09 1.09456712e+09 1.09456713e+09
 1.09456715e+09 1.09456717e+09 1.09456718e+09 1.09456720e+09
 1.09456722e+09 1.09456724e+09 1.09456725e+09 1.09456727e+09
 1.09456729e+09 1.09456730e+09 1.09456732e+09 1.09456734e+09
 1.09456735e+09 1.09456737e+09 1.09456739e+09 1.09456741e+09
 1.09456742e+09 1.09456744e+09 1.09456746e+09 1.09456747e+09
 1.09456749e+09 1.09456751e+09 1.09456752e+09 1.09456754e+09
 1.09456756e+09 1.09456757e+09 1.09456759e+09 1.09456761e+09
 1.09456763e+09 1.09456764e+09 1.09456766e+09 1.09456768e+09
 1.09456769e+09 1.09456771e+09 1.09456773e+09 1.09456774e+09
 1.09456776e+09 1.09456778e+09 1.09456780e+09 1.09456781e+09
 1.09456783e+09 1.09456785e+09 1.09456786e+09 1.09456788e+09
 1.09456790e+09 1.09456791e+09 1.09456793e+09 1.09456795e+09
 1.09456797e+09 1.09456798e+09 1.09456800e+09 1.09456802e+09
 1.09456803e+09 1.09456805e+09 1.09456807e+09 1.09456808e+09
 1.09456810e+09 1.09456812e+09 1.09456813e+09 1.09456815e+09
 1.09456817e+09 1.09456819e+09 1.09456820e+09 1.09456822e+09
 1.09456824e+09 1.09456825e+09 1.09456827e+09 1.09456829e+09
 1.09456830e+09 1.09456832e+09 1.09456834e+09 1.09456836e+09
 1.09456837e+09 1.09456839e+09 1.09456841e+09 1.09456842e+09
 1.09456844e+09 1.09456846e+09 1.09456847e+09 1.09456849e+09
 1.09456851e+09 1.09456853e+09 1.09456854e+09 1.09456856e+09
 1.09456858e+09 1.09456859e+09 1.09456861e+09 1.09456863e+09
 1.09456864e+09 1.09456866e+09 1.09456868e+09 1.09456869e+09
 1.09456871e+09 1.09456873e+09 1.09456875e+09 1.09456876e+09
 1.09456878e+09 1.09456880e+09 1.09456881e+09 1.09456883e+09
 1.09456885e+09 1.09456886e+09 1.09456888e+09 1.09456890e+09
 1.09456892e+09 1.09456893e+09 1.09456895e+09 1.09456897e+09
 1.09456898e+09 1.09456900e+09 1.09456902e+09 1.09456903e+09
 1.09456905e+09 1.09456907e+09 1.09456909e+09 1.09456910e+09
 1.09456912e+09 1.09456914e+09 1.09456915e+09 1.09456917e+09
 1.09456919e+09 1.09456920e+09 1.09456922e+09 1.09456924e+09
 1.09456925e+09 1.09456927e+09 1.09456929e+09 1.09456931e+09
 1.09456932e+09 1.09456934e+09 1.09456936e+09 1.09456937e+09
 1.09456939e+09 1.09456941e+09 1.09456942e+09 1.09456944e+09
 1.09456946e+09 1.09456948e+09 1.09456949e+09 1.09456951e+09
 1.09456953e+09 1.09456954e+09 1.09456956e+09 1.09456958e+09
 1.09456959e+09 1.09456961e+09 1.09456963e+09 1.09456964e+09
 1.09456966e+09 1.09456968e+09 1.09456970e+09 1.09456971e+09
 1.09456973e+09 1.09456975e+09 1.09456976e+09 1.09456978e+09
 1.09456980e+09 1.09456981e+09 1.09456983e+09 1.09456985e+09
 1.09456987e+09 1.09456988e+09 1.09456990e+09 1.09456992e+09
 1.09456993e+09 1.09456995e+09 1.09456997e+09 1.09456998e+09
 1.09457000e+09 1.09457002e+09 1.09457004e+09 1.09457005e+09
 1.09457007e+09 1.09457009e+09 1.09457010e+09 1.09457012e+09
 1.09457014e+09 1.09457015e+09 1.09457017e+09 1.09457019e+09
 1.09457020e+09 1.09457022e+09 1.09457024e+09 1.09457026e+09
 1.09457027e+09 1.09457029e+09 1.09457031e+09 1.09457032e+09
 1.09457034e+09 1.09457036e+09 1.09457037e+09 1.09457039e+09
 1.09457041e+09 1.09457043e+09 1.09457044e+09 1.09457046e+09
 1.09457048e+09 1.09457049e+09 1.09457051e+09 1.09457053e+09
 1.09457054e+09 1.09457056e+09 1.09457058e+09 1.09457060e+09
 1.09457061e+09 1.09457063e+09 1.09457065e+09 1.09457066e+09
 1.09457068e+09 1.09457070e+09 1.09457071e+09 1.09457073e+09
 1.09457075e+09 1.09457076e+09 1.09457078e+09 1.09457080e+09
 1.09457082e+09 1.09457083e+09 1.09457085e+09 1.09457087e+09
 1.09457088e+09 1.09457090e+09 1.09457092e+09 1.09457093e+09
 1.09457095e+09 1.09457097e+09 1.09457099e+09 1.09457100e+09
 1.09457102e+09 1.09457104e+09 1.09457105e+09 1.09457107e+09
 1.09457109e+09 1.09457110e+09 1.09457112e+09 1.09457114e+09
 1.09457115e+09 1.09457117e+09 1.09457119e+09 1.09457121e+09
 1.09457122e+09 1.09457124e+09 1.09457126e+09 1.09457127e+09
 1.09457129e+09 1.09457131e+09 1.09457132e+09 1.09457134e+09
 1.09457136e+09 1.09457138e+09 1.09457139e+09 1.09457141e+09
 1.09457143e+09 1.09457144e+09 1.09457146e+09 1.09457148e+09
 1.09457149e+09 1.09457151e+09 1.09457153e+09 1.09457155e+09
 1.09457156e+09 1.09457158e+09 1.09457160e+09 1.09457161e+09
 1.09457163e+09 1.09457165e+09 1.09457166e+09 1.09457168e+09
 1.09457170e+09 1.09457171e+09 1.09457173e+09 1.09457175e+09
 1.09457177e+09 1.09457178e+09 1.09457180e+09 1.09457182e+09
 1.09457183e+09 1.09457185e+09 1.09457187e+09 1.09457188e+09
 1.09457190e+09 1.09457192e+09 1.09457194e+09 1.09457195e+09
 1.09457197e+09 1.09457199e+09 1.09457200e+09 1.09457202e+09
 1.09457204e+09 1.09457205e+09 1.09457207e+09 1.09457209e+09
 1.09457211e+09 1.09457212e+09 1.09457214e+09 1.09457216e+09
 1.09457217e+09 1.09457219e+09 1.09457221e+09 1.09457222e+09
 1.09457224e+09 1.09457226e+09 1.09457227e+09 1.09457229e+09
 1.09457231e+09 1.09457233e+09 1.09457234e+09 1.09457236e+09
 1.09457238e+09 1.09457239e+09 1.09457241e+09 1.09457243e+09
 1.09457244e+09 1.09457246e+09 1.09457248e+09 1.09457250e+09
 1.09457251e+09 1.09457253e+09 1.09457255e+09 1.09457256e+09
 1.09457258e+09 1.09457260e+09 1.09457261e+09 1.09457263e+09
 1.09457265e+09 1.09457267e+09 1.09457268e+09 1.09457270e+09
 1.09457272e+09 1.09457273e+09 1.09457275e+09 1.09457277e+09
 1.09457278e+09 1.09457280e+09 1.09457282e+09 1.09457283e+09
 1.09457285e+09 1.09457287e+09 1.09457289e+09 1.09457290e+09
 1.09457292e+09 1.09457294e+09 1.09457295e+09 1.09457297e+09
 1.09457299e+09 1.09457300e+09 1.09457302e+09 1.09457304e+09
 1.09457306e+09 1.09457307e+09 1.09457309e+09 1.09457311e+09
 1.09457312e+09 1.09457314e+09 1.09457316e+09 1.09457317e+09
 1.09457319e+09 1.09457321e+09 1.09457322e+09 1.09457324e+09
 1.09457326e+09 1.09457328e+09 1.09457329e+09 1.09457331e+09
 1.09457333e+09 1.09457334e+09 1.09457336e+09 1.09457338e+09
 1.09457339e+09 1.09457341e+09 1.09457343e+09 1.09457345e+09
 1.09457346e+09 1.09457348e+09 1.09457350e+09 1.09457351e+09
 1.09457353e+09 1.09457355e+09 1.09457356e+09 1.09457358e+09
 1.09457360e+09 1.09457362e+09 1.09457363e+09 1.09457365e+09
 1.09457367e+09 1.09457368e+09 1.09457370e+09 1.09457372e+09
 1.09457373e+09 1.09457375e+09 1.09457377e+09 1.09457378e+09
 1.09457380e+09 1.09457382e+09 1.09457384e+09 1.09457385e+09
 1.09457387e+09 1.09457389e+09 1.09457390e+09 1.09457392e+09
 1.09457394e+09 1.09457395e+09 1.09457397e+09 1.09457399e+09
 1.09457401e+09 1.09457402e+09 1.09457404e+09 1.09457406e+09
 1.09457407e+09 1.09457409e+09 1.09457411e+09 1.09457412e+09
 1.09457414e+09 1.09457416e+09 1.09457418e+09 1.09457419e+09
 1.09457421e+09 1.09457423e+09 1.09457424e+09 1.09457426e+09
 1.09457428e+09 1.09457429e+09 1.09457431e+09 1.09457433e+09
 1.09457434e+09 1.09457436e+09 1.09457438e+09 1.09457440e+09
 1.09457441e+09 1.09457443e+09 1.09457445e+09 1.09457446e+09
 1.09457448e+09 1.09457450e+09 1.09457451e+09 1.09457453e+09
 1.09457455e+09 1.09457457e+09 1.09457458e+09 1.09457460e+09
 1.09457462e+09 1.09457463e+09 1.09457465e+09 1.09457467e+09
 1.09457468e+09 1.09457470e+09 1.09457472e+09 1.09457474e+09
 1.09457475e+09 1.09457477e+09 1.09457479e+09 1.09457480e+09
 1.09457482e+09 1.09457484e+09 1.09457485e+09 1.09457487e+09
 1.09457489e+09 1.09457490e+09 1.09457492e+09 1.09457494e+09
 1.09457496e+09 1.09457497e+09 1.09457499e+09 1.09457501e+09
 1.09457502e+09 1.09457504e+09 1.09457506e+09 1.09457507e+09
 1.09457509e+09 1.09457511e+09 1.09457513e+09 1.09457514e+09
 1.09457516e+09 1.09457518e+09 1.09457519e+09 1.09457521e+09
 1.09457523e+09 1.09457524e+09 1.09457526e+09 1.09457528e+09
 1.09457529e+09 1.09457531e+09 1.09457533e+09 1.09457535e+09
 1.09457536e+09 1.09457538e+09 1.09457540e+09 1.09457541e+09
 1.09457543e+09 1.09457545e+09 1.09457546e+09 1.09457548e+09
 1.09457550e+09 1.09457552e+09 1.09457553e+09 1.09457555e+09
 1.09457557e+09 1.09457558e+09 1.09457560e+09 1.09457562e+09
 1.09457563e+09 1.09457565e+09 1.09457567e+09 1.09457569e+09
 1.09457570e+09 1.09457572e+09 1.09457574e+09 1.09457575e+09
 1.09457577e+09 1.09457579e+09 1.09457580e+09 1.09457582e+09
 1.09457584e+09 1.09457585e+09 1.09457587e+09 1.09457589e+09
 1.09457591e+09 1.09457592e+09 1.09457594e+09 1.09457596e+09
 1.09457597e+09 1.09457599e+09 1.09457601e+09 1.09457602e+09
 1.09457604e+09 1.09457606e+09 1.09457608e+09 1.09457609e+09
 1.09457611e+09 1.09457613e+09 1.09457614e+09 1.09457616e+09
 1.09457618e+09 1.09457619e+09 1.09457621e+09 1.09457623e+09
 1.09457625e+09 1.09457626e+09 1.09457628e+09 1.09457630e+09
 1.09457631e+09 1.09457633e+09 1.09457635e+09 1.09457636e+09
 1.09457638e+09 1.09457640e+09 1.09457641e+09 1.09457643e+09
 1.09457645e+09 1.09457647e+09 1.09457648e+09 1.09457650e+09
 1.09457652e+09 1.09457653e+09 1.09457655e+09 1.09457657e+09
 1.09457658e+09 1.09457660e+09 1.09457662e+09 1.09457664e+09
 1.09457665e+09 1.09457667e+09 1.09457669e+09 1.09457670e+09
 1.09457672e+09 1.09457674e+09 1.09457675e+09 1.09457677e+09
 1.09457679e+09 1.09457680e+09 1.09457682e+09 1.09457684e+09
 1.09457686e+09 1.09457687e+09 1.09457689e+09 1.09457691e+09
 1.09457692e+09 1.09457694e+09 1.09457696e+09 1.09457697e+09
 1.09457699e+09 1.09457701e+09 1.09457703e+09 1.09457704e+09
 1.09457706e+09 1.09457708e+09 1.09457709e+09 1.09457711e+09
 1.09457713e+09 1.09457714e+09 1.09457716e+09 1.09457718e+09
 1.09457720e+09 1.09457721e+09 1.09457723e+09 1.09457725e+09
 1.09457726e+09 1.09457728e+09 1.09457730e+09 1.09457731e+09
 1.09457733e+09 1.09457735e+09 1.09457736e+09 1.09457738e+09
 1.09457740e+09 1.09457742e+09 1.09457743e+09 1.09457745e+09
 1.09457747e+09 1.09457748e+09 1.09457750e+09 1.09457752e+09
 1.09457753e+09 1.09457755e+09 1.09457757e+09 1.09457759e+09
 1.09457760e+09 1.09457762e+09 1.09457764e+09 1.09457765e+09
 1.09457767e+09 1.09457769e+09 1.09457770e+09 1.09457772e+09
 1.09457774e+09 1.09457776e+09 1.09457777e+09 1.09457779e+09
 1.09457781e+09 1.09457782e+09 1.09457784e+09 1.09457786e+09
 1.09457787e+09 1.09457789e+09 1.09457791e+09 1.09457792e+09
 1.09457794e+09 1.09457796e+09 1.09457798e+09 1.09457799e+09
 1.09457801e+09 1.09457803e+09 1.09457804e+09 1.09457806e+09
 1.09457808e+09 1.09457809e+09 1.09457811e+09 1.09457813e+09
 1.09457815e+09 1.09457816e+09 1.09457818e+09 1.09457820e+09
 1.09457821e+09 1.09457823e+09 1.09457825e+09 1.09457826e+09
 1.09457828e+09 1.09457830e+09 1.09457832e+09 1.09457833e+09
 1.09457835e+09 1.09457837e+09 1.09457838e+09 1.09457840e+09
 1.09457842e+09 1.09457843e+09 1.09457845e+09 1.09457847e+09
 1.09457848e+09 1.09457850e+09 1.09457852e+09 1.09457854e+09
 1.09457855e+09 1.09457857e+09 1.09457859e+09 1.09457860e+09
 1.09457862e+09 1.09457864e+09 1.09457865e+09 1.09457867e+09
 1.09457869e+09 1.09457871e+09 1.09457872e+09 1.09457874e+09
 1.09457876e+09 1.09457877e+09 1.09457879e+09 1.09457881e+09
 1.09457882e+09 1.09457884e+09 1.09457886e+09 1.09457887e+09
 1.09457889e+09 1.09457891e+09 1.09457893e+09 1.09457894e+09
 1.09457896e+09 1.09457898e+09 1.09457899e+09 1.09457901e+09
 1.09457903e+09 1.09457904e+09 1.09457906e+09 1.09457908e+09
 1.09457910e+09 1.09457911e+09 1.09457913e+09 1.09457915e+09
 1.09457916e+09 1.09457918e+09 1.09457920e+09 1.09457921e+09
 1.09457923e+09 1.09457925e+09 1.09457927e+09 1.09457928e+09
 1.09457930e+09 1.09457932e+09 1.09457933e+09 1.09457935e+09
 1.09457937e+09 1.09457938e+09 1.09457940e+09 1.09457942e+09
 1.09457943e+09 1.09457945e+09 1.09457947e+09 1.09457949e+09
 1.09457950e+09 1.09457952e+09 1.09457954e+09 1.09457955e+09
 1.09457957e+09 1.09457959e+09 1.09457960e+09 1.09457962e+09
 1.09457964e+09 1.09457966e+09 1.09457967e+09 1.09457969e+09
 1.09457971e+09 1.09457972e+09 1.09457974e+09 1.09457976e+09
 1.09457977e+09 1.09457979e+09 1.09457981e+09 1.09457983e+09
 1.09457984e+09 1.09457986e+09 1.09457988e+09 1.09457989e+09
 1.09457991e+09 1.09457993e+09 1.09457994e+09 1.09457996e+09
 1.09457998e+09 1.09457999e+09 1.09458001e+09 1.09458003e+09
 1.09458005e+09 1.09458006e+09 1.09458008e+09 1.09458010e+09
 1.09458011e+09 1.09458013e+09 1.09458015e+09 1.09458016e+09
 1.09458018e+09 1.09458020e+09 1.09458022e+09 1.09458023e+09
 1.09458025e+09 1.09458027e+09 1.09458028e+09 1.09458030e+09]
minRes = 1.3959969509139203
minResTime = [1.09456335e+09]
Cov(t) = [100 100 100 100 100 100 100 100 100 100 100 100 100 100 100 100 100 100
 100 100 100 100 100 100 100 100 100 100 100 100 100 100 100 100 100 100
 100 100 100 100 100 100 100 100 100 100 100 100 100 100 100 100 100 100
 100 100 100 100 100 100 100 100 100 100 100 100 100 100 100 100 100 100
 100 100 100 100 100 100 100 100 100 100 100 100 100 100 100 100 100 100
 100 100 100 100 100 100 100 100 100 100 100 100 100 100 100 100 100 100
 100 100 100 100 100 100 100 100 100 100 100 100 100 100 100 100 100 100
 100 100 100 100 100 100 100 100 100 100 100 100 100 100 100 100 100 100
 100 100 100 100 100 100 100 100 100 100 100 100 100 100 100 100 100 100
 100 100 100 100 100 100 100 100 100 100 100 100 100 100 100 100 100 100
 100 100 100 100 100 100 100 100 100 100 100 100 100 100 100 100 100 100
 100 100 100 100 100 100 100 100 100 100 100 100 100 100 100 100 100 100
 100 100 100 100 100 100 100 100 100 100 100 100 100 100 100 100 100 100
 100 100 100 100 100 100 100 100 100 100 100 100 100 100 100 100 100 100
 100 100 100 100 100 100 100 100 100 100 100 100 100 100 100 100 100 100
 100 100 100 100 100 100 100 100 100 100 100 100 100 100 100 100 100 100
 100 100 100 100 100 100 100 100 100 100 100 100 100 100 100 100 100 100
 100 100 100 100 100 100 100 100 100 100 100 100 100 100 100 100 100 100
 100 100 100 100 100 100 100 100 100 100 100 100 100 100 100 100 100 100
 100 100 100 100 100 100 100 100 100 100 100 100 100 100 100 100 100 100
 100 100 100 100 100 100 100 100 100 100 100 100 100 100 100 100 100 100
 100 100 100 100 100 100 100 100 100 100 100 100 100 100 100 100 100 100
 100 100 100 100 100 100 100 100 100 100 100 100 100 100 100 100 100 100
 100 100 100 100 100 100 100 100 100 100 100 100 100 100 100 100 100 100
 100 100 100 100 100 100 100 100 100 100 100 100 100 100 100 100 100 100
 100 100 100 100 100 100 100 100 100 100 100 100 100 100 100 100 100 100
 100 100 100 100 100 100 100 100 100 100 100 100 100 100 100 100 100 100
 100 100 100 100 100 100 100 100 100 100 100 100 100 100 100 100 100 100
 100 100 100 100 100 100 100 100 100 100 100 100 100 100 100 100 100 100
 100 100 100 100 100 100 100 100 100 100 100 100 100 100 100 100 100 100
 100 100 100 100 100 100 100 100 100 100 100 100 100 100 100 100 100 100
 100 100 100 100 100 100 100 100 100 100 100 100 100 100 100 100 100 100
 100 100 100 100 100 100 100 100 100 100 100 100 100 100 100 100 100 100
 100 100 100 100 100 100 100 100 100 100 100 100 100 100 100 100 100 100
 100 100 100 100 100 100 100 100 100 100 100 100 100 100 100 100 100 100
 100 100 100 100 100 100 100 100 100 100 100 100 100 100 100 100 100 100
 100 100 100 100 100 100 100 100 100 100 100 100 100 100 100 100 100 100
 100 100 100 100 100 100 100 100 100 100 100 100 100 100 100 100 100 100
 100 100 100 100 100 100 100 100 100 100 100 100 100 100 100 100 100 100
 100 100 100 100 100 100 100 100 100 100 100 100 100 100 100 100 100 100
 100 100 100 100 100 100 100 100 100 100 100 100 100 100 100 100 100 100
 100 100 100 100 100 100 100 100 100 100 100 100 100 100 100 100 100 100
 100 100 100 100 100 100 100 100 100 100 100 100 100 100 100 100 100 100
 100 100 100 100 100 100 100 100 100 100 100 100 100 100 100 100 100 100
 100 100 100 100 100 100 100 100 100 100 100 100 100 100 100 100 100 100
 100 100 100 100 100 100 100 100 100 100 100 100 100 100 100 100 100 100
 100 100 100 100 100 100 100 100 100 100 100 100 100 100 100 100 100 100
 100 100 100 100 100 100 100 100 100 100 100 100 100 100 100 100 100 100
 100 100 100 100 100 100 100 100 100 100 100 100 100 100 100 100 100 100
 100 100 100 100 100 100 100 100 100 100 100 100 100 100 100 100 100 100
 100 100 100 100 100 100 100 100 100 100 100 100 100 100 100 100 100 100
 100 100 100 100 100 100 100 100 100 100 100 100 100 100 100 100 100 100
 100 100 100 100 100 100 100 100 100 100 100 100 100 100 100 100 100 100
 100 100 100 100 100 100 100 100 100 100 100 100 100 100 100 100 100 100
 100 100 100 100 100 100 100 100 100 100 100 100 100 100 100 100 100 100
 100 100 100 100 100 100 100 100 100 100]
maxCov = 100
maxCovTime = [1.09456335e+09 1.09456337e+09 1.09456338e+09 1.09456340e+09
 1.09456342e+09 1.09456344e+09 1.09456345e+09 1.09456347e+09
 1.09456349e+09 1.09456350e+09 1.09456352e+09 1.09456354e+09
 1.09456355e+09 1.09456357e+09 1.09456359e+09 1.09456360e+09
 1.09456362e+09 1.09456364e+09 1.09456366e+09 1.09456367e+09
 1.09456369e+09 1.09456371e+09 1.09456372e+09 1.09456374e+09
 1.09456376e+09 1.09456377e+09 1.09456379e+09 1.09456381e+09
 1.09456383e+09 1.09456384e+09 1.09456386e+09 1.09456388e+09
 1.09456389e+09 1.09456391e+09 1.09456393e+09 1.09456394e+09
 1.09456396e+09 1.09456398e+09 1.09456399e+09 1.09456401e+09
 1.09456403e+09 1.09456405e+09 1.09456406e+09 1.09456408e+09
 1.09456410e+09 1.09456411e+09 1.09456413e+09 1.09456415e+09
 1.09456416e+09 1.09456418e+09 1.09456420e+09 1.09456422e+09
 1.09456423e+09 1.09456425e+09 1.09456427e+09 1.09456428e+09
 1.09456430e+09 1.09456432e+09 1.09456433e+09 1.09456435e+09
 1.09456437e+09 1.09456439e+09 1.09456440e+09 1.09456442e+09
 1.09456444e+09 1.09456445e+09 1.09456447e+09 1.09456449e+09
 1.09456450e+09 1.09456452e+09 1.09456454e+09 1.09456455e+09
 1.09456457e+09 1.09456459e+09 1.09456461e+09 1.09456462e+09
 1.09456464e+09 1.09456466e+09 1.09456467e+09 1.09456469e+09
 1.09456471e+09 1.09456472e+09 1.09456474e+09 1.09456476e+09
 1.09456478e+09 1.09456479e+09 1.09456481e+09 1.09456483e+09
 1.09456484e+09 1.09456486e+09 1.09456488e+09 1.09456489e+09
 1.09456491e+09 1.09456493e+09 1.09456495e+09 1.09456496e+09
 1.09456498e+09 1.09456500e+09 1.09456501e+09 1.09456503e+09
 1.09456505e+09 1.09456506e+09 1.09456508e+09 1.09456510e+09
 1.09456511e+09 1.09456513e+09 1.09456515e+09 1.09456517e+09
 1.09456518e+09 1.09456520e+09 1.09456522e+09 1.09456523e+09
 1.09456525e+09 1.09456527e+09 1.09456528e+09 1.09456530e+09
 1.09456532e+09 1.09456534e+09 1.09456535e+09 1.09456537e+09
 1.09456539e+09 1.09456540e+09 1.09456542e+09 1.09456544e+09
 1.09456545e+09 1.09456547e+09 1.09456549e+09 1.09456550e+09
 1.09456552e+09 1.09456554e+09 1.09456556e+09 1.09456557e+09
 1.09456559e+09 1.09456561e+09 1.09456562e+09 1.09456564e+09
 1.09456566e+09 1.09456567e+09 1.09456569e+09 1.09456571e+09
 1.09456573e+09 1.09456574e+09 1.09456576e+09 1.09456578e+09
 1.09456579e+09 1.09456581e+09 1.09456583e+09 1.09456584e+09
 1.09456586e+09 1.09456588e+09 1.09456590e+09 1.09456591e+09
 1.09456593e+09 1.09456595e+09 1.09456596e+09 1.09456598e+09
 1.09456600e+09 1.09456601e+09 1.09456603e+09 1.09456605e+09
 1.09456606e+09 1.09456608e+09 1.09456610e+09 1.09456612e+09
 1.09456613e+09 1.09456615e+09 1.09456617e+09 1.09456618e+09
 1.09456620e+09 1.09456622e+09 1.09456623e+09 1.09456625e+09
 1.09456627e+09 1.09456629e+09 1.09456630e+09 1.09456632e+09
 1.09456634e+09 1.09456635e+09 1.09456637e+09 1.09456639e+09
 1.09456640e+09 1.09456642e+09 1.09456644e+09 1.09456646e+09
 1.09456647e+09 1.09456649e+09 1.09456651e+09 1.09456652e+09
 1.09456654e+09 1.09456656e+09 1.09456657e+09 1.09456659e+09
 1.09456661e+09 1.09456662e+09 1.09456664e+09 1.09456666e+09
 1.09456668e+09 1.09456669e+09 1.09456671e+09 1.09456673e+09
 1.09456674e+09 1.09456676e+09 1.09456678e+09 1.09456679e+09
 1.09456681e+09 1.09456683e+09 1.09456685e+09 1.09456686e+09
 1.09456688e+09 1.09456690e+09 1.09456691e+09 1.09456693e+09
 1.09456695e+09 1.09456696e+09 1.09456698e+09 1.09456700e+09
 1.09456702e+09 1.09456703e+09 1.09456705e+09 1.09456707e+09
 1.09456708e+09 1.09456710e+09 1.09456712e+09 1.09456713e+09
 1.09456715e+09 1.09456717e+09 1.09456718e+09 1.09456720e+09
 1.09456722e+09 1.09456724e+09 1.09456725e+09 1.09456727e+09
 1.09456729e+09 1.09456730e+09 1.09456732e+09 1.09456734e+09
 1.09456735e+09 1.09456737e+09 1.09456739e+09 1.09456741e+09
 1.09456742e+09 1.09456744e+09 1.09456746e+09 1.09456747e+09
 1.09456749e+09 1.09456751e+09 1.09456752e+09 1.09456754e+09
 1.09456756e+09 1.09456757e+09 1.09456759e+09 1.09456761e+09
 1.09456763e+09 1.09456764e+09 1.09456766e+09 1.09456768e+09
 1.09456769e+09 1.09456771e+09 1.09456773e+09 1.09456774e+09
 1.09456776e+09 1.09456778e+09 1.09456780e+09 1.09456781e+09
 1.09456783e+09 1.09456785e+09 1.09456786e+09 1.09456788e+09
 1.09456790e+09 1.09456791e+09 1.09456793e+09 1.09456795e+09
 1.09456797e+09 1.09456798e+09 1.09456800e+09 1.09456802e+09
 1.09456803e+09 1.09456805e+09 1.09456807e+09 1.09456808e+09
 1.09456810e+09 1.09456812e+09 1.09456813e+09 1.09456815e+09
 1.09456817e+09 1.09456819e+09 1.09456820e+09 1.09456822e+09
 1.09456824e+09 1.09456825e+09 1.09456827e+09 1.09456829e+09
 1.09456830e+09 1.09456832e+09 1.09456834e+09 1.09456836e+09
 1.09456837e+09 1.09456839e+09 1.09456841e+09 1.09456842e+09
 1.09456844e+09 1.09456846e+09 1.09456847e+09 1.09456849e+09
 1.09456851e+09 1.09456853e+09 1.09456854e+09 1.09456856e+09
 1.09456858e+09 1.09456859e+09 1.09456861e+09 1.09456863e+09
 1.09456864e+09 1.09456866e+09 1.09456868e+09 1.09456869e+09
 1.09456871e+09 1.09456873e+09 1.09456875e+09 1.09456876e+09
 1.09456878e+09 1.09456880e+09 1.09456881e+09 1.09456883e+09
 1.09456885e+09 1.09456886e+09 1.09456888e+09 1.09456890e+09
 1.09456892e+09 1.09456893e+09 1.09456895e+09 1.09456897e+09
 1.09456898e+09 1.09456900e+09 1.09456902e+09 1.09456903e+09
 1.09456905e+09 1.09456907e+09 1.09456909e+09 1.09456910e+09
 1.09456912e+09 1.09456914e+09 1.09456915e+09 1.09456917e+09
 1.09456919e+09 1.09456920e+09 1.09456922e+09 1.09456924e+09
 1.09456925e+09 1.09456927e+09 1.09456929e+09 1.09456931e+09
 1.09456932e+09 1.09456934e+09 1.09456936e+09 1.09456937e+09
 1.09456939e+09 1.09456941e+09 1.09456942e+09 1.09456944e+09
 1.09456946e+09 1.09456948e+09 1.09456949e+09 1.09456951e+09
 1.09456953e+09 1.09456954e+09 1.09456956e+09 1.09456958e+09
 1.09456959e+09 1.09456961e+09 1.09456963e+09 1.09456964e+09
 1.09456966e+09 1.09456968e+09 1.09456970e+09 1.09456971e+09
 1.09456973e+09 1.09456975e+09 1.09456976e+09 1.09456978e+09
 1.09456980e+09 1.09456981e+09 1.09456983e+09 1.09456985e+09
 1.09456987e+09 1.09456988e+09 1.09456990e+09 1.09456992e+09
 1.09456993e+09 1.09456995e+09 1.09456997e+09 1.09456998e+09
 1.09457000e+09 1.09457002e+09 1.09457004e+09 1.09457005e+09
 1.09457007e+09 1.09457009e+09 1.09457010e+09 1.09457012e+09
 1.09457014e+09 1.09457015e+09 1.09457017e+09 1.09457019e+09
 1.09457020e+09 1.09457022e+09 1.09457024e+09 1.09457026e+09
 1.09457027e+09 1.09457029e+09 1.09457031e+09 1.09457032e+09
 1.09457034e+09 1.09457036e+09 1.09457037e+09 1.09457039e+09
 1.09457041e+09 1.09457043e+09 1.09457044e+09 1.09457046e+09
 1.09457048e+09 1.09457049e+09 1.09457051e+09 1.09457053e+09
 1.09457054e+09 1.09457056e+09 1.09457058e+09 1.09457060e+09
 1.09457061e+09 1.09457063e+09 1.09457065e+09 1.09457066e+09
 1.09457068e+09 1.09457070e+09 1.09457071e+09 1.09457073e+09
 1.09457075e+09 1.09457076e+09 1.09457078e+09 1.09457080e+09
 1.09457082e+09 1.09457083e+09 1.09457085e+09 1.09457087e+09
 1.09457088e+09 1.09457090e+09 1.09457092e+09 1.09457093e+09
 1.09457095e+09 1.09457097e+09 1.09457099e+09 1.09457100e+09
 1.09457102e+09 1.09457104e+09 1.09457105e+09 1.09457107e+09
 1.09457109e+09 1.09457110e+09 1.09457112e+09 1.09457114e+09
 1.09457115e+09 1.09457117e+09 1.09457119e+09 1.09457121e+09
 1.09457122e+09 1.09457124e+09 1.09457126e+09 1.09457127e+09
 1.09457129e+09 1.09457131e+09 1.09457132e+09 1.09457134e+09
 1.09457136e+09 1.09457138e+09 1.09457139e+09 1.09457141e+09
 1.09457143e+09 1.09457144e+09 1.09457146e+09 1.09457148e+09
 1.09457149e+09 1.09457151e+09 1.09457153e+09 1.09457155e+09
 1.09457156e+09 1.09457158e+09 1.09457160e+09 1.09457161e+09
 1.09457163e+09 1.09457165e+09 1.09457166e+09 1.09457168e+09
 1.09457170e+09 1.09457171e+09 1.09457173e+09 1.09457175e+09
 1.09457177e+09 1.09457178e+09 1.09457180e+09 1.09457182e+09
 1.09457183e+09 1.09457185e+09 1.09457187e+09 1.09457188e+09
 1.09457190e+09 1.09457192e+09 1.09457194e+09 1.09457195e+09
 1.09457197e+09 1.09457199e+09 1.09457200e+09 1.09457202e+09
 1.09457204e+09 1.09457205e+09 1.09457207e+09 1.09457209e+09
 1.09457211e+09 1.09457212e+09 1.09457214e+09 1.09457216e+09
 1.09457217e+09 1.09457219e+09 1.09457221e+09 1.09457222e+09
 1.09457224e+09 1.09457226e+09 1.09457227e+09 1.09457229e+09
 1.09457231e+09 1.09457233e+09 1.09457234e+09 1.09457236e+09
 1.09457238e+09 1.09457239e+09 1.09457241e+09 1.09457243e+09
 1.09457244e+09 1.09457246e+09 1.09457248e+09 1.09457250e+09
 1.09457251e+09 1.09457253e+09 1.09457255e+09 1.09457256e+09
 1.09457258e+09 1.09457260e+09 1.09457261e+09 1.09457263e+09
 1.09457265e+09 1.09457267e+09 1.09457268e+09 1.09457270e+09
 1.09457272e+09 1.09457273e+09 1.09457275e+09 1.09457277e+09
 1.09457278e+09 1.09457280e+09 1.09457282e+09 1.09457283e+09
 1.09457285e+09 1.09457287e+09 1.09457289e+09 1.09457290e+09
 1.09457292e+09 1.09457294e+09 1.09457295e+09 1.09457297e+09
 1.09457299e+09 1.09457300e+09 1.09457302e+09 1.09457304e+09
 1.09457306e+09 1.09457307e+09 1.09457309e+09 1.09457311e+09
 1.09457312e+09 1.09457314e+09 1.09457316e+09 1.09457317e+09
 1.09457319e+09 1.09457321e+09 1.09457322e+09 1.09457324e+09
 1.09457326e+09 1.09457328e+09 1.09457329e+09 1.09457331e+09
 1.09457333e+09 1.09457334e+09 1.09457336e+09 1.09457338e+09
 1.09457339e+09 1.09457341e+09 1.09457343e+09 1.09457345e+09
 1.09457346e+09 1.09457348e+09 1.09457350e+09 1.09457351e+09
 1.09457353e+09 1.09457355e+09 1.09457356e+09 1.09457358e+09
 1.09457360e+09 1.09457362e+09 1.09457363e+09 1.09457365e+09
 1.09457367e+09 1.09457368e+09 1.09457370e+09 1.09457372e+09
 1.09457373e+09 1.09457375e+09 1.09457377e+09 1.09457378e+09
 1.09457380e+09 1.09457382e+09 1.09457384e+09 1.09457385e+09
 1.09457387e+09 1.09457389e+09 1.09457390e+09 1.09457392e+09
 1.09457394e+09 1.09457395e+09 1.09457397e+09 1.09457399e+09
 1.09457401e+09 1.09457402e+09 1.09457404e+09 1.09457406e+09
 1.09457407e+09 1.09457409e+09 1.09457411e+09 1.09457412e+09
 1.09457414e+09 1.09457416e+09 1.09457418e+09 1.09457419e+09
 1.09457421e+09 1.09457423e+09 1.09457424e+09 1.09457426e+09
 1.09457428e+09 1.09457429e+09 1.09457431e+09 1.09457433e+09
 1.09457434e+09 1.09457436e+09 1.09457438e+09 1.09457440e+09
 1.09457441e+09 1.09457443e+09 1.09457445e+09 1.09457446e+09
 1.09457448e+09 1.09457450e+09 1.09457451e+09 1.09457453e+09
 1.09457455e+09 1.09457457e+09 1.09457458e+09 1.09457460e+09
 1.09457462e+09 1.09457463e+09 1.09457465e+09 1.09457467e+09
 1.09457468e+09 1.09457470e+09 1.09457472e+09 1.09457474e+09
 1.09457475e+09 1.09457477e+09 1.09457479e+09 1.09457480e+09
 1.09457482e+09 1.09457484e+09 1.09457485e+09 1.09457487e+09
 1.09457489e+09 1.09457490e+09 1.09457492e+09 1.09457494e+09
 1.09457496e+09 1.09457497e+09 1.09457499e+09 1.09457501e+09
 1.09457502e+09 1.09457504e+09 1.09457506e+09 1.09457507e+09
 1.09457509e+09 1.09457511e+09 1.09457513e+09 1.09457514e+09
 1.09457516e+09 1.09457518e+09 1.09457519e+09 1.09457521e+09
 1.09457523e+09 1.09457524e+09 1.09457526e+09 1.09457528e+09
 1.09457529e+09 1.09457531e+09 1.09457533e+09 1.09457535e+09
 1.09457536e+09 1.09457538e+09 1.09457540e+09 1.09457541e+09
 1.09457543e+09 1.09457545e+09 1.09457546e+09 1.09457548e+09
 1.09457550e+09 1.09457552e+09 1.09457553e+09 1.09457555e+09
 1.09457557e+09 1.09457558e+09 1.09457560e+09 1.09457562e+09
 1.09457563e+09 1.09457565e+09 1.09457567e+09 1.09457569e+09
 1.09457570e+09 1.09457572e+09 1.09457574e+09 1.09457575e+09
 1.09457577e+09 1.09457579e+09 1.09457580e+09 1.09457582e+09
 1.09457584e+09 1.09457585e+09 1.09457587e+09 1.09457589e+09
 1.09457591e+09 1.09457592e+09 1.09457594e+09 1.09457596e+09
 1.09457597e+09 1.09457599e+09 1.09457601e+09 1.09457602e+09
 1.09457604e+09 1.09457606e+09 1.09457608e+09 1.09457609e+09
 1.09457611e+09 1.09457613e+09 1.09457614e+09 1.09457616e+09
 1.09457618e+09 1.09457619e+09 1.09457621e+09 1.09457623e+09
 1.09457625e+09 1.09457626e+09 1.09457628e+09 1.09457630e+09
 1.09457631e+09 1.09457633e+09 1.09457635e+09 1.09457636e+09
 1.09457638e+09 1.09457640e+09 1.09457641e+09 1.09457643e+09
 1.09457645e+09 1.09457647e+09 1.09457648e+09 1.09457650e+09
 1.09457652e+09 1.09457653e+09 1.09457655e+09 1.09457657e+09
 1.09457658e+09 1.09457660e+09 1.09457662e+09 1.09457664e+09
 1.09457665e+09 1.09457667e+09 1.09457669e+09 1.09457670e+09
 1.09457672e+09 1.09457674e+09 1.09457675e+09 1.09457677e+09
 1.09457679e+09 1.09457680e+09 1.09457682e+09 1.09457684e+09
 1.09457686e+09 1.09457687e+09 1.09457689e+09 1.09457691e+09
 1.09457692e+09 1.09457694e+09 1.09457696e+09 1.09457697e+09
 1.09457699e+09 1.09457701e+09 1.09457703e+09 1.09457704e+09
 1.09457706e+09 1.09457708e+09 1.09457709e+09 1.09457711e+09
 1.09457713e+09 1.09457714e+09 1.09457716e+09 1.09457718e+09
 1.09457720e+09 1.09457721e+09 1.09457723e+09 1.09457725e+09
 1.09457726e+09 1.09457728e+09 1.09457730e+09 1.09457731e+09
 1.09457733e+09 1.09457735e+09 1.09457736e+09 1.09457738e+09
 1.09457740e+09 1.09457742e+09 1.09457743e+09 1.09457745e+09
 1.09457747e+09 1.09457748e+09 1.09457750e+09 1.09457752e+09
 1.09457753e+09 1.09457755e+09 1.09457757e+09 1.09457759e+09
 1.09457760e+09 1.09457762e+09 1.09457764e+09 1.09457765e+09
 1.09457767e+09 1.09457769e+09 1.09457770e+09 1.09457772e+09
 1.09457774e+09 1.09457776e+09 1.09457777e+09 1.09457779e+09
 1.09457781e+09 1.09457782e+09 1.09457784e+09 1.09457786e+09
 1.09457787e+09 1.09457789e+09 1.09457791e+09 1.09457792e+09
 1.09457794e+09 1.09457796e+09 1.09457798e+09 1.09457799e+09
 1.09457801e+09 1.09457803e+09 1.09457804e+09 1.09457806e+09
 1.09457808e+09 1.09457809e+09 1.09457811e+09 1.09457813e+09
 1.09457815e+09 1.09457816e+09 1.09457818e+09 1.09457820e+09
 1.09457821e+09 1.09457823e+09 1.09457825e+09 1.09457826e+09
 1.09457828e+09 1.09457830e+09 1.09457832e+09 1.09457833e+09
 1.09457835e+09 1.09457837e+09 1.09457838e+09 1.09457840e+09
 1.09457842e+09 1.09457843e+09 1.09457845e+09 1.09457847e+09
 1.09457848e+09 1.09457850e+09 1.09457852e+09 1.09457854e+09
 1.09457855e+09 1.09457857e+09 1.09457859e+09 1.09457860e+09
 1.09457862e+09 1.09457864e+09 1.09457865e+09 1.09457867e+09
 1.09457869e+09 1.09457871e+09 1.09457872e+09 1.09457874e+09
 1.09457876e+09 1.09457877e+09 1.09457879e+09 1.09457881e+09
 1.09457882e+09 1.09457884e+09 1.09457886e+09 1.09457887e+09
 1.09457889e+09 1.09457891e+09 1.09457893e+09 1.09457894e+09
 1.09457896e+09 1.09457898e+09 1.09457899e+09 1.09457901e+09
 1.09457903e+09 1.09457904e+09 1.09457906e+09 1.09457908e+09
 1.09457910e+09 1.09457911e+09 1.09457913e+09 1.09457915e+09
 1.09457916e+09 1.09457918e+09 1.09457920e+09 1.09457921e+09
 1.09457923e+09 1.09457925e+09 1.09457927e+09 1.09457928e+09
 1.09457930e+09 1.09457932e+09 1.09457933e+09 1.09457935e+09
 1.09457937e+09 1.09457938e+09 1.09457940e+09 1.09457942e+09
 1.09457943e+09 1.09457945e+09 1.09457947e+09 1.09457949e+09
 1.09457950e+09 1.09457952e+09 1.09457954e+09 1.09457955e+09
 1.09457957e+09 1.09457959e+09 1.09457960e+09 1.09457962e+09
 1.09457964e+09 1.09457966e+09 1.09457967e+09 1.09457969e+09
 1.09457971e+09 1.09457972e+09 1.09457974e+09 1.09457976e+09
 1.09457977e+09 1.09457979e+09 1.09457981e+09 1.09457983e+09
 1.09457984e+09 1.09457986e+09 1.09457988e+09 1.09457989e+09
 1.09457991e+09 1.09457993e+09 1.09457994e+09 1.09457996e+09
 1.09457998e+09 1.09457999e+09 1.09458001e+09 1.09458003e+09
 1.09458005e+09 1.09458006e+09 1.09458008e+09 1.09458010e+09
 1.09458011e+09 1.09458013e+09 1.09458015e+09 1.09458016e+09
 1.09458018e+09 1.09458020e+09 1.09458022e+09 1.09458023e+09
 1.09458025e+09 1.09458027e+09 1.09458028e+09 1.09458030e+09]
