name =JUICE_ROI_GAN_2_0_18
flyby = ['2034 SEP 28 18:48:51', '2034 SEP 29 18:48:51']
Observation TW = <SpiceCell dtype = 1, length = 0, size = 3200, card = 12, is_set = 1, adjust = 0, init = 1, base = 94414148425376, data = 94414148425424>
Res(t) = [1.48204224 1.48227683 1.48251142 1.48274599 1.48298056 1.48321512
 1.48344966 1.4836842  1.48391873 1.48415325 1.48438775 1.48462225
 1.48485673 1.48509121 1.48532567 1.48556013 1.48579457 1.486029
 1.48626342 1.48649783 1.48673222 1.48696661 1.48720098 1.48743534
 1.48766969 1.48790402 1.48813834 1.48837265 1.48860695 1.48884123
 1.4890755  1.48930976 1.489544   1.48977823 1.49001244 1.49024664
 1.49048083 1.490715   1.49094916 1.4911833  1.49141743 1.49165154
 1.49188564 1.49211972 1.49235379 1.49258784 1.49282187 1.49305589
 1.4932899  1.49352389 1.49375786 1.49399181 1.49422575 1.49445967
 1.49469357 1.49492746 1.49516133 1.49539518 1.49562902 1.49586284
 1.49609663 1.49633042 1.49656418 1.49679792 1.49703165 1.49726536
 1.49749905 1.49773272 1.49796637 1.4982     1.49843361 1.4986672
 1.49890078 1.49913433 1.49936786 1.49960138 1.49983487 1.50006834
 1.50030179 1.50053523 1.50076864 1.50100203 1.5012354  1.50146874
 1.50170207 1.50193537 1.50216865 1.50240192 1.50263515 1.50286837
 1.50310156 1.50333474 1.50356789 1.50380101 1.50403412 1.5042672
 1.50450025 1.50473329 1.5049663  1.50519928 1.50543225 1.50566519
 1.5058981  1.50613099 1.50636386 1.5065967  1.50682952 1.50706231
 1.50729508 1.50752782 1.50776054 1.50799323 1.50822589 1.50845853
 1.50869115 1.50892374 1.5091563  1.50938884 1.50962135 1.50985383
 1.51008629 1.51031872 1.51055112 1.5107835  1.51101584 1.51124817
 1.51148046 1.51171273 1.51194496 1.51217717 1.51240936 1.51264151
 1.51287364 1.51310573 1.5133378  1.51356984 1.51380185 1.51403383
 1.51426578 1.51449771 1.5147296  1.51496146 1.5151933  1.5154251
 1.51565688 1.51588862 1.51612033 1.51635201 1.51658367 1.51681529
 1.51704688 1.51727844 1.51750996 1.51774146 1.51797293 1.51820436
 1.51843576 1.51866713 1.51889847 1.51912977 1.51936105 1.51959229
 1.51982349 1.52005467 1.52028581 1.52051692 1.52074799 1.52097904
 1.52121005 1.52144102 1.52167196 1.52190287 1.52213375 1.52236458
 1.52259539 1.52282616 1.5230569  1.5232876  1.52351827 1.5237489
 1.52397949 1.52421006 1.52444058 1.52467107 1.52490153 1.52513195
 1.52536233 1.52559268 1.52582299 1.52605326 1.5262835  1.5265137
 1.52674386 1.52697399 1.52720408 1.52743414 1.52766415 1.52789413
 1.52812407 1.52835397 1.52858384 1.52881367 1.52904346 1.52927321
 1.52950292 1.52973259 1.52996223 1.53019183 1.53042138 1.5306509
 1.53088038 1.53110982 1.53133922 1.53156858 1.53179791 1.53202719
 1.53225643 1.53248563 1.53271479 1.53294391 1.53317299 1.53340203
 1.53363103 1.53385999 1.5340889  1.53431778 1.53454661 1.53477541
 1.53500416 1.53523287 1.53546153 1.53569016 1.53591874 1.53614728
 1.53637578 1.53660424 1.53683265 1.53706102 1.53728935 1.53751764
 1.53774588 1.53797408 1.53820223 1.53843034 1.53865841 1.53888643
 1.53911441 1.53934235 1.53957024 1.53979809 1.54002589 1.54025365
 1.54048136 1.54070903 1.54093665 1.54116423 1.54139176 1.54161925
 1.54184669 1.54207409 1.54230144 1.54252875 1.54275601 1.54298322
 1.54321038 1.5434375  1.54366458 1.5438916  1.54411858 1.54434552
 1.5445724  1.54479924 1.54502603 1.54525278 1.54547948 1.54570612
 1.54593273 1.54615928 1.54638578 1.54661224 1.54683865 1.54706501
 1.54729132 1.54751758 1.5477438  1.54796996 1.54819608 1.54842215
 1.54864816 1.54887413 1.54910005 1.54932592 1.54955174 1.54977751
 1.55000323 1.5502289  1.55045452 1.55068008 1.5509056  1.55113107
 1.55135648 1.55158185 1.55180716 1.55203243 1.55225764 1.5524828
 1.55270791 1.55293297 1.55315797 1.55338292 1.55360783 1.55383267
 1.55405747 1.55428222 1.55450691 1.55473155 1.55495613 1.55518067
 1.55540515 1.55562958 1.55585395 1.55607827 1.55630254 1.55652675
 1.55675091 1.55697502 1.55719907 1.55742307 1.55764701 1.5578709
 1.55809474 1.55831852 1.55854225 1.55876592 1.55898953 1.55921309
 1.5594366  1.55966005 1.55988345 1.56010679 1.56033007 1.5605533
 1.56077647 1.56099959 1.56122265 1.56144565 1.5616686  1.56189149
 1.56211433 1.5623371  1.56255983 1.56278249 1.5630051  1.56322765
 1.56345014 1.56367258 1.56389495 1.56411727 1.56433954 1.56456174
 1.56478389 1.56500598 1.56522801 1.56544998 1.56567189 1.56589375
 1.56611554 1.56633728 1.56655896 1.56678058 1.56700214 1.56722364
 1.56744508 1.56766646 1.56788779 1.56810905 1.56833025 1.56855139
 1.56877248 1.5689935  1.56921446 1.56943536 1.56965621 1.56987699
 1.57009771 1.57031837 1.57053897 1.5707595  1.57097998 1.57120039
 1.57142075 1.57164104 1.57186127 1.57208144 1.57230155 1.57252159
 1.57274157 1.57296149 1.57318135 1.57340115 1.57362088 1.57384055
 1.57406016 1.57427971 1.57449919 1.57471861 1.57493796 1.57515725
 1.57537648 1.57559565 1.57581475 1.57603379 1.57625276 1.57647167
 1.57669052 1.5769093  1.57712802 1.57734668 1.57756526 1.57778379
 1.57800225 1.57822064 1.57843897 1.57865724 1.57887544 1.57909357
 1.57931164 1.57952965 1.57974758 1.57996546 1.58018326 1.580401
 1.58061868 1.58083629 1.58105383 1.58127131 1.58148872 1.58170606
 1.58192334 1.58214055 1.58235769 1.58257476 1.58279177 1.58300872
 1.58322559 1.5834424  1.58365914 1.58387581 1.58409241 1.58430895
 1.58452542 1.58474182 1.58495815 1.58517442 1.58539061 1.58560674
 1.5858228  1.58603879 1.58625471 1.58647056 1.58668635 1.58690206
 1.58711771 1.58733329 1.58754879 1.58776423 1.5879796  1.5881949
 1.58841013 1.58862529 1.58884037 1.58905539 1.58927034 1.58948522
 1.58970003 1.58991477 1.59012944 1.59034403 1.59055856 1.59077301
 1.5909874  1.59120171 1.59141595 1.59163012 1.59184422 1.59205825
 1.5922722  1.59248609 1.5926999  1.59291364 1.59312731 1.59334091
 1.59355443 1.59376789 1.59398127 1.59419457 1.59440781 1.59462097
 1.59483406 1.59504708 1.59526002 1.59547289 1.59568569 1.59589841
 1.59611107 1.59632364 1.59653615 1.59674858 1.59696094 1.59717322
 1.59738543 1.59759756 1.59780962 1.59802161 1.59823352 1.59844536
 1.59865713 1.59886882 1.59908043 1.59929197 1.59950344 1.59971483
 1.59992614 1.60013738 1.60034854 1.60055963 1.60077065 1.60098159
 1.60119245 1.60140324 1.60161395 1.60182458 1.60203514 1.60224563
 1.60245603 1.60266636 1.60287662 1.6030868  1.6032969  1.60350692
 1.60371687 1.60392674 1.60413654 1.60434625 1.60455589 1.60476546
 1.60497494 1.60518435 1.60539368 1.60560294 1.60581211 1.60602121
 1.60623023 1.60643917 1.60664804 1.60685683 1.60706553 1.60727416
 1.60748272 1.60769119 1.60789958 1.6081079  1.60831614 1.6085243
 1.60873237 1.60894038 1.6091483  1.60935614 1.6095639  1.60977159
 1.60997919 1.61018672 1.61039416 1.61060153 1.61080881 1.61101602
 1.61122315 1.61143019 1.61163716 1.61184404 1.61205085 1.61225757
 1.61246422 1.61267078 1.61287727 1.61308367 1.61328999 1.61349623
 1.61370239 1.61390847 1.61411447 1.61432039 1.61452622 1.61473198
 1.61493765 1.61514324 1.61534875 1.61555418 1.61575952 1.61596479
 1.61616997 1.61637507 1.61658008 1.61678502 1.61698987 1.61719464
 1.61739933 1.61760394 1.61780846 1.6180129  1.61821726 1.61842153
 1.61862572 1.61882983 1.61903386 1.6192378  1.61944166 1.61964543
 1.61984913 1.62005273 1.62025626 1.6204597  1.62066306 1.62086633
 1.62106952 1.62127263 1.62147565 1.62167858 1.62188144 1.62208421
 1.62228689 1.62248949 1.622692   1.62289443 1.62309678 1.62329904
 1.62350122 1.62370331 1.62390531 1.62410723 1.62430907 1.62451082
 1.62471248 1.62491406 1.62511556 1.62531696 1.62551829 1.62571952
 1.62592067 1.62612174 1.62632272 1.62652361 1.62672442 1.62692514
 1.62712577 1.62732632 1.62752678 1.62772716 1.62792744 1.62812765
 1.62832776 1.62852779 1.62872773 1.62892758 1.62912735 1.62932703
 1.62952662 1.62972613 1.62992555 1.63012488 1.63032412 1.63052328
 1.63072234 1.63092132 1.63112022 1.63131902 1.63151774 1.63171636
 1.63191491 1.63211336 1.63231172 1.63251    1.63270819 1.63290628
 1.63310429 1.63330222 1.63350005 1.63369779 1.63389545 1.63409302
 1.63429049 1.63448788 1.63468518 1.63488239 1.63507951 1.63527655
 1.63547349 1.63567034 1.63586711 1.63606378 1.63626036 1.63645686
 1.63665326 1.63684958 1.6370458  1.63724194 1.63743798 1.63763394
 1.6378298  1.63802558 1.63822126 1.63841685 1.63861236 1.63880777
 1.63900309 1.63919832 1.63939346 1.63958851 1.63978347 1.63997834
 1.64017312 1.6403678  1.6405624  1.6407569  1.64095131 1.64114563
 1.64133986 1.641534   1.64172805 1.641922   1.64211587 1.64230964
 1.64250332 1.6426969  1.6428904  1.6430838  1.64327711 1.64347033
 1.64366346 1.6438565  1.64404944 1.64424229 1.64443505 1.64462771
 1.64482028 1.64501276 1.64520515 1.64539745 1.64558965 1.64578176
 1.64597377 1.64616569 1.64635752 1.64654926 1.6467409  1.64693245
 1.64712391 1.64731527 1.64750654 1.64769772 1.6478888  1.64807979
 1.64827069 1.64846149 1.64865219 1.64884281 1.64903333 1.64922375
 1.64941409 1.64960432 1.64979447 1.64998452 1.65017447 1.65036433
 1.6505541  1.65074377 1.65093334 1.65112283 1.65131221 1.65150151
 1.65169071 1.65187981 1.65206882 1.65225773 1.65244655 1.65263527
 1.6528239  1.65301243 1.65320087 1.65338921 1.65357746 1.65376561
 1.65395367 1.65414163 1.65432949 1.65451726 1.65470494 1.65489251
 1.65507999 1.65526738 1.65545467 1.65564186 1.65582896 1.65601596
 1.65620287 1.65638968 1.65657639 1.65676301 1.65694953 1.65713595
 1.65732228 1.65750851 1.65769465 1.65788069 1.65806663 1.65825247
 1.65843822 1.65862387 1.65880942 1.65899488 1.65918024 1.6593655
 1.65955067 1.65973574 1.65992071 1.66010558 1.66029036 1.66047504
 1.66065962 1.6608441  1.66102849 1.66121278 1.66139697 1.66158106
 1.66176506 1.66194895 1.66213275 1.66231646 1.66250006 1.66268357
 1.66286698 1.66305029 1.6632335  1.66341661 1.66359963 1.66378254
 1.66396536 1.66414808 1.6643307  1.66451323 1.66469565 1.66487798
 1.6650602  1.66524233 1.66542436 1.66560629 1.66578813 1.66596986
 1.66615149 1.66633303 1.66651446 1.6666958  1.66687704 1.66705818
 1.66723922 1.66742016 1.667601   1.66778174 1.66796238 1.66814292
 1.66832337 1.66850371 1.66868395 1.6688641  1.66904414 1.66922409
 1.66940393 1.66958368 1.66976332 1.66994287 1.67012231 1.67030166
 1.6704809  1.67066005 1.67083909 1.67101804 1.67119688 1.67137562
 1.67155427 1.67173281 1.67191125 1.6720896  1.67226784 1.67244598
 1.67262402 1.67280196 1.6729798  1.67315754 1.67333518 1.67351271
 1.67369015 1.67386748 1.67404472 1.67422185 1.67439888 1.67457581
 1.67475264 1.67492937 1.675106   1.67528253 1.67545895 1.67563528
 1.6758115  1.67598762 1.67616364 1.67633956 1.67651537 1.67669109
 1.6768667  1.67704221 1.67721762 1.67739293 1.67756814 1.67774324
 1.67791824 1.67809314 1.67826794 1.67844264 1.67861724 1.67879173
 1.67896612 1.67914041 1.67931459 1.67948868 1.67966266 1.67983654
 1.68001032 1.68018399 1.68035757 1.68053104 1.6807044  1.68087767
 1.68105083 1.68122389 1.68139685 1.6815697  1.68174246 1.68191511
 1.68208765 1.6822601  1.68243244 1.68260467 1.68277681 1.68294884
 1.68312077 1.6832926  1.68346432 1.68363594 1.68380746 1.68397887
 1.68415018 1.68432139 1.6844925  1.6846635  1.68483439 1.68500519
 1.68517588 1.68534647 1.68551695 1.68568733 1.68585761 1.68602778
 1.68619785 1.68636782 1.68653768 1.68670744 1.68687709 1.68704664
 1.68721609 1.68738544 1.68755468 1.68772381 1.68789284 1.68806177
 1.68823059 1.68839932 1.68856793 1.68873644 1.68890485 1.68907315
 1.68924135 1.68940945 1.68957744 1.68974533 1.68991311 1.69008079
 1.69024836 1.69041583 1.69058319 1.69075046]
t = [1.09642125e+09 1.09642127e+09 1.09642129e+09 1.09642131e+09
 1.09642133e+09 1.09642135e+09 1.09642137e+09 1.09642139e+09
 1.09642141e+09 1.09642142e+09 1.09642144e+09 1.09642146e+09
 1.09642148e+09 1.09642150e+09 1.09642152e+09 1.09642154e+09
 1.09642156e+09 1.09642158e+09 1.09642160e+09 1.09642162e+09
 1.09642164e+09 1.09642166e+09 1.09642168e+09 1.09642170e+09
 1.09642172e+09 1.09642173e+09 1.09642175e+09 1.09642177e+09
 1.09642179e+09 1.09642181e+09 1.09642183e+09 1.09642185e+09
 1.09642187e+09 1.09642189e+09 1.09642191e+09 1.09642193e+09
 1.09642195e+09 1.09642197e+09 1.09642199e+09 1.09642201e+09
 1.09642202e+09 1.09642204e+09 1.09642206e+09 1.09642208e+09
 1.09642210e+09 1.09642212e+09 1.09642214e+09 1.09642216e+09
 1.09642218e+09 1.09642220e+09 1.09642222e+09 1.09642224e+09
 1.09642226e+09 1.09642228e+09 1.09642230e+09 1.09642232e+09
 1.09642233e+09 1.09642235e+09 1.09642237e+09 1.09642239e+09
 1.09642241e+09 1.09642243e+09 1.09642245e+09 1.09642247e+09
 1.09642249e+09 1.09642251e+09 1.09642253e+09 1.09642255e+09
 1.09642257e+09 1.09642259e+09 1.09642261e+09 1.09642263e+09
 1.09642264e+09 1.09642266e+09 1.09642268e+09 1.09642270e+09
 1.09642272e+09 1.09642274e+09 1.09642276e+09 1.09642278e+09
 1.09642280e+09 1.09642282e+09 1.09642284e+09 1.09642286e+09
 1.09642288e+09 1.09642290e+09 1.09642292e+09 1.09642294e+09
 1.09642295e+09 1.09642297e+09 1.09642299e+09 1.09642301e+09
 1.09642303e+09 1.09642305e+09 1.09642307e+09 1.09642309e+09
 1.09642311e+09 1.09642313e+09 1.09642315e+09 1.09642317e+09
 1.09642319e+09 1.09642321e+09 1.09642323e+09 1.09642325e+09
 1.09642326e+09 1.09642328e+09 1.09642330e+09 1.09642332e+09
 1.09642334e+09 1.09642336e+09 1.09642338e+09 1.09642340e+09
 1.09642342e+09 1.09642344e+09 1.09642346e+09 1.09642348e+09
 1.09642350e+09 1.09642352e+09 1.09642354e+09 1.09642356e+09
 1.09642357e+09 1.09642359e+09 1.09642361e+09 1.09642363e+09
 1.09642365e+09 1.09642367e+09 1.09642369e+09 1.09642371e+09
 1.09642373e+09 1.09642375e+09 1.09642377e+09 1.09642379e+09
 1.09642381e+09 1.09642383e+09 1.09642385e+09 1.09642387e+09
 1.09642388e+09 1.09642390e+09 1.09642392e+09 1.09642394e+09
 1.09642396e+09 1.09642398e+09 1.09642400e+09 1.09642402e+09
 1.09642404e+09 1.09642406e+09 1.09642408e+09 1.09642410e+09
 1.09642412e+09 1.09642414e+09 1.09642416e+09 1.09642417e+09
 1.09642419e+09 1.09642421e+09 1.09642423e+09 1.09642425e+09
 1.09642427e+09 1.09642429e+09 1.09642431e+09 1.09642433e+09
 1.09642435e+09 1.09642437e+09 1.09642439e+09 1.09642441e+09
 1.09642443e+09 1.09642445e+09 1.09642447e+09 1.09642448e+09
 1.09642450e+09 1.09642452e+09 1.09642454e+09 1.09642456e+09
 1.09642458e+09 1.09642460e+09 1.09642462e+09 1.09642464e+09
 1.09642466e+09 1.09642468e+09 1.09642470e+09 1.09642472e+09
 1.09642474e+09 1.09642476e+09 1.09642478e+09 1.09642479e+09
 1.09642481e+09 1.09642483e+09 1.09642485e+09 1.09642487e+09
 1.09642489e+09 1.09642491e+09 1.09642493e+09 1.09642495e+09
 1.09642497e+09 1.09642499e+09 1.09642501e+09 1.09642503e+09
 1.09642505e+09 1.09642507e+09 1.09642509e+09 1.09642510e+09
 1.09642512e+09 1.09642514e+09 1.09642516e+09 1.09642518e+09
 1.09642520e+09 1.09642522e+09 1.09642524e+09 1.09642526e+09
 1.09642528e+09 1.09642530e+09 1.09642532e+09 1.09642534e+09
 1.09642536e+09 1.09642538e+09 1.09642540e+09 1.09642541e+09
 1.09642543e+09 1.09642545e+09 1.09642547e+09 1.09642549e+09
 1.09642551e+09 1.09642553e+09 1.09642555e+09 1.09642557e+09
 1.09642559e+09 1.09642561e+09 1.09642563e+09 1.09642565e+09
 1.09642567e+09 1.09642569e+09 1.09642571e+09 1.09642572e+09
 1.09642574e+09 1.09642576e+09 1.09642578e+09 1.09642580e+09
 1.09642582e+09 1.09642584e+09 1.09642586e+09 1.09642588e+09
 1.09642590e+09 1.09642592e+09 1.09642594e+09 1.09642596e+09
 1.09642598e+09 1.09642600e+09 1.09642602e+09 1.09642603e+09
 1.09642605e+09 1.09642607e+09 1.09642609e+09 1.09642611e+09
 1.09642613e+09 1.09642615e+09 1.09642617e+09 1.09642619e+09
 1.09642621e+09 1.09642623e+09 1.09642625e+09 1.09642627e+09
 1.09642629e+09 1.09642631e+09 1.09642632e+09 1.09642634e+09
 1.09642636e+09 1.09642638e+09 1.09642640e+09 1.09642642e+09
 1.09642644e+09 1.09642646e+09 1.09642648e+09 1.09642650e+09
 1.09642652e+09 1.09642654e+09 1.09642656e+09 1.09642658e+09
 1.09642660e+09 1.09642662e+09 1.09642663e+09 1.09642665e+09
 1.09642667e+09 1.09642669e+09 1.09642671e+09 1.09642673e+09
 1.09642675e+09 1.09642677e+09 1.09642679e+09 1.09642681e+09
 1.09642683e+09 1.09642685e+09 1.09642687e+09 1.09642689e+09
 1.09642691e+09 1.09642693e+09 1.09642694e+09 1.09642696e+09
 1.09642698e+09 1.09642700e+09 1.09642702e+09 1.09642704e+09
 1.09642706e+09 1.09642708e+09 1.09642710e+09 1.09642712e+09
 1.09642714e+09 1.09642716e+09 1.09642718e+09 1.09642720e+09
 1.09642722e+09 1.09642724e+09 1.09642725e+09 1.09642727e+09
 1.09642729e+09 1.09642731e+09 1.09642733e+09 1.09642735e+09
 1.09642737e+09 1.09642739e+09 1.09642741e+09 1.09642743e+09
 1.09642745e+09 1.09642747e+09 1.09642749e+09 1.09642751e+09
 1.09642753e+09 1.09642755e+09 1.09642756e+09 1.09642758e+09
 1.09642760e+09 1.09642762e+09 1.09642764e+09 1.09642766e+09
 1.09642768e+09 1.09642770e+09 1.09642772e+09 1.09642774e+09
 1.09642776e+09 1.09642778e+09 1.09642780e+09 1.09642782e+09
 1.09642784e+09 1.09642786e+09 1.09642787e+09 1.09642789e+09
 1.09642791e+09 1.09642793e+09 1.09642795e+09 1.09642797e+09
 1.09642799e+09 1.09642801e+09 1.09642803e+09 1.09642805e+09
 1.09642807e+09 1.09642809e+09 1.09642811e+09 1.09642813e+09
 1.09642815e+09 1.09642817e+09 1.09642818e+09 1.09642820e+09
 1.09642822e+09 1.09642824e+09 1.09642826e+09 1.09642828e+09
 1.09642830e+09 1.09642832e+09 1.09642834e+09 1.09642836e+09
 1.09642838e+09 1.09642840e+09 1.09642842e+09 1.09642844e+09
 1.09642846e+09 1.09642847e+09 1.09642849e+09 1.09642851e+09
 1.09642853e+09 1.09642855e+09 1.09642857e+09 1.09642859e+09
 1.09642861e+09 1.09642863e+09 1.09642865e+09 1.09642867e+09
 1.09642869e+09 1.09642871e+09 1.09642873e+09 1.09642875e+09
 1.09642877e+09 1.09642878e+09 1.09642880e+09 1.09642882e+09
 1.09642884e+09 1.09642886e+09 1.09642888e+09 1.09642890e+09
 1.09642892e+09 1.09642894e+09 1.09642896e+09 1.09642898e+09
 1.09642900e+09 1.09642902e+09 1.09642904e+09 1.09642906e+09
 1.09642908e+09 1.09642909e+09 1.09642911e+09 1.09642913e+09
 1.09642915e+09 1.09642917e+09 1.09642919e+09 1.09642921e+09
 1.09642923e+09 1.09642925e+09 1.09642927e+09 1.09642929e+09
 1.09642931e+09 1.09642933e+09 1.09642935e+09 1.09642937e+09
 1.09642939e+09 1.09642940e+09 1.09642942e+09 1.09642944e+09
 1.09642946e+09 1.09642948e+09 1.09642950e+09 1.09642952e+09
 1.09642954e+09 1.09642956e+09 1.09642958e+09 1.09642960e+09
 1.09642962e+09 1.09642964e+09 1.09642966e+09 1.09642968e+09
 1.09642970e+09 1.09642971e+09 1.09642973e+09 1.09642975e+09
 1.09642977e+09 1.09642979e+09 1.09642981e+09 1.09642983e+09
 1.09642985e+09 1.09642987e+09 1.09642989e+09 1.09642991e+09
 1.09642993e+09 1.09642995e+09 1.09642997e+09 1.09642999e+09
 1.09643001e+09 1.09643002e+09 1.09643004e+09 1.09643006e+09
 1.09643008e+09 1.09643010e+09 1.09643012e+09 1.09643014e+09
 1.09643016e+09 1.09643018e+09 1.09643020e+09 1.09643022e+09
 1.09643024e+09 1.09643026e+09 1.09643028e+09 1.09643030e+09
 1.09643032e+09 1.09643033e+09 1.09643035e+09 1.09643037e+09
 1.09643039e+09 1.09643041e+09 1.09643043e+09 1.09643045e+09
 1.09643047e+09 1.09643049e+09 1.09643051e+09 1.09643053e+09
 1.09643055e+09 1.09643057e+09 1.09643059e+09 1.09643061e+09
 1.09643062e+09 1.09643064e+09 1.09643066e+09 1.09643068e+09
 1.09643070e+09 1.09643072e+09 1.09643074e+09 1.09643076e+09
 1.09643078e+09 1.09643080e+09 1.09643082e+09 1.09643084e+09
 1.09643086e+09 1.09643088e+09 1.09643090e+09 1.09643092e+09
 1.09643093e+09 1.09643095e+09 1.09643097e+09 1.09643099e+09
 1.09643101e+09 1.09643103e+09 1.09643105e+09 1.09643107e+09
 1.09643109e+09 1.09643111e+09 1.09643113e+09 1.09643115e+09
 1.09643117e+09 1.09643119e+09 1.09643121e+09 1.09643123e+09
 1.09643124e+09 1.09643126e+09 1.09643128e+09 1.09643130e+09
 1.09643132e+09 1.09643134e+09 1.09643136e+09 1.09643138e+09
 1.09643140e+09 1.09643142e+09 1.09643144e+09 1.09643146e+09
 1.09643148e+09 1.09643150e+09 1.09643152e+09 1.09643154e+09
 1.09643155e+09 1.09643157e+09 1.09643159e+09 1.09643161e+09
 1.09643163e+09 1.09643165e+09 1.09643167e+09 1.09643169e+09
 1.09643171e+09 1.09643173e+09 1.09643175e+09 1.09643177e+09
 1.09643179e+09 1.09643181e+09 1.09643183e+09 1.09643185e+09
 1.09643186e+09 1.09643188e+09 1.09643190e+09 1.09643192e+09
 1.09643194e+09 1.09643196e+09 1.09643198e+09 1.09643200e+09
 1.09643202e+09 1.09643204e+09 1.09643206e+09 1.09643208e+09
 1.09643210e+09 1.09643212e+09 1.09643214e+09 1.09643216e+09
 1.09643217e+09 1.09643219e+09 1.09643221e+09 1.09643223e+09
 1.09643225e+09 1.09643227e+09 1.09643229e+09 1.09643231e+09
 1.09643233e+09 1.09643235e+09 1.09643237e+09 1.09643239e+09
 1.09643241e+09 1.09643243e+09 1.09643245e+09 1.09643247e+09
 1.09643248e+09 1.09643250e+09 1.09643252e+09 1.09643254e+09
 1.09643256e+09 1.09643258e+09 1.09643260e+09 1.09643262e+09
 1.09643264e+09 1.09643266e+09 1.09643268e+09 1.09643270e+09
 1.09643272e+09 1.09643274e+09 1.09643276e+09 1.09643277e+09
 1.09643279e+09 1.09643281e+09 1.09643283e+09 1.09643285e+09
 1.09643287e+09 1.09643289e+09 1.09643291e+09 1.09643293e+09
 1.09643295e+09 1.09643297e+09 1.09643299e+09 1.09643301e+09
 1.09643303e+09 1.09643305e+09 1.09643307e+09 1.09643308e+09
 1.09643310e+09 1.09643312e+09 1.09643314e+09 1.09643316e+09
 1.09643318e+09 1.09643320e+09 1.09643322e+09 1.09643324e+09
 1.09643326e+09 1.09643328e+09 1.09643330e+09 1.09643332e+09
 1.09643334e+09 1.09643336e+09 1.09643338e+09 1.09643339e+09
 1.09643341e+09 1.09643343e+09 1.09643345e+09 1.09643347e+09
 1.09643349e+09 1.09643351e+09 1.09643353e+09 1.09643355e+09
 1.09643357e+09 1.09643359e+09 1.09643361e+09 1.09643363e+09
 1.09643365e+09 1.09643367e+09 1.09643369e+09 1.09643370e+09
 1.09643372e+09 1.09643374e+09 1.09643376e+09 1.09643378e+09
 1.09643380e+09 1.09643382e+09 1.09643384e+09 1.09643386e+09
 1.09643388e+09 1.09643390e+09 1.09643392e+09 1.09643394e+09
 1.09643396e+09 1.09643398e+09 1.09643400e+09 1.09643401e+09
 1.09643403e+09 1.09643405e+09 1.09643407e+09 1.09643409e+09
 1.09643411e+09 1.09643413e+09 1.09643415e+09 1.09643417e+09
 1.09643419e+09 1.09643421e+09 1.09643423e+09 1.09643425e+09
 1.09643427e+09 1.09643429e+09 1.09643431e+09 1.09643432e+09
 1.09643434e+09 1.09643436e+09 1.09643438e+09 1.09643440e+09
 1.09643442e+09 1.09643444e+09 1.09643446e+09 1.09643448e+09
 1.09643450e+09 1.09643452e+09 1.09643454e+09 1.09643456e+09
 1.09643458e+09 1.09643460e+09 1.09643462e+09 1.09643463e+09
 1.09643465e+09 1.09643467e+09 1.09643469e+09 1.09643471e+09
 1.09643473e+09 1.09643475e+09 1.09643477e+09 1.09643479e+09
 1.09643481e+09 1.09643483e+09 1.09643485e+09 1.09643487e+09
 1.09643489e+09 1.09643491e+09 1.09643492e+09 1.09643494e+09
 1.09643496e+09 1.09643498e+09 1.09643500e+09 1.09643502e+09
 1.09643504e+09 1.09643506e+09 1.09643508e+09 1.09643510e+09
 1.09643512e+09 1.09643514e+09 1.09643516e+09 1.09643518e+09
 1.09643520e+09 1.09643522e+09 1.09643523e+09 1.09643525e+09
 1.09643527e+09 1.09643529e+09 1.09643531e+09 1.09643533e+09
 1.09643535e+09 1.09643537e+09 1.09643539e+09 1.09643541e+09
 1.09643543e+09 1.09643545e+09 1.09643547e+09 1.09643549e+09
 1.09643551e+09 1.09643553e+09 1.09643554e+09 1.09643556e+09
 1.09643558e+09 1.09643560e+09 1.09643562e+09 1.09643564e+09
 1.09643566e+09 1.09643568e+09 1.09643570e+09 1.09643572e+09
 1.09643574e+09 1.09643576e+09 1.09643578e+09 1.09643580e+09
 1.09643582e+09 1.09643584e+09 1.09643585e+09 1.09643587e+09
 1.09643589e+09 1.09643591e+09 1.09643593e+09 1.09643595e+09
 1.09643597e+09 1.09643599e+09 1.09643601e+09 1.09643603e+09
 1.09643605e+09 1.09643607e+09 1.09643609e+09 1.09643611e+09
 1.09643613e+09 1.09643615e+09 1.09643616e+09 1.09643618e+09
 1.09643620e+09 1.09643622e+09 1.09643624e+09 1.09643626e+09
 1.09643628e+09 1.09643630e+09 1.09643632e+09 1.09643634e+09
 1.09643636e+09 1.09643638e+09 1.09643640e+09 1.09643642e+09
 1.09643644e+09 1.09643646e+09 1.09643647e+09 1.09643649e+09
 1.09643651e+09 1.09643653e+09 1.09643655e+09 1.09643657e+09
 1.09643659e+09 1.09643661e+09 1.09643663e+09 1.09643665e+09
 1.09643667e+09 1.09643669e+09 1.09643671e+09 1.09643673e+09
 1.09643675e+09 1.09643677e+09 1.09643678e+09 1.09643680e+09
 1.09643682e+09 1.09643684e+09 1.09643686e+09 1.09643688e+09
 1.09643690e+09 1.09643692e+09 1.09643694e+09 1.09643696e+09
 1.09643698e+09 1.09643700e+09 1.09643702e+09 1.09643704e+09
 1.09643706e+09 1.09643707e+09 1.09643709e+09 1.09643711e+09
 1.09643713e+09 1.09643715e+09 1.09643717e+09 1.09643719e+09
 1.09643721e+09 1.09643723e+09 1.09643725e+09 1.09643727e+09
 1.09643729e+09 1.09643731e+09 1.09643733e+09 1.09643735e+09
 1.09643737e+09 1.09643738e+09 1.09643740e+09 1.09643742e+09
 1.09643744e+09 1.09643746e+09 1.09643748e+09 1.09643750e+09
 1.09643752e+09 1.09643754e+09 1.09643756e+09 1.09643758e+09
 1.09643760e+09 1.09643762e+09 1.09643764e+09 1.09643766e+09
 1.09643768e+09 1.09643769e+09 1.09643771e+09 1.09643773e+09
 1.09643775e+09 1.09643777e+09 1.09643779e+09 1.09643781e+09
 1.09643783e+09 1.09643785e+09 1.09643787e+09 1.09643789e+09
 1.09643791e+09 1.09643793e+09 1.09643795e+09 1.09643797e+09
 1.09643799e+09 1.09643800e+09 1.09643802e+09 1.09643804e+09
 1.09643806e+09 1.09643808e+09 1.09643810e+09 1.09643812e+09
 1.09643814e+09 1.09643816e+09 1.09643818e+09 1.09643820e+09
 1.09643822e+09 1.09643824e+09 1.09643826e+09 1.09643828e+09
 1.09643830e+09 1.09643831e+09 1.09643833e+09 1.09643835e+09
 1.09643837e+09 1.09643839e+09 1.09643841e+09 1.09643843e+09
 1.09643845e+09 1.09643847e+09 1.09643849e+09 1.09643851e+09
 1.09643853e+09 1.09643855e+09 1.09643857e+09 1.09643859e+09
 1.09643861e+09 1.09643862e+09 1.09643864e+09 1.09643866e+09
 1.09643868e+09 1.09643870e+09 1.09643872e+09 1.09643874e+09
 1.09643876e+09 1.09643878e+09 1.09643880e+09 1.09643882e+09
 1.09643884e+09 1.09643886e+09 1.09643888e+09 1.09643890e+09
 1.09643892e+09 1.09643893e+09 1.09643895e+09 1.09643897e+09
 1.09643899e+09 1.09643901e+09 1.09643903e+09 1.09643905e+09
 1.09643907e+09 1.09643909e+09 1.09643911e+09 1.09643913e+09
 1.09643915e+09 1.09643917e+09 1.09643919e+09 1.09643921e+09
 1.09643922e+09 1.09643924e+09 1.09643926e+09 1.09643928e+09
 1.09643930e+09 1.09643932e+09 1.09643934e+09 1.09643936e+09
 1.09643938e+09 1.09643940e+09 1.09643942e+09 1.09643944e+09
 1.09643946e+09 1.09643948e+09 1.09643950e+09 1.09643952e+09
 1.09643953e+09 1.09643955e+09 1.09643957e+09 1.09643959e+09
 1.09643961e+09 1.09643963e+09 1.09643965e+09 1.09643967e+09
 1.09643969e+09 1.09643971e+09 1.09643973e+09 1.09643975e+09
 1.09643977e+09 1.09643979e+09 1.09643981e+09 1.09643983e+09
 1.09643984e+09 1.09643986e+09 1.09643988e+09 1.09643990e+09
 1.09643992e+09 1.09643994e+09 1.09643996e+09 1.09643998e+09
 1.09644000e+09 1.09644002e+09 1.09644004e+09 1.09644006e+09
 1.09644008e+09 1.09644010e+09 1.09644012e+09 1.09644014e+09
 1.09644015e+09 1.09644017e+09 1.09644019e+09 1.09644021e+09
 1.09644023e+09 1.09644025e+09 1.09644027e+09 1.09644029e+09
 1.09644031e+09 1.09644033e+09 1.09644035e+09 1.09644037e+09
 1.09644039e+09 1.09644041e+09 1.09644043e+09 1.09644045e+09
 1.09644046e+09 1.09644048e+09 1.09644050e+09 1.09644052e+09
 1.09644054e+09 1.09644056e+09 1.09644058e+09 1.09644060e+09]
minRes = 1.4820422400231583
minResTime = [1.09642125e+09]
Cov(t) = [100 100 100 100 100 100 100 100 100 100 100 100 100 100 100 100 100 100
 100 100 100 100 100 100 100 100 100 100 100 100 100 100 100 100 100 100
 100 100 100 100 100 100 100 100 100 100 100 100 100 100 100 100 100 100
 100 100 100 100 100 100 100 100 100 100 100 100 100 100 100 100 100 100
 100 100 100 100 100 100 100 100 100 100 100 100 100 100 100 100 100 100
 100 100 100 100 100 100 100 100 100 100 100 100 100 100 100 100 100 100
 100 100 100 100 100 100 100 100 100 100 100 100 100 100 100 100 100 100
 100 100 100 100 100 100 100 100 100 100 100 100 100 100 100 100 100 100
 100 100 100 100 100 100 100 100 100 100 100 100 100 100 100 100 100 100
 100 100 100 100 100 100 100 100 100 100 100 100 100 100 100 100 100 100
 100 100 100 100 100 100 100 100 100 100 100 100 100 100 100 100 100 100
 100 100 100 100 100 100 100 100 100 100 100 100 100 100 100 100 100 100
 100 100 100 100 100 100 100 100 100 100 100 100 100 100 100 100 100 100
 100 100 100 100 100 100 100 100 100 100 100 100 100 100 100 100 100 100
 100 100 100 100 100 100 100 100 100 100 100 100 100 100 100 100 100 100
 100 100 100 100 100 100 100 100 100 100 100 100 100 100 100 100 100 100
 100 100 100 100 100 100 100 100 100 100 100 100 100 100 100 100 100 100
 100 100 100 100 100 100 100 100 100 100 100 100 100 100 100 100 100 100
 100 100 100 100 100 100 100 100 100 100 100 100 100 100 100 100 100 100
 100 100 100 100 100 100 100 100 100 100 100 100 100 100 100 100 100 100
 100 100 100 100 100 100 100 100 100 100 100 100 100 100 100 100 100 100
 100 100 100 100 100 100 100 100 100 100 100 100 100 100 100 100 100 100
 100 100 100 100 100 100 100 100 100 100 100 100 100 100 100 100 100 100
 100 100 100 100 100 100 100 100 100 100 100 100 100 100 100 100 100 100
 100 100 100 100 100 100 100 100 100 100 100 100 100 100 100 100 100 100
 100 100 100 100 100 100 100 100 100 100 100 100 100 100 100 100 100 100
 100 100 100 100 100 100 100 100 100 100 100 100 100 100 100 100 100 100
 100 100 100 100 100 100 100 100 100 100 100 100 100 100 100 100 100 100
 100 100 100 100 100 100 100 100 100 100 100 100 100 100 100 100 100 100
 100 100 100 100 100 100 100 100 100 100 100 100 100 100 100 100 100 100
 100 100 100 100 100 100 100 100 100 100 100 100 100 100 100 100 100 100
 100 100 100 100 100 100 100 100 100 100 100 100 100 100 100 100 100 100
 100 100 100 100 100 100 100 100 100 100 100 100 100 100 100 100 100 100
 100 100 100 100 100 100 100 100 100 100 100 100 100 100 100 100 100 100
 100 100 100 100 100 100 100 100 100 100 100 100 100 100 100 100 100 100
 100 100 100 100 100 100 100 100 100 100 100 100 100 100 100 100 100 100
 100 100 100 100 100 100 100 100 100 100 100 100 100 100 100 100 100 100
 100 100 100 100 100 100 100 100 100 100 100 100 100 100 100 100 100 100
 100 100 100 100 100 100 100 100 100 100 100 100 100 100 100 100 100 100
 100 100 100 100 100 100 100 100 100 100 100 100 100 100 100 100 100 100
 100 100 100 100 100 100 100 100 100 100 100 100 100 100 100 100 100 100
 100 100 100 100 100 100 100 100 100 100 100 100 100 100 100 100 100 100
 100 100 100 100 100 100 100 100 100 100 100 100 100 100 100 100 100 100
 100 100 100 100 100 100 100 100 100 100 100 100 100 100 100 100 100 100
 100 100 100 100 100 100 100 100 100 100 100 100 100 100 100 100 100 100
 100 100 100 100 100 100 100 100 100 100 100 100 100 100 100 100 100 100
 100 100 100 100 100 100 100 100 100 100 100 100 100 100 100 100 100 100
 100 100 100 100 100 100 100 100 100 100 100 100 100 100 100 100 100 100
 100 100 100 100 100 100 100 100 100 100 100 100 100 100 100 100 100 100
 100 100 100 100 100 100 100 100 100 100 100 100 100 100 100 100 100 100
 100 100 100 100 100 100 100 100 100 100 100 100 100 100 100 100 100 100
 100 100 100 100 100 100 100 100 100 100 100 100 100 100 100 100 100 100
 100 100 100 100 100 100 100 100 100 100 100 100 100 100 100 100 100 100
 100 100 100 100 100 100 100 100 100 100 100 100 100 100 100 100 100 100
 100 100 100 100 100 100 100 100 100 100 100 100 100 100 100 100 100 100
 100 100 100 100 100 100 100 100 100 100]
maxCov = 100
maxCovTime = [1.09642125e+09 1.09642127e+09 1.09642129e+09 1.09642131e+09
 1.09642133e+09 1.09642135e+09 1.09642137e+09 1.09642139e+09
 1.09642141e+09 1.09642142e+09 1.09642144e+09 1.09642146e+09
 1.09642148e+09 1.09642150e+09 1.09642152e+09 1.09642154e+09
 1.09642156e+09 1.09642158e+09 1.09642160e+09 1.09642162e+09
 1.09642164e+09 1.09642166e+09 1.09642168e+09 1.09642170e+09
 1.09642172e+09 1.09642173e+09 1.09642175e+09 1.09642177e+09
 1.09642179e+09 1.09642181e+09 1.09642183e+09 1.09642185e+09
 1.09642187e+09 1.09642189e+09 1.09642191e+09 1.09642193e+09
 1.09642195e+09 1.09642197e+09 1.09642199e+09 1.09642201e+09
 1.09642202e+09 1.09642204e+09 1.09642206e+09 1.09642208e+09
 1.09642210e+09 1.09642212e+09 1.09642214e+09 1.09642216e+09
 1.09642218e+09 1.09642220e+09 1.09642222e+09 1.09642224e+09
 1.09642226e+09 1.09642228e+09 1.09642230e+09 1.09642232e+09
 1.09642233e+09 1.09642235e+09 1.09642237e+09 1.09642239e+09
 1.09642241e+09 1.09642243e+09 1.09642245e+09 1.09642247e+09
 1.09642249e+09 1.09642251e+09 1.09642253e+09 1.09642255e+09
 1.09642257e+09 1.09642259e+09 1.09642261e+09 1.09642263e+09
 1.09642264e+09 1.09642266e+09 1.09642268e+09 1.09642270e+09
 1.09642272e+09 1.09642274e+09 1.09642276e+09 1.09642278e+09
 1.09642280e+09 1.09642282e+09 1.09642284e+09 1.09642286e+09
 1.09642288e+09 1.09642290e+09 1.09642292e+09 1.09642294e+09
 1.09642295e+09 1.09642297e+09 1.09642299e+09 1.09642301e+09
 1.09642303e+09 1.09642305e+09 1.09642307e+09 1.09642309e+09
 1.09642311e+09 1.09642313e+09 1.09642315e+09 1.09642317e+09
 1.09642319e+09 1.09642321e+09 1.09642323e+09 1.09642325e+09
 1.09642326e+09 1.09642328e+09 1.09642330e+09 1.09642332e+09
 1.09642334e+09 1.09642336e+09 1.09642338e+09 1.09642340e+09
 1.09642342e+09 1.09642344e+09 1.09642346e+09 1.09642348e+09
 1.09642350e+09 1.09642352e+09 1.09642354e+09 1.09642356e+09
 1.09642357e+09 1.09642359e+09 1.09642361e+09 1.09642363e+09
 1.09642365e+09 1.09642367e+09 1.09642369e+09 1.09642371e+09
 1.09642373e+09 1.09642375e+09 1.09642377e+09 1.09642379e+09
 1.09642381e+09 1.09642383e+09 1.09642385e+09 1.09642387e+09
 1.09642388e+09 1.09642390e+09 1.09642392e+09 1.09642394e+09
 1.09642396e+09 1.09642398e+09 1.09642400e+09 1.09642402e+09
 1.09642404e+09 1.09642406e+09 1.09642408e+09 1.09642410e+09
 1.09642412e+09 1.09642414e+09 1.09642416e+09 1.09642417e+09
 1.09642419e+09 1.09642421e+09 1.09642423e+09 1.09642425e+09
 1.09642427e+09 1.09642429e+09 1.09642431e+09 1.09642433e+09
 1.09642435e+09 1.09642437e+09 1.09642439e+09 1.09642441e+09
 1.09642443e+09 1.09642445e+09 1.09642447e+09 1.09642448e+09
 1.09642450e+09 1.09642452e+09 1.09642454e+09 1.09642456e+09
 1.09642458e+09 1.09642460e+09 1.09642462e+09 1.09642464e+09
 1.09642466e+09 1.09642468e+09 1.09642470e+09 1.09642472e+09
 1.09642474e+09 1.09642476e+09 1.09642478e+09 1.09642479e+09
 1.09642481e+09 1.09642483e+09 1.09642485e+09 1.09642487e+09
 1.09642489e+09 1.09642491e+09 1.09642493e+09 1.09642495e+09
 1.09642497e+09 1.09642499e+09 1.09642501e+09 1.09642503e+09
 1.09642505e+09 1.09642507e+09 1.09642509e+09 1.09642510e+09
 1.09642512e+09 1.09642514e+09 1.09642516e+09 1.09642518e+09
 1.09642520e+09 1.09642522e+09 1.09642524e+09 1.09642526e+09
 1.09642528e+09 1.09642530e+09 1.09642532e+09 1.09642534e+09
 1.09642536e+09 1.09642538e+09 1.09642540e+09 1.09642541e+09
 1.09642543e+09 1.09642545e+09 1.09642547e+09 1.09642549e+09
 1.09642551e+09 1.09642553e+09 1.09642555e+09 1.09642557e+09
 1.09642559e+09 1.09642561e+09 1.09642563e+09 1.09642565e+09
 1.09642567e+09 1.09642569e+09 1.09642571e+09 1.09642572e+09
 1.09642574e+09 1.09642576e+09 1.09642578e+09 1.09642580e+09
 1.09642582e+09 1.09642584e+09 1.09642586e+09 1.09642588e+09
 1.09642590e+09 1.09642592e+09 1.09642594e+09 1.09642596e+09
 1.09642598e+09 1.09642600e+09 1.09642602e+09 1.09642603e+09
 1.09642605e+09 1.09642607e+09 1.09642609e+09 1.09642611e+09
 1.09642613e+09 1.09642615e+09 1.09642617e+09 1.09642619e+09
 1.09642621e+09 1.09642623e+09 1.09642625e+09 1.09642627e+09
 1.09642629e+09 1.09642631e+09 1.09642632e+09 1.09642634e+09
 1.09642636e+09 1.09642638e+09 1.09642640e+09 1.09642642e+09
 1.09642644e+09 1.09642646e+09 1.09642648e+09 1.09642650e+09
 1.09642652e+09 1.09642654e+09 1.09642656e+09 1.09642658e+09
 1.09642660e+09 1.09642662e+09 1.09642663e+09 1.09642665e+09
 1.09642667e+09 1.09642669e+09 1.09642671e+09 1.09642673e+09
 1.09642675e+09 1.09642677e+09 1.09642679e+09 1.09642681e+09
 1.09642683e+09 1.09642685e+09 1.09642687e+09 1.09642689e+09
 1.09642691e+09 1.09642693e+09 1.09642694e+09 1.09642696e+09
 1.09642698e+09 1.09642700e+09 1.09642702e+09 1.09642704e+09
 1.09642706e+09 1.09642708e+09 1.09642710e+09 1.09642712e+09
 1.09642714e+09 1.09642716e+09 1.09642718e+09 1.09642720e+09
 1.09642722e+09 1.09642724e+09 1.09642725e+09 1.09642727e+09
 1.09642729e+09 1.09642731e+09 1.09642733e+09 1.09642735e+09
 1.09642737e+09 1.09642739e+09 1.09642741e+09 1.09642743e+09
 1.09642745e+09 1.09642747e+09 1.09642749e+09 1.09642751e+09
 1.09642753e+09 1.09642755e+09 1.09642756e+09 1.09642758e+09
 1.09642760e+09 1.09642762e+09 1.09642764e+09 1.09642766e+09
 1.09642768e+09 1.09642770e+09 1.09642772e+09 1.09642774e+09
 1.09642776e+09 1.09642778e+09 1.09642780e+09 1.09642782e+09
 1.09642784e+09 1.09642786e+09 1.09642787e+09 1.09642789e+09
 1.09642791e+09 1.09642793e+09 1.09642795e+09 1.09642797e+09
 1.09642799e+09 1.09642801e+09 1.09642803e+09 1.09642805e+09
 1.09642807e+09 1.09642809e+09 1.09642811e+09 1.09642813e+09
 1.09642815e+09 1.09642817e+09 1.09642818e+09 1.09642820e+09
 1.09642822e+09 1.09642824e+09 1.09642826e+09 1.09642828e+09
 1.09642830e+09 1.09642832e+09 1.09642834e+09 1.09642836e+09
 1.09642838e+09 1.09642840e+09 1.09642842e+09 1.09642844e+09
 1.09642846e+09 1.09642847e+09 1.09642849e+09 1.09642851e+09
 1.09642853e+09 1.09642855e+09 1.09642857e+09 1.09642859e+09
 1.09642861e+09 1.09642863e+09 1.09642865e+09 1.09642867e+09
 1.09642869e+09 1.09642871e+09 1.09642873e+09 1.09642875e+09
 1.09642877e+09 1.09642878e+09 1.09642880e+09 1.09642882e+09
 1.09642884e+09 1.09642886e+09 1.09642888e+09 1.09642890e+09
 1.09642892e+09 1.09642894e+09 1.09642896e+09 1.09642898e+09
 1.09642900e+09 1.09642902e+09 1.09642904e+09 1.09642906e+09
 1.09642908e+09 1.09642909e+09 1.09642911e+09 1.09642913e+09
 1.09642915e+09 1.09642917e+09 1.09642919e+09 1.09642921e+09
 1.09642923e+09 1.09642925e+09 1.09642927e+09 1.09642929e+09
 1.09642931e+09 1.09642933e+09 1.09642935e+09 1.09642937e+09
 1.09642939e+09 1.09642940e+09 1.09642942e+09 1.09642944e+09
 1.09642946e+09 1.09642948e+09 1.09642950e+09 1.09642952e+09
 1.09642954e+09 1.09642956e+09 1.09642958e+09 1.09642960e+09
 1.09642962e+09 1.09642964e+09 1.09642966e+09 1.09642968e+09
 1.09642970e+09 1.09642971e+09 1.09642973e+09 1.09642975e+09
 1.09642977e+09 1.09642979e+09 1.09642981e+09 1.09642983e+09
 1.09642985e+09 1.09642987e+09 1.09642989e+09 1.09642991e+09
 1.09642993e+09 1.09642995e+09 1.09642997e+09 1.09642999e+09
 1.09643001e+09 1.09643002e+09 1.09643004e+09 1.09643006e+09
 1.09643008e+09 1.09643010e+09 1.09643012e+09 1.09643014e+09
 1.09643016e+09 1.09643018e+09 1.09643020e+09 1.09643022e+09
 1.09643024e+09 1.09643026e+09 1.09643028e+09 1.09643030e+09
 1.09643032e+09 1.09643033e+09 1.09643035e+09 1.09643037e+09
 1.09643039e+09 1.09643041e+09 1.09643043e+09 1.09643045e+09
 1.09643047e+09 1.09643049e+09 1.09643051e+09 1.09643053e+09
 1.09643055e+09 1.09643057e+09 1.09643059e+09 1.09643061e+09
 1.09643062e+09 1.09643064e+09 1.09643066e+09 1.09643068e+09
 1.09643070e+09 1.09643072e+09 1.09643074e+09 1.09643076e+09
 1.09643078e+09 1.09643080e+09 1.09643082e+09 1.09643084e+09
 1.09643086e+09 1.09643088e+09 1.09643090e+09 1.09643092e+09
 1.09643093e+09 1.09643095e+09 1.09643097e+09 1.09643099e+09
 1.09643101e+09 1.09643103e+09 1.09643105e+09 1.09643107e+09
 1.09643109e+09 1.09643111e+09 1.09643113e+09 1.09643115e+09
 1.09643117e+09 1.09643119e+09 1.09643121e+09 1.09643123e+09
 1.09643124e+09 1.09643126e+09 1.09643128e+09 1.09643130e+09
 1.09643132e+09 1.09643134e+09 1.09643136e+09 1.09643138e+09
 1.09643140e+09 1.09643142e+09 1.09643144e+09 1.09643146e+09
 1.09643148e+09 1.09643150e+09 1.09643152e+09 1.09643154e+09
 1.09643155e+09 1.09643157e+09 1.09643159e+09 1.09643161e+09
 1.09643163e+09 1.09643165e+09 1.09643167e+09 1.09643169e+09
 1.09643171e+09 1.09643173e+09 1.09643175e+09 1.09643177e+09
 1.09643179e+09 1.09643181e+09 1.09643183e+09 1.09643185e+09
 1.09643186e+09 1.09643188e+09 1.09643190e+09 1.09643192e+09
 1.09643194e+09 1.09643196e+09 1.09643198e+09 1.09643200e+09
 1.09643202e+09 1.09643204e+09 1.09643206e+09 1.09643208e+09
 1.09643210e+09 1.09643212e+09 1.09643214e+09 1.09643216e+09
 1.09643217e+09 1.09643219e+09 1.09643221e+09 1.09643223e+09
 1.09643225e+09 1.09643227e+09 1.09643229e+09 1.09643231e+09
 1.09643233e+09 1.09643235e+09 1.09643237e+09 1.09643239e+09
 1.09643241e+09 1.09643243e+09 1.09643245e+09 1.09643247e+09
 1.09643248e+09 1.09643250e+09 1.09643252e+09 1.09643254e+09
 1.09643256e+09 1.09643258e+09 1.09643260e+09 1.09643262e+09
 1.09643264e+09 1.09643266e+09 1.09643268e+09 1.09643270e+09
 1.09643272e+09 1.09643274e+09 1.09643276e+09 1.09643277e+09
 1.09643279e+09 1.09643281e+09 1.09643283e+09 1.09643285e+09
 1.09643287e+09 1.09643289e+09 1.09643291e+09 1.09643293e+09
 1.09643295e+09 1.09643297e+09 1.09643299e+09 1.09643301e+09
 1.09643303e+09 1.09643305e+09 1.09643307e+09 1.09643308e+09
 1.09643310e+09 1.09643312e+09 1.09643314e+09 1.09643316e+09
 1.09643318e+09 1.09643320e+09 1.09643322e+09 1.09643324e+09
 1.09643326e+09 1.09643328e+09 1.09643330e+09 1.09643332e+09
 1.09643334e+09 1.09643336e+09 1.09643338e+09 1.09643339e+09
 1.09643341e+09 1.09643343e+09 1.09643345e+09 1.09643347e+09
 1.09643349e+09 1.09643351e+09 1.09643353e+09 1.09643355e+09
 1.09643357e+09 1.09643359e+09 1.09643361e+09 1.09643363e+09
 1.09643365e+09 1.09643367e+09 1.09643369e+09 1.09643370e+09
 1.09643372e+09 1.09643374e+09 1.09643376e+09 1.09643378e+09
 1.09643380e+09 1.09643382e+09 1.09643384e+09 1.09643386e+09
 1.09643388e+09 1.09643390e+09 1.09643392e+09 1.09643394e+09
 1.09643396e+09 1.09643398e+09 1.09643400e+09 1.09643401e+09
 1.09643403e+09 1.09643405e+09 1.09643407e+09 1.09643409e+09
 1.09643411e+09 1.09643413e+09 1.09643415e+09 1.09643417e+09
 1.09643419e+09 1.09643421e+09 1.09643423e+09 1.09643425e+09
 1.09643427e+09 1.09643429e+09 1.09643431e+09 1.09643432e+09
 1.09643434e+09 1.09643436e+09 1.09643438e+09 1.09643440e+09
 1.09643442e+09 1.09643444e+09 1.09643446e+09 1.09643448e+09
 1.09643450e+09 1.09643452e+09 1.09643454e+09 1.09643456e+09
 1.09643458e+09 1.09643460e+09 1.09643462e+09 1.09643463e+09
 1.09643465e+09 1.09643467e+09 1.09643469e+09 1.09643471e+09
 1.09643473e+09 1.09643475e+09 1.09643477e+09 1.09643479e+09
 1.09643481e+09 1.09643483e+09 1.09643485e+09 1.09643487e+09
 1.09643489e+09 1.09643491e+09 1.09643492e+09 1.09643494e+09
 1.09643496e+09 1.09643498e+09 1.09643500e+09 1.09643502e+09
 1.09643504e+09 1.09643506e+09 1.09643508e+09 1.09643510e+09
 1.09643512e+09 1.09643514e+09 1.09643516e+09 1.09643518e+09
 1.09643520e+09 1.09643522e+09 1.09643523e+09 1.09643525e+09
 1.09643527e+09 1.09643529e+09 1.09643531e+09 1.09643533e+09
 1.09643535e+09 1.09643537e+09 1.09643539e+09 1.09643541e+09
 1.09643543e+09 1.09643545e+09 1.09643547e+09 1.09643549e+09
 1.09643551e+09 1.09643553e+09 1.09643554e+09 1.09643556e+09
 1.09643558e+09 1.09643560e+09 1.09643562e+09 1.09643564e+09
 1.09643566e+09 1.09643568e+09 1.09643570e+09 1.09643572e+09
 1.09643574e+09 1.09643576e+09 1.09643578e+09 1.09643580e+09
 1.09643582e+09 1.09643584e+09 1.09643585e+09 1.09643587e+09
 1.09643589e+09 1.09643591e+09 1.09643593e+09 1.09643595e+09
 1.09643597e+09 1.09643599e+09 1.09643601e+09 1.09643603e+09
 1.09643605e+09 1.09643607e+09 1.09643609e+09 1.09643611e+09
 1.09643613e+09 1.09643615e+09 1.09643616e+09 1.09643618e+09
 1.09643620e+09 1.09643622e+09 1.09643624e+09 1.09643626e+09
 1.09643628e+09 1.09643630e+09 1.09643632e+09 1.09643634e+09
 1.09643636e+09 1.09643638e+09 1.09643640e+09 1.09643642e+09
 1.09643644e+09 1.09643646e+09 1.09643647e+09 1.09643649e+09
 1.09643651e+09 1.09643653e+09 1.09643655e+09 1.09643657e+09
 1.09643659e+09 1.09643661e+09 1.09643663e+09 1.09643665e+09
 1.09643667e+09 1.09643669e+09 1.09643671e+09 1.09643673e+09
 1.09643675e+09 1.09643677e+09 1.09643678e+09 1.09643680e+09
 1.09643682e+09 1.09643684e+09 1.09643686e+09 1.09643688e+09
 1.09643690e+09 1.09643692e+09 1.09643694e+09 1.09643696e+09
 1.09643698e+09 1.09643700e+09 1.09643702e+09 1.09643704e+09
 1.09643706e+09 1.09643707e+09 1.09643709e+09 1.09643711e+09
 1.09643713e+09 1.09643715e+09 1.09643717e+09 1.09643719e+09
 1.09643721e+09 1.09643723e+09 1.09643725e+09 1.09643727e+09
 1.09643729e+09 1.09643731e+09 1.09643733e+09 1.09643735e+09
 1.09643737e+09 1.09643738e+09 1.09643740e+09 1.09643742e+09
 1.09643744e+09 1.09643746e+09 1.09643748e+09 1.09643750e+09
 1.09643752e+09 1.09643754e+09 1.09643756e+09 1.09643758e+09
 1.09643760e+09 1.09643762e+09 1.09643764e+09 1.09643766e+09
 1.09643768e+09 1.09643769e+09 1.09643771e+09 1.09643773e+09
 1.09643775e+09 1.09643777e+09 1.09643779e+09 1.09643781e+09
 1.09643783e+09 1.09643785e+09 1.09643787e+09 1.09643789e+09
 1.09643791e+09 1.09643793e+09 1.09643795e+09 1.09643797e+09
 1.09643799e+09 1.09643800e+09 1.09643802e+09 1.09643804e+09
 1.09643806e+09 1.09643808e+09 1.09643810e+09 1.09643812e+09
 1.09643814e+09 1.09643816e+09 1.09643818e+09 1.09643820e+09
 1.09643822e+09 1.09643824e+09 1.09643826e+09 1.09643828e+09
 1.09643830e+09 1.09643831e+09 1.09643833e+09 1.09643835e+09
 1.09643837e+09 1.09643839e+09 1.09643841e+09 1.09643843e+09
 1.09643845e+09 1.09643847e+09 1.09643849e+09 1.09643851e+09
 1.09643853e+09 1.09643855e+09 1.09643857e+09 1.09643859e+09
 1.09643861e+09 1.09643862e+09 1.09643864e+09 1.09643866e+09
 1.09643868e+09 1.09643870e+09 1.09643872e+09 1.09643874e+09
 1.09643876e+09 1.09643878e+09 1.09643880e+09 1.09643882e+09
 1.09643884e+09 1.09643886e+09 1.09643888e+09 1.09643890e+09
 1.09643892e+09 1.09643893e+09 1.09643895e+09 1.09643897e+09
 1.09643899e+09 1.09643901e+09 1.09643903e+09 1.09643905e+09
 1.09643907e+09 1.09643909e+09 1.09643911e+09 1.09643913e+09
 1.09643915e+09 1.09643917e+09 1.09643919e+09 1.09643921e+09
 1.09643922e+09 1.09643924e+09 1.09643926e+09 1.09643928e+09
 1.09643930e+09 1.09643932e+09 1.09643934e+09 1.09643936e+09
 1.09643938e+09 1.09643940e+09 1.09643942e+09 1.09643944e+09
 1.09643946e+09 1.09643948e+09 1.09643950e+09 1.09643952e+09
 1.09643953e+09 1.09643955e+09 1.09643957e+09 1.09643959e+09
 1.09643961e+09 1.09643963e+09 1.09643965e+09 1.09643967e+09
 1.09643969e+09 1.09643971e+09 1.09643973e+09 1.09643975e+09
 1.09643977e+09 1.09643979e+09 1.09643981e+09 1.09643983e+09
 1.09643984e+09 1.09643986e+09 1.09643988e+09 1.09643990e+09
 1.09643992e+09 1.09643994e+09 1.09643996e+09 1.09643998e+09
 1.09644000e+09 1.09644002e+09 1.09644004e+09 1.09644006e+09
 1.09644008e+09 1.09644010e+09 1.09644012e+09 1.09644014e+09
 1.09644015e+09 1.09644017e+09 1.09644019e+09 1.09644021e+09
 1.09644023e+09 1.09644025e+09 1.09644027e+09 1.09644029e+09
 1.09644031e+09 1.09644033e+09 1.09644035e+09 1.09644037e+09
 1.09644039e+09 1.09644041e+09 1.09644043e+09 1.09644045e+09
 1.09644046e+09 1.09644048e+09 1.09644050e+09 1.09644052e+09
 1.09644054e+09 1.09644056e+09 1.09644058e+09 1.09644060e+09]
