name =JUICE_ROI_GAN_4_2_06
flyby = ['2034 SEP 07 06:03:51', '2034 SEP 08 06:03:51']
Observation TW = <SpiceCell dtype = 1, length = 0, size = 3000, card = 10, is_set = 1, adjust = 0, init = 1, base = 94217966273136, data = 94217966273184>
Res(t) = [1.83703401 1.83710356 1.83717311 1.83724264 1.83731216 1.83738167
 1.83745117 1.83752065 1.83759012 1.83765958 1.83772903 1.83779846
 1.83786788 1.83793729 1.83800668 1.83807606 1.83814543 1.83821479
 1.83828413 1.83835347 1.83842278 1.83849209 1.83856138 1.83863067
 1.83869993 1.83876919 1.83883843 1.83890766 1.83897688 1.83904609
 1.83911528 1.83918446 1.83925363 1.83932278 1.83939192 1.83946105
 1.83953017 1.83959928 1.83966837 1.83973745 1.83980651 1.83987557
 1.83994461 1.84001363 1.84008265 1.84015165 1.84022064 1.84028962
 1.84035858 1.84042754 1.84049648 1.8405654  1.84063432 1.84070322
 1.84077211 1.84084098 1.84090985 1.8409787  1.84104754 1.84111636
 1.84118517 1.84125397 1.84132276 1.84139154 1.8414603  1.84152905
 1.84159778 1.84166651 1.84173522 1.84180392 1.8418726  1.84194127
 1.84200993 1.84207858 1.84214722 1.84221584 1.84228445 1.84235305
 1.84242163 1.8424902  1.84255876 1.8426273  1.84269584 1.84276436
 1.84283287 1.84290136 1.84296984 1.84303831 1.84310677 1.84317521
 1.84324364 1.84331206 1.84338047 1.84344886 1.84351724 1.84358561
 1.84365396 1.84372231 1.84379064 1.84385895 1.84392726 1.84399555
 1.84406383 1.84413209 1.84420035 1.84426858 1.84433681 1.84440503
 1.84447323 1.84454142 1.84460959 1.84467776 1.84474591 1.84481405
 1.84488217 1.84495029 1.84501838 1.84508647 1.84515455 1.84522261
 1.84529066 1.84535869 1.84542671 1.84549473 1.84556272 1.84563071
 1.84569868 1.84576664 1.84583459 1.84590252 1.84597044 1.84603835
 1.84610624 1.84617413 1.846242   1.84630985 1.8463777  1.84644553
 1.84651335 1.84658115 1.84664895 1.84671673 1.84678449 1.84685225
 1.84691999 1.84698772 1.84705544 1.84712314 1.84719083 1.84725851
 1.84732617 1.84739382 1.84746146 1.84752909 1.8475967  1.8476643
 1.84773189 1.84779947 1.84786703 1.84793458 1.84800212 1.84806964
 1.84813715 1.84820465 1.84827213 1.84833961 1.84840707 1.84847451
 1.84854195 1.84860937 1.84867678 1.84874417 1.84881156 1.84887893
 1.84894628 1.84901363 1.84908096 1.84914828 1.84921558 1.84928287
 1.84935016 1.84941742 1.84948468 1.84955192 1.84961915 1.84968636
 1.84975357 1.84982076 1.84988793 1.8499551  1.85002225 1.85008939
 1.85015651 1.85022363 1.85029072 1.85035781 1.85042489 1.85049195
 1.850559   1.85062603 1.85069305 1.85076006 1.85082706 1.85089405
 1.85096102 1.85102798 1.85109492 1.85116185 1.85122877 1.85129568
 1.85136257 1.85142945 1.85149632 1.85156318 1.85163002 1.85169685
 1.85176367 1.85183047 1.85189726 1.85196404 1.8520308  1.85209756
 1.8521643  1.85223102 1.85229774 1.85236444 1.85243112 1.8524978
 1.85256446 1.85263111 1.85269774 1.85276437 1.85283098 1.85289757
 1.85296416 1.85303073 1.85309729 1.85316384 1.85323037 1.85329689
 1.85336339 1.85342989 1.85349637 1.85356284 1.85362929 1.85369573
 1.85376216 1.85382858 1.85389498 1.85396137 1.85402775 1.85409412
 1.85416047 1.85422681 1.85429313 1.85435945 1.85442575 1.85449203
 1.85455831 1.85462457 1.85469082 1.85475705 1.85482327 1.85488948
 1.85495568 1.85502186 1.85508803 1.85515419 1.85522034 1.85528647
 1.85535259 1.85541869 1.85548478 1.85555086 1.85561693 1.85568298
 1.85574903 1.85581505 1.85588107 1.85594707 1.85601306 1.85607904
 1.856145   1.85621095 1.85627689 1.85634281 1.85640872 1.85647462
 1.85654051 1.85660638 1.85667224 1.85673808 1.85680392 1.85686974
 1.85693554 1.85700134 1.85706712 1.85713289 1.85719865 1.85726439
 1.85733012 1.85739583 1.85746154 1.85752723 1.85759291 1.85765857
 1.85772422 1.85778986 1.85785549 1.8579211  1.8579867  1.85805229
 1.85811786 1.85818342 1.85824897 1.8583145  1.85838002 1.85844553
 1.85851103 1.85857651 1.85864198 1.85870744 1.85877288 1.85883831
 1.85890373 1.85896913 1.85903453 1.8590999  1.85916527 1.85923062
 1.85929596 1.85936129 1.8594266  1.8594919  1.85955719 1.85962246
 1.85968772 1.85975297 1.85981821 1.85988343 1.85994864 1.86001384
 1.86007902 1.86014419 1.86020935 1.86027449 1.86033962 1.86040474
 1.86046985 1.86053494 1.86060002 1.86066508 1.86073014 1.86079518
 1.8608602  1.86092522 1.86099022 1.86105521 1.86112018 1.86118514
 1.86125009 1.86131503 1.86137995 1.86144486 1.86150976 1.86157464
 1.86163951 1.86170437 1.86176921 1.86183404 1.86189886 1.86196366
 1.86202846 1.86209324 1.862158   1.86222275 1.86228749 1.86235222
 1.86241693 1.86248163 1.86254632 1.862611   1.86267566 1.86274031
 1.86280494 1.86286956 1.86293417 1.86299877 1.86306335 1.86312792
 1.86319248 1.86325702 1.86332155 1.86338607 1.86345057 1.86351507
 1.86357954 1.86364401 1.86370846 1.8637729  1.86383733 1.86390174
 1.86396614 1.86403053 1.8640949  1.86415926 1.86422361 1.86428794
 1.86435226 1.86441657 1.86448087 1.86454515 1.86460942 1.86467368
 1.86473792 1.86480215 1.86486636 1.86493057 1.86499476 1.86505894
 1.8651231  1.86518725 1.86525139 1.86531551 1.86537963 1.86544372
 1.86550781 1.86557188 1.86563594 1.86569999 1.86576402 1.86582804
 1.86589205 1.86595604 1.86602002 1.86608399 1.86614794 1.86621189
 1.86627582 1.86633973 1.86640363 1.86646752 1.8665314  1.86659526
 1.86665911 1.86672294 1.86678677 1.86685058 1.86691438 1.86697816
 1.86704193 1.86710569 1.86716943 1.86723317 1.86729688 1.86736059
 1.86742428 1.86748796 1.86755163 1.86761528 1.86767892 1.86774254
 1.86780616 1.86786976 1.86793335 1.86799692 1.86806048 1.86812403
 1.86818756 1.86825108 1.86831459 1.86837809 1.86844157 1.86850504
 1.86856849 1.86863194 1.86869536 1.86875878 1.86882218 1.86888557
 1.86894895 1.86901231 1.86907566 1.869139   1.86920233 1.86926564
 1.86932893 1.86939222 1.86945549 1.86951875 1.869582   1.86964523
 1.86970845 1.86977165 1.86983485 1.86989802 1.86996119 1.87002434
 1.87008748 1.87015061 1.87021372 1.87027682 1.87033991 1.87040299
 1.87046605 1.87052909 1.87059213 1.87065515 1.87071816 1.87078115
 1.87084414 1.8709071  1.87097006 1.871033   1.87109593 1.87115885
 1.87122175 1.87128464 1.87134752 1.87141038 1.87147323 1.87153607
 1.87159889 1.8716617  1.8717245  1.87178729 1.87185006 1.87191282
 1.87197556 1.87203829 1.87210101 1.87216372 1.87222641 1.87228909
 1.87235175 1.8724144  1.87247704 1.87253967 1.87260228 1.87266488
 1.87272747 1.87279004 1.8728526  1.87291515 1.87297768 1.8730402
 1.87310271 1.87316521 1.87322769 1.87329016 1.87335261 1.87341505
 1.87347748 1.87353989 1.8736023  1.87366469 1.87372706 1.87378942
 1.87385177 1.87391411 1.87397643 1.87403874 1.87410104 1.87416332
 1.87422559 1.87428785 1.87435009 1.87441232 1.87447454 1.87453674
 1.87459893 1.87466111 1.87472327 1.87478542 1.87484756 1.87490969
 1.8749718  1.8750339  1.87509598 1.87515805 1.87522011 1.87528216
 1.87534419 1.87540621 1.87546821 1.8755302  1.87559218 1.87565415
 1.8757161  1.87577804 1.87583997 1.87590188 1.87596378 1.87602567
 1.87608754 1.8761494  1.87621125 1.87627308 1.8763349  1.87639671
 1.8764585  1.87652028 1.87658205 1.87664381 1.87670555 1.87676728
 1.87682899 1.87689069 1.87695238 1.87701405 1.87707572 1.87713736
 1.877199   1.87726062 1.87732223 1.87738383 1.87744541 1.87750698
 1.87756853 1.87763008 1.87769161 1.87775312 1.87781463 1.87787611
 1.87793759 1.87799905 1.8780605  1.87812194 1.87818336 1.87824477
 1.87830617 1.87836755 1.87842893 1.87849028 1.87855163 1.87861296
 1.87867427 1.87873558 1.87879687 1.87885815 1.87891941 1.87898066
 1.8790419  1.87910313 1.87916434 1.87922554 1.87928672 1.87934789
 1.87940905 1.8794702  1.87953133 1.87959245 1.87965355 1.87971464
 1.87977572 1.87983679 1.87989784 1.87995888 1.88001991 1.88008092
 1.88014192 1.8802029  1.88026388 1.88032484 1.88038578 1.88044672
 1.88050764 1.88056854 1.88062944 1.88069032 1.88075118 1.88081204
 1.88087288 1.8809337  1.88099452 1.88105532 1.88111611 1.88117688
 1.88123764 1.88129839 1.88135912 1.88141984 1.88148055 1.88154124
 1.88160193 1.88166259 1.88172325 1.88178389 1.88184452 1.88190513
 1.88196573 1.88202632 1.8820869  1.88214746 1.88220801 1.88226854
 1.88232906 1.88238957 1.88245007 1.88251055 1.88257102 1.88263147
 1.88269191 1.88275234 1.88281276 1.88287316 1.88293355 1.88299393
 1.88305429 1.88311464 1.88317497 1.88323529 1.88329561 1.8833559
 1.88341618 1.88347645 1.88353671 1.88359695 1.88365718 1.8837174
 1.8837776  1.88383779 1.88389797 1.88395813 1.88401828 1.88407842
 1.88413854 1.88419865 1.88425875 1.88431883 1.8843789  1.88443896
 1.884499   1.88455903 1.88461905 1.88467905 1.88473904 1.88479902
 1.88485898 1.88491893 1.88497887 1.88503879 1.8850987  1.8851586
 1.88521849 1.88527836 1.88533821 1.88539806 1.88545789 1.88551771
 1.88557751 1.8856373  1.88569708 1.88575684 1.8858166  1.88587633
 1.88593606 1.88599577 1.88605547 1.88611515 1.88617482 1.88623448
 1.88629412 1.88635376 1.88641337 1.88647298 1.88653257 1.88659215
 1.88665171 1.88671127 1.8867708  1.88683033 1.88688984 1.88694934
 1.88700882 1.8870683  1.88712775 1.8871872  1.88724663 1.88730605
 1.88736545 1.88742485 1.88748422 1.88754359 1.88760294 1.88766228
 1.88772161 1.88778092 1.88784022 1.8878995  1.88795877 1.88801803
 1.88807728 1.88813651 1.88819573 1.88825494 1.88831413 1.88837331
 1.88843247 1.88849162 1.88855076 1.88860989 1.888669   1.8887281
 1.88878719 1.88884626 1.88890532 1.88896436 1.8890234  1.88908242
 1.88914142 1.88920041 1.88925939 1.88931836 1.88937731 1.88943625
 1.88949518 1.88955409 1.88961299 1.88967187 1.88973075 1.88978961
 1.88984845 1.88990728 1.8899661  1.89002491 1.8900837  1.89014248
 1.89020125 1.89026    1.89031874 1.89037747 1.89043618 1.89049488
 1.89055357 1.89061224 1.8906709  1.89072954 1.89078818 1.8908468
 1.8909054  1.890964   1.89102258 1.89108114 1.89113969 1.89119824
 1.89125676 1.89131527 1.89137377 1.89143226 1.89149073 1.89154919
 1.89160764 1.89166607 1.89172449 1.8917829  1.89184129 1.89189967
 1.89195804 1.89201639 1.89207473 1.89213306 1.89219137 1.89224967
 1.89230796 1.89236623 1.89242449 1.89248274 1.89254097 1.89259919
 1.89265739 1.89271559 1.89277377 1.89283193 1.89289009 1.89294823
 1.89300635 1.89306447 1.89312257 1.89318065 1.89323873 1.89329679
 1.89335483 1.89341287 1.89347089 1.89352889 1.89358689 1.89364487
 1.89370283 1.89376079 1.89381873 1.89387665 1.89393457 1.89399247
 1.89405035 1.89410822 1.89416609 1.89422393 1.89428176 1.89433958
 1.89439739 1.89445518 1.89451296 1.89457073 1.89462848 1.89468622
 1.89474395 1.89480166 1.89485936 1.89491705 1.89497472 1.89503238
 1.89509003 1.89514766 1.89520528 1.89526289 1.89532048 1.89537806
 1.89543563 1.89549318 1.89555072 1.89560825 1.89566576 1.89572326
 1.89578075 1.89583822 1.89589568 1.89595313 1.89601056 1.89606798
 1.89612539 1.89618278 1.89624016 1.89629752 1.89635488 1.89641222
 1.89646955 1.89652686 1.89658416 1.89664144 1.89669872 1.89675598
 1.89681322 1.89687046 1.89692768 1.89698488 1.89704208 1.89709925
 1.89715642 1.89721358 1.89727071 1.89732784 1.89738495 1.89744205
 1.89749914 1.89755621 1.89761327 1.89767032 1.89772735 1.89778437
 1.89784138 1.89789837 1.89795535 1.89801232 1.89806927 1.89812621
 1.89818313 1.89824005 1.89829695 1.89835383 1.89841071 1.89846757
 1.89852441 1.89858125 1.89863807 1.89869487 1.89875166 1.89880844
 1.89886521 1.89892196 1.8989787  1.89903543 1.89909214 1.89914884
 1.89920553 1.8992622  1.89931886 1.8993755  1.89943214 1.89948876
 1.89954536 1.89960196 1.89965854 1.8997151  1.89977165 1.89982819
 1.89988472 1.89994123 1.89999773 1.90005422]
t = [1.09457505e+09 1.09457506e+09 1.09457506e+09 1.09457507e+09
 1.09457507e+09 1.09457508e+09 1.09457508e+09 1.09457509e+09
 1.09457509e+09 1.09457510e+09 1.09457510e+09 1.09457511e+09
 1.09457511e+09 1.09457512e+09 1.09457512e+09 1.09457513e+09
 1.09457513e+09 1.09457514e+09 1.09457514e+09 1.09457515e+09
 1.09457516e+09 1.09457516e+09 1.09457517e+09 1.09457517e+09
 1.09457518e+09 1.09457518e+09 1.09457519e+09 1.09457519e+09
 1.09457520e+09 1.09457520e+09 1.09457521e+09 1.09457521e+09
 1.09457522e+09 1.09457522e+09 1.09457523e+09 1.09457523e+09
 1.09457524e+09 1.09457524e+09 1.09457525e+09 1.09457526e+09
 1.09457526e+09 1.09457527e+09 1.09457527e+09 1.09457528e+09
 1.09457528e+09 1.09457529e+09 1.09457529e+09 1.09457530e+09
 1.09457530e+09 1.09457531e+09 1.09457531e+09 1.09457532e+09
 1.09457532e+09 1.09457533e+09 1.09457533e+09 1.09457534e+09
 1.09457534e+09 1.09457535e+09 1.09457535e+09 1.09457536e+09
 1.09457537e+09 1.09457537e+09 1.09457538e+09 1.09457538e+09
 1.09457539e+09 1.09457539e+09 1.09457540e+09 1.09457540e+09
 1.09457541e+09 1.09457541e+09 1.09457542e+09 1.09457542e+09
 1.09457543e+09 1.09457543e+09 1.09457544e+09 1.09457544e+09
 1.09457545e+09 1.09457545e+09 1.09457546e+09 1.09457547e+09
 1.09457547e+09 1.09457548e+09 1.09457548e+09 1.09457549e+09
 1.09457549e+09 1.09457550e+09 1.09457550e+09 1.09457551e+09
 1.09457551e+09 1.09457552e+09 1.09457552e+09 1.09457553e+09
 1.09457553e+09 1.09457554e+09 1.09457554e+09 1.09457555e+09
 1.09457555e+09 1.09457556e+09 1.09457557e+09 1.09457557e+09
 1.09457558e+09 1.09457558e+09 1.09457559e+09 1.09457559e+09
 1.09457560e+09 1.09457560e+09 1.09457561e+09 1.09457561e+09
 1.09457562e+09 1.09457562e+09 1.09457563e+09 1.09457563e+09
 1.09457564e+09 1.09457564e+09 1.09457565e+09 1.09457565e+09
 1.09457566e+09 1.09457567e+09 1.09457567e+09 1.09457568e+09
 1.09457568e+09 1.09457569e+09 1.09457569e+09 1.09457570e+09
 1.09457570e+09 1.09457571e+09 1.09457571e+09 1.09457572e+09
 1.09457572e+09 1.09457573e+09 1.09457573e+09 1.09457574e+09
 1.09457574e+09 1.09457575e+09 1.09457575e+09 1.09457576e+09
 1.09457576e+09 1.09457577e+09 1.09457578e+09 1.09457578e+09
 1.09457579e+09 1.09457579e+09 1.09457580e+09 1.09457580e+09
 1.09457581e+09 1.09457581e+09 1.09457582e+09 1.09457582e+09
 1.09457583e+09 1.09457583e+09 1.09457584e+09 1.09457584e+09
 1.09457585e+09 1.09457585e+09 1.09457586e+09 1.09457586e+09
 1.09457587e+09 1.09457588e+09 1.09457588e+09 1.09457589e+09
 1.09457589e+09 1.09457590e+09 1.09457590e+09 1.09457591e+09
 1.09457591e+09 1.09457592e+09 1.09457592e+09 1.09457593e+09
 1.09457593e+09 1.09457594e+09 1.09457594e+09 1.09457595e+09
 1.09457595e+09 1.09457596e+09 1.09457596e+09 1.09457597e+09
 1.09457598e+09 1.09457598e+09 1.09457599e+09 1.09457599e+09
 1.09457600e+09 1.09457600e+09 1.09457601e+09 1.09457601e+09
 1.09457602e+09 1.09457602e+09 1.09457603e+09 1.09457603e+09
 1.09457604e+09 1.09457604e+09 1.09457605e+09 1.09457605e+09
 1.09457606e+09 1.09457606e+09 1.09457607e+09 1.09457607e+09
 1.09457608e+09 1.09457609e+09 1.09457609e+09 1.09457610e+09
 1.09457610e+09 1.09457611e+09 1.09457611e+09 1.09457612e+09
 1.09457612e+09 1.09457613e+09 1.09457613e+09 1.09457614e+09
 1.09457614e+09 1.09457615e+09 1.09457615e+09 1.09457616e+09
 1.09457616e+09 1.09457617e+09 1.09457617e+09 1.09457618e+09
 1.09457619e+09 1.09457619e+09 1.09457620e+09 1.09457620e+09
 1.09457621e+09 1.09457621e+09 1.09457622e+09 1.09457622e+09
 1.09457623e+09 1.09457623e+09 1.09457624e+09 1.09457624e+09
 1.09457625e+09 1.09457625e+09 1.09457626e+09 1.09457626e+09
 1.09457627e+09 1.09457627e+09 1.09457628e+09 1.09457629e+09
 1.09457629e+09 1.09457630e+09 1.09457630e+09 1.09457631e+09
 1.09457631e+09 1.09457632e+09 1.09457632e+09 1.09457633e+09
 1.09457633e+09 1.09457634e+09 1.09457634e+09 1.09457635e+09
 1.09457635e+09 1.09457636e+09 1.09457636e+09 1.09457637e+09
 1.09457637e+09 1.09457638e+09 1.09457639e+09 1.09457639e+09
 1.09457640e+09 1.09457640e+09 1.09457641e+09 1.09457641e+09
 1.09457642e+09 1.09457642e+09 1.09457643e+09 1.09457643e+09
 1.09457644e+09 1.09457644e+09 1.09457645e+09 1.09457645e+09
 1.09457646e+09 1.09457646e+09 1.09457647e+09 1.09457647e+09
 1.09457648e+09 1.09457648e+09 1.09457649e+09 1.09457650e+09
 1.09457650e+09 1.09457651e+09 1.09457651e+09 1.09457652e+09
 1.09457652e+09 1.09457653e+09 1.09457653e+09 1.09457654e+09
 1.09457654e+09 1.09457655e+09 1.09457655e+09 1.09457656e+09
 1.09457656e+09 1.09457657e+09 1.09457657e+09 1.09457658e+09
 1.09457658e+09 1.09457659e+09 1.09457660e+09 1.09457660e+09
 1.09457661e+09 1.09457661e+09 1.09457662e+09 1.09457662e+09
 1.09457663e+09 1.09457663e+09 1.09457664e+09 1.09457664e+09
 1.09457665e+09 1.09457665e+09 1.09457666e+09 1.09457666e+09
 1.09457667e+09 1.09457667e+09 1.09457668e+09 1.09457668e+09
 1.09457669e+09 1.09457670e+09 1.09457670e+09 1.09457671e+09
 1.09457671e+09 1.09457672e+09 1.09457672e+09 1.09457673e+09
 1.09457673e+09 1.09457674e+09 1.09457674e+09 1.09457675e+09
 1.09457675e+09 1.09457676e+09 1.09457676e+09 1.09457677e+09
 1.09457677e+09 1.09457678e+09 1.09457678e+09 1.09457679e+09
 1.09457679e+09 1.09457680e+09 1.09457681e+09 1.09457681e+09
 1.09457682e+09 1.09457682e+09 1.09457683e+09 1.09457683e+09
 1.09457684e+09 1.09457684e+09 1.09457685e+09 1.09457685e+09
 1.09457686e+09 1.09457686e+09 1.09457687e+09 1.09457687e+09
 1.09457688e+09 1.09457688e+09 1.09457689e+09 1.09457689e+09
 1.09457690e+09 1.09457691e+09 1.09457691e+09 1.09457692e+09
 1.09457692e+09 1.09457693e+09 1.09457693e+09 1.09457694e+09
 1.09457694e+09 1.09457695e+09 1.09457695e+09 1.09457696e+09
 1.09457696e+09 1.09457697e+09 1.09457697e+09 1.09457698e+09
 1.09457698e+09 1.09457699e+09 1.09457699e+09 1.09457700e+09
 1.09457701e+09 1.09457701e+09 1.09457702e+09 1.09457702e+09
 1.09457703e+09 1.09457703e+09 1.09457704e+09 1.09457704e+09
 1.09457705e+09 1.09457705e+09 1.09457706e+09 1.09457706e+09
 1.09457707e+09 1.09457707e+09 1.09457708e+09 1.09457708e+09
 1.09457709e+09 1.09457709e+09 1.09457710e+09 1.09457710e+09
 1.09457711e+09 1.09457712e+09 1.09457712e+09 1.09457713e+09
 1.09457713e+09 1.09457714e+09 1.09457714e+09 1.09457715e+09
 1.09457715e+09 1.09457716e+09 1.09457716e+09 1.09457717e+09
 1.09457717e+09 1.09457718e+09 1.09457718e+09 1.09457719e+09
 1.09457719e+09 1.09457720e+09 1.09457720e+09 1.09457721e+09
 1.09457722e+09 1.09457722e+09 1.09457723e+09 1.09457723e+09
 1.09457724e+09 1.09457724e+09 1.09457725e+09 1.09457725e+09
 1.09457726e+09 1.09457726e+09 1.09457727e+09 1.09457727e+09
 1.09457728e+09 1.09457728e+09 1.09457729e+09 1.09457729e+09
 1.09457730e+09 1.09457730e+09 1.09457731e+09 1.09457732e+09
 1.09457732e+09 1.09457733e+09 1.09457733e+09 1.09457734e+09
 1.09457734e+09 1.09457735e+09 1.09457735e+09 1.09457736e+09
 1.09457736e+09 1.09457737e+09 1.09457737e+09 1.09457738e+09
 1.09457738e+09 1.09457739e+09 1.09457739e+09 1.09457740e+09
 1.09457740e+09 1.09457741e+09 1.09457742e+09 1.09457742e+09
 1.09457743e+09 1.09457743e+09 1.09457744e+09 1.09457744e+09
 1.09457745e+09 1.09457745e+09 1.09457746e+09 1.09457746e+09
 1.09457747e+09 1.09457747e+09 1.09457748e+09 1.09457748e+09
 1.09457749e+09 1.09457749e+09 1.09457750e+09 1.09457750e+09
 1.09457751e+09 1.09457751e+09 1.09457752e+09 1.09457753e+09
 1.09457753e+09 1.09457754e+09 1.09457754e+09 1.09457755e+09
 1.09457755e+09 1.09457756e+09 1.09457756e+09 1.09457757e+09
 1.09457757e+09 1.09457758e+09 1.09457758e+09 1.09457759e+09
 1.09457759e+09 1.09457760e+09 1.09457760e+09 1.09457761e+09
 1.09457761e+09 1.09457762e+09 1.09457763e+09 1.09457763e+09
 1.09457764e+09 1.09457764e+09 1.09457765e+09 1.09457765e+09
 1.09457766e+09 1.09457766e+09 1.09457767e+09 1.09457767e+09
 1.09457768e+09 1.09457768e+09 1.09457769e+09 1.09457769e+09
 1.09457770e+09 1.09457770e+09 1.09457771e+09 1.09457771e+09
 1.09457772e+09 1.09457773e+09 1.09457773e+09 1.09457774e+09
 1.09457774e+09 1.09457775e+09 1.09457775e+09 1.09457776e+09
 1.09457776e+09 1.09457777e+09 1.09457777e+09 1.09457778e+09
 1.09457778e+09 1.09457779e+09 1.09457779e+09 1.09457780e+09
 1.09457780e+09 1.09457781e+09 1.09457781e+09 1.09457782e+09
 1.09457782e+09 1.09457783e+09 1.09457784e+09 1.09457784e+09
 1.09457785e+09 1.09457785e+09 1.09457786e+09 1.09457786e+09
 1.09457787e+09 1.09457787e+09 1.09457788e+09 1.09457788e+09
 1.09457789e+09 1.09457789e+09 1.09457790e+09 1.09457790e+09
 1.09457791e+09 1.09457791e+09 1.09457792e+09 1.09457792e+09
 1.09457793e+09 1.09457794e+09 1.09457794e+09 1.09457795e+09
 1.09457795e+09 1.09457796e+09 1.09457796e+09 1.09457797e+09
 1.09457797e+09 1.09457798e+09 1.09457798e+09 1.09457799e+09
 1.09457799e+09 1.09457800e+09 1.09457800e+09 1.09457801e+09
 1.09457801e+09 1.09457802e+09 1.09457802e+09 1.09457803e+09
 1.09457804e+09 1.09457804e+09 1.09457805e+09 1.09457805e+09
 1.09457806e+09 1.09457806e+09 1.09457807e+09 1.09457807e+09
 1.09457808e+09 1.09457808e+09 1.09457809e+09 1.09457809e+09
 1.09457810e+09 1.09457810e+09 1.09457811e+09 1.09457811e+09
 1.09457812e+09 1.09457812e+09 1.09457813e+09 1.09457814e+09
 1.09457814e+09 1.09457815e+09 1.09457815e+09 1.09457816e+09
 1.09457816e+09 1.09457817e+09 1.09457817e+09 1.09457818e+09
 1.09457818e+09 1.09457819e+09 1.09457819e+09 1.09457820e+09
 1.09457820e+09 1.09457821e+09 1.09457821e+09 1.09457822e+09
 1.09457822e+09 1.09457823e+09 1.09457823e+09 1.09457824e+09
 1.09457825e+09 1.09457825e+09 1.09457826e+09 1.09457826e+09
 1.09457827e+09 1.09457827e+09 1.09457828e+09 1.09457828e+09
 1.09457829e+09 1.09457829e+09 1.09457830e+09 1.09457830e+09
 1.09457831e+09 1.09457831e+09 1.09457832e+09 1.09457832e+09
 1.09457833e+09 1.09457833e+09 1.09457834e+09 1.09457835e+09
 1.09457835e+09 1.09457836e+09 1.09457836e+09 1.09457837e+09
 1.09457837e+09 1.09457838e+09 1.09457838e+09 1.09457839e+09
 1.09457839e+09 1.09457840e+09 1.09457840e+09 1.09457841e+09
 1.09457841e+09 1.09457842e+09 1.09457842e+09 1.09457843e+09
 1.09457843e+09 1.09457844e+09 1.09457845e+09 1.09457845e+09
 1.09457846e+09 1.09457846e+09 1.09457847e+09 1.09457847e+09
 1.09457848e+09 1.09457848e+09 1.09457849e+09 1.09457849e+09
 1.09457850e+09 1.09457850e+09 1.09457851e+09 1.09457851e+09
 1.09457852e+09 1.09457852e+09 1.09457853e+09 1.09457853e+09
 1.09457854e+09 1.09457854e+09 1.09457855e+09 1.09457856e+09
 1.09457856e+09 1.09457857e+09 1.09457857e+09 1.09457858e+09
 1.09457858e+09 1.09457859e+09 1.09457859e+09 1.09457860e+09
 1.09457860e+09 1.09457861e+09 1.09457861e+09 1.09457862e+09
 1.09457862e+09 1.09457863e+09 1.09457863e+09 1.09457864e+09
 1.09457864e+09 1.09457865e+09 1.09457866e+09 1.09457866e+09
 1.09457867e+09 1.09457867e+09 1.09457868e+09 1.09457868e+09
 1.09457869e+09 1.09457869e+09 1.09457870e+09 1.09457870e+09
 1.09457871e+09 1.09457871e+09 1.09457872e+09 1.09457872e+09
 1.09457873e+09 1.09457873e+09 1.09457874e+09 1.09457874e+09
 1.09457875e+09 1.09457876e+09 1.09457876e+09 1.09457877e+09
 1.09457877e+09 1.09457878e+09 1.09457878e+09 1.09457879e+09
 1.09457879e+09 1.09457880e+09 1.09457880e+09 1.09457881e+09
 1.09457881e+09 1.09457882e+09 1.09457882e+09 1.09457883e+09
 1.09457883e+09 1.09457884e+09 1.09457884e+09 1.09457885e+09
 1.09457885e+09 1.09457886e+09 1.09457887e+09 1.09457887e+09
 1.09457888e+09 1.09457888e+09 1.09457889e+09 1.09457889e+09
 1.09457890e+09 1.09457890e+09 1.09457891e+09 1.09457891e+09
 1.09457892e+09 1.09457892e+09 1.09457893e+09 1.09457893e+09
 1.09457894e+09 1.09457894e+09 1.09457895e+09 1.09457895e+09
 1.09457896e+09 1.09457897e+09 1.09457897e+09 1.09457898e+09
 1.09457898e+09 1.09457899e+09 1.09457899e+09 1.09457900e+09
 1.09457900e+09 1.09457901e+09 1.09457901e+09 1.09457902e+09
 1.09457902e+09 1.09457903e+09 1.09457903e+09 1.09457904e+09
 1.09457904e+09 1.09457905e+09 1.09457905e+09 1.09457906e+09
 1.09457907e+09 1.09457907e+09 1.09457908e+09 1.09457908e+09
 1.09457909e+09 1.09457909e+09 1.09457910e+09 1.09457910e+09
 1.09457911e+09 1.09457911e+09 1.09457912e+09 1.09457912e+09
 1.09457913e+09 1.09457913e+09 1.09457914e+09 1.09457914e+09
 1.09457915e+09 1.09457915e+09 1.09457916e+09 1.09457917e+09
 1.09457917e+09 1.09457918e+09 1.09457918e+09 1.09457919e+09
 1.09457919e+09 1.09457920e+09 1.09457920e+09 1.09457921e+09
 1.09457921e+09 1.09457922e+09 1.09457922e+09 1.09457923e+09
 1.09457923e+09 1.09457924e+09 1.09457924e+09 1.09457925e+09
 1.09457925e+09 1.09457926e+09 1.09457926e+09 1.09457927e+09
 1.09457928e+09 1.09457928e+09 1.09457929e+09 1.09457929e+09
 1.09457930e+09 1.09457930e+09 1.09457931e+09 1.09457931e+09
 1.09457932e+09 1.09457932e+09 1.09457933e+09 1.09457933e+09
 1.09457934e+09 1.09457934e+09 1.09457935e+09 1.09457935e+09
 1.09457936e+09 1.09457936e+09 1.09457937e+09 1.09457938e+09
 1.09457938e+09 1.09457939e+09 1.09457939e+09 1.09457940e+09
 1.09457940e+09 1.09457941e+09 1.09457941e+09 1.09457942e+09
 1.09457942e+09 1.09457943e+09 1.09457943e+09 1.09457944e+09
 1.09457944e+09 1.09457945e+09 1.09457945e+09 1.09457946e+09
 1.09457946e+09 1.09457947e+09 1.09457948e+09 1.09457948e+09
 1.09457949e+09 1.09457949e+09 1.09457950e+09 1.09457950e+09
 1.09457951e+09 1.09457951e+09 1.09457952e+09 1.09457952e+09
 1.09457953e+09 1.09457953e+09 1.09457954e+09 1.09457954e+09
 1.09457955e+09 1.09457955e+09 1.09457956e+09 1.09457956e+09
 1.09457957e+09 1.09457957e+09 1.09457958e+09 1.09457959e+09
 1.09457959e+09 1.09457960e+09 1.09457960e+09 1.09457961e+09
 1.09457961e+09 1.09457962e+09 1.09457962e+09 1.09457963e+09
 1.09457963e+09 1.09457964e+09 1.09457964e+09 1.09457965e+09
 1.09457965e+09 1.09457966e+09 1.09457966e+09 1.09457967e+09
 1.09457967e+09 1.09457968e+09 1.09457969e+09 1.09457969e+09
 1.09457970e+09 1.09457970e+09 1.09457971e+09 1.09457971e+09
 1.09457972e+09 1.09457972e+09 1.09457973e+09 1.09457973e+09
 1.09457974e+09 1.09457974e+09 1.09457975e+09 1.09457975e+09
 1.09457976e+09 1.09457976e+09 1.09457977e+09 1.09457977e+09
 1.09457978e+09 1.09457979e+09 1.09457979e+09 1.09457980e+09
 1.09457980e+09 1.09457981e+09 1.09457981e+09 1.09457982e+09
 1.09457982e+09 1.09457983e+09 1.09457983e+09 1.09457984e+09
 1.09457984e+09 1.09457985e+09 1.09457985e+09 1.09457986e+09
 1.09457986e+09 1.09457987e+09 1.09457987e+09 1.09457988e+09
 1.09457989e+09 1.09457989e+09 1.09457990e+09 1.09457990e+09
 1.09457991e+09 1.09457991e+09 1.09457992e+09 1.09457992e+09
 1.09457993e+09 1.09457993e+09 1.09457994e+09 1.09457994e+09
 1.09457995e+09 1.09457995e+09 1.09457996e+09 1.09457996e+09
 1.09457997e+09 1.09457997e+09 1.09457998e+09 1.09457998e+09
 1.09457999e+09 1.09458000e+09 1.09458000e+09 1.09458001e+09
 1.09458001e+09 1.09458002e+09 1.09458002e+09 1.09458003e+09
 1.09458003e+09 1.09458004e+09 1.09458004e+09 1.09458005e+09
 1.09458005e+09 1.09458006e+09 1.09458006e+09 1.09458007e+09
 1.09458007e+09 1.09458008e+09 1.09458008e+09 1.09458009e+09
 1.09458010e+09 1.09458010e+09 1.09458011e+09 1.09458011e+09
 1.09458012e+09 1.09458012e+09 1.09458013e+09 1.09458013e+09
 1.09458014e+09 1.09458014e+09 1.09458015e+09 1.09458015e+09
 1.09458016e+09 1.09458016e+09 1.09458017e+09 1.09458017e+09
 1.09458018e+09 1.09458018e+09 1.09458019e+09 1.09458020e+09
 1.09458020e+09 1.09458021e+09 1.09458021e+09 1.09458022e+09
 1.09458022e+09 1.09458023e+09 1.09458023e+09 1.09458024e+09
 1.09458024e+09 1.09458025e+09 1.09458025e+09 1.09458026e+09
 1.09458026e+09 1.09458027e+09 1.09458027e+09 1.09458028e+09
 1.09458028e+09 1.09458029e+09 1.09458029e+09 1.09458030e+09]
minRes = 1.8370340050440617
minResTime = [1.09457505e+09]
Cov(t) = [100 100 100 100 100 100 100 100 100 100 100 100 100 100 100 100 100 100
 100 100 100 100 100 100 100 100 100 100 100 100 100 100 100 100 100 100
 100 100 100 100 100 100 100 100 100 100 100 100 100 100 100 100 100 100
 100 100 100 100 100 100 100 100 100 100 100 100 100 100 100 100 100 100
 100 100 100 100 100 100 100 100 100 100 100 100 100 100 100 100 100 100
 100 100 100 100 100 100 100 100 100 100 100 100 100 100 100 100 100 100
 100 100 100 100 100 100 100 100 100 100 100 100 100 100 100 100 100 100
 100 100 100 100 100 100 100 100 100 100 100 100 100 100 100 100 100 100
 100 100 100 100 100 100 100 100 100 100 100 100 100 100 100 100 100 100
 100 100 100 100 100 100 100 100 100 100 100 100 100 100 100 100 100 100
 100 100 100 100 100 100 100 100 100 100 100 100 100 100 100 100 100 100
 100 100 100 100 100 100 100 100 100 100 100 100 100 100 100 100 100 100
 100 100 100 100 100 100 100 100 100 100 100 100 100 100 100 100 100 100
 100 100 100 100 100 100 100 100 100 100 100 100 100 100 100 100 100 100
 100 100 100 100 100 100 100 100 100 100 100 100 100 100 100 100 100 100
 100 100 100 100 100 100 100 100 100 100 100 100 100 100 100 100 100 100
 100 100 100 100 100 100 100 100 100 100 100 100 100 100 100 100 100 100
 100 100 100 100 100 100 100 100 100 100 100 100 100 100 100 100 100 100
 100 100 100 100 100 100 100 100 100 100 100 100 100 100 100 100 100 100
 100 100 100 100 100 100 100 100 100 100 100 100 100 100 100 100 100 100
 100 100 100 100 100 100 100 100 100 100 100 100 100 100 100 100 100 100
 100 100 100 100 100 100 100 100 100 100 100 100 100 100 100 100 100 100
 100 100 100 100 100 100 100 100 100 100 100 100 100 100 100 100 100 100
 100 100 100 100 100 100 100 100 100 100 100 100 100 100 100 100 100 100
 100 100 100 100 100 100 100 100 100 100 100 100 100 100 100 100 100 100
 100 100 100 100 100 100 100 100 100 100 100 100 100 100 100 100 100 100
 100 100 100 100 100 100 100 100 100 100 100 100 100 100 100 100 100 100
 100 100 100 100 100 100 100 100 100 100 100 100 100 100 100 100 100 100
 100 100 100 100 100 100 100 100 100 100 100 100 100 100 100 100 100 100
 100 100 100 100 100 100 100 100 100 100 100 100 100 100 100 100 100 100
 100 100 100 100 100 100 100 100 100 100 100 100 100 100 100 100 100 100
 100 100 100 100 100 100 100 100 100 100 100 100 100 100 100 100 100 100
 100 100 100 100 100 100 100 100 100 100 100 100 100 100 100 100 100 100
 100 100 100 100 100 100 100 100 100 100 100 100 100 100 100 100 100 100
 100 100 100 100 100 100 100 100 100 100 100 100 100 100 100 100 100 100
 100 100 100 100 100 100 100 100 100 100 100 100 100 100 100 100 100 100
 100 100 100 100 100 100 100 100 100 100 100 100 100 100 100 100 100 100
 100 100 100 100 100 100 100 100 100 100 100 100 100 100 100 100 100 100
 100 100 100 100 100 100 100 100 100 100 100 100 100 100 100 100 100 100
 100 100 100 100 100 100 100 100 100 100 100 100 100 100 100 100 100 100
 100 100 100 100 100 100 100 100 100 100 100 100 100 100 100 100 100 100
 100 100 100 100 100 100 100 100 100 100 100 100 100 100 100 100 100 100
 100 100 100 100 100 100 100 100 100 100 100 100 100 100 100 100 100 100
 100 100 100 100 100 100 100 100 100 100 100 100 100 100 100 100 100 100
 100 100 100 100 100 100 100 100 100 100 100 100 100 100 100 100 100 100
 100 100 100 100 100 100 100 100 100 100 100 100 100 100 100 100 100 100
 100 100 100 100 100 100 100 100 100 100 100 100 100 100 100 100 100 100
 100 100 100 100 100 100 100 100 100 100 100 100 100 100 100 100 100 100
 100 100 100 100 100 100 100 100 100 100 100 100 100 100 100 100 100 100
 100 100 100 100 100 100 100 100 100 100 100 100 100 100 100 100 100 100
 100 100 100 100 100 100 100 100 100 100 100 100 100 100 100 100 100 100
 100 100 100 100 100 100 100 100 100 100 100 100 100 100 100 100 100 100
 100 100 100 100 100 100 100 100 100 100 100 100 100 100 100 100 100 100
 100 100 100 100 100 100 100 100 100 100 100 100 100 100 100 100 100 100
 100 100 100 100 100 100 100 100 100 100 100 100 100 100 100 100 100 100
 100 100 100 100 100 100 100 100 100 100]
maxCov = 100
maxCovTime = [1.09457505e+09 1.09457506e+09 1.09457506e+09 1.09457507e+09
 1.09457507e+09 1.09457508e+09 1.09457508e+09 1.09457509e+09
 1.09457509e+09 1.09457510e+09 1.09457510e+09 1.09457511e+09
 1.09457511e+09 1.09457512e+09 1.09457512e+09 1.09457513e+09
 1.09457513e+09 1.09457514e+09 1.09457514e+09 1.09457515e+09
 1.09457516e+09 1.09457516e+09 1.09457517e+09 1.09457517e+09
 1.09457518e+09 1.09457518e+09 1.09457519e+09 1.09457519e+09
 1.09457520e+09 1.09457520e+09 1.09457521e+09 1.09457521e+09
 1.09457522e+09 1.09457522e+09 1.09457523e+09 1.09457523e+09
 1.09457524e+09 1.09457524e+09 1.09457525e+09 1.09457526e+09
 1.09457526e+09 1.09457527e+09 1.09457527e+09 1.09457528e+09
 1.09457528e+09 1.09457529e+09 1.09457529e+09 1.09457530e+09
 1.09457530e+09 1.09457531e+09 1.09457531e+09 1.09457532e+09
 1.09457532e+09 1.09457533e+09 1.09457533e+09 1.09457534e+09
 1.09457534e+09 1.09457535e+09 1.09457535e+09 1.09457536e+09
 1.09457537e+09 1.09457537e+09 1.09457538e+09 1.09457538e+09
 1.09457539e+09 1.09457539e+09 1.09457540e+09 1.09457540e+09
 1.09457541e+09 1.09457541e+09 1.09457542e+09 1.09457542e+09
 1.09457543e+09 1.09457543e+09 1.09457544e+09 1.09457544e+09
 1.09457545e+09 1.09457545e+09 1.09457546e+09 1.09457547e+09
 1.09457547e+09 1.09457548e+09 1.09457548e+09 1.09457549e+09
 1.09457549e+09 1.09457550e+09 1.09457550e+09 1.09457551e+09
 1.09457551e+09 1.09457552e+09 1.09457552e+09 1.09457553e+09
 1.09457553e+09 1.09457554e+09 1.09457554e+09 1.09457555e+09
 1.09457555e+09 1.09457556e+09 1.09457557e+09 1.09457557e+09
 1.09457558e+09 1.09457558e+09 1.09457559e+09 1.09457559e+09
 1.09457560e+09 1.09457560e+09 1.09457561e+09 1.09457561e+09
 1.09457562e+09 1.09457562e+09 1.09457563e+09 1.09457563e+09
 1.09457564e+09 1.09457564e+09 1.09457565e+09 1.09457565e+09
 1.09457566e+09 1.09457567e+09 1.09457567e+09 1.09457568e+09
 1.09457568e+09 1.09457569e+09 1.09457569e+09 1.09457570e+09
 1.09457570e+09 1.09457571e+09 1.09457571e+09 1.09457572e+09
 1.09457572e+09 1.09457573e+09 1.09457573e+09 1.09457574e+09
 1.09457574e+09 1.09457575e+09 1.09457575e+09 1.09457576e+09
 1.09457576e+09 1.09457577e+09 1.09457578e+09 1.09457578e+09
 1.09457579e+09 1.09457579e+09 1.09457580e+09 1.09457580e+09
 1.09457581e+09 1.09457581e+09 1.09457582e+09 1.09457582e+09
 1.09457583e+09 1.09457583e+09 1.09457584e+09 1.09457584e+09
 1.09457585e+09 1.09457585e+09 1.09457586e+09 1.09457586e+09
 1.09457587e+09 1.09457588e+09 1.09457588e+09 1.09457589e+09
 1.09457589e+09 1.09457590e+09 1.09457590e+09 1.09457591e+09
 1.09457591e+09 1.09457592e+09 1.09457592e+09 1.09457593e+09
 1.09457593e+09 1.09457594e+09 1.09457594e+09 1.09457595e+09
 1.09457595e+09 1.09457596e+09 1.09457596e+09 1.09457597e+09
 1.09457598e+09 1.09457598e+09 1.09457599e+09 1.09457599e+09
 1.09457600e+09 1.09457600e+09 1.09457601e+09 1.09457601e+09
 1.09457602e+09 1.09457602e+09 1.09457603e+09 1.09457603e+09
 1.09457604e+09 1.09457604e+09 1.09457605e+09 1.09457605e+09
 1.09457606e+09 1.09457606e+09 1.09457607e+09 1.09457607e+09
 1.09457608e+09 1.09457609e+09 1.09457609e+09 1.09457610e+09
 1.09457610e+09 1.09457611e+09 1.09457611e+09 1.09457612e+09
 1.09457612e+09 1.09457613e+09 1.09457613e+09 1.09457614e+09
 1.09457614e+09 1.09457615e+09 1.09457615e+09 1.09457616e+09
 1.09457616e+09 1.09457617e+09 1.09457617e+09 1.09457618e+09
 1.09457619e+09 1.09457619e+09 1.09457620e+09 1.09457620e+09
 1.09457621e+09 1.09457621e+09 1.09457622e+09 1.09457622e+09
 1.09457623e+09 1.09457623e+09 1.09457624e+09 1.09457624e+09
 1.09457625e+09 1.09457625e+09 1.09457626e+09 1.09457626e+09
 1.09457627e+09 1.09457627e+09 1.09457628e+09 1.09457629e+09
 1.09457629e+09 1.09457630e+09 1.09457630e+09 1.09457631e+09
 1.09457631e+09 1.09457632e+09 1.09457632e+09 1.09457633e+09
 1.09457633e+09 1.09457634e+09 1.09457634e+09 1.09457635e+09
 1.09457635e+09 1.09457636e+09 1.09457636e+09 1.09457637e+09
 1.09457637e+09 1.09457638e+09 1.09457639e+09 1.09457639e+09
 1.09457640e+09 1.09457640e+09 1.09457641e+09 1.09457641e+09
 1.09457642e+09 1.09457642e+09 1.09457643e+09 1.09457643e+09
 1.09457644e+09 1.09457644e+09 1.09457645e+09 1.09457645e+09
 1.09457646e+09 1.09457646e+09 1.09457647e+09 1.09457647e+09
 1.09457648e+09 1.09457648e+09 1.09457649e+09 1.09457650e+09
 1.09457650e+09 1.09457651e+09 1.09457651e+09 1.09457652e+09
 1.09457652e+09 1.09457653e+09 1.09457653e+09 1.09457654e+09
 1.09457654e+09 1.09457655e+09 1.09457655e+09 1.09457656e+09
 1.09457656e+09 1.09457657e+09 1.09457657e+09 1.09457658e+09
 1.09457658e+09 1.09457659e+09 1.09457660e+09 1.09457660e+09
 1.09457661e+09 1.09457661e+09 1.09457662e+09 1.09457662e+09
 1.09457663e+09 1.09457663e+09 1.09457664e+09 1.09457664e+09
 1.09457665e+09 1.09457665e+09 1.09457666e+09 1.09457666e+09
 1.09457667e+09 1.09457667e+09 1.09457668e+09 1.09457668e+09
 1.09457669e+09 1.09457670e+09 1.09457670e+09 1.09457671e+09
 1.09457671e+09 1.09457672e+09 1.09457672e+09 1.09457673e+09
 1.09457673e+09 1.09457674e+09 1.09457674e+09 1.09457675e+09
 1.09457675e+09 1.09457676e+09 1.09457676e+09 1.09457677e+09
 1.09457677e+09 1.09457678e+09 1.09457678e+09 1.09457679e+09
 1.09457679e+09 1.09457680e+09 1.09457681e+09 1.09457681e+09
 1.09457682e+09 1.09457682e+09 1.09457683e+09 1.09457683e+09
 1.09457684e+09 1.09457684e+09 1.09457685e+09 1.09457685e+09
 1.09457686e+09 1.09457686e+09 1.09457687e+09 1.09457687e+09
 1.09457688e+09 1.09457688e+09 1.09457689e+09 1.09457689e+09
 1.09457690e+09 1.09457691e+09 1.09457691e+09 1.09457692e+09
 1.09457692e+09 1.09457693e+09 1.09457693e+09 1.09457694e+09
 1.09457694e+09 1.09457695e+09 1.09457695e+09 1.09457696e+09
 1.09457696e+09 1.09457697e+09 1.09457697e+09 1.09457698e+09
 1.09457698e+09 1.09457699e+09 1.09457699e+09 1.09457700e+09
 1.09457701e+09 1.09457701e+09 1.09457702e+09 1.09457702e+09
 1.09457703e+09 1.09457703e+09 1.09457704e+09 1.09457704e+09
 1.09457705e+09 1.09457705e+09 1.09457706e+09 1.09457706e+09
 1.09457707e+09 1.09457707e+09 1.09457708e+09 1.09457708e+09
 1.09457709e+09 1.09457709e+09 1.09457710e+09 1.09457710e+09
 1.09457711e+09 1.09457712e+09 1.09457712e+09 1.09457713e+09
 1.09457713e+09 1.09457714e+09 1.09457714e+09 1.09457715e+09
 1.09457715e+09 1.09457716e+09 1.09457716e+09 1.09457717e+09
 1.09457717e+09 1.09457718e+09 1.09457718e+09 1.09457719e+09
 1.09457719e+09 1.09457720e+09 1.09457720e+09 1.09457721e+09
 1.09457722e+09 1.09457722e+09 1.09457723e+09 1.09457723e+09
 1.09457724e+09 1.09457724e+09 1.09457725e+09 1.09457725e+09
 1.09457726e+09 1.09457726e+09 1.09457727e+09 1.09457727e+09
 1.09457728e+09 1.09457728e+09 1.09457729e+09 1.09457729e+09
 1.09457730e+09 1.09457730e+09 1.09457731e+09 1.09457732e+09
 1.09457732e+09 1.09457733e+09 1.09457733e+09 1.09457734e+09
 1.09457734e+09 1.09457735e+09 1.09457735e+09 1.09457736e+09
 1.09457736e+09 1.09457737e+09 1.09457737e+09 1.09457738e+09
 1.09457738e+09 1.09457739e+09 1.09457739e+09 1.09457740e+09
 1.09457740e+09 1.09457741e+09 1.09457742e+09 1.09457742e+09
 1.09457743e+09 1.09457743e+09 1.09457744e+09 1.09457744e+09
 1.09457745e+09 1.09457745e+09 1.09457746e+09 1.09457746e+09
 1.09457747e+09 1.09457747e+09 1.09457748e+09 1.09457748e+09
 1.09457749e+09 1.09457749e+09 1.09457750e+09 1.09457750e+09
 1.09457751e+09 1.09457751e+09 1.09457752e+09 1.09457753e+09
 1.09457753e+09 1.09457754e+09 1.09457754e+09 1.09457755e+09
 1.09457755e+09 1.09457756e+09 1.09457756e+09 1.09457757e+09
 1.09457757e+09 1.09457758e+09 1.09457758e+09 1.09457759e+09
 1.09457759e+09 1.09457760e+09 1.09457760e+09 1.09457761e+09
 1.09457761e+09 1.09457762e+09 1.09457763e+09 1.09457763e+09
 1.09457764e+09 1.09457764e+09 1.09457765e+09 1.09457765e+09
 1.09457766e+09 1.09457766e+09 1.09457767e+09 1.09457767e+09
 1.09457768e+09 1.09457768e+09 1.09457769e+09 1.09457769e+09
 1.09457770e+09 1.09457770e+09 1.09457771e+09 1.09457771e+09
 1.09457772e+09 1.09457773e+09 1.09457773e+09 1.09457774e+09
 1.09457774e+09 1.09457775e+09 1.09457775e+09 1.09457776e+09
 1.09457776e+09 1.09457777e+09 1.09457777e+09 1.09457778e+09
 1.09457778e+09 1.09457779e+09 1.09457779e+09 1.09457780e+09
 1.09457780e+09 1.09457781e+09 1.09457781e+09 1.09457782e+09
 1.09457782e+09 1.09457783e+09 1.09457784e+09 1.09457784e+09
 1.09457785e+09 1.09457785e+09 1.09457786e+09 1.09457786e+09
 1.09457787e+09 1.09457787e+09 1.09457788e+09 1.09457788e+09
 1.09457789e+09 1.09457789e+09 1.09457790e+09 1.09457790e+09
 1.09457791e+09 1.09457791e+09 1.09457792e+09 1.09457792e+09
 1.09457793e+09 1.09457794e+09 1.09457794e+09 1.09457795e+09
 1.09457795e+09 1.09457796e+09 1.09457796e+09 1.09457797e+09
 1.09457797e+09 1.09457798e+09 1.09457798e+09 1.09457799e+09
 1.09457799e+09 1.09457800e+09 1.09457800e+09 1.09457801e+09
 1.09457801e+09 1.09457802e+09 1.09457802e+09 1.09457803e+09
 1.09457804e+09 1.09457804e+09 1.09457805e+09 1.09457805e+09
 1.09457806e+09 1.09457806e+09 1.09457807e+09 1.09457807e+09
 1.09457808e+09 1.09457808e+09 1.09457809e+09 1.09457809e+09
 1.09457810e+09 1.09457810e+09 1.09457811e+09 1.09457811e+09
 1.09457812e+09 1.09457812e+09 1.09457813e+09 1.09457814e+09
 1.09457814e+09 1.09457815e+09 1.09457815e+09 1.09457816e+09
 1.09457816e+09 1.09457817e+09 1.09457817e+09 1.09457818e+09
 1.09457818e+09 1.09457819e+09 1.09457819e+09 1.09457820e+09
 1.09457820e+09 1.09457821e+09 1.09457821e+09 1.09457822e+09
 1.09457822e+09 1.09457823e+09 1.09457823e+09 1.09457824e+09
 1.09457825e+09 1.09457825e+09 1.09457826e+09 1.09457826e+09
 1.09457827e+09 1.09457827e+09 1.09457828e+09 1.09457828e+09
 1.09457829e+09 1.09457829e+09 1.09457830e+09 1.09457830e+09
 1.09457831e+09 1.09457831e+09 1.09457832e+09 1.09457832e+09
 1.09457833e+09 1.09457833e+09 1.09457834e+09 1.09457835e+09
 1.09457835e+09 1.09457836e+09 1.09457836e+09 1.09457837e+09
 1.09457837e+09 1.09457838e+09 1.09457838e+09 1.09457839e+09
 1.09457839e+09 1.09457840e+09 1.09457840e+09 1.09457841e+09
 1.09457841e+09 1.09457842e+09 1.09457842e+09 1.09457843e+09
 1.09457843e+09 1.09457844e+09 1.09457845e+09 1.09457845e+09
 1.09457846e+09 1.09457846e+09 1.09457847e+09 1.09457847e+09
 1.09457848e+09 1.09457848e+09 1.09457849e+09 1.09457849e+09
 1.09457850e+09 1.09457850e+09 1.09457851e+09 1.09457851e+09
 1.09457852e+09 1.09457852e+09 1.09457853e+09 1.09457853e+09
 1.09457854e+09 1.09457854e+09 1.09457855e+09 1.09457856e+09
 1.09457856e+09 1.09457857e+09 1.09457857e+09 1.09457858e+09
 1.09457858e+09 1.09457859e+09 1.09457859e+09 1.09457860e+09
 1.09457860e+09 1.09457861e+09 1.09457861e+09 1.09457862e+09
 1.09457862e+09 1.09457863e+09 1.09457863e+09 1.09457864e+09
 1.09457864e+09 1.09457865e+09 1.09457866e+09 1.09457866e+09
 1.09457867e+09 1.09457867e+09 1.09457868e+09 1.09457868e+09
 1.09457869e+09 1.09457869e+09 1.09457870e+09 1.09457870e+09
 1.09457871e+09 1.09457871e+09 1.09457872e+09 1.09457872e+09
 1.09457873e+09 1.09457873e+09 1.09457874e+09 1.09457874e+09
 1.09457875e+09 1.09457876e+09 1.09457876e+09 1.09457877e+09
 1.09457877e+09 1.09457878e+09 1.09457878e+09 1.09457879e+09
 1.09457879e+09 1.09457880e+09 1.09457880e+09 1.09457881e+09
 1.09457881e+09 1.09457882e+09 1.09457882e+09 1.09457883e+09
 1.09457883e+09 1.09457884e+09 1.09457884e+09 1.09457885e+09
 1.09457885e+09 1.09457886e+09 1.09457887e+09 1.09457887e+09
 1.09457888e+09 1.09457888e+09 1.09457889e+09 1.09457889e+09
 1.09457890e+09 1.09457890e+09 1.09457891e+09 1.09457891e+09
 1.09457892e+09 1.09457892e+09 1.09457893e+09 1.09457893e+09
 1.09457894e+09 1.09457894e+09 1.09457895e+09 1.09457895e+09
 1.09457896e+09 1.09457897e+09 1.09457897e+09 1.09457898e+09
 1.09457898e+09 1.09457899e+09 1.09457899e+09 1.09457900e+09
 1.09457900e+09 1.09457901e+09 1.09457901e+09 1.09457902e+09
 1.09457902e+09 1.09457903e+09 1.09457903e+09 1.09457904e+09
 1.09457904e+09 1.09457905e+09 1.09457905e+09 1.09457906e+09
 1.09457907e+09 1.09457907e+09 1.09457908e+09 1.09457908e+09
 1.09457909e+09 1.09457909e+09 1.09457910e+09 1.09457910e+09
 1.09457911e+09 1.09457911e+09 1.09457912e+09 1.09457912e+09
 1.09457913e+09 1.09457913e+09 1.09457914e+09 1.09457914e+09
 1.09457915e+09 1.09457915e+09 1.09457916e+09 1.09457917e+09
 1.09457917e+09 1.09457918e+09 1.09457918e+09 1.09457919e+09
 1.09457919e+09 1.09457920e+09 1.09457920e+09 1.09457921e+09
 1.09457921e+09 1.09457922e+09 1.09457922e+09 1.09457923e+09
 1.09457923e+09 1.09457924e+09 1.09457924e+09 1.09457925e+09
 1.09457925e+09 1.09457926e+09 1.09457926e+09 1.09457927e+09
 1.09457928e+09 1.09457928e+09 1.09457929e+09 1.09457929e+09
 1.09457930e+09 1.09457930e+09 1.09457931e+09 1.09457931e+09
 1.09457932e+09 1.09457932e+09 1.09457933e+09 1.09457933e+09
 1.09457934e+09 1.09457934e+09 1.09457935e+09 1.09457935e+09
 1.09457936e+09 1.09457936e+09 1.09457937e+09 1.09457938e+09
 1.09457938e+09 1.09457939e+09 1.09457939e+09 1.09457940e+09
 1.09457940e+09 1.09457941e+09 1.09457941e+09 1.09457942e+09
 1.09457942e+09 1.09457943e+09 1.09457943e+09 1.09457944e+09
 1.09457944e+09 1.09457945e+09 1.09457945e+09 1.09457946e+09
 1.09457946e+09 1.09457947e+09 1.09457948e+09 1.09457948e+09
 1.09457949e+09 1.09457949e+09 1.09457950e+09 1.09457950e+09
 1.09457951e+09 1.09457951e+09 1.09457952e+09 1.09457952e+09
 1.09457953e+09 1.09457953e+09 1.09457954e+09 1.09457954e+09
 1.09457955e+09 1.09457955e+09 1.09457956e+09 1.09457956e+09
 1.09457957e+09 1.09457957e+09 1.09457958e+09 1.09457959e+09
 1.09457959e+09 1.09457960e+09 1.09457960e+09 1.09457961e+09
 1.09457961e+09 1.09457962e+09 1.09457962e+09 1.09457963e+09
 1.09457963e+09 1.09457964e+09 1.09457964e+09 1.09457965e+09
 1.09457965e+09 1.09457966e+09 1.09457966e+09 1.09457967e+09
 1.09457967e+09 1.09457968e+09 1.09457969e+09 1.09457969e+09
 1.09457970e+09 1.09457970e+09 1.09457971e+09 1.09457971e+09
 1.09457972e+09 1.09457972e+09 1.09457973e+09 1.09457973e+09
 1.09457974e+09 1.09457974e+09 1.09457975e+09 1.09457975e+09
 1.09457976e+09 1.09457976e+09 1.09457977e+09 1.09457977e+09
 1.09457978e+09 1.09457979e+09 1.09457979e+09 1.09457980e+09
 1.09457980e+09 1.09457981e+09 1.09457981e+09 1.09457982e+09
 1.09457982e+09 1.09457983e+09 1.09457983e+09 1.09457984e+09
 1.09457984e+09 1.09457985e+09 1.09457985e+09 1.09457986e+09
 1.09457986e+09 1.09457987e+09 1.09457987e+09 1.09457988e+09
 1.09457989e+09 1.09457989e+09 1.09457990e+09 1.09457990e+09
 1.09457991e+09 1.09457991e+09 1.09457992e+09 1.09457992e+09
 1.09457993e+09 1.09457993e+09 1.09457994e+09 1.09457994e+09
 1.09457995e+09 1.09457995e+09 1.09457996e+09 1.09457996e+09
 1.09457997e+09 1.09457997e+09 1.09457998e+09 1.09457998e+09
 1.09457999e+09 1.09458000e+09 1.09458000e+09 1.09458001e+09
 1.09458001e+09 1.09458002e+09 1.09458002e+09 1.09458003e+09
 1.09458003e+09 1.09458004e+09 1.09458004e+09 1.09458005e+09
 1.09458005e+09 1.09458006e+09 1.09458006e+09 1.09458007e+09
 1.09458007e+09 1.09458008e+09 1.09458008e+09 1.09458009e+09
 1.09458010e+09 1.09458010e+09 1.09458011e+09 1.09458011e+09
 1.09458012e+09 1.09458012e+09 1.09458013e+09 1.09458013e+09
 1.09458014e+09 1.09458014e+09 1.09458015e+09 1.09458015e+09
 1.09458016e+09 1.09458016e+09 1.09458017e+09 1.09458017e+09
 1.09458018e+09 1.09458018e+09 1.09458019e+09 1.09458020e+09
 1.09458020e+09 1.09458021e+09 1.09458021e+09 1.09458022e+09
 1.09458022e+09 1.09458023e+09 1.09458023e+09 1.09458024e+09
 1.09458024e+09 1.09458025e+09 1.09458025e+09 1.09458026e+09
 1.09458026e+09 1.09458027e+09 1.09458027e+09 1.09458028e+09
 1.09458028e+09 1.09458029e+09 1.09458029e+09 1.09458030e+09]
