name =JUICE_ROI_GAN_2_0_08
flyby = ['2034 SEP 28 18:48:51', '2034 SEP 29 18:48:51']
Observation TW = <SpiceCell dtype = 1, length = 0, size = 3200, card = 12, is_set = 1, adjust = 0, init = 1, base = 94628595236592, data = 94628595236640>
Res(t) = [1.37800952 1.37824238 1.37847529 1.37870824 1.37894123 1.37917426
 1.37940733 1.37964044 1.3798736  1.38010679 1.38034002 1.3805733
 1.38080661 1.38103996 1.38127335 1.38150678 1.38174025 1.38197376
 1.38220731 1.38244089 1.38267451 1.38290817 1.38314187 1.3833756
 1.38360937 1.38384318 1.38407703 1.38431091 1.38454483 1.38477878
 1.38501277 1.3852468  1.38548086 1.38571495 1.38594908 1.38618325
 1.38641745 1.38665169 1.38688595 1.38712026 1.38735459 1.38758896
 1.38782337 1.3880578  1.38829227 1.38852678 1.38876131 1.38899588
 1.38923048 1.38946511 1.38969977 1.38993447 1.39016919 1.39040395
 1.39063874 1.39087355 1.3911084  1.39134328 1.39157819 1.39181313
 1.3920481  1.3922831  1.39251812 1.39275318 1.39298826 1.39322338
 1.39345852 1.39369369 1.39392889 1.39416411 1.39439937 1.39463465
 1.39486996 1.39510529 1.39534065 1.39557604 1.39581146 1.3960469
 1.39628236 1.39651786 1.39675337 1.39698892 1.39722449 1.39746008
 1.3976957  1.39793134 1.39816701 1.3984027  1.39863841 1.39887415
 1.39910991 1.3993457  1.39958151 1.39981734 1.4000532  1.40028907
 1.40052497 1.40076089 1.40099684 1.4012328  1.40146879 1.40170479
 1.40194082 1.40217687 1.40241294 1.40264903 1.40288515 1.40312128
 1.40335743 1.4035936  1.40382979 1.404066   1.40430223 1.40453848
 1.40477474 1.40501103 1.40524733 1.40548365 1.40571999 1.40595635
 1.40619272 1.40642911 1.40666552 1.40690195 1.40713839 1.40737485
 1.40761133 1.40784782 1.40808432 1.40832085 1.40855739 1.40879394
 1.40903051 1.40926709 1.40950369 1.4097403  1.40997693 1.41021357
 1.41045023 1.4106869  1.41092358 1.41116028 1.41139699 1.41163371
 1.41187044 1.41210719 1.41234395 1.41258072 1.41281751 1.41305431
 1.41329111 1.41352793 1.41376476 1.4140016  1.41423846 1.41447532
 1.41471219 1.41494908 1.41518597 1.41542287 1.41565978 1.41589671
 1.41613364 1.41637058 1.41660753 1.41684449 1.41708145 1.41731843
 1.41755541 1.4177924  1.4180294  1.41826641 1.41850342 1.41874044
 1.41897747 1.41921451 1.41945155 1.41968859 1.41992565 1.42016271
 1.42039977 1.42063684 1.42087392 1.421111   1.42134809 1.42158518
 1.42182228 1.42205938 1.42229648 1.42253359 1.42277071 1.42300782
 1.42324494 1.42348207 1.42371919 1.42395632 1.42419346 1.42443059
 1.42466773 1.42490487 1.42514201 1.42537915 1.4256163  1.42585344
 1.42609059 1.42632774 1.42656489 1.42680204 1.42703919 1.42727634
 1.42751349 1.42775065 1.4279878  1.42822495 1.4284621  1.42869925
 1.42893639 1.42917354 1.42941069 1.42964783 1.42988497 1.43012211
 1.43035925 1.43059639 1.43083352 1.43107065 1.43130778 1.4315449
 1.43178203 1.43201914 1.43225626 1.43249337 1.43273048 1.43296758
 1.43320468 1.43344177 1.43367886 1.43391595 1.43415303 1.4343901
 1.43462717 1.43486423 1.43510129 1.43533834 1.43557538 1.43581242
 1.43604946 1.43628648 1.4365235  1.43676051 1.43699752 1.43723451
 1.4374715  1.43770848 1.43794546 1.43818242 1.43841938 1.43865633
 1.43889327 1.4391302  1.43936712 1.43960403 1.43984094 1.44007783
 1.44031471 1.44055159 1.44078845 1.44102531 1.44126215 1.44149898
 1.4417358  1.44197261 1.44220941 1.4424462  1.44268298 1.44291974
 1.44315649 1.44339323 1.44362996 1.44386668 1.44410338 1.44434007
 1.44457675 1.44481341 1.44505006 1.4452867  1.44552332 1.44575993
 1.44599653 1.44623311 1.44646968 1.44670623 1.44694277 1.44717929
 1.4474158  1.44765229 1.44788877 1.44812523 1.44836167 1.4485981
 1.44883452 1.44907091 1.44930729 1.44954366 1.44978    1.45001633
 1.45025265 1.45048894 1.45072522 1.45096148 1.45119772 1.45143395
 1.45167015 1.45190634 1.45214251 1.45237866 1.45261479 1.4528509
 1.453087   1.45332307 1.45355913 1.45379516 1.45403117 1.45426717
 1.45450314 1.4547391  1.45497503 1.45521094 1.45544683 1.4556827
 1.45591855 1.45615438 1.45639018 1.45662597 1.45686173 1.45709747
 1.45733318 1.45756888 1.45780455 1.4580402  1.45827583 1.45851143
 1.45874701 1.45898257 1.4592181  1.45945361 1.45968909 1.45992455
 1.46015999 1.4603954  1.46063079 1.46086615 1.46110149 1.4613368
 1.46157209 1.46180735 1.46204258 1.46227779 1.46251298 1.46274814
 1.46298327 1.46321837 1.46345345 1.4636885  1.46392353 1.46415852
 1.46439349 1.46462844 1.46486335 1.46509824 1.4653331  1.46556793
 1.46580273 1.4660375  1.46627225 1.46650697 1.46674165 1.46697631
 1.46721094 1.46744554 1.46768011 1.46791465 1.46814917 1.46838365
 1.4686181  1.46885252 1.46908691 1.46932127 1.46955559 1.46978989
 1.47002416 1.47025839 1.47049259 1.47072676 1.4709609  1.47119501
 1.47142909 1.47166313 1.47189714 1.47213112 1.47236506 1.47259897
 1.47283285 1.4730667  1.47330051 1.47353429 1.47376804 1.47400175
 1.47423542 1.47446907 1.47470268 1.47493625 1.47516979 1.47540329
 1.47563676 1.4758702  1.4761036  1.47633696 1.47657029 1.47680358
 1.47703684 1.47727006 1.47750324 1.47773639 1.4779695  1.47820257
 1.47843561 1.47866861 1.47890157 1.4791345  1.47936739 1.47960024
 1.47983305 1.48006583 1.48029856 1.48053126 1.48076392 1.48099655
 1.48122913 1.48146167 1.48169418 1.48192665 1.48215907 1.48239146
 1.48262381 1.48285612 1.48308839 1.48332061 1.4835528  1.48378495
 1.48401706 1.48424912 1.48448115 1.48471313 1.48494508 1.48517698
 1.48540884 1.48564066 1.48587244 1.48610417 1.48633587 1.48656752
 1.48679913 1.4870307  1.48726222 1.4874937  1.48772514 1.48795654
 1.48818789 1.4884192  1.48865047 1.48888169 1.48911287 1.489344
 1.48957509 1.48980614 1.49003714 1.4902681  1.49049901 1.49072988
 1.4909607  1.49119148 1.49142222 1.4916529  1.49188355 1.49211414
 1.49234469 1.4925752  1.49280566 1.49303607 1.49326644 1.49349675
 1.49372703 1.49395725 1.49418743 1.49441757 1.49464765 1.49487769
 1.49510768 1.49533762 1.49556752 1.49579736 1.49602716 1.49625691
 1.49648661 1.49671627 1.49694587 1.49717543 1.49740494 1.49763439
 1.4978638  1.49809316 1.49832247 1.49855173 1.49878094 1.49901011
 1.49923922 1.49946828 1.49969729 1.49992625 1.50015516 1.50038402
 1.50061282 1.50084158 1.50107029 1.50129894 1.50152754 1.5017561
 1.5019846  1.50221304 1.50244144 1.50266978 1.50289807 1.50312631
 1.5033545  1.50358264 1.50381072 1.50403875 1.50426672 1.50449464
 1.50472251 1.50495033 1.50517809 1.5054058  1.50563345 1.50586105
 1.5060886  1.50631609 1.50654353 1.50677091 1.50699824 1.50722552
 1.50745273 1.5076799  1.50790701 1.50813406 1.50836106 1.508588
 1.50881489 1.50904172 1.50926849 1.50949521 1.50972188 1.50994848
 1.51017503 1.51040152 1.51062796 1.51085434 1.51108066 1.51130693
 1.51153314 1.51175929 1.51198538 1.51221142 1.51243739 1.51266331
 1.51288918 1.51311498 1.51334073 1.51356641 1.51379204 1.51401761
 1.51424312 1.51446857 1.51469397 1.5149193  1.51514458 1.51536979
 1.51559495 1.51582004 1.51604508 1.51627005 1.51649497 1.51671983
 1.51694462 1.51716936 1.51739403 1.51761864 1.5178432  1.51806769
 1.51829212 1.51851649 1.5187408  1.51896505 1.51918923 1.51941336
 1.51963742 1.51986142 1.52008536 1.52030923 1.52053305 1.5207568
 1.52098049 1.52120411 1.52142768 1.52165118 1.52187461 1.52209799
 1.5223213  1.52254455 1.52276773 1.52299085 1.52321391 1.5234369
 1.52365983 1.52388269 1.5241055  1.52432823 1.5245509  1.52477351
 1.52499605 1.52521853 1.52544094 1.52566329 1.52588557 1.52610779
 1.52632994 1.52655203 1.52677405 1.52699601 1.52721789 1.52743972
 1.52766147 1.52788317 1.52810479 1.52832635 1.52854784 1.52876926
 1.52899062 1.52921191 1.52943314 1.52965429 1.52987538 1.53009641
 1.53031736 1.53053825 1.53075907 1.53097982 1.5312005  1.53142112
 1.53164167 1.53186214 1.53208256 1.5323029  1.53252317 1.53274338
 1.53296351 1.53318358 1.53340358 1.53362351 1.53384337 1.53406316
 1.53428288 1.53450253 1.53472211 1.53494162 1.53516106 1.53538043
 1.53559973 1.53581897 1.53603813 1.53625722 1.53647624 1.53669518
 1.53691406 1.53713287 1.5373516  1.53757027 1.53778886 1.53800739
 1.53822584 1.53844421 1.53866252 1.53888076 1.53909892 1.53931701
 1.53953503 1.53975298 1.53997085 1.54018866 1.54040639 1.54062404
 1.54084163 1.54105914 1.54127658 1.54149394 1.54171124 1.54192845
 1.5421456  1.54236267 1.54257967 1.5427966  1.54301345 1.54323022
 1.54344693 1.54366356 1.54388011 1.54409659 1.544313   1.54452933
 1.54474559 1.54496177 1.54517788 1.54539391 1.54560986 1.54582575
 1.54604155 1.54625729 1.54647294 1.54668852 1.54690403 1.54711946
 1.54733481 1.54755009 1.54776529 1.54798041 1.54819546 1.54841043
 1.54862533 1.54884015 1.54905489 1.54926956 1.54948415 1.54969866
 1.5499131  1.55012745 1.55034173 1.55055594 1.55077006 1.55098411
 1.55119808 1.55141198 1.55162579 1.55183953 1.55205319 1.55226677
 1.55248027 1.5526937  1.55290705 1.55312031 1.5533335  1.55354661
 1.55375965 1.5539726  1.55418547 1.55439827 1.55461098 1.55482362
 1.55503618 1.55524866 1.55546105 1.55567337 1.55588561 1.55609777
 1.55630985 1.55652185 1.55673377 1.55694561 1.55715737 1.55736904
 1.55758064 1.55779216 1.5580036  1.55821495 1.55842623 1.55863742
 1.55884854 1.55905957 1.55927052 1.55948139 1.55969218 1.55990288
 1.56011351 1.56032405 1.56053451 1.56074489 1.56095519 1.56116541
 1.56137554 1.56158559 1.56179556 1.56200545 1.56221526 1.56242498
 1.56263462 1.56284418 1.56305365 1.56326304 1.56347235 1.56368158
 1.56389072 1.56409978 1.56430875 1.56451765 1.56472646 1.56493518
 1.56514382 1.56535238 1.56556086 1.56576925 1.56597755 1.56618577
 1.56639391 1.56660197 1.56680994 1.56701782 1.56722562 1.56743334
 1.56764097 1.56784852 1.56805598 1.56826336 1.56847065 1.56867785
 1.56888498 1.56909201 1.56929896 1.56950583 1.56971261 1.56991931
 1.57012591 1.57033244 1.57053888 1.57074523 1.57095149 1.57115767
 1.57136377 1.57156978 1.5717757  1.57198153 1.57218728 1.57239294
 1.57259852 1.57280401 1.57300941 1.57321472 1.57341995 1.57362509
 1.57383015 1.57403511 1.57423999 1.57444478 1.57464949 1.57485411
 1.57505864 1.57526308 1.57546744 1.5756717  1.57587588 1.57607997
 1.57628398 1.57648789 1.57669172 1.57689546 1.57709911 1.57730267
 1.57750614 1.57770953 1.57791283 1.57811603 1.57831915 1.57852218
 1.57872512 1.57892798 1.57913074 1.57933341 1.579536   1.5797385
 1.5799409  1.58014322 1.58034545 1.58054759 1.58074963 1.58095159
 1.58115346 1.58135524 1.58155693 1.58175853 1.58196004 1.58216146
 1.58236279 1.58256403 1.58276518 1.58296623 1.5831672  1.58336808
 1.58356887 1.58376956 1.58397017 1.58417068 1.5843711  1.58457144
 1.58477168 1.58497183 1.58517189 1.58537186 1.58557173 1.58577152
 1.58597121 1.58617081 1.58637032 1.58656974 1.58676907 1.58696831
 1.58716745 1.5873665  1.58756546 1.58776433 1.58796311 1.58816179
 1.58836038 1.58855888 1.58875729 1.5889556  1.58915382 1.58935195
 1.58954999 1.58974793 1.58994579 1.59014354 1.59034121 1.59053878
 1.59073626 1.59093365 1.59113094 1.59132814 1.59152525 1.59172226
 1.59191918 1.59211601 1.59231275 1.59250939 1.59270593 1.59290238
 1.59309874 1.59329501 1.59349118 1.59368726 1.59388324 1.59407913
 1.59427492 1.59447063 1.59466623 1.59486174 1.59505716 1.59525249
 1.59544771 1.59564285 1.59583789 1.59603284 1.59622769 1.59642244
 1.5966171  1.59681167 1.59700614 1.59720052 1.5973948  1.59758898
 1.59778307 1.59797707 1.59817097 1.59836478 1.59855849 1.5987521
 1.59894562 1.59913904 1.59933237 1.5995256  1.59971874 1.59991178
 1.60010472 1.60029757 1.60049032 1.60068298 1.60087554 1.601068
 1.60126037 1.60145264 1.60164482 1.6018369 ]
t = [1.09641825e+09 1.09641827e+09 1.09641829e+09 1.09641832e+09
 1.09641834e+09 1.09641836e+09 1.09641838e+09 1.09641841e+09
 1.09641843e+09 1.09641845e+09 1.09641847e+09 1.09641850e+09
 1.09641852e+09 1.09641854e+09 1.09641856e+09 1.09641859e+09
 1.09641861e+09 1.09641863e+09 1.09641865e+09 1.09641868e+09
 1.09641870e+09 1.09641872e+09 1.09641874e+09 1.09641876e+09
 1.09641879e+09 1.09641881e+09 1.09641883e+09 1.09641885e+09
 1.09641888e+09 1.09641890e+09 1.09641892e+09 1.09641894e+09
 1.09641897e+09 1.09641899e+09 1.09641901e+09 1.09641903e+09
 1.09641906e+09 1.09641908e+09 1.09641910e+09 1.09641912e+09
 1.09641915e+09 1.09641917e+09 1.09641919e+09 1.09641921e+09
 1.09641923e+09 1.09641926e+09 1.09641928e+09 1.09641930e+09
 1.09641932e+09 1.09641935e+09 1.09641937e+09 1.09641939e+09
 1.09641941e+09 1.09641944e+09 1.09641946e+09 1.09641948e+09
 1.09641950e+09 1.09641953e+09 1.09641955e+09 1.09641957e+09
 1.09641959e+09 1.09641961e+09 1.09641964e+09 1.09641966e+09
 1.09641968e+09 1.09641970e+09 1.09641973e+09 1.09641975e+09
 1.09641977e+09 1.09641979e+09 1.09641982e+09 1.09641984e+09
 1.09641986e+09 1.09641988e+09 1.09641991e+09 1.09641993e+09
 1.09641995e+09 1.09641997e+09 1.09642000e+09 1.09642002e+09
 1.09642004e+09 1.09642006e+09 1.09642008e+09 1.09642011e+09
 1.09642013e+09 1.09642015e+09 1.09642017e+09 1.09642020e+09
 1.09642022e+09 1.09642024e+09 1.09642026e+09 1.09642029e+09
 1.09642031e+09 1.09642033e+09 1.09642035e+09 1.09642038e+09
 1.09642040e+09 1.09642042e+09 1.09642044e+09 1.09642047e+09
 1.09642049e+09 1.09642051e+09 1.09642053e+09 1.09642055e+09
 1.09642058e+09 1.09642060e+09 1.09642062e+09 1.09642064e+09
 1.09642067e+09 1.09642069e+09 1.09642071e+09 1.09642073e+09
 1.09642076e+09 1.09642078e+09 1.09642080e+09 1.09642082e+09
 1.09642085e+09 1.09642087e+09 1.09642089e+09 1.09642091e+09
 1.09642093e+09 1.09642096e+09 1.09642098e+09 1.09642100e+09
 1.09642102e+09 1.09642105e+09 1.09642107e+09 1.09642109e+09
 1.09642111e+09 1.09642114e+09 1.09642116e+09 1.09642118e+09
 1.09642120e+09 1.09642123e+09 1.09642125e+09 1.09642127e+09
 1.09642129e+09 1.09642132e+09 1.09642134e+09 1.09642136e+09
 1.09642138e+09 1.09642140e+09 1.09642143e+09 1.09642145e+09
 1.09642147e+09 1.09642149e+09 1.09642152e+09 1.09642154e+09
 1.09642156e+09 1.09642158e+09 1.09642161e+09 1.09642163e+09
 1.09642165e+09 1.09642167e+09 1.09642170e+09 1.09642172e+09
 1.09642174e+09 1.09642176e+09 1.09642179e+09 1.09642181e+09
 1.09642183e+09 1.09642185e+09 1.09642187e+09 1.09642190e+09
 1.09642192e+09 1.09642194e+09 1.09642196e+09 1.09642199e+09
 1.09642201e+09 1.09642203e+09 1.09642205e+09 1.09642208e+09
 1.09642210e+09 1.09642212e+09 1.09642214e+09 1.09642217e+09
 1.09642219e+09 1.09642221e+09 1.09642223e+09 1.09642225e+09
 1.09642228e+09 1.09642230e+09 1.09642232e+09 1.09642234e+09
 1.09642237e+09 1.09642239e+09 1.09642241e+09 1.09642243e+09
 1.09642246e+09 1.09642248e+09 1.09642250e+09 1.09642252e+09
 1.09642255e+09 1.09642257e+09 1.09642259e+09 1.09642261e+09
 1.09642264e+09 1.09642266e+09 1.09642268e+09 1.09642270e+09
 1.09642272e+09 1.09642275e+09 1.09642277e+09 1.09642279e+09
 1.09642281e+09 1.09642284e+09 1.09642286e+09 1.09642288e+09
 1.09642290e+09 1.09642293e+09 1.09642295e+09 1.09642297e+09
 1.09642299e+09 1.09642302e+09 1.09642304e+09 1.09642306e+09
 1.09642308e+09 1.09642310e+09 1.09642313e+09 1.09642315e+09
 1.09642317e+09 1.09642319e+09 1.09642322e+09 1.09642324e+09
 1.09642326e+09 1.09642328e+09 1.09642331e+09 1.09642333e+09
 1.09642335e+09 1.09642337e+09 1.09642340e+09 1.09642342e+09
 1.09642344e+09 1.09642346e+09 1.09642349e+09 1.09642351e+09
 1.09642353e+09 1.09642355e+09 1.09642357e+09 1.09642360e+09
 1.09642362e+09 1.09642364e+09 1.09642366e+09 1.09642369e+09
 1.09642371e+09 1.09642373e+09 1.09642375e+09 1.09642378e+09
 1.09642380e+09 1.09642382e+09 1.09642384e+09 1.09642387e+09
 1.09642389e+09 1.09642391e+09 1.09642393e+09 1.09642396e+09
 1.09642398e+09 1.09642400e+09 1.09642402e+09 1.09642404e+09
 1.09642407e+09 1.09642409e+09 1.09642411e+09 1.09642413e+09
 1.09642416e+09 1.09642418e+09 1.09642420e+09 1.09642422e+09
 1.09642425e+09 1.09642427e+09 1.09642429e+09 1.09642431e+09
 1.09642434e+09 1.09642436e+09 1.09642438e+09 1.09642440e+09
 1.09642442e+09 1.09642445e+09 1.09642447e+09 1.09642449e+09
 1.09642451e+09 1.09642454e+09 1.09642456e+09 1.09642458e+09
 1.09642460e+09 1.09642463e+09 1.09642465e+09 1.09642467e+09
 1.09642469e+09 1.09642472e+09 1.09642474e+09 1.09642476e+09
 1.09642478e+09 1.09642481e+09 1.09642483e+09 1.09642485e+09
 1.09642487e+09 1.09642489e+09 1.09642492e+09 1.09642494e+09
 1.09642496e+09 1.09642498e+09 1.09642501e+09 1.09642503e+09
 1.09642505e+09 1.09642507e+09 1.09642510e+09 1.09642512e+09
 1.09642514e+09 1.09642516e+09 1.09642519e+09 1.09642521e+09
 1.09642523e+09 1.09642525e+09 1.09642528e+09 1.09642530e+09
 1.09642532e+09 1.09642534e+09 1.09642536e+09 1.09642539e+09
 1.09642541e+09 1.09642543e+09 1.09642545e+09 1.09642548e+09
 1.09642550e+09 1.09642552e+09 1.09642554e+09 1.09642557e+09
 1.09642559e+09 1.09642561e+09 1.09642563e+09 1.09642566e+09
 1.09642568e+09 1.09642570e+09 1.09642572e+09 1.09642574e+09
 1.09642577e+09 1.09642579e+09 1.09642581e+09 1.09642583e+09
 1.09642586e+09 1.09642588e+09 1.09642590e+09 1.09642592e+09
 1.09642595e+09 1.09642597e+09 1.09642599e+09 1.09642601e+09
 1.09642604e+09 1.09642606e+09 1.09642608e+09 1.09642610e+09
 1.09642613e+09 1.09642615e+09 1.09642617e+09 1.09642619e+09
 1.09642621e+09 1.09642624e+09 1.09642626e+09 1.09642628e+09
 1.09642630e+09 1.09642633e+09 1.09642635e+09 1.09642637e+09
 1.09642639e+09 1.09642642e+09 1.09642644e+09 1.09642646e+09
 1.09642648e+09 1.09642651e+09 1.09642653e+09 1.09642655e+09
 1.09642657e+09 1.09642660e+09 1.09642662e+09 1.09642664e+09
 1.09642666e+09 1.09642668e+09 1.09642671e+09 1.09642673e+09
 1.09642675e+09 1.09642677e+09 1.09642680e+09 1.09642682e+09
 1.09642684e+09 1.09642686e+09 1.09642689e+09 1.09642691e+09
 1.09642693e+09 1.09642695e+09 1.09642698e+09 1.09642700e+09
 1.09642702e+09 1.09642704e+09 1.09642706e+09 1.09642709e+09
 1.09642711e+09 1.09642713e+09 1.09642715e+09 1.09642718e+09
 1.09642720e+09 1.09642722e+09 1.09642724e+09 1.09642727e+09
 1.09642729e+09 1.09642731e+09 1.09642733e+09 1.09642736e+09
 1.09642738e+09 1.09642740e+09 1.09642742e+09 1.09642745e+09
 1.09642747e+09 1.09642749e+09 1.09642751e+09 1.09642753e+09
 1.09642756e+09 1.09642758e+09 1.09642760e+09 1.09642762e+09
 1.09642765e+09 1.09642767e+09 1.09642769e+09 1.09642771e+09
 1.09642774e+09 1.09642776e+09 1.09642778e+09 1.09642780e+09
 1.09642783e+09 1.09642785e+09 1.09642787e+09 1.09642789e+09
 1.09642792e+09 1.09642794e+09 1.09642796e+09 1.09642798e+09
 1.09642800e+09 1.09642803e+09 1.09642805e+09 1.09642807e+09
 1.09642809e+09 1.09642812e+09 1.09642814e+09 1.09642816e+09
 1.09642818e+09 1.09642821e+09 1.09642823e+09 1.09642825e+09
 1.09642827e+09 1.09642830e+09 1.09642832e+09 1.09642834e+09
 1.09642836e+09 1.09642838e+09 1.09642841e+09 1.09642843e+09
 1.09642845e+09 1.09642847e+09 1.09642850e+09 1.09642852e+09
 1.09642854e+09 1.09642856e+09 1.09642859e+09 1.09642861e+09
 1.09642863e+09 1.09642865e+09 1.09642868e+09 1.09642870e+09
 1.09642872e+09 1.09642874e+09 1.09642877e+09 1.09642879e+09
 1.09642881e+09 1.09642883e+09 1.09642885e+09 1.09642888e+09
 1.09642890e+09 1.09642892e+09 1.09642894e+09 1.09642897e+09
 1.09642899e+09 1.09642901e+09 1.09642903e+09 1.09642906e+09
 1.09642908e+09 1.09642910e+09 1.09642912e+09 1.09642915e+09
 1.09642917e+09 1.09642919e+09 1.09642921e+09 1.09642924e+09
 1.09642926e+09 1.09642928e+09 1.09642930e+09 1.09642932e+09
 1.09642935e+09 1.09642937e+09 1.09642939e+09 1.09642941e+09
 1.09642944e+09 1.09642946e+09 1.09642948e+09 1.09642950e+09
 1.09642953e+09 1.09642955e+09 1.09642957e+09 1.09642959e+09
 1.09642962e+09 1.09642964e+09 1.09642966e+09 1.09642968e+09
 1.09642970e+09 1.09642973e+09 1.09642975e+09 1.09642977e+09
 1.09642979e+09 1.09642982e+09 1.09642984e+09 1.09642986e+09
 1.09642988e+09 1.09642991e+09 1.09642993e+09 1.09642995e+09
 1.09642997e+09 1.09643000e+09 1.09643002e+09 1.09643004e+09
 1.09643006e+09 1.09643009e+09 1.09643011e+09 1.09643013e+09
 1.09643015e+09 1.09643017e+09 1.09643020e+09 1.09643022e+09
 1.09643024e+09 1.09643026e+09 1.09643029e+09 1.09643031e+09
 1.09643033e+09 1.09643035e+09 1.09643038e+09 1.09643040e+09
 1.09643042e+09 1.09643044e+09 1.09643047e+09 1.09643049e+09
 1.09643051e+09 1.09643053e+09 1.09643055e+09 1.09643058e+09
 1.09643060e+09 1.09643062e+09 1.09643064e+09 1.09643067e+09
 1.09643069e+09 1.09643071e+09 1.09643073e+09 1.09643076e+09
 1.09643078e+09 1.09643080e+09 1.09643082e+09 1.09643085e+09
 1.09643087e+09 1.09643089e+09 1.09643091e+09 1.09643094e+09
 1.09643096e+09 1.09643098e+09 1.09643100e+09 1.09643102e+09
 1.09643105e+09 1.09643107e+09 1.09643109e+09 1.09643111e+09
 1.09643114e+09 1.09643116e+09 1.09643118e+09 1.09643120e+09
 1.09643123e+09 1.09643125e+09 1.09643127e+09 1.09643129e+09
 1.09643132e+09 1.09643134e+09 1.09643136e+09 1.09643138e+09
 1.09643141e+09 1.09643143e+09 1.09643145e+09 1.09643147e+09
 1.09643149e+09 1.09643152e+09 1.09643154e+09 1.09643156e+09
 1.09643158e+09 1.09643161e+09 1.09643163e+09 1.09643165e+09
 1.09643167e+09 1.09643170e+09 1.09643172e+09 1.09643174e+09
 1.09643176e+09 1.09643179e+09 1.09643181e+09 1.09643183e+09
 1.09643185e+09 1.09643187e+09 1.09643190e+09 1.09643192e+09
 1.09643194e+09 1.09643196e+09 1.09643199e+09 1.09643201e+09
 1.09643203e+09 1.09643205e+09 1.09643208e+09 1.09643210e+09
 1.09643212e+09 1.09643214e+09 1.09643217e+09 1.09643219e+09
 1.09643221e+09 1.09643223e+09 1.09643226e+09 1.09643228e+09
 1.09643230e+09 1.09643232e+09 1.09643234e+09 1.09643237e+09
 1.09643239e+09 1.09643241e+09 1.09643243e+09 1.09643246e+09
 1.09643248e+09 1.09643250e+09 1.09643252e+09 1.09643255e+09
 1.09643257e+09 1.09643259e+09 1.09643261e+09 1.09643264e+09
 1.09643266e+09 1.09643268e+09 1.09643270e+09 1.09643273e+09
 1.09643275e+09 1.09643277e+09 1.09643279e+09 1.09643281e+09
 1.09643284e+09 1.09643286e+09 1.09643288e+09 1.09643290e+09
 1.09643293e+09 1.09643295e+09 1.09643297e+09 1.09643299e+09
 1.09643302e+09 1.09643304e+09 1.09643306e+09 1.09643308e+09
 1.09643311e+09 1.09643313e+09 1.09643315e+09 1.09643317e+09
 1.09643319e+09 1.09643322e+09 1.09643324e+09 1.09643326e+09
 1.09643328e+09 1.09643331e+09 1.09643333e+09 1.09643335e+09
 1.09643337e+09 1.09643340e+09 1.09643342e+09 1.09643344e+09
 1.09643346e+09 1.09643349e+09 1.09643351e+09 1.09643353e+09
 1.09643355e+09 1.09643358e+09 1.09643360e+09 1.09643362e+09
 1.09643364e+09 1.09643366e+09 1.09643369e+09 1.09643371e+09
 1.09643373e+09 1.09643375e+09 1.09643378e+09 1.09643380e+09
 1.09643382e+09 1.09643384e+09 1.09643387e+09 1.09643389e+09
 1.09643391e+09 1.09643393e+09 1.09643396e+09 1.09643398e+09
 1.09643400e+09 1.09643402e+09 1.09643405e+09 1.09643407e+09
 1.09643409e+09 1.09643411e+09 1.09643413e+09 1.09643416e+09
 1.09643418e+09 1.09643420e+09 1.09643422e+09 1.09643425e+09
 1.09643427e+09 1.09643429e+09 1.09643431e+09 1.09643434e+09
 1.09643436e+09 1.09643438e+09 1.09643440e+09 1.09643443e+09
 1.09643445e+09 1.09643447e+09 1.09643449e+09 1.09643451e+09
 1.09643454e+09 1.09643456e+09 1.09643458e+09 1.09643460e+09
 1.09643463e+09 1.09643465e+09 1.09643467e+09 1.09643469e+09
 1.09643472e+09 1.09643474e+09 1.09643476e+09 1.09643478e+09
 1.09643481e+09 1.09643483e+09 1.09643485e+09 1.09643487e+09
 1.09643490e+09 1.09643492e+09 1.09643494e+09 1.09643496e+09
 1.09643498e+09 1.09643501e+09 1.09643503e+09 1.09643505e+09
 1.09643507e+09 1.09643510e+09 1.09643512e+09 1.09643514e+09
 1.09643516e+09 1.09643519e+09 1.09643521e+09 1.09643523e+09
 1.09643525e+09 1.09643528e+09 1.09643530e+09 1.09643532e+09
 1.09643534e+09 1.09643537e+09 1.09643539e+09 1.09643541e+09
 1.09643543e+09 1.09643545e+09 1.09643548e+09 1.09643550e+09
 1.09643552e+09 1.09643554e+09 1.09643557e+09 1.09643559e+09
 1.09643561e+09 1.09643563e+09 1.09643566e+09 1.09643568e+09
 1.09643570e+09 1.09643572e+09 1.09643575e+09 1.09643577e+09
 1.09643579e+09 1.09643581e+09 1.09643583e+09 1.09643586e+09
 1.09643588e+09 1.09643590e+09 1.09643592e+09 1.09643595e+09
 1.09643597e+09 1.09643599e+09 1.09643601e+09 1.09643604e+09
 1.09643606e+09 1.09643608e+09 1.09643610e+09 1.09643613e+09
 1.09643615e+09 1.09643617e+09 1.09643619e+09 1.09643622e+09
 1.09643624e+09 1.09643626e+09 1.09643628e+09 1.09643630e+09
 1.09643633e+09 1.09643635e+09 1.09643637e+09 1.09643639e+09
 1.09643642e+09 1.09643644e+09 1.09643646e+09 1.09643648e+09
 1.09643651e+09 1.09643653e+09 1.09643655e+09 1.09643657e+09
 1.09643660e+09 1.09643662e+09 1.09643664e+09 1.09643666e+09
 1.09643669e+09 1.09643671e+09 1.09643673e+09 1.09643675e+09
 1.09643677e+09 1.09643680e+09 1.09643682e+09 1.09643684e+09
 1.09643686e+09 1.09643689e+09 1.09643691e+09 1.09643693e+09
 1.09643695e+09 1.09643698e+09 1.09643700e+09 1.09643702e+09
 1.09643704e+09 1.09643707e+09 1.09643709e+09 1.09643711e+09
 1.09643713e+09 1.09643715e+09 1.09643718e+09 1.09643720e+09
 1.09643722e+09 1.09643724e+09 1.09643727e+09 1.09643729e+09
 1.09643731e+09 1.09643733e+09 1.09643736e+09 1.09643738e+09
 1.09643740e+09 1.09643742e+09 1.09643745e+09 1.09643747e+09
 1.09643749e+09 1.09643751e+09 1.09643754e+09 1.09643756e+09
 1.09643758e+09 1.09643760e+09 1.09643762e+09 1.09643765e+09
 1.09643767e+09 1.09643769e+09 1.09643771e+09 1.09643774e+09
 1.09643776e+09 1.09643778e+09 1.09643780e+09 1.09643783e+09
 1.09643785e+09 1.09643787e+09 1.09643789e+09 1.09643792e+09
 1.09643794e+09 1.09643796e+09 1.09643798e+09 1.09643800e+09
 1.09643803e+09 1.09643805e+09 1.09643807e+09 1.09643809e+09
 1.09643812e+09 1.09643814e+09 1.09643816e+09 1.09643818e+09
 1.09643821e+09 1.09643823e+09 1.09643825e+09 1.09643827e+09
 1.09643830e+09 1.09643832e+09 1.09643834e+09 1.09643836e+09
 1.09643839e+09 1.09643841e+09 1.09643843e+09 1.09643845e+09
 1.09643847e+09 1.09643850e+09 1.09643852e+09 1.09643854e+09
 1.09643856e+09 1.09643859e+09 1.09643861e+09 1.09643863e+09
 1.09643865e+09 1.09643868e+09 1.09643870e+09 1.09643872e+09
 1.09643874e+09 1.09643877e+09 1.09643879e+09 1.09643881e+09
 1.09643883e+09 1.09643886e+09 1.09643888e+09 1.09643890e+09
 1.09643892e+09 1.09643894e+09 1.09643897e+09 1.09643899e+09
 1.09643901e+09 1.09643903e+09 1.09643906e+09 1.09643908e+09
 1.09643910e+09 1.09643912e+09 1.09643915e+09 1.09643917e+09
 1.09643919e+09 1.09643921e+09 1.09643924e+09 1.09643926e+09
 1.09643928e+09 1.09643930e+09 1.09643932e+09 1.09643935e+09
 1.09643937e+09 1.09643939e+09 1.09643941e+09 1.09643944e+09
 1.09643946e+09 1.09643948e+09 1.09643950e+09 1.09643953e+09
 1.09643955e+09 1.09643957e+09 1.09643959e+09 1.09643962e+09
 1.09643964e+09 1.09643966e+09 1.09643968e+09 1.09643971e+09
 1.09643973e+09 1.09643975e+09 1.09643977e+09 1.09643979e+09
 1.09643982e+09 1.09643984e+09 1.09643986e+09 1.09643988e+09
 1.09643991e+09 1.09643993e+09 1.09643995e+09 1.09643997e+09
 1.09644000e+09 1.09644002e+09 1.09644004e+09 1.09644006e+09
 1.09644009e+09 1.09644011e+09 1.09644013e+09 1.09644015e+09
 1.09644018e+09 1.09644020e+09 1.09644022e+09 1.09644024e+09
 1.09644026e+09 1.09644029e+09 1.09644031e+09 1.09644033e+09
 1.09644035e+09 1.09644038e+09 1.09644040e+09 1.09644042e+09
 1.09644044e+09 1.09644047e+09 1.09644049e+09 1.09644051e+09
 1.09644053e+09 1.09644056e+09 1.09644058e+09 1.09644060e+09]
minRes = 1.37800951797272
minResTime = [1.09641825e+09]
Cov(t) = [100 100 100 100 100 100 100 100 100 100 100 100 100 100 100 100 100 100
 100 100 100 100 100 100 100 100 100 100 100 100 100 100 100 100 100 100
 100 100 100 100 100 100 100 100 100 100 100 100 100 100 100 100 100 100
 100 100 100 100 100 100 100 100 100 100 100 100 100 100 100 100 100 100
 100 100 100 100 100 100 100 100 100 100 100 100 100 100 100 100 100 100
 100 100 100 100 100 100 100 100 100 100 100 100 100 100 100 100 100 100
 100 100 100 100 100 100 100 100 100 100 100 100 100 100 100 100 100 100
 100 100 100 100 100 100 100 100 100 100 100 100 100 100 100 100 100 100
 100 100 100 100 100 100 100 100 100 100 100 100 100 100 100 100 100 100
 100 100 100 100 100 100 100 100 100 100 100 100 100 100 100 100 100 100
 100 100 100 100 100 100 100 100 100 100 100 100 100 100 100 100 100 100
 100 100 100 100 100 100 100 100 100 100 100 100 100 100 100 100 100 100
 100 100 100 100 100 100 100 100 100 100 100 100 100 100 100 100 100 100
 100 100 100 100 100 100 100 100 100 100 100 100 100 100 100 100 100 100
 100 100 100 100 100 100 100 100 100 100 100 100 100 100 100 100 100 100
 100 100 100 100 100 100 100 100 100 100 100 100 100 100 100 100 100 100
 100 100 100 100 100 100 100 100 100 100 100 100 100 100 100 100 100 100
 100 100 100 100 100 100 100 100 100 100 100 100 100 100 100 100 100 100
 100 100 100 100 100 100 100 100 100 100 100 100 100 100 100 100 100 100
 100 100 100 100 100 100 100 100 100 100 100 100 100 100 100 100 100 100
 100 100 100 100 100 100 100 100 100 100 100 100 100 100 100 100 100 100
 100 100 100 100 100 100 100 100 100 100 100 100 100 100 100 100 100 100
 100 100 100 100 100 100 100 100 100 100 100 100 100 100 100 100 100 100
 100 100 100 100 100 100 100 100 100 100 100 100 100 100 100 100 100 100
 100 100 100 100 100 100 100 100 100 100 100 100 100 100 100 100 100 100
 100 100 100 100 100 100 100 100 100 100 100 100 100 100 100 100 100 100
 100 100 100 100 100 100 100 100 100 100 100 100 100 100 100 100 100 100
 100 100 100 100 100 100 100 100 100 100 100 100 100 100 100 100 100 100
 100 100 100 100 100 100 100 100 100 100 100 100 100 100 100 100 100 100
 100 100 100 100 100 100 100 100 100 100 100 100 100 100 100 100 100 100
 100 100 100 100 100 100 100 100 100 100 100 100 100 100 100 100 100 100
 100 100 100 100 100 100 100 100 100 100 100 100 100 100 100 100 100 100
 100 100 100 100 100 100 100 100 100 100 100 100 100 100 100 100 100 100
 100 100 100 100 100 100 100 100 100 100 100 100 100 100 100 100 100 100
 100 100 100 100 100 100 100 100 100 100 100 100 100 100 100 100 100 100
 100 100 100 100 100 100 100 100 100 100 100 100 100 100 100 100 100 100
 100 100 100 100 100 100 100 100 100 100 100 100 100 100 100 100 100 100
 100 100 100 100 100 100 100 100 100 100 100 100 100 100 100 100 100 100
 100 100 100 100 100 100 100 100 100 100 100 100 100 100 100 100 100 100
 100 100 100 100 100 100 100 100 100 100 100 100 100 100 100 100 100 100
 100 100 100 100 100 100 100 100 100 100 100 100 100 100 100 100 100 100
 100 100 100 100 100 100 100 100 100 100 100 100 100 100 100 100 100 100
 100 100 100 100 100 100 100 100 100 100 100 100 100 100 100 100 100 100
 100 100 100 100 100 100 100 100 100 100 100 100 100 100 100 100 100 100
 100 100 100 100 100 100 100 100 100 100 100 100 100 100 100 100 100 100
 100 100 100 100 100 100 100 100 100 100 100 100 100 100 100 100 100 100
 100 100 100 100 100 100 100 100 100 100 100 100 100 100 100 100 100 100
 100 100 100 100 100 100 100 100 100 100 100 100 100 100 100 100 100 100
 100 100 100 100 100 100 100 100 100 100 100 100 100 100 100 100 100 100
 100 100 100 100 100 100 100 100 100 100 100 100 100 100 100 100 100 100
 100 100 100 100 100 100 100 100 100 100 100 100 100 100 100 100 100 100
 100 100 100 100 100 100 100 100 100 100 100 100 100 100 100 100 100 100
 100 100 100 100 100 100 100 100 100 100 100 100 100 100 100 100 100 100
 100 100 100 100 100 100 100 100 100 100 100 100 100 100 100 100 100 100
 100 100 100 100 100 100 100 100 100 100 100 100 100 100 100 100 100 100
 100 100 100 100 100 100 100 100 100 100]
maxCov = 100
maxCovTime = [1.09641825e+09 1.09641827e+09 1.09641829e+09 1.09641832e+09
 1.09641834e+09 1.09641836e+09 1.09641838e+09 1.09641841e+09
 1.09641843e+09 1.09641845e+09 1.09641847e+09 1.09641850e+09
 1.09641852e+09 1.09641854e+09 1.09641856e+09 1.09641859e+09
 1.09641861e+09 1.09641863e+09 1.09641865e+09 1.09641868e+09
 1.09641870e+09 1.09641872e+09 1.09641874e+09 1.09641876e+09
 1.09641879e+09 1.09641881e+09 1.09641883e+09 1.09641885e+09
 1.09641888e+09 1.09641890e+09 1.09641892e+09 1.09641894e+09
 1.09641897e+09 1.09641899e+09 1.09641901e+09 1.09641903e+09
 1.09641906e+09 1.09641908e+09 1.09641910e+09 1.09641912e+09
 1.09641915e+09 1.09641917e+09 1.09641919e+09 1.09641921e+09
 1.09641923e+09 1.09641926e+09 1.09641928e+09 1.09641930e+09
 1.09641932e+09 1.09641935e+09 1.09641937e+09 1.09641939e+09
 1.09641941e+09 1.09641944e+09 1.09641946e+09 1.09641948e+09
 1.09641950e+09 1.09641953e+09 1.09641955e+09 1.09641957e+09
 1.09641959e+09 1.09641961e+09 1.09641964e+09 1.09641966e+09
 1.09641968e+09 1.09641970e+09 1.09641973e+09 1.09641975e+09
 1.09641977e+09 1.09641979e+09 1.09641982e+09 1.09641984e+09
 1.09641986e+09 1.09641988e+09 1.09641991e+09 1.09641993e+09
 1.09641995e+09 1.09641997e+09 1.09642000e+09 1.09642002e+09
 1.09642004e+09 1.09642006e+09 1.09642008e+09 1.09642011e+09
 1.09642013e+09 1.09642015e+09 1.09642017e+09 1.09642020e+09
 1.09642022e+09 1.09642024e+09 1.09642026e+09 1.09642029e+09
 1.09642031e+09 1.09642033e+09 1.09642035e+09 1.09642038e+09
 1.09642040e+09 1.09642042e+09 1.09642044e+09 1.09642047e+09
 1.09642049e+09 1.09642051e+09 1.09642053e+09 1.09642055e+09
 1.09642058e+09 1.09642060e+09 1.09642062e+09 1.09642064e+09
 1.09642067e+09 1.09642069e+09 1.09642071e+09 1.09642073e+09
 1.09642076e+09 1.09642078e+09 1.09642080e+09 1.09642082e+09
 1.09642085e+09 1.09642087e+09 1.09642089e+09 1.09642091e+09
 1.09642093e+09 1.09642096e+09 1.09642098e+09 1.09642100e+09
 1.09642102e+09 1.09642105e+09 1.09642107e+09 1.09642109e+09
 1.09642111e+09 1.09642114e+09 1.09642116e+09 1.09642118e+09
 1.09642120e+09 1.09642123e+09 1.09642125e+09 1.09642127e+09
 1.09642129e+09 1.09642132e+09 1.09642134e+09 1.09642136e+09
 1.09642138e+09 1.09642140e+09 1.09642143e+09 1.09642145e+09
 1.09642147e+09 1.09642149e+09 1.09642152e+09 1.09642154e+09
 1.09642156e+09 1.09642158e+09 1.09642161e+09 1.09642163e+09
 1.09642165e+09 1.09642167e+09 1.09642170e+09 1.09642172e+09
 1.09642174e+09 1.09642176e+09 1.09642179e+09 1.09642181e+09
 1.09642183e+09 1.09642185e+09 1.09642187e+09 1.09642190e+09
 1.09642192e+09 1.09642194e+09 1.09642196e+09 1.09642199e+09
 1.09642201e+09 1.09642203e+09 1.09642205e+09 1.09642208e+09
 1.09642210e+09 1.09642212e+09 1.09642214e+09 1.09642217e+09
 1.09642219e+09 1.09642221e+09 1.09642223e+09 1.09642225e+09
 1.09642228e+09 1.09642230e+09 1.09642232e+09 1.09642234e+09
 1.09642237e+09 1.09642239e+09 1.09642241e+09 1.09642243e+09
 1.09642246e+09 1.09642248e+09 1.09642250e+09 1.09642252e+09
 1.09642255e+09 1.09642257e+09 1.09642259e+09 1.09642261e+09
 1.09642264e+09 1.09642266e+09 1.09642268e+09 1.09642270e+09
 1.09642272e+09 1.09642275e+09 1.09642277e+09 1.09642279e+09
 1.09642281e+09 1.09642284e+09 1.09642286e+09 1.09642288e+09
 1.09642290e+09 1.09642293e+09 1.09642295e+09 1.09642297e+09
 1.09642299e+09 1.09642302e+09 1.09642304e+09 1.09642306e+09
 1.09642308e+09 1.09642310e+09 1.09642313e+09 1.09642315e+09
 1.09642317e+09 1.09642319e+09 1.09642322e+09 1.09642324e+09
 1.09642326e+09 1.09642328e+09 1.09642331e+09 1.09642333e+09
 1.09642335e+09 1.09642337e+09 1.09642340e+09 1.09642342e+09
 1.09642344e+09 1.09642346e+09 1.09642349e+09 1.09642351e+09
 1.09642353e+09 1.09642355e+09 1.09642357e+09 1.09642360e+09
 1.09642362e+09 1.09642364e+09 1.09642366e+09 1.09642369e+09
 1.09642371e+09 1.09642373e+09 1.09642375e+09 1.09642378e+09
 1.09642380e+09 1.09642382e+09 1.09642384e+09 1.09642387e+09
 1.09642389e+09 1.09642391e+09 1.09642393e+09 1.09642396e+09
 1.09642398e+09 1.09642400e+09 1.09642402e+09 1.09642404e+09
 1.09642407e+09 1.09642409e+09 1.09642411e+09 1.09642413e+09
 1.09642416e+09 1.09642418e+09 1.09642420e+09 1.09642422e+09
 1.09642425e+09 1.09642427e+09 1.09642429e+09 1.09642431e+09
 1.09642434e+09 1.09642436e+09 1.09642438e+09 1.09642440e+09
 1.09642442e+09 1.09642445e+09 1.09642447e+09 1.09642449e+09
 1.09642451e+09 1.09642454e+09 1.09642456e+09 1.09642458e+09
 1.09642460e+09 1.09642463e+09 1.09642465e+09 1.09642467e+09
 1.09642469e+09 1.09642472e+09 1.09642474e+09 1.09642476e+09
 1.09642478e+09 1.09642481e+09 1.09642483e+09 1.09642485e+09
 1.09642487e+09 1.09642489e+09 1.09642492e+09 1.09642494e+09
 1.09642496e+09 1.09642498e+09 1.09642501e+09 1.09642503e+09
 1.09642505e+09 1.09642507e+09 1.09642510e+09 1.09642512e+09
 1.09642514e+09 1.09642516e+09 1.09642519e+09 1.09642521e+09
 1.09642523e+09 1.09642525e+09 1.09642528e+09 1.09642530e+09
 1.09642532e+09 1.09642534e+09 1.09642536e+09 1.09642539e+09
 1.09642541e+09 1.09642543e+09 1.09642545e+09 1.09642548e+09
 1.09642550e+09 1.09642552e+09 1.09642554e+09 1.09642557e+09
 1.09642559e+09 1.09642561e+09 1.09642563e+09 1.09642566e+09
 1.09642568e+09 1.09642570e+09 1.09642572e+09 1.09642574e+09
 1.09642577e+09 1.09642579e+09 1.09642581e+09 1.09642583e+09
 1.09642586e+09 1.09642588e+09 1.09642590e+09 1.09642592e+09
 1.09642595e+09 1.09642597e+09 1.09642599e+09 1.09642601e+09
 1.09642604e+09 1.09642606e+09 1.09642608e+09 1.09642610e+09
 1.09642613e+09 1.09642615e+09 1.09642617e+09 1.09642619e+09
 1.09642621e+09 1.09642624e+09 1.09642626e+09 1.09642628e+09
 1.09642630e+09 1.09642633e+09 1.09642635e+09 1.09642637e+09
 1.09642639e+09 1.09642642e+09 1.09642644e+09 1.09642646e+09
 1.09642648e+09 1.09642651e+09 1.09642653e+09 1.09642655e+09
 1.09642657e+09 1.09642660e+09 1.09642662e+09 1.09642664e+09
 1.09642666e+09 1.09642668e+09 1.09642671e+09 1.09642673e+09
 1.09642675e+09 1.09642677e+09 1.09642680e+09 1.09642682e+09
 1.09642684e+09 1.09642686e+09 1.09642689e+09 1.09642691e+09
 1.09642693e+09 1.09642695e+09 1.09642698e+09 1.09642700e+09
 1.09642702e+09 1.09642704e+09 1.09642706e+09 1.09642709e+09
 1.09642711e+09 1.09642713e+09 1.09642715e+09 1.09642718e+09
 1.09642720e+09 1.09642722e+09 1.09642724e+09 1.09642727e+09
 1.09642729e+09 1.09642731e+09 1.09642733e+09 1.09642736e+09
 1.09642738e+09 1.09642740e+09 1.09642742e+09 1.09642745e+09
 1.09642747e+09 1.09642749e+09 1.09642751e+09 1.09642753e+09
 1.09642756e+09 1.09642758e+09 1.09642760e+09 1.09642762e+09
 1.09642765e+09 1.09642767e+09 1.09642769e+09 1.09642771e+09
 1.09642774e+09 1.09642776e+09 1.09642778e+09 1.09642780e+09
 1.09642783e+09 1.09642785e+09 1.09642787e+09 1.09642789e+09
 1.09642792e+09 1.09642794e+09 1.09642796e+09 1.09642798e+09
 1.09642800e+09 1.09642803e+09 1.09642805e+09 1.09642807e+09
 1.09642809e+09 1.09642812e+09 1.09642814e+09 1.09642816e+09
 1.09642818e+09 1.09642821e+09 1.09642823e+09 1.09642825e+09
 1.09642827e+09 1.09642830e+09 1.09642832e+09 1.09642834e+09
 1.09642836e+09 1.09642838e+09 1.09642841e+09 1.09642843e+09
 1.09642845e+09 1.09642847e+09 1.09642850e+09 1.09642852e+09
 1.09642854e+09 1.09642856e+09 1.09642859e+09 1.09642861e+09
 1.09642863e+09 1.09642865e+09 1.09642868e+09 1.09642870e+09
 1.09642872e+09 1.09642874e+09 1.09642877e+09 1.09642879e+09
 1.09642881e+09 1.09642883e+09 1.09642885e+09 1.09642888e+09
 1.09642890e+09 1.09642892e+09 1.09642894e+09 1.09642897e+09
 1.09642899e+09 1.09642901e+09 1.09642903e+09 1.09642906e+09
 1.09642908e+09 1.09642910e+09 1.09642912e+09 1.09642915e+09
 1.09642917e+09 1.09642919e+09 1.09642921e+09 1.09642924e+09
 1.09642926e+09 1.09642928e+09 1.09642930e+09 1.09642932e+09
 1.09642935e+09 1.09642937e+09 1.09642939e+09 1.09642941e+09
 1.09642944e+09 1.09642946e+09 1.09642948e+09 1.09642950e+09
 1.09642953e+09 1.09642955e+09 1.09642957e+09 1.09642959e+09
 1.09642962e+09 1.09642964e+09 1.09642966e+09 1.09642968e+09
 1.09642970e+09 1.09642973e+09 1.09642975e+09 1.09642977e+09
 1.09642979e+09 1.09642982e+09 1.09642984e+09 1.09642986e+09
 1.09642988e+09 1.09642991e+09 1.09642993e+09 1.09642995e+09
 1.09642997e+09 1.09643000e+09 1.09643002e+09 1.09643004e+09
 1.09643006e+09 1.09643009e+09 1.09643011e+09 1.09643013e+09
 1.09643015e+09 1.09643017e+09 1.09643020e+09 1.09643022e+09
 1.09643024e+09 1.09643026e+09 1.09643029e+09 1.09643031e+09
 1.09643033e+09 1.09643035e+09 1.09643038e+09 1.09643040e+09
 1.09643042e+09 1.09643044e+09 1.09643047e+09 1.09643049e+09
 1.09643051e+09 1.09643053e+09 1.09643055e+09 1.09643058e+09
 1.09643060e+09 1.09643062e+09 1.09643064e+09 1.09643067e+09
 1.09643069e+09 1.09643071e+09 1.09643073e+09 1.09643076e+09
 1.09643078e+09 1.09643080e+09 1.09643082e+09 1.09643085e+09
 1.09643087e+09 1.09643089e+09 1.09643091e+09 1.09643094e+09
 1.09643096e+09 1.09643098e+09 1.09643100e+09 1.09643102e+09
 1.09643105e+09 1.09643107e+09 1.09643109e+09 1.09643111e+09
 1.09643114e+09 1.09643116e+09 1.09643118e+09 1.09643120e+09
 1.09643123e+09 1.09643125e+09 1.09643127e+09 1.09643129e+09
 1.09643132e+09 1.09643134e+09 1.09643136e+09 1.09643138e+09
 1.09643141e+09 1.09643143e+09 1.09643145e+09 1.09643147e+09
 1.09643149e+09 1.09643152e+09 1.09643154e+09 1.09643156e+09
 1.09643158e+09 1.09643161e+09 1.09643163e+09 1.09643165e+09
 1.09643167e+09 1.09643170e+09 1.09643172e+09 1.09643174e+09
 1.09643176e+09 1.09643179e+09 1.09643181e+09 1.09643183e+09
 1.09643185e+09 1.09643187e+09 1.09643190e+09 1.09643192e+09
 1.09643194e+09 1.09643196e+09 1.09643199e+09 1.09643201e+09
 1.09643203e+09 1.09643205e+09 1.09643208e+09 1.09643210e+09
 1.09643212e+09 1.09643214e+09 1.09643217e+09 1.09643219e+09
 1.09643221e+09 1.09643223e+09 1.09643226e+09 1.09643228e+09
 1.09643230e+09 1.09643232e+09 1.09643234e+09 1.09643237e+09
 1.09643239e+09 1.09643241e+09 1.09643243e+09 1.09643246e+09
 1.09643248e+09 1.09643250e+09 1.09643252e+09 1.09643255e+09
 1.09643257e+09 1.09643259e+09 1.09643261e+09 1.09643264e+09
 1.09643266e+09 1.09643268e+09 1.09643270e+09 1.09643273e+09
 1.09643275e+09 1.09643277e+09 1.09643279e+09 1.09643281e+09
 1.09643284e+09 1.09643286e+09 1.09643288e+09 1.09643290e+09
 1.09643293e+09 1.09643295e+09 1.09643297e+09 1.09643299e+09
 1.09643302e+09 1.09643304e+09 1.09643306e+09 1.09643308e+09
 1.09643311e+09 1.09643313e+09 1.09643315e+09 1.09643317e+09
 1.09643319e+09 1.09643322e+09 1.09643324e+09 1.09643326e+09
 1.09643328e+09 1.09643331e+09 1.09643333e+09 1.09643335e+09
 1.09643337e+09 1.09643340e+09 1.09643342e+09 1.09643344e+09
 1.09643346e+09 1.09643349e+09 1.09643351e+09 1.09643353e+09
 1.09643355e+09 1.09643358e+09 1.09643360e+09 1.09643362e+09
 1.09643364e+09 1.09643366e+09 1.09643369e+09 1.09643371e+09
 1.09643373e+09 1.09643375e+09 1.09643378e+09 1.09643380e+09
 1.09643382e+09 1.09643384e+09 1.09643387e+09 1.09643389e+09
 1.09643391e+09 1.09643393e+09 1.09643396e+09 1.09643398e+09
 1.09643400e+09 1.09643402e+09 1.09643405e+09 1.09643407e+09
 1.09643409e+09 1.09643411e+09 1.09643413e+09 1.09643416e+09
 1.09643418e+09 1.09643420e+09 1.09643422e+09 1.09643425e+09
 1.09643427e+09 1.09643429e+09 1.09643431e+09 1.09643434e+09
 1.09643436e+09 1.09643438e+09 1.09643440e+09 1.09643443e+09
 1.09643445e+09 1.09643447e+09 1.09643449e+09 1.09643451e+09
 1.09643454e+09 1.09643456e+09 1.09643458e+09 1.09643460e+09
 1.09643463e+09 1.09643465e+09 1.09643467e+09 1.09643469e+09
 1.09643472e+09 1.09643474e+09 1.09643476e+09 1.09643478e+09
 1.09643481e+09 1.09643483e+09 1.09643485e+09 1.09643487e+09
 1.09643490e+09 1.09643492e+09 1.09643494e+09 1.09643496e+09
 1.09643498e+09 1.09643501e+09 1.09643503e+09 1.09643505e+09
 1.09643507e+09 1.09643510e+09 1.09643512e+09 1.09643514e+09
 1.09643516e+09 1.09643519e+09 1.09643521e+09 1.09643523e+09
 1.09643525e+09 1.09643528e+09 1.09643530e+09 1.09643532e+09
 1.09643534e+09 1.09643537e+09 1.09643539e+09 1.09643541e+09
 1.09643543e+09 1.09643545e+09 1.09643548e+09 1.09643550e+09
 1.09643552e+09 1.09643554e+09 1.09643557e+09 1.09643559e+09
 1.09643561e+09 1.09643563e+09 1.09643566e+09 1.09643568e+09
 1.09643570e+09 1.09643572e+09 1.09643575e+09 1.09643577e+09
 1.09643579e+09 1.09643581e+09 1.09643583e+09 1.09643586e+09
 1.09643588e+09 1.09643590e+09 1.09643592e+09 1.09643595e+09
 1.09643597e+09 1.09643599e+09 1.09643601e+09 1.09643604e+09
 1.09643606e+09 1.09643608e+09 1.09643610e+09 1.09643613e+09
 1.09643615e+09 1.09643617e+09 1.09643619e+09 1.09643622e+09
 1.09643624e+09 1.09643626e+09 1.09643628e+09 1.09643630e+09
 1.09643633e+09 1.09643635e+09 1.09643637e+09 1.09643639e+09
 1.09643642e+09 1.09643644e+09 1.09643646e+09 1.09643648e+09
 1.09643651e+09 1.09643653e+09 1.09643655e+09 1.09643657e+09
 1.09643660e+09 1.09643662e+09 1.09643664e+09 1.09643666e+09
 1.09643669e+09 1.09643671e+09 1.09643673e+09 1.09643675e+09
 1.09643677e+09 1.09643680e+09 1.09643682e+09 1.09643684e+09
 1.09643686e+09 1.09643689e+09 1.09643691e+09 1.09643693e+09
 1.09643695e+09 1.09643698e+09 1.09643700e+09 1.09643702e+09
 1.09643704e+09 1.09643707e+09 1.09643709e+09 1.09643711e+09
 1.09643713e+09 1.09643715e+09 1.09643718e+09 1.09643720e+09
 1.09643722e+09 1.09643724e+09 1.09643727e+09 1.09643729e+09
 1.09643731e+09 1.09643733e+09 1.09643736e+09 1.09643738e+09
 1.09643740e+09 1.09643742e+09 1.09643745e+09 1.09643747e+09
 1.09643749e+09 1.09643751e+09 1.09643754e+09 1.09643756e+09
 1.09643758e+09 1.09643760e+09 1.09643762e+09 1.09643765e+09
 1.09643767e+09 1.09643769e+09 1.09643771e+09 1.09643774e+09
 1.09643776e+09 1.09643778e+09 1.09643780e+09 1.09643783e+09
 1.09643785e+09 1.09643787e+09 1.09643789e+09 1.09643792e+09
 1.09643794e+09 1.09643796e+09 1.09643798e+09 1.09643800e+09
 1.09643803e+09 1.09643805e+09 1.09643807e+09 1.09643809e+09
 1.09643812e+09 1.09643814e+09 1.09643816e+09 1.09643818e+09
 1.09643821e+09 1.09643823e+09 1.09643825e+09 1.09643827e+09
 1.09643830e+09 1.09643832e+09 1.09643834e+09 1.09643836e+09
 1.09643839e+09 1.09643841e+09 1.09643843e+09 1.09643845e+09
 1.09643847e+09 1.09643850e+09 1.09643852e+09 1.09643854e+09
 1.09643856e+09 1.09643859e+09 1.09643861e+09 1.09643863e+09
 1.09643865e+09 1.09643868e+09 1.09643870e+09 1.09643872e+09
 1.09643874e+09 1.09643877e+09 1.09643879e+09 1.09643881e+09
 1.09643883e+09 1.09643886e+09 1.09643888e+09 1.09643890e+09
 1.09643892e+09 1.09643894e+09 1.09643897e+09 1.09643899e+09
 1.09643901e+09 1.09643903e+09 1.09643906e+09 1.09643908e+09
 1.09643910e+09 1.09643912e+09 1.09643915e+09 1.09643917e+09
 1.09643919e+09 1.09643921e+09 1.09643924e+09 1.09643926e+09
 1.09643928e+09 1.09643930e+09 1.09643932e+09 1.09643935e+09
 1.09643937e+09 1.09643939e+09 1.09643941e+09 1.09643944e+09
 1.09643946e+09 1.09643948e+09 1.09643950e+09 1.09643953e+09
 1.09643955e+09 1.09643957e+09 1.09643959e+09 1.09643962e+09
 1.09643964e+09 1.09643966e+09 1.09643968e+09 1.09643971e+09
 1.09643973e+09 1.09643975e+09 1.09643977e+09 1.09643979e+09
 1.09643982e+09 1.09643984e+09 1.09643986e+09 1.09643988e+09
 1.09643991e+09 1.09643993e+09 1.09643995e+09 1.09643997e+09
 1.09644000e+09 1.09644002e+09 1.09644004e+09 1.09644006e+09
 1.09644009e+09 1.09644011e+09 1.09644013e+09 1.09644015e+09
 1.09644018e+09 1.09644020e+09 1.09644022e+09 1.09644024e+09
 1.09644026e+09 1.09644029e+09 1.09644031e+09 1.09644033e+09
 1.09644035e+09 1.09644038e+09 1.09644040e+09 1.09644042e+09
 1.09644044e+09 1.09644047e+09 1.09644049e+09 1.09644051e+09
 1.09644053e+09 1.09644056e+09 1.09644058e+09 1.09644060e+09]
