name =JUICE_ROI_GAN_4_5_07
flyby = ['2033 NOV 26 18:22:11', '2033 NOV 27 18:22:11']
Observation TW = <SpiceCell dtype = 1, length = 0, size = 2400, card = 4, is_set = 1, adjust = 0, init = 1, base = 94904994187872, data = 94904994187920>
Res(t) = [0.96380355 0.96545342 0.96710599 0.9687612  0.97041901 0.97207936
 0.97374222 0.97540755 0.97707529 0.9787454  0.98041785 0.98209259
 0.98376959 0.98544879 0.98713017 0.98881368 0.99049928 0.99218695
 0.99387664 0.99556831 0.99726194 0.99895748 1.0006549  1.00235417
 1.00405525 1.00575811 1.00746273 1.00916906 1.01087708 1.01258676
 1.01429806 1.01601097 1.01772543 1.01944144 1.02115896 1.02287797
 1.02459843 1.02632032 1.02804361 1.02976828 1.0314943  1.03322165
 1.0349503  1.03668023 1.03841141 1.04014382 1.04187744 1.04361224
 1.04534821 1.04708531 1.04882353 1.05056285 1.05230324 1.05404469
 1.05578717 1.05753066 1.05927515 1.06102062 1.06276703 1.06451439
 1.06626266 1.06801183 1.06976189 1.0715128  1.07326457 1.07501716
 1.07677056 1.07852476 1.08027974 1.08203548 1.08379196 1.08554918
 1.08730711 1.08906574 1.09082506 1.09258504 1.09434569 1.09610697
 1.09786888 1.0996314  1.10139453 1.10315824 1.10492252 1.10668736
 1.10845275 1.11021867 1.11198511 1.11375206 1.11551951 1.11728744
 1.11905585 1.12082471 1.12259403 1.12436378 1.12613397 1.12790456
 1.12967557 1.13144697 1.13321875 1.13499091 1.13676343 1.1385363
 1.14030952 1.14208307 1.14385695 1.14563114 1.14740564 1.14918043
 1.15095551 1.15273087 1.1545065  1.15628239 1.15805853 1.15983492
 1.16161154 1.16338839 1.16516545 1.16694273 1.16872022 1.17049789
 1.17227576 1.17405381 1.17583203 1.17761041 1.17938896 1.18116765
 1.1829465  1.18472547 1.18650458 1.18828382 1.19006317 1.19184263
 1.1936222  1.19540187 1.19718163 1.19896147 1.20074139 1.20252139
 1.20430146 1.20608159 1.20786177 1.20964201 1.21142229 1.21320262
 1.21498297 1.21676336 1.21854377 1.2203242  1.22210464 1.22388509
 1.22566555 1.227446   1.22922645 1.23100689 1.23278732 1.23456772
 1.2363481  1.23812845 1.23990877 1.24168905 1.24346929 1.24524948
 1.24702963 1.24880971 1.25058974 1.25236971 1.25414962 1.25592945
 1.25770921 1.25948889 1.26126849 1.263048   1.26482743 1.26660677
 1.26838601 1.27016515 1.27194419 1.27372312 1.27550195 1.27728066
 1.27905926 1.28083774 1.2826161  1.28439433 1.28617244 1.28795042
 1.28972826 1.29150597 1.29328354 1.29506097 1.29683825 1.29861538
 1.30039237 1.30216921 1.30394589 1.30572241 1.30749877 1.30927497
 1.31105101 1.31282688 1.31460258 1.3163781  1.31815346 1.31992864
 1.32170364 1.32347846 1.32525309 1.32702755 1.32880181 1.33057589
 1.33234978 1.33412347 1.33589697 1.33767027 1.33944338 1.34121628
 1.34298898 1.34476148 1.34653378 1.34830586 1.35007774 1.35184941
 1.35362087 1.35539211 1.35716313 1.35893395 1.36070454 1.36247491
 1.36424506 1.36601499 1.3677847  1.36955417 1.37132343 1.37309245
 1.37486125 1.37662981 1.37839815 1.38016625 1.38193411 1.38370174
 1.38546914 1.38723629 1.38900321 1.39076989 1.39253633 1.39430252
 1.39606847 1.39783418 1.39959964 1.40136486 1.40312983 1.40489455
 1.40665902 1.40842324 1.41018721 1.41195093 1.4137144  1.41547762
 1.41724058 1.41900329 1.42076574 1.42252793 1.42428987 1.42605155
 1.42781298 1.42957414 1.43133505 1.43309569 1.43485607 1.4366162
 1.43837606 1.44013566 1.44189499 1.44365406 1.44541287 1.44717141
 1.44892969 1.4506877  1.45244545 1.45420293 1.45596014 1.45771708
 1.45947376 1.46123017 1.46298631 1.46474218 1.46649779 1.46825312
 1.47000818 1.47176298 1.4735175  1.47527175 1.47702573 1.47877944
 1.48053288 1.48228604 1.48403894 1.48579156 1.48754391 1.48929599
 1.49104779 1.49279932 1.49455058 1.49630157 1.49805228 1.49980272
 1.50155288 1.50330277 1.50505239 1.50680174 1.50855081 1.5102996
 1.51204812 1.51379637 1.51554435 1.51729205 1.51903947 1.52078662
 1.5225335  1.52428011 1.52602644 1.52777249 1.52951828 1.53126378
 1.53300902 1.53475398 1.53649867 1.53824308 1.53998722 1.54173109
 1.54347468 1.54521801 1.54696105 1.54870383 1.55044633 1.55218857
 1.55393052 1.55567221 1.55741363 1.55915477 1.56089564 1.56263624
 1.56437657 1.56611663 1.56785642 1.56959593 1.57133518 1.57307416
 1.57481287 1.57655131 1.57828948 1.58002738 1.58176501 1.58350237
 1.58523947 1.5869763  1.58871286 1.59044916 1.59218518 1.59392094
 1.59565644 1.59739167 1.59912663 1.60086133 1.60259577 1.60432994
 1.60606385 1.60779749 1.60953087 1.61126399 1.61299684 1.61472944
 1.61646177 1.61819384 1.61992565 1.6216572  1.62338849 1.62511952
 1.62685029 1.62858081 1.63031106 1.63204106 1.6337708  1.63550028
 1.63722951 1.63895848 1.6406872  1.64241566 1.64414387 1.64587182
 1.64759952 1.64932697 1.65105416 1.65278111 1.6545078  1.65623424
 1.65796043 1.65968637 1.66141206 1.6631375  1.6648627  1.66658764
 1.66831234 1.67003679 1.671761   1.67348496 1.67520868 1.67693215
 1.67865538 1.68037836 1.6821011  1.6838236  1.68554586 1.68726788
 1.68898966 1.69071119 1.69243249 1.69415355 1.69587437 1.69759496
 1.6993153  1.70103541 1.70275529 1.70447493 1.70619434 1.70791351
 1.70963245 1.71135115 1.71306963 1.71478787 1.71650589 1.71822367
 1.71994122 1.72165855 1.72337565 1.72509252 1.72680916 1.72852558
 1.73024177 1.73195773 1.73367348 1.735389   1.73710429 1.73881937
 1.74053422 1.74224885 1.74396327 1.74567746 1.74739143 1.74910519
 1.75081873 1.75253205 1.75424516 1.75595805 1.75767072 1.75938319
 1.76109544 1.76280747 1.7645193  1.76623091 1.76794232 1.76965351
 1.7713645  1.77307527 1.77478584 1.77649621 1.77820636 1.77991632
 1.78162606 1.78333561 1.78504495 1.78675408 1.78846302 1.79017175
 1.79188029 1.79358863 1.79529676 1.7970047  1.79871244 1.80041999
 1.80212734 1.80383449 1.80554145 1.80724822 1.80895479 1.81066117
 1.81236736 1.81407336 1.81577917 1.81748479 1.81919023 1.82089547
 1.82260053 1.8243054  1.82601009 1.82771459 1.82941891 1.83112305
 1.83282701 1.83453078 1.83623437 1.83793779 1.83964102 1.84134408
 1.84304696 1.84474966 1.84645218 1.84815453 1.84985671 1.85155871
 1.85326054 1.8549622  1.85666369 1.85836501 1.86006616 1.86176714
 1.86346795 1.86516859 1.86686907 1.86856938 1.87026953 1.87196951
 1.87366933 1.87536899 1.87706848 1.87876782 1.88046699 1.88216601
 1.88386487 1.88556357 1.88726211 1.8889605  1.89065873 1.89235681
 1.89405474 1.89575251 1.89745013 1.8991476  1.90084492 1.90254209
 1.90423911 1.90593598 1.90763271 1.90932929 1.91102572 1.91272201
 1.91441816 1.91611416 1.91781002 1.91950574 1.92120132 1.92289676
 1.92459206 1.92628723 1.92798225 1.92967714 1.9313719  1.93306652
 1.934761   1.93645535 1.93814958 1.93984367 1.94153762 1.94323145
 1.94492515 1.94661873 1.94831217 1.95000549 1.95169868 1.95339175
 1.9550847  1.95677752 1.95847022 1.9601628  1.96185526 1.96354759
 1.96523981 1.96693192 1.9686239  1.97031577 1.97200752 1.97369916
 1.97539068 1.97708209 1.97877339 1.98046458 1.98215566 1.98384662
 1.98553748 1.98722823 1.98891888 1.99060942 1.99229985 1.99399018
 1.9956804  1.99737052 1.99906054 2.00075046 2.00244028 2.00412999
 2.00581961 2.00750913 2.00919856 2.01088789 2.01257712 2.01426626
 2.01595531 2.01764426 2.01933312 2.02102189 2.02271057 2.02439916
 2.02608766 2.02777607 2.0294644  2.03115264 2.0328408  2.03452887
 2.03621686 2.03790476 2.03959259 2.04128033 2.04296799 2.04465558
 2.04634308 2.04803051 2.04971787 2.05140514 2.05309234 2.05477947
 2.05646652 2.0581535  2.05984041 2.06152725 2.06321402 2.06490072
 2.06658736 2.06827392 2.06996042 2.07164685 2.07333322 2.07501952
 2.07670577 2.07839195 2.08007806 2.08176412 2.08345012 2.08513606
 2.08682194 2.08850776 2.09019353 2.09187924 2.0935649  2.0952505
 2.09693606 2.09862155 2.100307   2.1019924  2.10367775 2.10536305
 2.1070483  2.10873351 2.11041867 2.11210378 2.11378885 2.11547387
 2.11715886 2.1188438  2.1205287  2.12221356 2.12389838 2.12558317
 2.12726791 2.12895262 2.13063729 2.13232193 2.13400653 2.1356911
 2.13737564 2.13906015 2.14074462 2.14242907 2.14411349 2.14579787
 2.14748224 2.14916657 2.15085088 2.15253516 2.15421942 2.15590366
 2.15758787 2.15927207 2.16095624 2.16264039 2.16432452 2.16600864
 2.16769274 2.16937682 2.17106089 2.17274494 2.17442897 2.176113
 2.17779701 2.17948101 2.181165   2.18284898 2.18453296 2.18621692
 2.18790088 2.18958483 2.19126877 2.19295271 2.19463665 2.19632058
 2.19800452 2.19968845 2.20137238 2.20305631 2.20474024 2.20642417
 2.20810811 2.20979205 2.211476   2.21315995 2.2148439  2.21652787
 2.21821184 2.21989582 2.22157981 2.22326381 2.22494783 2.22663185
 2.22831589 2.22999994 2.23168401 2.23336809 2.23505219 2.2367363
 2.23842044 2.24010459 2.24178876 2.24347295 2.24515717 2.2468414
 2.24852566 2.25020995 2.25189425 2.25357859 2.25526295 2.25694733
 2.25863175 2.26031619 2.26200066 2.26368517 2.2653697  2.26705427
 2.26873887 2.2704235  2.27210817 2.27379287 2.27547761 2.27716239
 2.27884721 2.28053206 2.28221695 2.28390189 2.28558686 2.28727188
 2.28895694 2.29064204 2.29232719 2.29401239 2.29569763 2.29738291
 2.29906825 2.30075363 2.30243907 2.30412455 2.30581008 2.30749567
 2.30918131 2.310867   2.31255275 2.31423855 2.31592441 2.31761032
 2.3192963  2.32098233 2.32266842 2.32435457 2.32604078 2.32772706
 2.32941339 2.33109979 2.33278626 2.33447278 2.33615938 2.33784604
 2.33953277 2.34121957 2.34290643 2.34459337 2.34628038 2.34796745
 2.3496546  2.35134183 2.35302913 2.3547165  2.35640395 2.35809147
 2.35977907 2.36146675 2.36315451 2.36484235 2.36653027 2.36821827
 2.36990635 2.37159451 2.37328276 2.3749711  2.37665951 2.37834802
 2.38003661 2.38172529 2.38341406 2.38510291 2.38679186 2.3884809
 2.39017003 2.39185925 2.39354856 2.39523797 2.39692748 2.39861707
 2.40030677 2.40199656 2.40368646 2.40537645 2.40706654 2.40875673
 2.41044702 2.41213741 2.41382791 2.41551851 2.41720922 2.41890003
 2.42059094 2.42228197 2.4239731  2.42566434 2.42735568 2.42904714
 2.43073871 2.43243039 2.43412219 2.43581409 2.43750611 2.43919825
 2.4408905  2.44258287 2.44427535 2.44596795 2.44766067 2.44935351
 2.45104648 2.45273956 2.45443276 2.45612609 2.45781954 2.45951311
 2.46120681 2.46290063 2.46459458 2.46628866 2.46798287 2.4696772
 2.47137167 2.47306626 2.47476099 2.47645585 2.47815084 2.47984596
 2.48154122 2.48323662 2.48493215 2.48662782 2.48832362 2.49001956
 2.49171564 2.49341187 2.49510823 2.49680473 2.49850138 2.50019817
 2.5018951  2.50359217 2.5052894  2.50698676 2.50868428 2.51038194
 2.51207975 2.51377771 2.51547582 2.51717408 2.51887249 2.52057105
 2.52226976 2.52396863 2.52566766 2.52736684 2.52906617 2.53076566
 2.53246531 2.53416512 2.53586509 2.53756521 2.5392655  2.54096595
 2.54266656 2.54436733 2.54606826 2.54776936 2.54947063 2.55117206
 2.55287366 2.55457543 2.55627736 2.55797946 2.55968173 2.56138418
 2.56308679 2.56478958 2.56649253 2.56819566 2.56989897 2.57160245
 2.57330611 2.57500994 2.57671395 2.57841814 2.5801225  2.58182705
 2.58353178 2.58523668 2.58694177 2.58864704 2.5903525  2.59205814
 2.59376396 2.59546997 2.59717616 2.59888254 2.60058911 2.60229587
 2.60400281 2.60570995 2.60741728 2.6091248  2.61083251 2.61254041
 2.61424851 2.6159568  2.61766528 2.61937397 2.62108285 2.62279192
 2.6245012  2.62621067 2.62792034 2.62963021 2.63134029 2.63305056
 2.63476104 2.63647172 2.63818261 2.6398937  2.64160499 2.64331649
 2.6450282  2.64674011 2.64845224 2.65016457 2.65187711 2.65358987
 2.65530283 2.65701601 2.6587294  2.660443   2.66215682 2.66387085
 2.66558509 2.66729956 2.66901424 2.67072914 2.67244425 2.67415959
 2.67587515 2.67759092 2.67930692 2.68102314]
t = [1.06996753e+09 1.06996756e+09 1.06996759e+09 1.06996762e+09
 1.06996766e+09 1.06996769e+09 1.06996772e+09 1.06996776e+09
 1.06996779e+09 1.06996782e+09 1.06996786e+09 1.06996789e+09
 1.06996792e+09 1.06996796e+09 1.06996799e+09 1.06996802e+09
 1.06996805e+09 1.06996809e+09 1.06996812e+09 1.06996815e+09
 1.06996819e+09 1.06996822e+09 1.06996825e+09 1.06996829e+09
 1.06996832e+09 1.06996835e+09 1.06996839e+09 1.06996842e+09
 1.06996845e+09 1.06996849e+09 1.06996852e+09 1.06996855e+09
 1.06996858e+09 1.06996862e+09 1.06996865e+09 1.06996868e+09
 1.06996872e+09 1.06996875e+09 1.06996878e+09 1.06996882e+09
 1.06996885e+09 1.06996888e+09 1.06996892e+09 1.06996895e+09
 1.06996898e+09 1.06996902e+09 1.06996905e+09 1.06996908e+09
 1.06996911e+09 1.06996915e+09 1.06996918e+09 1.06996921e+09
 1.06996925e+09 1.06996928e+09 1.06996931e+09 1.06996935e+09
 1.06996938e+09 1.06996941e+09 1.06996945e+09 1.06996948e+09
 1.06996951e+09 1.06996954e+09 1.06996958e+09 1.06996961e+09
 1.06996964e+09 1.06996968e+09 1.06996971e+09 1.06996974e+09
 1.06996978e+09 1.06996981e+09 1.06996984e+09 1.06996988e+09
 1.06996991e+09 1.06996994e+09 1.06996998e+09 1.06997001e+09
 1.06997004e+09 1.06997007e+09 1.06997011e+09 1.06997014e+09
 1.06997017e+09 1.06997021e+09 1.06997024e+09 1.06997027e+09
 1.06997031e+09 1.06997034e+09 1.06997037e+09 1.06997041e+09
 1.06997044e+09 1.06997047e+09 1.06997050e+09 1.06997054e+09
 1.06997057e+09 1.06997060e+09 1.06997064e+09 1.06997067e+09
 1.06997070e+09 1.06997074e+09 1.06997077e+09 1.06997080e+09
 1.06997084e+09 1.06997087e+09 1.06997090e+09 1.06997094e+09
 1.06997097e+09 1.06997100e+09 1.06997103e+09 1.06997107e+09
 1.06997110e+09 1.06997113e+09 1.06997117e+09 1.06997120e+09
 1.06997123e+09 1.06997127e+09 1.06997130e+09 1.06997133e+09
 1.06997137e+09 1.06997140e+09 1.06997143e+09 1.06997147e+09
 1.06997150e+09 1.06997153e+09 1.06997156e+09 1.06997160e+09
 1.06997163e+09 1.06997166e+09 1.06997170e+09 1.06997173e+09
 1.06997176e+09 1.06997180e+09 1.06997183e+09 1.06997186e+09
 1.06997190e+09 1.06997193e+09 1.06997196e+09 1.06997199e+09
 1.06997203e+09 1.06997206e+09 1.06997209e+09 1.06997213e+09
 1.06997216e+09 1.06997219e+09 1.06997223e+09 1.06997226e+09
 1.06997229e+09 1.06997233e+09 1.06997236e+09 1.06997239e+09
 1.06997243e+09 1.06997246e+09 1.06997249e+09 1.06997252e+09
 1.06997256e+09 1.06997259e+09 1.06997262e+09 1.06997266e+09
 1.06997269e+09 1.06997272e+09 1.06997276e+09 1.06997279e+09
 1.06997282e+09 1.06997286e+09 1.06997289e+09 1.06997292e+09
 1.06997295e+09 1.06997299e+09 1.06997302e+09 1.06997305e+09
 1.06997309e+09 1.06997312e+09 1.06997315e+09 1.06997319e+09
 1.06997322e+09 1.06997325e+09 1.06997329e+09 1.06997332e+09
 1.06997335e+09 1.06997339e+09 1.06997342e+09 1.06997345e+09
 1.06997348e+09 1.06997352e+09 1.06997355e+09 1.06997358e+09
 1.06997362e+09 1.06997365e+09 1.06997368e+09 1.06997372e+09
 1.06997375e+09 1.06997378e+09 1.06997382e+09 1.06997385e+09
 1.06997388e+09 1.06997392e+09 1.06997395e+09 1.06997398e+09
 1.06997401e+09 1.06997405e+09 1.06997408e+09 1.06997411e+09
 1.06997415e+09 1.06997418e+09 1.06997421e+09 1.06997425e+09
 1.06997428e+09 1.06997431e+09 1.06997435e+09 1.06997438e+09
 1.06997441e+09 1.06997444e+09 1.06997448e+09 1.06997451e+09
 1.06997454e+09 1.06997458e+09 1.06997461e+09 1.06997464e+09
 1.06997468e+09 1.06997471e+09 1.06997474e+09 1.06997478e+09
 1.06997481e+09 1.06997484e+09 1.06997488e+09 1.06997491e+09
 1.06997494e+09 1.06997497e+09 1.06997501e+09 1.06997504e+09
 1.06997507e+09 1.06997511e+09 1.06997514e+09 1.06997517e+09
 1.06997521e+09 1.06997524e+09 1.06997527e+09 1.06997531e+09
 1.06997534e+09 1.06997537e+09 1.06997540e+09 1.06997544e+09
 1.06997547e+09 1.06997550e+09 1.06997554e+09 1.06997557e+09
 1.06997560e+09 1.06997564e+09 1.06997567e+09 1.06997570e+09
 1.06997574e+09 1.06997577e+09 1.06997580e+09 1.06997584e+09
 1.06997587e+09 1.06997590e+09 1.06997593e+09 1.06997597e+09
 1.06997600e+09 1.06997603e+09 1.06997607e+09 1.06997610e+09
 1.06997613e+09 1.06997617e+09 1.06997620e+09 1.06997623e+09
 1.06997627e+09 1.06997630e+09 1.06997633e+09 1.06997637e+09
 1.06997640e+09 1.06997643e+09 1.06997646e+09 1.06997650e+09
 1.06997653e+09 1.06997656e+09 1.06997660e+09 1.06997663e+09
 1.06997666e+09 1.06997670e+09 1.06997673e+09 1.06997676e+09
 1.06997680e+09 1.06997683e+09 1.06997686e+09 1.06997689e+09
 1.06997693e+09 1.06997696e+09 1.06997699e+09 1.06997703e+09
 1.06997706e+09 1.06997709e+09 1.06997713e+09 1.06997716e+09
 1.06997719e+09 1.06997723e+09 1.06997726e+09 1.06997729e+09
 1.06997733e+09 1.06997736e+09 1.06997739e+09 1.06997742e+09
 1.06997746e+09 1.06997749e+09 1.06997752e+09 1.06997756e+09
 1.06997759e+09 1.06997762e+09 1.06997766e+09 1.06997769e+09
 1.06997772e+09 1.06997776e+09 1.06997779e+09 1.06997782e+09
 1.06997785e+09 1.06997789e+09 1.06997792e+09 1.06997795e+09
 1.06997799e+09 1.06997802e+09 1.06997805e+09 1.06997809e+09
 1.06997812e+09 1.06997815e+09 1.06997819e+09 1.06997822e+09
 1.06997825e+09 1.06997829e+09 1.06997832e+09 1.06997835e+09
 1.06997838e+09 1.06997842e+09 1.06997845e+09 1.06997848e+09
 1.06997852e+09 1.06997855e+09 1.06997858e+09 1.06997862e+09
 1.06997865e+09 1.06997868e+09 1.06997872e+09 1.06997875e+09
 1.06997878e+09 1.06997882e+09 1.06997885e+09 1.06997888e+09
 1.06997891e+09 1.06997895e+09 1.06997898e+09 1.06997901e+09
 1.06997905e+09 1.06997908e+09 1.06997911e+09 1.06997915e+09
 1.06997918e+09 1.06997921e+09 1.06997925e+09 1.06997928e+09
 1.06997931e+09 1.06997934e+09 1.06997938e+09 1.06997941e+09
 1.06997944e+09 1.06997948e+09 1.06997951e+09 1.06997954e+09
 1.06997958e+09 1.06997961e+09 1.06997964e+09 1.06997968e+09
 1.06997971e+09 1.06997974e+09 1.06997978e+09 1.06997981e+09
 1.06997984e+09 1.06997987e+09 1.06997991e+09 1.06997994e+09
 1.06997997e+09 1.06998001e+09 1.06998004e+09 1.06998007e+09
 1.06998011e+09 1.06998014e+09 1.06998017e+09 1.06998021e+09
 1.06998024e+09 1.06998027e+09 1.06998030e+09 1.06998034e+09
 1.06998037e+09 1.06998040e+09 1.06998044e+09 1.06998047e+09
 1.06998050e+09 1.06998054e+09 1.06998057e+09 1.06998060e+09
 1.06998064e+09 1.06998067e+09 1.06998070e+09 1.06998074e+09
 1.06998077e+09 1.06998080e+09 1.06998083e+09 1.06998087e+09
 1.06998090e+09 1.06998093e+09 1.06998097e+09 1.06998100e+09
 1.06998103e+09 1.06998107e+09 1.06998110e+09 1.06998113e+09
 1.06998117e+09 1.06998120e+09 1.06998123e+09 1.06998127e+09
 1.06998130e+09 1.06998133e+09 1.06998136e+09 1.06998140e+09
 1.06998143e+09 1.06998146e+09 1.06998150e+09 1.06998153e+09
 1.06998156e+09 1.06998160e+09 1.06998163e+09 1.06998166e+09
 1.06998170e+09 1.06998173e+09 1.06998176e+09 1.06998179e+09
 1.06998183e+09 1.06998186e+09 1.06998189e+09 1.06998193e+09
 1.06998196e+09 1.06998199e+09 1.06998203e+09 1.06998206e+09
 1.06998209e+09 1.06998213e+09 1.06998216e+09 1.06998219e+09
 1.06998223e+09 1.06998226e+09 1.06998229e+09 1.06998232e+09
 1.06998236e+09 1.06998239e+09 1.06998242e+09 1.06998246e+09
 1.06998249e+09 1.06998252e+09 1.06998256e+09 1.06998259e+09
 1.06998262e+09 1.06998266e+09 1.06998269e+09 1.06998272e+09
 1.06998275e+09 1.06998279e+09 1.06998282e+09 1.06998285e+09
 1.06998289e+09 1.06998292e+09 1.06998295e+09 1.06998299e+09
 1.06998302e+09 1.06998305e+09 1.06998309e+09 1.06998312e+09
 1.06998315e+09 1.06998319e+09 1.06998322e+09 1.06998325e+09
 1.06998328e+09 1.06998332e+09 1.06998335e+09 1.06998338e+09
 1.06998342e+09 1.06998345e+09 1.06998348e+09 1.06998352e+09
 1.06998355e+09 1.06998358e+09 1.06998362e+09 1.06998365e+09
 1.06998368e+09 1.06998372e+09 1.06998375e+09 1.06998378e+09
 1.06998381e+09 1.06998385e+09 1.06998388e+09 1.06998391e+09
 1.06998395e+09 1.06998398e+09 1.06998401e+09 1.06998405e+09
 1.06998408e+09 1.06998411e+09 1.06998415e+09 1.06998418e+09
 1.06998421e+09 1.06998424e+09 1.06998428e+09 1.06998431e+09
 1.06998434e+09 1.06998438e+09 1.06998441e+09 1.06998444e+09
 1.06998448e+09 1.06998451e+09 1.06998454e+09 1.06998458e+09
 1.06998461e+09 1.06998464e+09 1.06998468e+09 1.06998471e+09
 1.06998474e+09 1.06998477e+09 1.06998481e+09 1.06998484e+09
 1.06998487e+09 1.06998491e+09 1.06998494e+09 1.06998497e+09
 1.06998501e+09 1.06998504e+09 1.06998507e+09 1.06998511e+09
 1.06998514e+09 1.06998517e+09 1.06998520e+09 1.06998524e+09
 1.06998527e+09 1.06998530e+09 1.06998534e+09 1.06998537e+09
 1.06998540e+09 1.06998544e+09 1.06998547e+09 1.06998550e+09
 1.06998554e+09 1.06998557e+09 1.06998560e+09 1.06998564e+09
 1.06998567e+09 1.06998570e+09 1.06998573e+09 1.06998577e+09
 1.06998580e+09 1.06998583e+09 1.06998587e+09 1.06998590e+09
 1.06998593e+09 1.06998597e+09 1.06998600e+09 1.06998603e+09
 1.06998607e+09 1.06998610e+09 1.06998613e+09 1.06998617e+09
 1.06998620e+09 1.06998623e+09 1.06998626e+09 1.06998630e+09
 1.06998633e+09 1.06998636e+09 1.06998640e+09 1.06998643e+09
 1.06998646e+09 1.06998650e+09 1.06998653e+09 1.06998656e+09
 1.06998660e+09 1.06998663e+09 1.06998666e+09 1.06998669e+09
 1.06998673e+09 1.06998676e+09 1.06998679e+09 1.06998683e+09
 1.06998686e+09 1.06998689e+09 1.06998693e+09 1.06998696e+09
 1.06998699e+09 1.06998703e+09 1.06998706e+09 1.06998709e+09
 1.06998713e+09 1.06998716e+09 1.06998719e+09 1.06998722e+09
 1.06998726e+09 1.06998729e+09 1.06998732e+09 1.06998736e+09
 1.06998739e+09 1.06998742e+09 1.06998746e+09 1.06998749e+09
 1.06998752e+09 1.06998756e+09 1.06998759e+09 1.06998762e+09
 1.06998765e+09 1.06998769e+09 1.06998772e+09 1.06998775e+09
 1.06998779e+09 1.06998782e+09 1.06998785e+09 1.06998789e+09
 1.06998792e+09 1.06998795e+09 1.06998799e+09 1.06998802e+09
 1.06998805e+09 1.06998809e+09 1.06998812e+09 1.06998815e+09
 1.06998818e+09 1.06998822e+09 1.06998825e+09 1.06998828e+09
 1.06998832e+09 1.06998835e+09 1.06998838e+09 1.06998842e+09
 1.06998845e+09 1.06998848e+09 1.06998852e+09 1.06998855e+09
 1.06998858e+09 1.06998862e+09 1.06998865e+09 1.06998868e+09
 1.06998871e+09 1.06998875e+09 1.06998878e+09 1.06998881e+09
 1.06998885e+09 1.06998888e+09 1.06998891e+09 1.06998895e+09
 1.06998898e+09 1.06998901e+09 1.06998905e+09 1.06998908e+09
 1.06998911e+09 1.06998914e+09 1.06998918e+09 1.06998921e+09
 1.06998924e+09 1.06998928e+09 1.06998931e+09 1.06998934e+09
 1.06998938e+09 1.06998941e+09 1.06998944e+09 1.06998948e+09
 1.06998951e+09 1.06998954e+09 1.06998958e+09 1.06998961e+09
 1.06998964e+09 1.06998967e+09 1.06998971e+09 1.06998974e+09
 1.06998977e+09 1.06998981e+09 1.06998984e+09 1.06998987e+09
 1.06998991e+09 1.06998994e+09 1.06998997e+09 1.06999001e+09
 1.06999004e+09 1.06999007e+09 1.06999010e+09 1.06999014e+09
 1.06999017e+09 1.06999020e+09 1.06999024e+09 1.06999027e+09
 1.06999030e+09 1.06999034e+09 1.06999037e+09 1.06999040e+09
 1.06999044e+09 1.06999047e+09 1.06999050e+09 1.06999054e+09
 1.06999057e+09 1.06999060e+09 1.06999063e+09 1.06999067e+09
 1.06999070e+09 1.06999073e+09 1.06999077e+09 1.06999080e+09
 1.06999083e+09 1.06999087e+09 1.06999090e+09 1.06999093e+09
 1.06999097e+09 1.06999100e+09 1.06999103e+09 1.06999107e+09
 1.06999110e+09 1.06999113e+09 1.06999116e+09 1.06999120e+09
 1.06999123e+09 1.06999126e+09 1.06999130e+09 1.06999133e+09
 1.06999136e+09 1.06999140e+09 1.06999143e+09 1.06999146e+09
 1.06999150e+09 1.06999153e+09 1.06999156e+09 1.06999159e+09
 1.06999163e+09 1.06999166e+09 1.06999169e+09 1.06999173e+09
 1.06999176e+09 1.06999179e+09 1.06999183e+09 1.06999186e+09
 1.06999189e+09 1.06999193e+09 1.06999196e+09 1.06999199e+09
 1.06999203e+09 1.06999206e+09 1.06999209e+09 1.06999212e+09
 1.06999216e+09 1.06999219e+09 1.06999222e+09 1.06999226e+09
 1.06999229e+09 1.06999232e+09 1.06999236e+09 1.06999239e+09
 1.06999242e+09 1.06999246e+09 1.06999249e+09 1.06999252e+09
 1.06999255e+09 1.06999259e+09 1.06999262e+09 1.06999265e+09
 1.06999269e+09 1.06999272e+09 1.06999275e+09 1.06999279e+09
 1.06999282e+09 1.06999285e+09 1.06999289e+09 1.06999292e+09
 1.06999295e+09 1.06999299e+09 1.06999302e+09 1.06999305e+09
 1.06999308e+09 1.06999312e+09 1.06999315e+09 1.06999318e+09
 1.06999322e+09 1.06999325e+09 1.06999328e+09 1.06999332e+09
 1.06999335e+09 1.06999338e+09 1.06999342e+09 1.06999345e+09
 1.06999348e+09 1.06999352e+09 1.06999355e+09 1.06999358e+09
 1.06999361e+09 1.06999365e+09 1.06999368e+09 1.06999371e+09
 1.06999375e+09 1.06999378e+09 1.06999381e+09 1.06999385e+09
 1.06999388e+09 1.06999391e+09 1.06999395e+09 1.06999398e+09
 1.06999401e+09 1.06999404e+09 1.06999408e+09 1.06999411e+09
 1.06999414e+09 1.06999418e+09 1.06999421e+09 1.06999424e+09
 1.06999428e+09 1.06999431e+09 1.06999434e+09 1.06999438e+09
 1.06999441e+09 1.06999444e+09 1.06999448e+09 1.06999451e+09
 1.06999454e+09 1.06999457e+09 1.06999461e+09 1.06999464e+09
 1.06999467e+09 1.06999471e+09 1.06999474e+09 1.06999477e+09
 1.06999481e+09 1.06999484e+09 1.06999487e+09 1.06999491e+09
 1.06999494e+09 1.06999497e+09 1.06999500e+09 1.06999504e+09
 1.06999507e+09 1.06999510e+09 1.06999514e+09 1.06999517e+09
 1.06999520e+09 1.06999524e+09 1.06999527e+09 1.06999530e+09
 1.06999534e+09 1.06999537e+09 1.06999540e+09 1.06999544e+09
 1.06999547e+09 1.06999550e+09 1.06999553e+09 1.06999557e+09
 1.06999560e+09 1.06999563e+09 1.06999567e+09 1.06999570e+09
 1.06999573e+09 1.06999577e+09 1.06999580e+09 1.06999583e+09
 1.06999587e+09 1.06999590e+09 1.06999593e+09 1.06999597e+09
 1.06999600e+09 1.06999603e+09 1.06999606e+09 1.06999610e+09
 1.06999613e+09 1.06999616e+09 1.06999620e+09 1.06999623e+09
 1.06999626e+09 1.06999630e+09 1.06999633e+09 1.06999636e+09
 1.06999640e+09 1.06999643e+09 1.06999646e+09 1.06999649e+09
 1.06999653e+09 1.06999656e+09 1.06999659e+09 1.06999663e+09
 1.06999666e+09 1.06999669e+09 1.06999673e+09 1.06999676e+09
 1.06999679e+09 1.06999683e+09 1.06999686e+09 1.06999689e+09
 1.06999693e+09 1.06999696e+09 1.06999699e+09 1.06999702e+09
 1.06999706e+09 1.06999709e+09 1.06999712e+09 1.06999716e+09
 1.06999719e+09 1.06999722e+09 1.06999726e+09 1.06999729e+09
 1.06999732e+09 1.06999736e+09 1.06999739e+09 1.06999742e+09
 1.06999745e+09 1.06999749e+09 1.06999752e+09 1.06999755e+09
 1.06999759e+09 1.06999762e+09 1.06999765e+09 1.06999769e+09
 1.06999772e+09 1.06999775e+09 1.06999779e+09 1.06999782e+09
 1.06999785e+09 1.06999789e+09 1.06999792e+09 1.06999795e+09
 1.06999798e+09 1.06999802e+09 1.06999805e+09 1.06999808e+09
 1.06999812e+09 1.06999815e+09 1.06999818e+09 1.06999822e+09
 1.06999825e+09 1.06999828e+09 1.06999832e+09 1.06999835e+09
 1.06999838e+09 1.06999842e+09 1.06999845e+09 1.06999848e+09
 1.06999851e+09 1.06999855e+09 1.06999858e+09 1.06999861e+09
 1.06999865e+09 1.06999868e+09 1.06999871e+09 1.06999875e+09
 1.06999878e+09 1.06999881e+09 1.06999885e+09 1.06999888e+09
 1.06999891e+09 1.06999894e+09 1.06999898e+09 1.06999901e+09
 1.06999904e+09 1.06999908e+09 1.06999911e+09 1.06999914e+09
 1.06999918e+09 1.06999921e+09 1.06999924e+09 1.06999928e+09
 1.06999931e+09 1.06999934e+09 1.06999938e+09 1.06999941e+09
 1.06999944e+09 1.06999947e+09 1.06999951e+09 1.06999954e+09
 1.06999957e+09 1.06999961e+09 1.06999964e+09 1.06999967e+09
 1.06999971e+09 1.06999974e+09 1.06999977e+09 1.06999981e+09
 1.06999984e+09 1.06999987e+09 1.06999990e+09 1.06999994e+09
 1.06999997e+09 1.07000000e+09 1.07000004e+09 1.07000007e+09
 1.07000010e+09 1.07000014e+09 1.07000017e+09 1.07000020e+09
 1.07000024e+09 1.07000027e+09 1.07000030e+09 1.07000034e+09
 1.07000037e+09 1.07000040e+09 1.07000043e+09 1.07000047e+09
 1.07000050e+09 1.07000053e+09 1.07000057e+09 1.07000060e+09]
minRes = 0.9638035478198689
minResTime = [1.06996753e+09]
Cov(t) = [100 100 100 100 100 100 100 100 100 100 100 100 100 100 100 100 100 100
 100 100 100 100 100 100 100 100 100 100 100 100 100 100 100 100 100 100
 100 100 100 100 100 100 100 100 100 100 100 100 100 100 100 100 100 100
 100 100 100 100 100 100 100 100 100 100 100 100 100 100 100 100 100 100
 100 100 100 100 100 100 100 100 100 100 100 100 100 100 100 100 100 100
 100 100 100 100 100 100 100 100 100 100 100 100 100 100 100 100 100 100
 100 100 100 100 100 100 100 100 100 100 100 100 100 100 100 100 100 100
 100 100 100 100 100 100 100 100 100 100 100 100 100 100 100 100 100 100
 100 100 100 100 100 100 100 100 100 100 100 100 100 100 100 100 100 100
 100 100 100 100 100 100 100 100 100 100 100 100 100 100 100 100 100 100
 100 100 100 100 100 100 100 100 100 100 100 100 100 100 100 100 100 100
 100 100 100 100 100 100 100 100 100 100 100 100 100 100 100 100 100 100
 100 100 100 100 100 100 100 100 100 100 100 100 100 100 100 100 100 100
 100 100 100 100 100 100 100 100 100 100 100 100 100 100 100 100 100 100
 100 100 100 100 100 100 100 100 100 100 100 100 100 100 100 100 100 100
 100 100 100 100 100 100 100 100 100 100 100 100 100 100 100 100 100 100
 100 100 100 100 100 100 100 100 100 100 100 100 100 100 100 100 100 100
 100 100 100 100 100 100 100 100 100 100 100 100 100 100 100 100 100 100
 100 100 100 100 100 100 100 100 100 100 100 100 100 100 100 100 100 100
 100 100 100 100 100 100 100 100 100 100 100 100 100 100 100 100 100 100
 100 100 100 100 100 100 100 100 100 100 100 100 100 100 100 100 100 100
 100 100 100 100 100 100 100 100 100 100 100 100 100 100 100 100 100 100
 100 100 100 100 100 100 100 100 100 100 100 100 100 100 100 100 100 100
 100 100 100 100 100 100 100 100 100 100 100 100 100 100 100 100 100 100
 100 100 100 100 100 100 100 100 100 100 100 100 100 100 100 100 100 100
 100 100 100 100 100 100 100 100 100 100 100 100 100 100 100 100 100 100
 100 100 100 100 100 100 100 100 100 100 100 100 100 100 100 100 100 100
 100 100 100 100 100 100 100 100 100 100 100 100 100 100 100 100 100 100
 100 100 100 100 100 100 100 100 100 100 100 100 100 100 100 100 100 100
 100 100 100 100 100 100 100 100 100 100 100 100 100 100 100 100 100 100
 100 100 100 100 100 100 100 100 100 100 100 100 100 100 100 100 100 100
 100 100 100 100 100 100 100 100 100 100 100 100 100 100 100 100 100 100
 100 100 100 100 100 100 100 100 100 100 100 100 100 100 100 100 100 100
 100 100 100 100 100 100 100 100 100 100 100 100 100 100 100 100 100 100
 100 100 100 100 100 100 100 100 100 100 100 100 100 100 100 100 100 100
 100 100 100 100 100 100 100 100 100 100 100 100 100 100 100 100 100 100
 100 100 100 100 100 100 100 100 100 100 100 100 100 100 100 100 100 100
 100 100 100 100 100 100 100 100 100 100 100 100 100 100 100 100 100 100
 100 100 100 100 100 100 100 100 100 100 100 100 100 100 100 100 100 100
 100 100 100 100 100 100 100 100 100 100 100 100 100 100 100 100 100 100
 100 100 100 100 100 100 100 100 100 100 100 100 100 100 100 100 100 100
 100 100 100 100 100 100 100 100 100 100 100 100 100 100 100 100 100 100
 100 100 100 100 100 100 100 100 100 100 100 100 100 100 100 100 100 100
 100 100 100 100 100 100 100 100 100 100 100 100 100 100 100 100 100 100
 100 100 100 100 100 100 100 100 100 100 100 100 100 100 100 100 100 100
 100 100 100 100 100 100 100 100 100 100 100 100 100 100 100 100 100 100
 100 100 100 100 100 100 100 100 100 100 100 100 100 100 100 100 100 100
 100 100 100 100 100 100 100 100 100 100 100 100 100 100 100 100 100 100
 100 100 100 100 100 100 100 100 100 100 100 100 100 100 100 100 100 100
 100 100 100 100 100 100 100 100 100 100 100 100 100 100 100 100 100 100
 100 100 100 100 100 100 100 100 100 100 100 100 100 100 100 100 100 100
 100 100 100 100 100 100 100 100 100 100 100 100 100 100 100 100 100 100
 100 100 100 100 100 100 100 100 100 100 100 100 100 100 100 100 100 100
 100 100 100 100 100 100 100 100 100 100 100 100 100 100 100 100 100 100
 100 100 100 100 100 100 100 100 100 100 100 100 100 100 100 100 100 100
 100 100 100 100 100 100 100 100 100 100]
maxCov = 100
maxCovTime = [1.06996753e+09 1.06996756e+09 1.06996759e+09 1.06996762e+09
 1.06996766e+09 1.06996769e+09 1.06996772e+09 1.06996776e+09
 1.06996779e+09 1.06996782e+09 1.06996786e+09 1.06996789e+09
 1.06996792e+09 1.06996796e+09 1.06996799e+09 1.06996802e+09
 1.06996805e+09 1.06996809e+09 1.06996812e+09 1.06996815e+09
 1.06996819e+09 1.06996822e+09 1.06996825e+09 1.06996829e+09
 1.06996832e+09 1.06996835e+09 1.06996839e+09 1.06996842e+09
 1.06996845e+09 1.06996849e+09 1.06996852e+09 1.06996855e+09
 1.06996858e+09 1.06996862e+09 1.06996865e+09 1.06996868e+09
 1.06996872e+09 1.06996875e+09 1.06996878e+09 1.06996882e+09
 1.06996885e+09 1.06996888e+09 1.06996892e+09 1.06996895e+09
 1.06996898e+09 1.06996902e+09 1.06996905e+09 1.06996908e+09
 1.06996911e+09 1.06996915e+09 1.06996918e+09 1.06996921e+09
 1.06996925e+09 1.06996928e+09 1.06996931e+09 1.06996935e+09
 1.06996938e+09 1.06996941e+09 1.06996945e+09 1.06996948e+09
 1.06996951e+09 1.06996954e+09 1.06996958e+09 1.06996961e+09
 1.06996964e+09 1.06996968e+09 1.06996971e+09 1.06996974e+09
 1.06996978e+09 1.06996981e+09 1.06996984e+09 1.06996988e+09
 1.06996991e+09 1.06996994e+09 1.06996998e+09 1.06997001e+09
 1.06997004e+09 1.06997007e+09 1.06997011e+09 1.06997014e+09
 1.06997017e+09 1.06997021e+09 1.06997024e+09 1.06997027e+09
 1.06997031e+09 1.06997034e+09 1.06997037e+09 1.06997041e+09
 1.06997044e+09 1.06997047e+09 1.06997050e+09 1.06997054e+09
 1.06997057e+09 1.06997060e+09 1.06997064e+09 1.06997067e+09
 1.06997070e+09 1.06997074e+09 1.06997077e+09 1.06997080e+09
 1.06997084e+09 1.06997087e+09 1.06997090e+09 1.06997094e+09
 1.06997097e+09 1.06997100e+09 1.06997103e+09 1.06997107e+09
 1.06997110e+09 1.06997113e+09 1.06997117e+09 1.06997120e+09
 1.06997123e+09 1.06997127e+09 1.06997130e+09 1.06997133e+09
 1.06997137e+09 1.06997140e+09 1.06997143e+09 1.06997147e+09
 1.06997150e+09 1.06997153e+09 1.06997156e+09 1.06997160e+09
 1.06997163e+09 1.06997166e+09 1.06997170e+09 1.06997173e+09
 1.06997176e+09 1.06997180e+09 1.06997183e+09 1.06997186e+09
 1.06997190e+09 1.06997193e+09 1.06997196e+09 1.06997199e+09
 1.06997203e+09 1.06997206e+09 1.06997209e+09 1.06997213e+09
 1.06997216e+09 1.06997219e+09 1.06997223e+09 1.06997226e+09
 1.06997229e+09 1.06997233e+09 1.06997236e+09 1.06997239e+09
 1.06997243e+09 1.06997246e+09 1.06997249e+09 1.06997252e+09
 1.06997256e+09 1.06997259e+09 1.06997262e+09 1.06997266e+09
 1.06997269e+09 1.06997272e+09 1.06997276e+09 1.06997279e+09
 1.06997282e+09 1.06997286e+09 1.06997289e+09 1.06997292e+09
 1.06997295e+09 1.06997299e+09 1.06997302e+09 1.06997305e+09
 1.06997309e+09 1.06997312e+09 1.06997315e+09 1.06997319e+09
 1.06997322e+09 1.06997325e+09 1.06997329e+09 1.06997332e+09
 1.06997335e+09 1.06997339e+09 1.06997342e+09 1.06997345e+09
 1.06997348e+09 1.06997352e+09 1.06997355e+09 1.06997358e+09
 1.06997362e+09 1.06997365e+09 1.06997368e+09 1.06997372e+09
 1.06997375e+09 1.06997378e+09 1.06997382e+09 1.06997385e+09
 1.06997388e+09 1.06997392e+09 1.06997395e+09 1.06997398e+09
 1.06997401e+09 1.06997405e+09 1.06997408e+09 1.06997411e+09
 1.06997415e+09 1.06997418e+09 1.06997421e+09 1.06997425e+09
 1.06997428e+09 1.06997431e+09 1.06997435e+09 1.06997438e+09
 1.06997441e+09 1.06997444e+09 1.06997448e+09 1.06997451e+09
 1.06997454e+09 1.06997458e+09 1.06997461e+09 1.06997464e+09
 1.06997468e+09 1.06997471e+09 1.06997474e+09 1.06997478e+09
 1.06997481e+09 1.06997484e+09 1.06997488e+09 1.06997491e+09
 1.06997494e+09 1.06997497e+09 1.06997501e+09 1.06997504e+09
 1.06997507e+09 1.06997511e+09 1.06997514e+09 1.06997517e+09
 1.06997521e+09 1.06997524e+09 1.06997527e+09 1.06997531e+09
 1.06997534e+09 1.06997537e+09 1.06997540e+09 1.06997544e+09
 1.06997547e+09 1.06997550e+09 1.06997554e+09 1.06997557e+09
 1.06997560e+09 1.06997564e+09 1.06997567e+09 1.06997570e+09
 1.06997574e+09 1.06997577e+09 1.06997580e+09 1.06997584e+09
 1.06997587e+09 1.06997590e+09 1.06997593e+09 1.06997597e+09
 1.06997600e+09 1.06997603e+09 1.06997607e+09 1.06997610e+09
 1.06997613e+09 1.06997617e+09 1.06997620e+09 1.06997623e+09
 1.06997627e+09 1.06997630e+09 1.06997633e+09 1.06997637e+09
 1.06997640e+09 1.06997643e+09 1.06997646e+09 1.06997650e+09
 1.06997653e+09 1.06997656e+09 1.06997660e+09 1.06997663e+09
 1.06997666e+09 1.06997670e+09 1.06997673e+09 1.06997676e+09
 1.06997680e+09 1.06997683e+09 1.06997686e+09 1.06997689e+09
 1.06997693e+09 1.06997696e+09 1.06997699e+09 1.06997703e+09
 1.06997706e+09 1.06997709e+09 1.06997713e+09 1.06997716e+09
 1.06997719e+09 1.06997723e+09 1.06997726e+09 1.06997729e+09
 1.06997733e+09 1.06997736e+09 1.06997739e+09 1.06997742e+09
 1.06997746e+09 1.06997749e+09 1.06997752e+09 1.06997756e+09
 1.06997759e+09 1.06997762e+09 1.06997766e+09 1.06997769e+09
 1.06997772e+09 1.06997776e+09 1.06997779e+09 1.06997782e+09
 1.06997785e+09 1.06997789e+09 1.06997792e+09 1.06997795e+09
 1.06997799e+09 1.06997802e+09 1.06997805e+09 1.06997809e+09
 1.06997812e+09 1.06997815e+09 1.06997819e+09 1.06997822e+09
 1.06997825e+09 1.06997829e+09 1.06997832e+09 1.06997835e+09
 1.06997838e+09 1.06997842e+09 1.06997845e+09 1.06997848e+09
 1.06997852e+09 1.06997855e+09 1.06997858e+09 1.06997862e+09
 1.06997865e+09 1.06997868e+09 1.06997872e+09 1.06997875e+09
 1.06997878e+09 1.06997882e+09 1.06997885e+09 1.06997888e+09
 1.06997891e+09 1.06997895e+09 1.06997898e+09 1.06997901e+09
 1.06997905e+09 1.06997908e+09 1.06997911e+09 1.06997915e+09
 1.06997918e+09 1.06997921e+09 1.06997925e+09 1.06997928e+09
 1.06997931e+09 1.06997934e+09 1.06997938e+09 1.06997941e+09
 1.06997944e+09 1.06997948e+09 1.06997951e+09 1.06997954e+09
 1.06997958e+09 1.06997961e+09 1.06997964e+09 1.06997968e+09
 1.06997971e+09 1.06997974e+09 1.06997978e+09 1.06997981e+09
 1.06997984e+09 1.06997987e+09 1.06997991e+09 1.06997994e+09
 1.06997997e+09 1.06998001e+09 1.06998004e+09 1.06998007e+09
 1.06998011e+09 1.06998014e+09 1.06998017e+09 1.06998021e+09
 1.06998024e+09 1.06998027e+09 1.06998030e+09 1.06998034e+09
 1.06998037e+09 1.06998040e+09 1.06998044e+09 1.06998047e+09
 1.06998050e+09 1.06998054e+09 1.06998057e+09 1.06998060e+09
 1.06998064e+09 1.06998067e+09 1.06998070e+09 1.06998074e+09
 1.06998077e+09 1.06998080e+09 1.06998083e+09 1.06998087e+09
 1.06998090e+09 1.06998093e+09 1.06998097e+09 1.06998100e+09
 1.06998103e+09 1.06998107e+09 1.06998110e+09 1.06998113e+09
 1.06998117e+09 1.06998120e+09 1.06998123e+09 1.06998127e+09
 1.06998130e+09 1.06998133e+09 1.06998136e+09 1.06998140e+09
 1.06998143e+09 1.06998146e+09 1.06998150e+09 1.06998153e+09
 1.06998156e+09 1.06998160e+09 1.06998163e+09 1.06998166e+09
 1.06998170e+09 1.06998173e+09 1.06998176e+09 1.06998179e+09
 1.06998183e+09 1.06998186e+09 1.06998189e+09 1.06998193e+09
 1.06998196e+09 1.06998199e+09 1.06998203e+09 1.06998206e+09
 1.06998209e+09 1.06998213e+09 1.06998216e+09 1.06998219e+09
 1.06998223e+09 1.06998226e+09 1.06998229e+09 1.06998232e+09
 1.06998236e+09 1.06998239e+09 1.06998242e+09 1.06998246e+09
 1.06998249e+09 1.06998252e+09 1.06998256e+09 1.06998259e+09
 1.06998262e+09 1.06998266e+09 1.06998269e+09 1.06998272e+09
 1.06998275e+09 1.06998279e+09 1.06998282e+09 1.06998285e+09
 1.06998289e+09 1.06998292e+09 1.06998295e+09 1.06998299e+09
 1.06998302e+09 1.06998305e+09 1.06998309e+09 1.06998312e+09
 1.06998315e+09 1.06998319e+09 1.06998322e+09 1.06998325e+09
 1.06998328e+09 1.06998332e+09 1.06998335e+09 1.06998338e+09
 1.06998342e+09 1.06998345e+09 1.06998348e+09 1.06998352e+09
 1.06998355e+09 1.06998358e+09 1.06998362e+09 1.06998365e+09
 1.06998368e+09 1.06998372e+09 1.06998375e+09 1.06998378e+09
 1.06998381e+09 1.06998385e+09 1.06998388e+09 1.06998391e+09
 1.06998395e+09 1.06998398e+09 1.06998401e+09 1.06998405e+09
 1.06998408e+09 1.06998411e+09 1.06998415e+09 1.06998418e+09
 1.06998421e+09 1.06998424e+09 1.06998428e+09 1.06998431e+09
 1.06998434e+09 1.06998438e+09 1.06998441e+09 1.06998444e+09
 1.06998448e+09 1.06998451e+09 1.06998454e+09 1.06998458e+09
 1.06998461e+09 1.06998464e+09 1.06998468e+09 1.06998471e+09
 1.06998474e+09 1.06998477e+09 1.06998481e+09 1.06998484e+09
 1.06998487e+09 1.06998491e+09 1.06998494e+09 1.06998497e+09
 1.06998501e+09 1.06998504e+09 1.06998507e+09 1.06998511e+09
 1.06998514e+09 1.06998517e+09 1.06998520e+09 1.06998524e+09
 1.06998527e+09 1.06998530e+09 1.06998534e+09 1.06998537e+09
 1.06998540e+09 1.06998544e+09 1.06998547e+09 1.06998550e+09
 1.06998554e+09 1.06998557e+09 1.06998560e+09 1.06998564e+09
 1.06998567e+09 1.06998570e+09 1.06998573e+09 1.06998577e+09
 1.06998580e+09 1.06998583e+09 1.06998587e+09 1.06998590e+09
 1.06998593e+09 1.06998597e+09 1.06998600e+09 1.06998603e+09
 1.06998607e+09 1.06998610e+09 1.06998613e+09 1.06998617e+09
 1.06998620e+09 1.06998623e+09 1.06998626e+09 1.06998630e+09
 1.06998633e+09 1.06998636e+09 1.06998640e+09 1.06998643e+09
 1.06998646e+09 1.06998650e+09 1.06998653e+09 1.06998656e+09
 1.06998660e+09 1.06998663e+09 1.06998666e+09 1.06998669e+09
 1.06998673e+09 1.06998676e+09 1.06998679e+09 1.06998683e+09
 1.06998686e+09 1.06998689e+09 1.06998693e+09 1.06998696e+09
 1.06998699e+09 1.06998703e+09 1.06998706e+09 1.06998709e+09
 1.06998713e+09 1.06998716e+09 1.06998719e+09 1.06998722e+09
 1.06998726e+09 1.06998729e+09 1.06998732e+09 1.06998736e+09
 1.06998739e+09 1.06998742e+09 1.06998746e+09 1.06998749e+09
 1.06998752e+09 1.06998756e+09 1.06998759e+09 1.06998762e+09
 1.06998765e+09 1.06998769e+09 1.06998772e+09 1.06998775e+09
 1.06998779e+09 1.06998782e+09 1.06998785e+09 1.06998789e+09
 1.06998792e+09 1.06998795e+09 1.06998799e+09 1.06998802e+09
 1.06998805e+09 1.06998809e+09 1.06998812e+09 1.06998815e+09
 1.06998818e+09 1.06998822e+09 1.06998825e+09 1.06998828e+09
 1.06998832e+09 1.06998835e+09 1.06998838e+09 1.06998842e+09
 1.06998845e+09 1.06998848e+09 1.06998852e+09 1.06998855e+09
 1.06998858e+09 1.06998862e+09 1.06998865e+09 1.06998868e+09
 1.06998871e+09 1.06998875e+09 1.06998878e+09 1.06998881e+09
 1.06998885e+09 1.06998888e+09 1.06998891e+09 1.06998895e+09
 1.06998898e+09 1.06998901e+09 1.06998905e+09 1.06998908e+09
 1.06998911e+09 1.06998914e+09 1.06998918e+09 1.06998921e+09
 1.06998924e+09 1.06998928e+09 1.06998931e+09 1.06998934e+09
 1.06998938e+09 1.06998941e+09 1.06998944e+09 1.06998948e+09
 1.06998951e+09 1.06998954e+09 1.06998958e+09 1.06998961e+09
 1.06998964e+09 1.06998967e+09 1.06998971e+09 1.06998974e+09
 1.06998977e+09 1.06998981e+09 1.06998984e+09 1.06998987e+09
 1.06998991e+09 1.06998994e+09 1.06998997e+09 1.06999001e+09
 1.06999004e+09 1.06999007e+09 1.06999010e+09 1.06999014e+09
 1.06999017e+09 1.06999020e+09 1.06999024e+09 1.06999027e+09
 1.06999030e+09 1.06999034e+09 1.06999037e+09 1.06999040e+09
 1.06999044e+09 1.06999047e+09 1.06999050e+09 1.06999054e+09
 1.06999057e+09 1.06999060e+09 1.06999063e+09 1.06999067e+09
 1.06999070e+09 1.06999073e+09 1.06999077e+09 1.06999080e+09
 1.06999083e+09 1.06999087e+09 1.06999090e+09 1.06999093e+09
 1.06999097e+09 1.06999100e+09 1.06999103e+09 1.06999107e+09
 1.06999110e+09 1.06999113e+09 1.06999116e+09 1.06999120e+09
 1.06999123e+09 1.06999126e+09 1.06999130e+09 1.06999133e+09
 1.06999136e+09 1.06999140e+09 1.06999143e+09 1.06999146e+09
 1.06999150e+09 1.06999153e+09 1.06999156e+09 1.06999159e+09
 1.06999163e+09 1.06999166e+09 1.06999169e+09 1.06999173e+09
 1.06999176e+09 1.06999179e+09 1.06999183e+09 1.06999186e+09
 1.06999189e+09 1.06999193e+09 1.06999196e+09 1.06999199e+09
 1.06999203e+09 1.06999206e+09 1.06999209e+09 1.06999212e+09
 1.06999216e+09 1.06999219e+09 1.06999222e+09 1.06999226e+09
 1.06999229e+09 1.06999232e+09 1.06999236e+09 1.06999239e+09
 1.06999242e+09 1.06999246e+09 1.06999249e+09 1.06999252e+09
 1.06999255e+09 1.06999259e+09 1.06999262e+09 1.06999265e+09
 1.06999269e+09 1.06999272e+09 1.06999275e+09 1.06999279e+09
 1.06999282e+09 1.06999285e+09 1.06999289e+09 1.06999292e+09
 1.06999295e+09 1.06999299e+09 1.06999302e+09 1.06999305e+09
 1.06999308e+09 1.06999312e+09 1.06999315e+09 1.06999318e+09
 1.06999322e+09 1.06999325e+09 1.06999328e+09 1.06999332e+09
 1.06999335e+09 1.06999338e+09 1.06999342e+09 1.06999345e+09
 1.06999348e+09 1.06999352e+09 1.06999355e+09 1.06999358e+09
 1.06999361e+09 1.06999365e+09 1.06999368e+09 1.06999371e+09
 1.06999375e+09 1.06999378e+09 1.06999381e+09 1.06999385e+09
 1.06999388e+09 1.06999391e+09 1.06999395e+09 1.06999398e+09
 1.06999401e+09 1.06999404e+09 1.06999408e+09 1.06999411e+09
 1.06999414e+09 1.06999418e+09 1.06999421e+09 1.06999424e+09
 1.06999428e+09 1.06999431e+09 1.06999434e+09 1.06999438e+09
 1.06999441e+09 1.06999444e+09 1.06999448e+09 1.06999451e+09
 1.06999454e+09 1.06999457e+09 1.06999461e+09 1.06999464e+09
 1.06999467e+09 1.06999471e+09 1.06999474e+09 1.06999477e+09
 1.06999481e+09 1.06999484e+09 1.06999487e+09 1.06999491e+09
 1.06999494e+09 1.06999497e+09 1.06999500e+09 1.06999504e+09
 1.06999507e+09 1.06999510e+09 1.06999514e+09 1.06999517e+09
 1.06999520e+09 1.06999524e+09 1.06999527e+09 1.06999530e+09
 1.06999534e+09 1.06999537e+09 1.06999540e+09 1.06999544e+09
 1.06999547e+09 1.06999550e+09 1.06999553e+09 1.06999557e+09
 1.06999560e+09 1.06999563e+09 1.06999567e+09 1.06999570e+09
 1.06999573e+09 1.06999577e+09 1.06999580e+09 1.06999583e+09
 1.06999587e+09 1.06999590e+09 1.06999593e+09 1.06999597e+09
 1.06999600e+09 1.06999603e+09 1.06999606e+09 1.06999610e+09
 1.06999613e+09 1.06999616e+09 1.06999620e+09 1.06999623e+09
 1.06999626e+09 1.06999630e+09 1.06999633e+09 1.06999636e+09
 1.06999640e+09 1.06999643e+09 1.06999646e+09 1.06999649e+09
 1.06999653e+09 1.06999656e+09 1.06999659e+09 1.06999663e+09
 1.06999666e+09 1.06999669e+09 1.06999673e+09 1.06999676e+09
 1.06999679e+09 1.06999683e+09 1.06999686e+09 1.06999689e+09
 1.06999693e+09 1.06999696e+09 1.06999699e+09 1.06999702e+09
 1.06999706e+09 1.06999709e+09 1.06999712e+09 1.06999716e+09
 1.06999719e+09 1.06999722e+09 1.06999726e+09 1.06999729e+09
 1.06999732e+09 1.06999736e+09 1.06999739e+09 1.06999742e+09
 1.06999745e+09 1.06999749e+09 1.06999752e+09 1.06999755e+09
 1.06999759e+09 1.06999762e+09 1.06999765e+09 1.06999769e+09
 1.06999772e+09 1.06999775e+09 1.06999779e+09 1.06999782e+09
 1.06999785e+09 1.06999789e+09 1.06999792e+09 1.06999795e+09
 1.06999798e+09 1.06999802e+09 1.06999805e+09 1.06999808e+09
 1.06999812e+09 1.06999815e+09 1.06999818e+09 1.06999822e+09
 1.06999825e+09 1.06999828e+09 1.06999832e+09 1.06999835e+09
 1.06999838e+09 1.06999842e+09 1.06999845e+09 1.06999848e+09
 1.06999851e+09 1.06999855e+09 1.06999858e+09 1.06999861e+09
 1.06999865e+09 1.06999868e+09 1.06999871e+09 1.06999875e+09
 1.06999878e+09 1.06999881e+09 1.06999885e+09 1.06999888e+09
 1.06999891e+09 1.06999894e+09 1.06999898e+09 1.06999901e+09
 1.06999904e+09 1.06999908e+09 1.06999911e+09 1.06999914e+09
 1.06999918e+09 1.06999921e+09 1.06999924e+09 1.06999928e+09
 1.06999931e+09 1.06999934e+09 1.06999938e+09 1.06999941e+09
 1.06999944e+09 1.06999947e+09 1.06999951e+09 1.06999954e+09
 1.06999957e+09 1.06999961e+09 1.06999964e+09 1.06999967e+09
 1.06999971e+09 1.06999974e+09 1.06999977e+09 1.06999981e+09
 1.06999984e+09 1.06999987e+09 1.06999990e+09 1.06999994e+09
 1.06999997e+09 1.07000000e+09 1.07000004e+09 1.07000007e+09
 1.07000010e+09 1.07000014e+09 1.07000017e+09 1.07000020e+09
 1.07000024e+09 1.07000027e+09 1.07000030e+09 1.07000034e+09
 1.07000037e+09 1.07000040e+09 1.07000043e+09 1.07000047e+09
 1.07000050e+09 1.07000053e+09 1.07000057e+09 1.07000060e+09]
