name =JUICE_ROI_GAN_4_4_07
flyby = ['2034 JUL 11 19:50:31', '2034 JUL 12 19:50:31']
Observation TW = <SpiceCell dtype = 1, length = 0, size = 2800, card = 8, is_set = 1, adjust = 0, init = 1, base = 93999615625088, data = 93999615625136>
Res(t) = [3.19073075 3.18866658 3.18660894 3.18455784 3.18251323 3.18047512
 3.17844349 3.17641831 3.17439959 3.17238729 3.1703814  3.16838191
 3.1663888  3.16440206 3.16242166 3.16044759 3.15847985 3.15651841
 3.15456325 3.15261436 3.15067173 3.14873535 3.14680518 3.14488122
 3.14296346 3.14105188 3.13914646 3.13724719 3.13535406 3.13346704
 3.13158612 3.1297113  3.12784255 3.12597985 3.1241232  3.12227258
 3.12042798 3.11858937 3.11675675 3.1149301  3.1131094  3.11129465
 3.10948582 3.1076829  3.10588589 3.10409475 3.10230949 3.10053008
 3.09875652 3.09698878 3.09522685 3.09347072 3.09172037 3.0899758
 3.08823698 3.08650391 3.08477656 3.08305493 3.081339   3.07962876
 3.07792419 3.07622528 3.07453202 3.07284439 3.07116239 3.06948598
 3.06781517 3.06614994 3.06449027 3.06283616 3.06118759 3.05954454
 3.057907   3.05627496 3.05464841 3.05302734 3.05141172 3.04980155
 3.04819681 3.0465975  3.04500359 3.04341508 3.04183195 3.04025419
 3.03868179 3.03711473 3.03555301 3.0339966  3.0324455  3.03089969
 3.02935917 3.02782391 3.02629391 3.02476916 3.02324963 3.02173533
 3.02022623 3.01872233 3.01722361 3.01573006 3.01424166 3.01275842
 3.01128031 3.00980732 3.00833944 3.00687665 3.00541895 3.00396634
 3.00251877 3.00107626 2.99963879 2.99820635 2.99677892 2.99535649
 2.99393906 2.9925266  2.99111912 2.98971659 2.988319   2.98692635
 2.98553863 2.98415581 2.98277789 2.98140487 2.98003671 2.97867343
 2.97731499 2.97596141 2.97461265 2.97326871 2.97192959 2.97059526
 2.96926572 2.96794096 2.96662096 2.96530571 2.96399521 2.96268945
 2.9613884  2.96009206 2.95880043 2.95751349 2.95623122 2.95495362
 2.95368068 2.95241239 2.95114873 2.94988969 2.94863527 2.94738546
 2.94614024 2.9448996  2.94366354 2.94243204 2.94120509 2.93998268
 2.9387648  2.93755145 2.9363426  2.93513826 2.93393841 2.93274304
 2.93155214 2.93036569 2.9291837  2.92800615 2.92683302 2.92566432
 2.92450003 2.92334014 2.92218463 2.92103351 2.91988676 2.91874437
 2.91760633 2.91647263 2.91534326 2.91421822 2.91309748 2.91198105
 2.91086891 2.90976105 2.90865747 2.90755815 2.90646309 2.90537227
 2.90428568 2.90320332 2.90212518 2.90105125 2.89998151 2.89891596
 2.89785459 2.89679739 2.89574436 2.89469547 2.89365072 2.89261011
 2.89157362 2.89054125 2.88951298 2.88848881 2.88746873 2.88645273
 2.88544079 2.88443292 2.8834291  2.88242932 2.88143358 2.88044186
 2.87945415 2.87847045 2.87749076 2.87651505 2.87554332 2.87457557
 2.87361178 2.87265194 2.87169605 2.87074411 2.86979608 2.86885198
 2.86791179 2.86697551 2.86604312 2.86511461 2.86418999 2.86326923
 2.86235234 2.8614393  2.8605301  2.85962474 2.85872321 2.8578255
 2.8569316  2.8560415  2.8551552  2.85427269 2.85339395 2.85251899
 2.85164778 2.85078033 2.84991663 2.84905666 2.84820043 2.84734792
 2.84649912 2.84565403 2.84481263 2.84397493 2.84314091 2.84231057
 2.84148388 2.84066086 2.83984149 2.83902577 2.83821368 2.83740522
 2.83660038 2.83579914 2.83500152 2.83420749 2.83341705 2.8326302
 2.83184691 2.8310672  2.83029104 2.82951843 2.82874937 2.82798385
 2.82722185 2.82646338 2.82570842 2.82495697 2.82420901 2.82346455
 2.82272357 2.82198607 2.82125204 2.82052148 2.81979437 2.8190707
 2.81835048 2.81763369 2.81692033 2.81621039 2.81550386 2.81480074
 2.81410101 2.81340468 2.81271172 2.81202215 2.81133595 2.81065311
 2.80997362 2.80929749 2.80862469 2.80795523 2.8072891  2.80662629
 2.8059668  2.80531061 2.80465772 2.80400813 2.80336182 2.8027188
 2.80207904 2.80144256 2.80080933 2.80017936 2.79955263 2.79892915
 2.7983089  2.79769187 2.79707807 2.79646748 2.79586009 2.79525591
 2.79465492 2.79405711 2.79346249 2.79287104 2.79228276 2.79169764
 2.79111568 2.79053686 2.78996119 2.78938866 2.78881925 2.78825296
 2.78768979 2.78712974 2.78657278 2.78601893 2.78546816 2.78492048
 2.78437589 2.78383436 2.7832959  2.7827605  2.78222816 2.78169886
 2.7811726  2.78064938 2.78012919 2.77961203 2.77909788 2.77858674
 2.77807861 2.77757348 2.77707135 2.7765722  2.77607603 2.77558284
 2.77509262 2.77460536 2.77412106 2.77363971 2.77316131 2.77268585
 2.77221332 2.77174373 2.77127705 2.7708133  2.77035245 2.76989451
 2.76943947 2.76898732 2.76853807 2.76809169 2.76764819 2.76720757
 2.76676981 2.76633491 2.76590286 2.76547367 2.76504731 2.7646238
 2.76420312 2.76378526 2.76337023 2.76295801 2.7625486  2.762142
 2.76173819 2.76133718 2.76093896 2.76054352 2.76015086 2.75976097
 2.75937385 2.75898948 2.75860788 2.75822902 2.75785291 2.75747955
 2.75710891 2.75674101 2.75637583 2.75601337 2.75565362 2.75529658
 2.75494225 2.75459061 2.75424166 2.75389541 2.75355183 2.75321094
 2.75287271 2.75253716 2.75220427 2.75187403 2.75154645 2.75122151
 2.75089921 2.75057956 2.75026253 2.74994813 2.74963635 2.7493272
 2.74902065 2.74871671 2.74841537 2.74811663 2.74782048 2.74752692
 2.74723594 2.74694754 2.74666171 2.74637845 2.74609776 2.74581962
 2.74554404 2.745271   2.74500051 2.74473256 2.74446714 2.74420426
 2.74394389 2.74368605 2.74343073 2.74317791 2.74292761 2.7426798
 2.74243449 2.74219167 2.74195134 2.7417135  2.74147813 2.74124524
 2.74101482 2.74078686 2.74056136 2.74033832 2.74011773 2.73989959
 2.73968389 2.73947062 2.73925979 2.73905139 2.73884542 2.73864186
 2.73844072 2.73824199 2.73804567 2.73785175 2.73766023 2.7374711
 2.73728436 2.73710001 2.73691804 2.73673844 2.73656121 2.73638636
 2.73621387 2.73604373 2.73587595 2.73571053 2.73554745 2.73538671
 2.73522831 2.73507224 2.7349185  2.73476709 2.734618   2.73447123
 2.73432677 2.73418462 2.73404477 2.73390723 2.73377198 2.73363903
 2.73350836 2.73337998 2.73325387 2.73313005 2.7330085  2.73288921
 2.73277219 2.73265743 2.73254493 2.73243468 2.73232667 2.73222091
 2.73211739 2.73201611 2.73191706 2.73182024 2.73172565 2.73163327
 2.73154311 2.73145517 2.73136944 2.73128591 2.73120458 2.73112545
 2.73104851 2.73097377 2.73090121 2.73083083 2.73076263 2.73069661
 2.73063276 2.73057108 2.73051156 2.7304542  2.730399   2.73034595
 2.73029505 2.73024629 2.73019968 2.73015521 2.73011286 2.73007266
 2.73003457 2.72999861 2.72996477 2.72993305 2.72990344 2.72987594
 2.72985055 2.72982725 2.72980606 2.72978696 2.72976995 2.72975503
 2.7297422  2.72973144 2.72972276 2.72971616 2.72971163 2.72970917
 2.72970876 2.72971042 2.72971414 2.72971991 2.72972773 2.72973759
 2.7297495  2.72976345 2.72977943 2.72979745 2.7298175  2.72983957
 2.72986367 2.72988979 2.72991792 2.72994807 2.72998022 2.73001438
 2.73005055 2.73008872 2.73012888 2.73017103 2.73021518 2.73026131
 2.73030943 2.73035952 2.7304116  2.73046565 2.73052166 2.73057965
 2.7306396  2.73070152 2.73076539 2.73083122 2.73089899 2.73096872
 2.73104039 2.73111401 2.73118957 2.73126706 2.73134648 2.73142784
 2.73151112 2.73159633 2.73168346 2.7317725  2.73186347 2.73195634
 2.73205112 2.73214781 2.7322464  2.7323469  2.73244929 2.73255357
 2.73265974 2.73276781 2.73287776 2.73298959 2.7331033  2.73321889
 2.73333635 2.73345568 2.73357688 2.73369995 2.73382487 2.73395166
 2.7340803  2.7342108  2.73434315 2.73447734 2.73461338 2.73475126
 2.73489099 2.73503254 2.73517594 2.73532116 2.73546821 2.73561709
 2.7357678  2.73592032 2.73607466 2.73623081 2.73638877 2.73654855
 2.73671013 2.73687352 2.7370387  2.73720569 2.73737447 2.73754504
 2.7377174  2.73789156 2.73806749 2.73824521 2.73842471 2.73860599
 2.73878904 2.73897387 2.73916046 2.73934882 2.73953895 2.73973083
 2.73992448 2.74011988 2.74031704 2.74051595 2.74071661 2.74091901
 2.74112316 2.74132905 2.74153667 2.74174604 2.74195714 2.74216997
 2.74238453 2.74260082 2.74281883 2.74303856 2.74326002 2.74348319
 2.74370807 2.74393466 2.74416297 2.74439298 2.7446247  2.74485812
 2.74509324 2.74533006 2.74556857 2.74580878 2.74605068 2.74629426
 2.74653953 2.74678649 2.74703513 2.74728544 2.74753743 2.7477911
 2.74804644 2.74830345 2.74856213 2.74882247 2.74908447 2.74934814
 2.74961346 2.74988045 2.75014908 2.75041937 2.7506913  2.75096489
 2.75124012 2.75151699 2.75179551 2.75207566 2.75235744 2.75264087
 2.75292593 2.75321261 2.75350092 2.75379086 2.75408243 2.75437561
 2.75467042 2.75496684 2.75526488 2.75556453 2.75586579 2.75616866
 2.75647313 2.75677922 2.7570869  2.75739619 2.75770707 2.75801955
 2.75833363 2.75864929 2.75896655 2.7592854  2.75960583 2.75992785
 2.76025145 2.76057663 2.76090339 2.76123173 2.76156164 2.76189313
 2.76222618 2.7625608  2.76289699 2.76323475 2.76357407 2.76391495
 2.76425739 2.76460138 2.76494693 2.76529404 2.76564269 2.7659929
 2.76634465 2.76669795 2.7670528  2.76740918 2.76776711 2.76812657
 2.76848758 2.76885012 2.76921419 2.76957979 2.76994692 2.77031558
 2.77068576 2.77105747 2.7714307  2.77180545 2.77218173 2.77255951
 2.77293882 2.77331963 2.77370196 2.7740858  2.77447115 2.774858
 2.77524636 2.77563622 2.77602759 2.77642045 2.77681481 2.77721067
 2.77760802 2.77800687 2.77840721 2.77880903 2.77921235 2.77961715
 2.78002344 2.78043121 2.78084046 2.78125119 2.7816634  2.78207709
 2.78249225 2.78290888 2.78332699 2.78374657 2.78416762 2.78459013
 2.78501411 2.78543955 2.78586646 2.78629483 2.78672465 2.78715594
 2.78758868 2.78802288 2.78845853 2.78889563 2.78933418 2.78977418
 2.79021563 2.79065853 2.79110287 2.79154865 2.79199587 2.79244454
 2.79289464 2.79334618 2.79379916 2.79425356 2.79470941 2.79516668
 2.79562539 2.79608552 2.79654708 2.79701007 2.79747448 2.79794031
 2.79840757 2.79887624 2.79934634 2.79981785 2.80029078 2.80076512
 2.80124088 2.80171805 2.80219663 2.80267662 2.80315802 2.80364082
 2.80412503 2.80461065 2.80509767 2.80558609 2.80607591 2.80656713
 2.80705975 2.80755376 2.80804917 2.80854597 2.80904417 2.80954376
 2.81004474 2.81054711 2.81105086 2.81155601 2.81206253 2.81257045
 2.81307974 2.81359042 2.81410248 2.81461592 2.81513074 2.81564693
 2.8161645  2.81668345 2.81720377 2.81772546 2.81824852 2.81877295
 2.81929875 2.81982592 2.82035446 2.82088437 2.82141564 2.82194827
 2.82248226 2.82301762 2.82355433 2.82409241 2.82463184 2.82517263
 2.82571478 2.82625828 2.82680314 2.82734935 2.82789691 2.82844582
 2.82899608 2.82954769 2.83010065 2.83065495 2.8312106  2.8317676
 2.83232594 2.83288562 2.83344664 2.83400901 2.83457271 2.83513776
 2.83570414 2.83627185 2.83684091 2.8374113  2.83798302 2.83855608
 2.83913047 2.83970619 2.84028324 2.84086162 2.84144133 2.84202237
 2.84260473 2.84318842 2.84377344 2.84435977 2.84494744 2.84553642
 2.84612673 2.84671836 2.8473113  2.84790557 2.84850115 2.84909805
 2.84969627 2.85029581 2.85089666 2.85149882 2.8521023  2.85270709
 2.85331319 2.8539206  2.85452932 2.85513935 2.85575069 2.85636334
 2.8569773  2.85759256 2.85820912 2.858827   2.85944617 2.86006665
 2.86068843 2.86131152 2.8619359  2.86256159 2.86318858 2.86381686
 2.86444644 2.86507732 2.8657095  2.86634298 2.86697775 2.86761381
 2.86825117 2.86888982 2.86952977 2.87017101 2.87081354 2.87145736
 2.87210247 2.87274888 2.87339657 2.87404555 2.87469582 2.87534737
 2.87600021 2.87665434 2.87730976 2.87796646 2.87862444 2.87928371
 2.87994426 2.88060609 2.88126921 2.88193361 2.88259929 2.88326625
 2.88393449 2.88460401 2.88527481 2.88594689 2.88662024 2.88729487
 2.88797079 2.88864797 2.88932643 2.89000617 2.89068719 2.89136948
 2.89205304 2.89273788 2.89342398 2.89411137 2.89480002 2.89548995
 2.89618115 2.89687362 2.89756736 2.89826237]
t = [1.08957295e+09 1.08957299e+09 1.08957304e+09 1.08957308e+09
 1.08957313e+09 1.08957317e+09 1.08957322e+09 1.08957326e+09
 1.08957331e+09 1.08957335e+09 1.08957340e+09 1.08957344e+09
 1.08957349e+09 1.08957353e+09 1.08957358e+09 1.08957362e+09
 1.08957367e+09 1.08957371e+09 1.08957376e+09 1.08957380e+09
 1.08957385e+09 1.08957389e+09 1.08957393e+09 1.08957398e+09
 1.08957402e+09 1.08957407e+09 1.08957411e+09 1.08957416e+09
 1.08957420e+09 1.08957425e+09 1.08957429e+09 1.08957434e+09
 1.08957438e+09 1.08957443e+09 1.08957447e+09 1.08957452e+09
 1.08957456e+09 1.08957461e+09 1.08957465e+09 1.08957470e+09
 1.08957474e+09 1.08957478e+09 1.08957483e+09 1.08957487e+09
 1.08957492e+09 1.08957496e+09 1.08957501e+09 1.08957505e+09
 1.08957510e+09 1.08957514e+09 1.08957519e+09 1.08957523e+09
 1.08957528e+09 1.08957532e+09 1.08957537e+09 1.08957541e+09
 1.08957546e+09 1.08957550e+09 1.08957555e+09 1.08957559e+09
 1.08957563e+09 1.08957568e+09 1.08957572e+09 1.08957577e+09
 1.08957581e+09 1.08957586e+09 1.08957590e+09 1.08957595e+09
 1.08957599e+09 1.08957604e+09 1.08957608e+09 1.08957613e+09
 1.08957617e+09 1.08957622e+09 1.08957626e+09 1.08957631e+09
 1.08957635e+09 1.08957640e+09 1.08957644e+09 1.08957649e+09
 1.08957653e+09 1.08957657e+09 1.08957662e+09 1.08957666e+09
 1.08957671e+09 1.08957675e+09 1.08957680e+09 1.08957684e+09
 1.08957689e+09 1.08957693e+09 1.08957698e+09 1.08957702e+09
 1.08957707e+09 1.08957711e+09 1.08957716e+09 1.08957720e+09
 1.08957725e+09 1.08957729e+09 1.08957734e+09 1.08957738e+09
 1.08957742e+09 1.08957747e+09 1.08957751e+09 1.08957756e+09
 1.08957760e+09 1.08957765e+09 1.08957769e+09 1.08957774e+09
 1.08957778e+09 1.08957783e+09 1.08957787e+09 1.08957792e+09
 1.08957796e+09 1.08957801e+09 1.08957805e+09 1.08957810e+09
 1.08957814e+09 1.08957819e+09 1.08957823e+09 1.08957827e+09
 1.08957832e+09 1.08957836e+09 1.08957841e+09 1.08957845e+09
 1.08957850e+09 1.08957854e+09 1.08957859e+09 1.08957863e+09
 1.08957868e+09 1.08957872e+09 1.08957877e+09 1.08957881e+09
 1.08957886e+09 1.08957890e+09 1.08957895e+09 1.08957899e+09
 1.08957904e+09 1.08957908e+09 1.08957912e+09 1.08957917e+09
 1.08957921e+09 1.08957926e+09 1.08957930e+09 1.08957935e+09
 1.08957939e+09 1.08957944e+09 1.08957948e+09 1.08957953e+09
 1.08957957e+09 1.08957962e+09 1.08957966e+09 1.08957971e+09
 1.08957975e+09 1.08957980e+09 1.08957984e+09 1.08957989e+09
 1.08957993e+09 1.08957998e+09 1.08958002e+09 1.08958006e+09
 1.08958011e+09 1.08958015e+09 1.08958020e+09 1.08958024e+09
 1.08958029e+09 1.08958033e+09 1.08958038e+09 1.08958042e+09
 1.08958047e+09 1.08958051e+09 1.08958056e+09 1.08958060e+09
 1.08958065e+09 1.08958069e+09 1.08958074e+09 1.08958078e+09
 1.08958083e+09 1.08958087e+09 1.08958091e+09 1.08958096e+09
 1.08958100e+09 1.08958105e+09 1.08958109e+09 1.08958114e+09
 1.08958118e+09 1.08958123e+09 1.08958127e+09 1.08958132e+09
 1.08958136e+09 1.08958141e+09 1.08958145e+09 1.08958150e+09
 1.08958154e+09 1.08958159e+09 1.08958163e+09 1.08958168e+09
 1.08958172e+09 1.08958176e+09 1.08958181e+09 1.08958185e+09
 1.08958190e+09 1.08958194e+09 1.08958199e+09 1.08958203e+09
 1.08958208e+09 1.08958212e+09 1.08958217e+09 1.08958221e+09
 1.08958226e+09 1.08958230e+09 1.08958235e+09 1.08958239e+09
 1.08958244e+09 1.08958248e+09 1.08958253e+09 1.08958257e+09
 1.08958262e+09 1.08958266e+09 1.08958270e+09 1.08958275e+09
 1.08958279e+09 1.08958284e+09 1.08958288e+09 1.08958293e+09
 1.08958297e+09 1.08958302e+09 1.08958306e+09 1.08958311e+09
 1.08958315e+09 1.08958320e+09 1.08958324e+09 1.08958329e+09
 1.08958333e+09 1.08958338e+09 1.08958342e+09 1.08958347e+09
 1.08958351e+09 1.08958355e+09 1.08958360e+09 1.08958364e+09
 1.08958369e+09 1.08958373e+09 1.08958378e+09 1.08958382e+09
 1.08958387e+09 1.08958391e+09 1.08958396e+09 1.08958400e+09
 1.08958405e+09 1.08958409e+09 1.08958414e+09 1.08958418e+09
 1.08958423e+09 1.08958427e+09 1.08958432e+09 1.08958436e+09
 1.08958440e+09 1.08958445e+09 1.08958449e+09 1.08958454e+09
 1.08958458e+09 1.08958463e+09 1.08958467e+09 1.08958472e+09
 1.08958476e+09 1.08958481e+09 1.08958485e+09 1.08958490e+09
 1.08958494e+09 1.08958499e+09 1.08958503e+09 1.08958508e+09
 1.08958512e+09 1.08958517e+09 1.08958521e+09 1.08958525e+09
 1.08958530e+09 1.08958534e+09 1.08958539e+09 1.08958543e+09
 1.08958548e+09 1.08958552e+09 1.08958557e+09 1.08958561e+09
 1.08958566e+09 1.08958570e+09 1.08958575e+09 1.08958579e+09
 1.08958584e+09 1.08958588e+09 1.08958593e+09 1.08958597e+09
 1.08958602e+09 1.08958606e+09 1.08958611e+09 1.08958615e+09
 1.08958619e+09 1.08958624e+09 1.08958628e+09 1.08958633e+09
 1.08958637e+09 1.08958642e+09 1.08958646e+09 1.08958651e+09
 1.08958655e+09 1.08958660e+09 1.08958664e+09 1.08958669e+09
 1.08958673e+09 1.08958678e+09 1.08958682e+09 1.08958687e+09
 1.08958691e+09 1.08958696e+09 1.08958700e+09 1.08958704e+09
 1.08958709e+09 1.08958713e+09 1.08958718e+09 1.08958722e+09
 1.08958727e+09 1.08958731e+09 1.08958736e+09 1.08958740e+09
 1.08958745e+09 1.08958749e+09 1.08958754e+09 1.08958758e+09
 1.08958763e+09 1.08958767e+09 1.08958772e+09 1.08958776e+09
 1.08958781e+09 1.08958785e+09 1.08958789e+09 1.08958794e+09
 1.08958798e+09 1.08958803e+09 1.08958807e+09 1.08958812e+09
 1.08958816e+09 1.08958821e+09 1.08958825e+09 1.08958830e+09
 1.08958834e+09 1.08958839e+09 1.08958843e+09 1.08958848e+09
 1.08958852e+09 1.08958857e+09 1.08958861e+09 1.08958866e+09
 1.08958870e+09 1.08958875e+09 1.08958879e+09 1.08958883e+09
 1.08958888e+09 1.08958892e+09 1.08958897e+09 1.08958901e+09
 1.08958906e+09 1.08958910e+09 1.08958915e+09 1.08958919e+09
 1.08958924e+09 1.08958928e+09 1.08958933e+09 1.08958937e+09
 1.08958942e+09 1.08958946e+09 1.08958951e+09 1.08958955e+09
 1.08958960e+09 1.08958964e+09 1.08958968e+09 1.08958973e+09
 1.08958977e+09 1.08958982e+09 1.08958986e+09 1.08958991e+09
 1.08958995e+09 1.08959000e+09 1.08959004e+09 1.08959009e+09
 1.08959013e+09 1.08959018e+09 1.08959022e+09 1.08959027e+09
 1.08959031e+09 1.08959036e+09 1.08959040e+09 1.08959045e+09
 1.08959049e+09 1.08959053e+09 1.08959058e+09 1.08959062e+09
 1.08959067e+09 1.08959071e+09 1.08959076e+09 1.08959080e+09
 1.08959085e+09 1.08959089e+09 1.08959094e+09 1.08959098e+09
 1.08959103e+09 1.08959107e+09 1.08959112e+09 1.08959116e+09
 1.08959121e+09 1.08959125e+09 1.08959130e+09 1.08959134e+09
 1.08959139e+09 1.08959143e+09 1.08959147e+09 1.08959152e+09
 1.08959156e+09 1.08959161e+09 1.08959165e+09 1.08959170e+09
 1.08959174e+09 1.08959179e+09 1.08959183e+09 1.08959188e+09
 1.08959192e+09 1.08959197e+09 1.08959201e+09 1.08959206e+09
 1.08959210e+09 1.08959215e+09 1.08959219e+09 1.08959224e+09
 1.08959228e+09 1.08959232e+09 1.08959237e+09 1.08959241e+09
 1.08959246e+09 1.08959250e+09 1.08959255e+09 1.08959259e+09
 1.08959264e+09 1.08959268e+09 1.08959273e+09 1.08959277e+09
 1.08959282e+09 1.08959286e+09 1.08959291e+09 1.08959295e+09
 1.08959300e+09 1.08959304e+09 1.08959309e+09 1.08959313e+09
 1.08959317e+09 1.08959322e+09 1.08959326e+09 1.08959331e+09
 1.08959335e+09 1.08959340e+09 1.08959344e+09 1.08959349e+09
 1.08959353e+09 1.08959358e+09 1.08959362e+09 1.08959367e+09
 1.08959371e+09 1.08959376e+09 1.08959380e+09 1.08959385e+09
 1.08959389e+09 1.08959394e+09 1.08959398e+09 1.08959402e+09
 1.08959407e+09 1.08959411e+09 1.08959416e+09 1.08959420e+09
 1.08959425e+09 1.08959429e+09 1.08959434e+09 1.08959438e+09
 1.08959443e+09 1.08959447e+09 1.08959452e+09 1.08959456e+09
 1.08959461e+09 1.08959465e+09 1.08959470e+09 1.08959474e+09
 1.08959479e+09 1.08959483e+09 1.08959488e+09 1.08959492e+09
 1.08959496e+09 1.08959501e+09 1.08959505e+09 1.08959510e+09
 1.08959514e+09 1.08959519e+09 1.08959523e+09 1.08959528e+09
 1.08959532e+09 1.08959537e+09 1.08959541e+09 1.08959546e+09
 1.08959550e+09 1.08959555e+09 1.08959559e+09 1.08959564e+09
 1.08959568e+09 1.08959573e+09 1.08959577e+09 1.08959581e+09
 1.08959586e+09 1.08959590e+09 1.08959595e+09 1.08959599e+09
 1.08959604e+09 1.08959608e+09 1.08959613e+09 1.08959617e+09
 1.08959622e+09 1.08959626e+09 1.08959631e+09 1.08959635e+09
 1.08959640e+09 1.08959644e+09 1.08959649e+09 1.08959653e+09
 1.08959658e+09 1.08959662e+09 1.08959666e+09 1.08959671e+09
 1.08959675e+09 1.08959680e+09 1.08959684e+09 1.08959689e+09
 1.08959693e+09 1.08959698e+09 1.08959702e+09 1.08959707e+09
 1.08959711e+09 1.08959716e+09 1.08959720e+09 1.08959725e+09
 1.08959729e+09 1.08959734e+09 1.08959738e+09 1.08959743e+09
 1.08959747e+09 1.08959752e+09 1.08959756e+09 1.08959760e+09
 1.08959765e+09 1.08959769e+09 1.08959774e+09 1.08959778e+09
 1.08959783e+09 1.08959787e+09 1.08959792e+09 1.08959796e+09
 1.08959801e+09 1.08959805e+09 1.08959810e+09 1.08959814e+09
 1.08959819e+09 1.08959823e+09 1.08959828e+09 1.08959832e+09
 1.08959837e+09 1.08959841e+09 1.08959845e+09 1.08959850e+09
 1.08959854e+09 1.08959859e+09 1.08959863e+09 1.08959868e+09
 1.08959872e+09 1.08959877e+09 1.08959881e+09 1.08959886e+09
 1.08959890e+09 1.08959895e+09 1.08959899e+09 1.08959904e+09
 1.08959908e+09 1.08959913e+09 1.08959917e+09 1.08959922e+09
 1.08959926e+09 1.08959930e+09 1.08959935e+09 1.08959939e+09
 1.08959944e+09 1.08959948e+09 1.08959953e+09 1.08959957e+09
 1.08959962e+09 1.08959966e+09 1.08959971e+09 1.08959975e+09
 1.08959980e+09 1.08959984e+09 1.08959989e+09 1.08959993e+09
 1.08959998e+09 1.08960002e+09 1.08960007e+09 1.08960011e+09
 1.08960015e+09 1.08960020e+09 1.08960024e+09 1.08960029e+09
 1.08960033e+09 1.08960038e+09 1.08960042e+09 1.08960047e+09
 1.08960051e+09 1.08960056e+09 1.08960060e+09 1.08960065e+09
 1.08960069e+09 1.08960074e+09 1.08960078e+09 1.08960083e+09
 1.08960087e+09 1.08960092e+09 1.08960096e+09 1.08960101e+09
 1.08960105e+09 1.08960109e+09 1.08960114e+09 1.08960118e+09
 1.08960123e+09 1.08960127e+09 1.08960132e+09 1.08960136e+09
 1.08960141e+09 1.08960145e+09 1.08960150e+09 1.08960154e+09
 1.08960159e+09 1.08960163e+09 1.08960168e+09 1.08960172e+09
 1.08960177e+09 1.08960181e+09 1.08960186e+09 1.08960190e+09
 1.08960194e+09 1.08960199e+09 1.08960203e+09 1.08960208e+09
 1.08960212e+09 1.08960217e+09 1.08960221e+09 1.08960226e+09
 1.08960230e+09 1.08960235e+09 1.08960239e+09 1.08960244e+09
 1.08960248e+09 1.08960253e+09 1.08960257e+09 1.08960262e+09
 1.08960266e+09 1.08960271e+09 1.08960275e+09 1.08960279e+09
 1.08960284e+09 1.08960288e+09 1.08960293e+09 1.08960297e+09
 1.08960302e+09 1.08960306e+09 1.08960311e+09 1.08960315e+09
 1.08960320e+09 1.08960324e+09 1.08960329e+09 1.08960333e+09
 1.08960338e+09 1.08960342e+09 1.08960347e+09 1.08960351e+09
 1.08960356e+09 1.08960360e+09 1.08960365e+09 1.08960369e+09
 1.08960373e+09 1.08960378e+09 1.08960382e+09 1.08960387e+09
 1.08960391e+09 1.08960396e+09 1.08960400e+09 1.08960405e+09
 1.08960409e+09 1.08960414e+09 1.08960418e+09 1.08960423e+09
 1.08960427e+09 1.08960432e+09 1.08960436e+09 1.08960441e+09
 1.08960445e+09 1.08960450e+09 1.08960454e+09 1.08960458e+09
 1.08960463e+09 1.08960467e+09 1.08960472e+09 1.08960476e+09
 1.08960481e+09 1.08960485e+09 1.08960490e+09 1.08960494e+09
 1.08960499e+09 1.08960503e+09 1.08960508e+09 1.08960512e+09
 1.08960517e+09 1.08960521e+09 1.08960526e+09 1.08960530e+09
 1.08960535e+09 1.08960539e+09 1.08960543e+09 1.08960548e+09
 1.08960552e+09 1.08960557e+09 1.08960561e+09 1.08960566e+09
 1.08960570e+09 1.08960575e+09 1.08960579e+09 1.08960584e+09
 1.08960588e+09 1.08960593e+09 1.08960597e+09 1.08960602e+09
 1.08960606e+09 1.08960611e+09 1.08960615e+09 1.08960620e+09
 1.08960624e+09 1.08960629e+09 1.08960633e+09 1.08960637e+09
 1.08960642e+09 1.08960646e+09 1.08960651e+09 1.08960655e+09
 1.08960660e+09 1.08960664e+09 1.08960669e+09 1.08960673e+09
 1.08960678e+09 1.08960682e+09 1.08960687e+09 1.08960691e+09
 1.08960696e+09 1.08960700e+09 1.08960705e+09 1.08960709e+09
 1.08960714e+09 1.08960718e+09 1.08960722e+09 1.08960727e+09
 1.08960731e+09 1.08960736e+09 1.08960740e+09 1.08960745e+09
 1.08960749e+09 1.08960754e+09 1.08960758e+09 1.08960763e+09
 1.08960767e+09 1.08960772e+09 1.08960776e+09 1.08960781e+09
 1.08960785e+09 1.08960790e+09 1.08960794e+09 1.08960799e+09
 1.08960803e+09 1.08960807e+09 1.08960812e+09 1.08960816e+09
 1.08960821e+09 1.08960825e+09 1.08960830e+09 1.08960834e+09
 1.08960839e+09 1.08960843e+09 1.08960848e+09 1.08960852e+09
 1.08960857e+09 1.08960861e+09 1.08960866e+09 1.08960870e+09
 1.08960875e+09 1.08960879e+09 1.08960884e+09 1.08960888e+09
 1.08960892e+09 1.08960897e+09 1.08960901e+09 1.08960906e+09
 1.08960910e+09 1.08960915e+09 1.08960919e+09 1.08960924e+09
 1.08960928e+09 1.08960933e+09 1.08960937e+09 1.08960942e+09
 1.08960946e+09 1.08960951e+09 1.08960955e+09 1.08960960e+09
 1.08960964e+09 1.08960969e+09 1.08960973e+09 1.08960978e+09
 1.08960982e+09 1.08960986e+09 1.08960991e+09 1.08960995e+09
 1.08961000e+09 1.08961004e+09 1.08961009e+09 1.08961013e+09
 1.08961018e+09 1.08961022e+09 1.08961027e+09 1.08961031e+09
 1.08961036e+09 1.08961040e+09 1.08961045e+09 1.08961049e+09
 1.08961054e+09 1.08961058e+09 1.08961063e+09 1.08961067e+09
 1.08961071e+09 1.08961076e+09 1.08961080e+09 1.08961085e+09
 1.08961089e+09 1.08961094e+09 1.08961098e+09 1.08961103e+09
 1.08961107e+09 1.08961112e+09 1.08961116e+09 1.08961121e+09
 1.08961125e+09 1.08961130e+09 1.08961134e+09 1.08961139e+09
 1.08961143e+09 1.08961148e+09 1.08961152e+09 1.08961156e+09
 1.08961161e+09 1.08961165e+09 1.08961170e+09 1.08961174e+09
 1.08961179e+09 1.08961183e+09 1.08961188e+09 1.08961192e+09
 1.08961197e+09 1.08961201e+09 1.08961206e+09 1.08961210e+09
 1.08961215e+09 1.08961219e+09 1.08961224e+09 1.08961228e+09
 1.08961233e+09 1.08961237e+09 1.08961242e+09 1.08961246e+09
 1.08961250e+09 1.08961255e+09 1.08961259e+09 1.08961264e+09
 1.08961268e+09 1.08961273e+09 1.08961277e+09 1.08961282e+09
 1.08961286e+09 1.08961291e+09 1.08961295e+09 1.08961300e+09
 1.08961304e+09 1.08961309e+09 1.08961313e+09 1.08961318e+09
 1.08961322e+09 1.08961327e+09 1.08961331e+09 1.08961335e+09
 1.08961340e+09 1.08961344e+09 1.08961349e+09 1.08961353e+09
 1.08961358e+09 1.08961362e+09 1.08961367e+09 1.08961371e+09
 1.08961376e+09 1.08961380e+09 1.08961385e+09 1.08961389e+09
 1.08961394e+09 1.08961398e+09 1.08961403e+09 1.08961407e+09
 1.08961412e+09 1.08961416e+09 1.08961420e+09 1.08961425e+09
 1.08961429e+09 1.08961434e+09 1.08961438e+09 1.08961443e+09
 1.08961447e+09 1.08961452e+09 1.08961456e+09 1.08961461e+09
 1.08961465e+09 1.08961470e+09 1.08961474e+09 1.08961479e+09
 1.08961483e+09 1.08961488e+09 1.08961492e+09 1.08961497e+09
 1.08961501e+09 1.08961505e+09 1.08961510e+09 1.08961514e+09
 1.08961519e+09 1.08961523e+09 1.08961528e+09 1.08961532e+09
 1.08961537e+09 1.08961541e+09 1.08961546e+09 1.08961550e+09
 1.08961555e+09 1.08961559e+09 1.08961564e+09 1.08961568e+09
 1.08961573e+09 1.08961577e+09 1.08961582e+09 1.08961586e+09
 1.08961591e+09 1.08961595e+09 1.08961599e+09 1.08961604e+09
 1.08961608e+09 1.08961613e+09 1.08961617e+09 1.08961622e+09
 1.08961626e+09 1.08961631e+09 1.08961635e+09 1.08961640e+09
 1.08961644e+09 1.08961649e+09 1.08961653e+09 1.08961658e+09
 1.08961662e+09 1.08961667e+09 1.08961671e+09 1.08961676e+09
 1.08961680e+09 1.08961684e+09 1.08961689e+09 1.08961693e+09
 1.08961698e+09 1.08961702e+09 1.08961707e+09 1.08961711e+09
 1.08961716e+09 1.08961720e+09 1.08961725e+09 1.08961729e+09
 1.08961734e+09 1.08961738e+09 1.08961743e+09 1.08961747e+09
 1.08961752e+09 1.08961756e+09 1.08961761e+09 1.08961765e+09]
minRes = 2.729708764678125
minResTime = [1.08959765e+09]
Cov(t) = [ 54.08201822  54.10417416  54.12625249  54.14825519  54.17017982
  54.19203223  54.21380624  54.2355065   54.25713112  54.2786819
  54.30015813  54.32155992  54.3428875   54.36414369  54.38532419
  54.40643229  54.42746837  54.44843234  54.2945072   54.0046892
  53.83596301  53.70342191  53.59054005  53.49050643  53.39971754
  53.3159987   53.23791336  53.16445403  53.09488462  53.02864323
  52.96529519  52.90449049  52.84594575  52.78942468  52.73473524
  52.6817087   52.63020307  52.58009464  52.5312754   52.48365285
  52.43714362  52.3916712   52.34717196  52.30358779  52.26086399
  52.21894881  52.17780491  52.13738869  52.09766226  52.05859312
  52.02014991  51.98230455  51.94503033  51.90830331  51.87210058
  51.83639921  51.80118094  51.76642773  51.73211961  51.69824367
  51.66478172  51.63172008  51.59904746  51.56674638  51.53481123
  51.50322368  51.47197877  51.44106119  51.41046355  51.38017947
  51.35019396  51.32050187  51.29109614  51.26196899  51.23310855
  51.20451522  51.1761763   51.14808736  51.12024338  51.09263948
  51.06526619  51.03812013  51.0111955   50.98448986  50.95799505
  50.93170916  50.90562438  50.87973928  50.85404939  50.82855176
  50.80323784  50.77810924  50.75316     50.72838721  50.70378764
  50.6793555   50.65509238  50.63099178  50.60705243  50.58327102
  50.55964308  50.53616822  50.51284407  50.48966541  50.46669542
  50.44399447  50.42155114  50.3993691   50.37743646  50.35575347
  50.33431323  50.31311307  50.29214495  50.27140845  50.25089863
  50.2306099   50.21054209  50.19068895  50.17104646  50.1516108
  50.13238079  50.11335262  50.09452093  50.07588527  50.05743857
  50.03918279  50.02111112  50.00322201  49.98551299  49.96798197
  49.95062369  49.93343757  49.91642069  49.89956944  49.88288426
  49.86635799  49.8499925   49.83378291  49.81773053  49.80182823
  49.78607767  49.77047427  49.75501588  49.73970308  49.72453295
  49.70950153  49.69460937  49.67985144  49.6652303   49.65074322
  49.63638409  49.62215456  49.60805298  49.5940775   49.58022573
  49.56649648  49.55288709  49.53939895  49.52602784  49.51277445
  49.49963468  49.48660919  49.4736949   49.46089195  49.44819767
  49.43561315  49.42313382  49.4107613   49.39849126  49.38632618
  49.37425946  49.3622975   49.35043275  49.33866496  49.32699613
  49.3154212   49.3039454   49.2925585   49.28126638  49.27006543
  49.25895424  49.24793488  49.2370023   49.22615738  49.21539847
  49.20472743  49.19413831  49.18363426  49.17321488  49.16287383
  49.1526164   49.14243729  49.13233955  49.12231968  49.11237807
  49.10251074  49.0927231   49.08300866  49.07336898  49.06380114
  49.05430897  49.04488808  49.03553734  49.02625735  49.01704913
  49.00790973  48.99883953  48.98983481  48.98089944  48.97203074
  48.96322705  48.95448871  48.94581477  48.93720556  48.92865861
  48.92017702  48.91175388  48.90339388  48.89509574  48.88685674
  48.87867751  48.87055691  48.86249638  48.85449421  48.84654838
  48.83866013  48.83082813  48.82305288  48.81533288  48.80766838
  48.80005527  48.79249896  48.78499629  48.7775444   48.7701468
  48.76280017  48.75550546  48.74826135  48.74106865  48.73392649
  77.30570262  77.29941348  77.29316963  77.28696801  77.2808103
  77.27469263  77.26861733  77.26258275  77.25659044  77.25063689
  77.2447248   77.23885143  77.23301766  77.22722213  77.22146658
  77.21575016  77.21007016  77.20442897  77.19882499  77.19325662
  77.18772555  77.1822307   77.17677371  77.17134946  77.1659629
  77.16060934  77.15529199  77.15000867  77.14475951  77.13954502
  77.13436351  77.12921597  77.12409993  77.11901841  77.11396818
  77.10894945  77.10396429  77.0990097   77.09408708  77.08919508
  77.08433448  77.07950357  77.07470329  77.06993394  77.06519381
  77.0604822   77.05580095  77.05114877  77.04652644  77.04193248
  77.03736481  77.03282823  77.02831775  77.02383443  77.01937961
  77.0149523   77.01055129  77.00617734  77.00182962  76.99750876
  76.99321438  76.98894582  76.98470252  76.98048476  76.97629388
  76.97212678  76.96798444  76.75943163  76.62884152  76.53229898
  76.45106852  76.37910802  76.313551    76.25276454  76.19571402
  76.14169745  76.09021048  76.04087584  75.99340482  75.94756655
  75.90317813  75.86008516  75.81816685  75.77731153  75.73743302
  75.6984522   75.66029991  75.62292126  75.58625868  75.55027031
  75.51491267  75.4801498   75.4459485   75.41227913  75.3791129
  75.34642651  75.31419879  75.28240556  75.25102948  75.22005195
  75.18945863  75.15923133  75.12935905  75.09982586  75.07062319
  75.04173741  75.01315784  74.98487334  74.95687532  74.92915708
  74.90170948  74.87452035  74.84758593  74.82090085  74.79445484
  74.76824252  74.74225819  74.71649826  74.69095275  74.66562013
  74.64049234  74.61556716  74.59084107  74.56630667  74.54196024
  74.51779963  74.49381898  74.47001761  74.44638827  74.42293032
  74.39963893  74.37651185  74.35354612  74.33073929  74.30808568
  74.28558581  74.26323544  74.2410329   74.21897528  74.19706075
  74.175286    74.15365039  74.13215105  74.11078458  74.08954933
  74.06844627  74.04747008  74.02662065  74.00589604  73.98529501
  73.96481363  73.94445363  73.92420993  73.90408225  73.88407187
  73.86417401  73.84438988  73.82471309  73.80514807  73.78569058
  73.76633895  73.74709476  73.72795458  73.70891628  73.68998132
  73.6711465   73.65241195  73.6337762   73.61523799  73.59679596
  73.57844873  73.56019948  73.54204109  73.52397603  73.5060035
  73.48812115  73.47033052  73.4526288   73.43501306  73.41748745
  73.40004681  73.38269454  73.36542389  73.34823955  73.33114034
  73.31412269  73.29718796  73.28033378  73.26356249  73.24687045
  73.23025564  73.21372173  73.19726695  73.18088943  73.16458914
  73.14836446  73.13221379  73.11614058  73.10014222  73.0842177
  73.06836504  73.05258804  73.03688157  73.02124807  73.00568545
  72.9901936   72.97477362  72.95942197  72.94414028  72.92892688
  72.91378359  72.89870667  72.88369735  72.86875737  72.85388155
  72.83907286  72.82433063  72.80965233  72.79504007  72.78049347
  72.76600982  72.75158898  72.7372332   72.7229402   72.70870994
  72.69454202  72.68043578  72.66639068  72.652407    72.63848392
  72.62462164  72.61082058  72.59707639  72.58339424  72.56977165
  72.55620569  72.54269852  72.52925092  72.51586048  72.50252648
  72.48925242  72.47603302  72.46287098  72.44976524  72.43671549
  72.42372295  72.41078535  72.39790065  72.38507386  72.37230001
  72.35958106  72.34691583  72.33430626  72.32174913  72.30924505
  72.29679427  72.28439761  72.27205159  72.25975954  72.2475179
  72.23532955  72.22319299  72.21110725  72.19907386  72.18709023
  72.17515844  72.16327564  72.15144495  72.1396622   72.12793083
  72.11625     72.10461713  72.09303381  72.08150085  72.07001446
  72.05857813  72.04719047  72.03585027  72.02455858  72.01331592
  72.00211885  71.99097032  71.97986968  71.96881577  71.95780674
  71.94684745  71.93593403  71.92506612  71.91424595  71.90347045
  71.89274083 100.         100.         100.         100.
 100.         100.         100.         100.         100.
 100.         100.         100.         100.         100.
 100.         100.         100.         100.         100.
 100.         100.         100.         100.         100.
 100.         100.         100.         100.         100.
 100.         100.         100.         100.         100.
 100.         100.         100.         100.         100.
 100.         100.         100.         100.         100.
 100.         100.         100.         100.         100.
 100.         100.         100.         100.         100.
 100.         100.         100.         100.         100.
 100.         100.         100.         100.         100.
 100.         100.         100.         100.         100.
 100.         100.         100.         100.         100.
 100.         100.         100.         100.         100.
 100.         100.         100.         100.         100.
 100.         100.         100.         100.         100.
 100.         100.         100.         100.         100.
 100.         100.         100.         100.         100.
 100.         100.         100.         100.         100.
 100.         100.         100.         100.         100.
 100.         100.         100.         100.         100.
 100.         100.         100.         100.         100.
 100.         100.         100.         100.         100.
 100.         100.         100.         100.         100.
 100.         100.         100.         100.         100.
 100.         100.         100.         100.         100.
 100.         100.         100.         100.         100.
 100.         100.         100.         100.         100.
 100.         100.         100.         100.         100.
 100.         100.         100.         100.         100.
 100.         100.         100.         100.         100.
 100.         100.         100.         100.         100.
 100.         100.         100.         100.         100.
 100.         100.         100.         100.         100.
 100.         100.         100.         100.         100.
 100.         100.         100.         100.         100.
 100.         100.         100.         100.         100.
 100.         100.         100.         100.         100.
 100.         100.         100.         100.         100.
 100.         100.         100.         100.         100.
 100.         100.         100.         100.         100.
 100.         100.         100.         100.         100.
 100.         100.         100.         100.         100.
 100.         100.         100.         100.         100.
 100.         100.         100.         100.         100.
 100.         100.         100.         100.         100.
 100.         100.         100.         100.         100.
 100.         100.         100.         100.         100.
 100.         100.         100.         100.         100.
 100.         100.         100.         100.         100.
 100.         100.         100.         100.         100.
 100.         100.         100.         100.         100.
 100.         100.         100.         100.         100.
 100.         100.         100.         100.         100.
 100.         100.         100.         100.         100.
 100.         100.         100.         100.         100.
 100.         100.         100.         100.         100.
 100.         100.         100.         100.         100.
 100.         100.         100.         100.         100.
 100.         100.         100.         100.         100.
 100.         100.         100.         100.         100.
 100.         100.         100.         100.         100.
 100.         100.         100.         100.         100.
 100.         100.         100.         100.         100.
 100.         100.         100.         100.         100.
 100.         100.         100.         100.         100.
 100.         100.         100.         100.         100.
 100.         100.         100.         100.         100.
 100.         100.         100.         100.         100.
 100.         100.         100.         100.         100.
 100.         100.         100.         100.         100.
 100.         100.         100.         100.         100.
 100.         100.         100.         100.         100.
 100.         100.         100.         100.         100.
 100.         100.         100.         100.         100.
 100.         100.         100.         100.         100.
 100.         100.         100.         100.         100.
 100.         100.         100.         100.         100.
 100.         100.         100.         100.         100.
 100.         100.         100.         100.         100.
 100.         100.         100.         100.         100.
 100.         100.         100.         100.         100.
 100.         100.         100.         100.         100.
 100.         100.         100.         100.         100.
 100.         100.         100.         100.         100.
 100.         100.         100.         100.         100.
 100.         100.         100.         100.         100.
 100.         100.         100.         100.         100.
 100.         100.         100.         100.         100.
 100.         100.         100.         100.         100.
 100.         100.         100.         100.         100.
 100.         100.         100.         100.         100.        ]
maxCov = 100.0
maxCovTime = [1.08959671e+09 1.08959675e+09 1.08959680e+09 1.08959684e+09
 1.08959689e+09 1.08959693e+09 1.08959698e+09 1.08959702e+09
 1.08959707e+09 1.08959711e+09 1.08959716e+09 1.08959720e+09
 1.08959725e+09 1.08959729e+09 1.08959734e+09 1.08959738e+09
 1.08959743e+09 1.08959747e+09 1.08959752e+09 1.08959756e+09
 1.08959760e+09 1.08959765e+09 1.08959769e+09 1.08959774e+09
 1.08959778e+09 1.08959783e+09 1.08959787e+09 1.08959792e+09
 1.08959796e+09 1.08959801e+09 1.08959805e+09 1.08959810e+09
 1.08959814e+09 1.08959819e+09 1.08959823e+09 1.08959828e+09
 1.08959832e+09 1.08959837e+09 1.08959841e+09 1.08959845e+09
 1.08959850e+09 1.08959854e+09 1.08959859e+09 1.08959863e+09
 1.08959868e+09 1.08959872e+09 1.08959877e+09 1.08959881e+09
 1.08959886e+09 1.08959890e+09 1.08959895e+09 1.08959899e+09
 1.08959904e+09 1.08959908e+09 1.08959913e+09 1.08959917e+09
 1.08959922e+09 1.08959926e+09 1.08959930e+09 1.08959935e+09
 1.08959939e+09 1.08959944e+09 1.08959948e+09 1.08959953e+09
 1.08959957e+09 1.08959962e+09 1.08959966e+09 1.08959971e+09
 1.08959975e+09 1.08959980e+09 1.08959984e+09 1.08959989e+09
 1.08959993e+09 1.08959998e+09 1.08960002e+09 1.08960007e+09
 1.08960011e+09 1.08960015e+09 1.08960020e+09 1.08960024e+09
 1.08960029e+09 1.08960033e+09 1.08960038e+09 1.08960042e+09
 1.08960047e+09 1.08960051e+09 1.08960056e+09 1.08960060e+09
 1.08960065e+09 1.08960069e+09 1.08960074e+09 1.08960078e+09
 1.08960083e+09 1.08960087e+09 1.08960092e+09 1.08960096e+09
 1.08960101e+09 1.08960105e+09 1.08960109e+09 1.08960114e+09
 1.08960118e+09 1.08960123e+09 1.08960127e+09 1.08960132e+09
 1.08960136e+09 1.08960141e+09 1.08960145e+09 1.08960150e+09
 1.08960154e+09 1.08960159e+09 1.08960163e+09 1.08960168e+09
 1.08960172e+09 1.08960177e+09 1.08960181e+09 1.08960186e+09
 1.08960190e+09 1.08960194e+09 1.08960199e+09 1.08960203e+09
 1.08960208e+09 1.08960212e+09 1.08960217e+09 1.08960221e+09
 1.08960226e+09 1.08960230e+09 1.08960235e+09 1.08960239e+09
 1.08960244e+09 1.08960248e+09 1.08960253e+09 1.08960257e+09
 1.08960262e+09 1.08960266e+09 1.08960271e+09 1.08960275e+09
 1.08960279e+09 1.08960284e+09 1.08960288e+09 1.08960293e+09
 1.08960297e+09 1.08960302e+09 1.08960306e+09 1.08960311e+09
 1.08960315e+09 1.08960320e+09 1.08960324e+09 1.08960329e+09
 1.08960333e+09 1.08960338e+09 1.08960342e+09 1.08960347e+09
 1.08960351e+09 1.08960356e+09 1.08960360e+09 1.08960365e+09
 1.08960369e+09 1.08960373e+09 1.08960378e+09 1.08960382e+09
 1.08960387e+09 1.08960391e+09 1.08960396e+09 1.08960400e+09
 1.08960405e+09 1.08960409e+09 1.08960414e+09 1.08960418e+09
 1.08960423e+09 1.08960427e+09 1.08960432e+09 1.08960436e+09
 1.08960441e+09 1.08960445e+09 1.08960450e+09 1.08960454e+09
 1.08960458e+09 1.08960463e+09 1.08960467e+09 1.08960472e+09
 1.08960476e+09 1.08960481e+09 1.08960485e+09 1.08960490e+09
 1.08960494e+09 1.08960499e+09 1.08960503e+09 1.08960508e+09
 1.08960512e+09 1.08960517e+09 1.08960521e+09 1.08960526e+09
 1.08960530e+09 1.08960535e+09 1.08960539e+09 1.08960543e+09
 1.08960548e+09 1.08960552e+09 1.08960557e+09 1.08960561e+09
 1.08960566e+09 1.08960570e+09 1.08960575e+09 1.08960579e+09
 1.08960584e+09 1.08960588e+09 1.08960593e+09 1.08960597e+09
 1.08960602e+09 1.08960606e+09 1.08960611e+09 1.08960615e+09
 1.08960620e+09 1.08960624e+09 1.08960629e+09 1.08960633e+09
 1.08960637e+09 1.08960642e+09 1.08960646e+09 1.08960651e+09
 1.08960655e+09 1.08960660e+09 1.08960664e+09 1.08960669e+09
 1.08960673e+09 1.08960678e+09 1.08960682e+09 1.08960687e+09
 1.08960691e+09 1.08960696e+09 1.08960700e+09 1.08960705e+09
 1.08960709e+09 1.08960714e+09 1.08960718e+09 1.08960722e+09
 1.08960727e+09 1.08960731e+09 1.08960736e+09 1.08960740e+09
 1.08960745e+09 1.08960749e+09 1.08960754e+09 1.08960758e+09
 1.08960763e+09 1.08960767e+09 1.08960772e+09 1.08960776e+09
 1.08960781e+09 1.08960785e+09 1.08960790e+09 1.08960794e+09
 1.08960799e+09 1.08960803e+09 1.08960807e+09 1.08960812e+09
 1.08960816e+09 1.08960821e+09 1.08960825e+09 1.08960830e+09
 1.08960834e+09 1.08960839e+09 1.08960843e+09 1.08960848e+09
 1.08960852e+09 1.08960857e+09 1.08960861e+09 1.08960866e+09
 1.08960870e+09 1.08960875e+09 1.08960879e+09 1.08960884e+09
 1.08960888e+09 1.08960892e+09 1.08960897e+09 1.08960901e+09
 1.08960906e+09 1.08960910e+09 1.08960915e+09 1.08960919e+09
 1.08960924e+09 1.08960928e+09 1.08960933e+09 1.08960937e+09
 1.08960942e+09 1.08960946e+09 1.08960951e+09 1.08960955e+09
 1.08960960e+09 1.08960964e+09 1.08960969e+09 1.08960973e+09
 1.08960978e+09 1.08960982e+09 1.08960986e+09 1.08960991e+09
 1.08960995e+09 1.08961000e+09 1.08961004e+09 1.08961009e+09
 1.08961013e+09 1.08961018e+09 1.08961022e+09 1.08961027e+09
 1.08961031e+09 1.08961036e+09 1.08961040e+09 1.08961045e+09
 1.08961049e+09 1.08961054e+09 1.08961058e+09 1.08961063e+09
 1.08961067e+09 1.08961071e+09 1.08961076e+09 1.08961080e+09
 1.08961085e+09 1.08961089e+09 1.08961094e+09 1.08961098e+09
 1.08961103e+09 1.08961107e+09 1.08961112e+09 1.08961116e+09
 1.08961121e+09 1.08961125e+09 1.08961130e+09 1.08961134e+09
 1.08961139e+09 1.08961143e+09 1.08961148e+09 1.08961152e+09
 1.08961156e+09 1.08961161e+09 1.08961165e+09 1.08961170e+09
 1.08961174e+09 1.08961179e+09 1.08961183e+09 1.08961188e+09
 1.08961192e+09 1.08961197e+09 1.08961201e+09 1.08961206e+09
 1.08961210e+09 1.08961215e+09 1.08961219e+09 1.08961224e+09
 1.08961228e+09 1.08961233e+09 1.08961237e+09 1.08961242e+09
 1.08961246e+09 1.08961250e+09 1.08961255e+09 1.08961259e+09
 1.08961264e+09 1.08961268e+09 1.08961273e+09 1.08961277e+09
 1.08961282e+09 1.08961286e+09 1.08961291e+09 1.08961295e+09
 1.08961300e+09 1.08961304e+09 1.08961309e+09 1.08961313e+09
 1.08961318e+09 1.08961322e+09 1.08961327e+09 1.08961331e+09
 1.08961335e+09 1.08961340e+09 1.08961344e+09 1.08961349e+09
 1.08961353e+09 1.08961358e+09 1.08961362e+09 1.08961367e+09
 1.08961371e+09 1.08961376e+09 1.08961380e+09 1.08961385e+09
 1.08961389e+09 1.08961394e+09 1.08961398e+09 1.08961403e+09
 1.08961407e+09 1.08961412e+09 1.08961416e+09 1.08961420e+09
 1.08961425e+09 1.08961429e+09 1.08961434e+09 1.08961438e+09
 1.08961443e+09 1.08961447e+09 1.08961452e+09 1.08961456e+09
 1.08961461e+09 1.08961465e+09 1.08961470e+09 1.08961474e+09
 1.08961479e+09 1.08961483e+09 1.08961488e+09 1.08961492e+09
 1.08961497e+09 1.08961501e+09 1.08961505e+09 1.08961510e+09
 1.08961514e+09 1.08961519e+09 1.08961523e+09 1.08961528e+09
 1.08961532e+09 1.08961537e+09 1.08961541e+09 1.08961546e+09
 1.08961550e+09 1.08961555e+09 1.08961559e+09 1.08961564e+09
 1.08961568e+09 1.08961573e+09 1.08961577e+09 1.08961582e+09
 1.08961586e+09 1.08961591e+09 1.08961595e+09 1.08961599e+09
 1.08961604e+09 1.08961608e+09 1.08961613e+09 1.08961617e+09
 1.08961622e+09 1.08961626e+09 1.08961631e+09 1.08961635e+09
 1.08961640e+09 1.08961644e+09 1.08961649e+09 1.08961653e+09
 1.08961658e+09 1.08961662e+09 1.08961667e+09 1.08961671e+09
 1.08961676e+09 1.08961680e+09 1.08961684e+09 1.08961689e+09
 1.08961693e+09 1.08961698e+09 1.08961702e+09 1.08961707e+09
 1.08961711e+09 1.08961716e+09 1.08961720e+09 1.08961725e+09
 1.08961729e+09 1.08961734e+09 1.08961738e+09 1.08961743e+09
 1.08961747e+09 1.08961752e+09 1.08961756e+09 1.08961761e+09
 1.08961765e+09]
