name =JUICE_ROI_GAN_2_0_02
flyby = ['2033 NOV 26 18:22:11', '2033 NOV 27 18:22:11']
Observation TW = <SpiceCell dtype = 1, length = 0, size = 2600, card = 6, is_set = 1, adjust = 0, init = 1, base = 94708076262848, data = 94708076262896>
Res(t) = [0.30149928 0.30110799 0.30086935 0.3007703  0.30079929 0.30094599
 0.30120118 0.30155658 0.30200475 0.30253897 0.30315317 0.30384182
 0.30459991 0.30542287 0.30630653 0.30724705 0.30824094 0.30928497
 0.31037617 0.3115118  0.31268934 0.31390643 0.31516091 0.31645076
 0.31777411 0.31912921 0.32051444 0.32192828 0.3233693  0.32483619
 0.32632769 0.32784265 0.32937996 0.3309386  0.33251759 0.33411604
 0.33573307 0.33736788 0.33901969 0.3406878  0.34237152 0.34407019
 0.3457832  0.34750998 0.34924998 0.35100266 0.35276753 0.35454412
 0.35633199 0.35813069 0.35993983 0.36175901 0.36358788 0.36542606
 0.36727323 0.36912907 0.37099326 0.37286552 0.37474555 0.3766331
 0.3785279  0.38042971 0.38233829 0.38425342 0.38617487 0.38810244
 0.39003593 0.39197514 0.3939199  0.39587001 0.39782532 0.39978565
 0.40175086 0.40372078 0.40569527 0.40767419 0.40965741 0.41164479
 0.4136362  0.41563153 0.41763066 0.41963347 0.42163986 0.42364972
 0.42566294 0.42767943 0.42969909 0.43172184 0.43374758 0.43577622
 0.43780768 0.43984189 0.44187877 0.44391823 0.44596021 0.44800463
 0.45005143 0.45210054 0.4541519  0.45620543 0.45826109 0.46031882
 0.46237855 0.46444023 0.46650382 0.46856925 0.47063648 0.47270545
 0.47477613 0.47684846 0.4789224  0.4809979  0.48307493 0.48515345
 0.4872334  0.48931476 0.49139748 0.49348154 0.49556688 0.49765349
 0.49974132 0.50183035 0.50392053 0.50601184 0.50810426 0.51019774
 0.51229226 0.51438779 0.51648432 0.5185818  0.52068021 0.52277953
 0.52487973 0.5269808  0.5290827  0.53118542 0.53328892 0.5353932
 0.53749823 0.53960398 0.54171044 0.5438176  0.54592542 0.54803389
 0.550143   0.55225273 0.55436305 0.55647396 0.55858543 0.56069745
 0.56281    0.56492308 0.56703666 0.56915072 0.57126527 0.57338027
 0.57549572 0.57761161 0.57972792 0.58184464 0.58396176 0.58607926
 0.58819714 0.59031537 0.59243396 0.59455289 0.59667215 0.59879173
 0.60091161 0.6030318  0.60515227 0.60727303 0.60939405 0.61151534
 0.61363688 0.61575866 0.61788068 0.62000292 0.62212539 0.62424806
 0.62637094 0.62849402 0.63061728 0.63274073 0.63486435 0.63698814
 0.63911209 0.64123619 0.64336044 0.64548484 0.64760936 0.64973402
 0.65185881 0.65398371 0.65610872 0.65823384 0.66035906 0.66248438
 0.66460979 0.66673528 0.66886086 0.67098651 0.67311224 0.67523803
 0.67736388 0.6794898  0.68161577 0.68374179 0.68586785 0.68799396
 0.69012011 0.69224629 0.6943725  0.69649874 0.698625   0.70075129
 0.70287759 0.7050039  0.70713023 0.70925656 0.7113829  0.71350924
 0.71563558 0.71776191 0.71988824 0.72201456 0.72414086 0.72626715
 0.72839342 0.73051968 0.73264591 0.73477212 0.7368983  0.73902445
 0.74115057 0.74327665 0.74540271 0.74752872 0.7496547  0.75178063
 0.75390652 0.75603237 0.75815817 0.76028393 0.76240963 0.76453528
 0.76666088 0.76878643 0.77091192 0.77303736 0.77516273 0.77728805
 0.7794133  0.78153849 0.78366362 0.78578869 0.78791369 0.79003862
 0.79216348 0.79428828 0.79641301 0.79853766 0.80066224 0.80278675
 0.80491119 0.80703555 0.80915984 0.81128406 0.81340819 0.81553225
 0.81765623 0.81978013 0.82190396 0.8240277  0.82615136 0.82827494
 0.83039845 0.83252186 0.8346452  0.83676846 0.83889163 0.84101472
 0.84313772 0.84526064 0.84738348 0.84950623 0.8516289  0.85375148
 0.85587397 0.85799639 0.86011871 0.86224095 0.8643631  0.86648517
 0.86860715 0.87072905 0.87285086 0.87497258 0.87709421 0.87921576
 0.88133723 0.8834586  0.8855799  0.8877011  0.88982222 0.89194325
 0.8940642  0.89618506 0.89830584 0.90042653 0.90254714 0.90466766
 0.9067881  0.90890845 0.91102872 0.9131489  0.915269   0.91738902
 0.91950895 0.92162881 0.92374858 0.92586826 0.92798787 0.93010739
 0.93222684 0.9343462  0.93646548 0.93858469 0.94070381 0.94282286
 0.94494182 0.94706071 0.94917953 0.95129826 0.95341692 0.9555355
 0.95765401 0.95977244 0.9618908  0.96400909 0.9661273  0.96824544
 0.9703635  0.9724815  0.97459942 0.97671728 0.97883506 0.98095278
 0.98307043 0.98518801 0.98730552 0.98942297 0.99154035 0.99365767
 0.99577492 0.99789211 1.00000923 1.0021263  1.0042433  1.00636024
 1.00847712 1.01059394 1.0127107  1.01482741 1.01694406 1.01906065
 1.02117719 1.02329367 1.0254101  1.02752647 1.02964279 1.03175906
 1.03387529 1.03599146 1.03810758 1.04022365 1.04233968 1.04445566
 1.04657159 1.04868748 1.05080332 1.05291913 1.05503489 1.05715061
 1.05926628 1.06138192 1.06349752 1.06561308 1.06772861 1.0698441
 1.07195955 1.07407498 1.07619036 1.07830572 1.08042104 1.08253634
 1.0846516  1.08676684 1.08888205 1.09099723 1.09311238 1.09522752
 1.09734262 1.09945771 1.10157277 1.10368782 1.10580284 1.10791785
 1.11003283 1.1121478  1.11426276 1.1163777  1.11849263 1.12060754
 1.12272244 1.12483734 1.12695222 1.12906709 1.13118196 1.13329682
 1.13541167 1.13752652 1.13964137 1.14175622 1.14387106 1.1459859
 1.14810075 1.15021559 1.15233044 1.1544453  1.15656016 1.15867502
 1.16078989 1.16290477 1.16501967 1.16713457 1.16924948 1.1713644
 1.17347934 1.1755943  1.17770927 1.17982426 1.18193926 1.18405429
 1.18616934 1.1882844  1.19039949 1.19251461 1.19462975 1.19674491
 1.19886011 1.20097533 1.20309058 1.20520586 1.20732118 1.20943652
 1.2115519  1.21366732 1.21578277 1.21789826 1.22001379 1.22212936
 1.22424497 1.22636062 1.22847631 1.23059205 1.23270784 1.23482367
 1.23693955 1.23905548 1.24117146 1.24328749 1.24540357 1.24751971
 1.2496359  1.25175215 1.25386845 1.25598482 1.25810124 1.26021773
 1.26233427 1.26445088 1.26656756 1.2686843  1.27080111 1.27291798
 1.27503493 1.27715194 1.27926903 1.28138619 1.28350342 1.28562073
 1.28773812 1.28985558 1.29197312 1.29409074 1.29620845 1.29832623
 1.3004441  1.30256206 1.3046801  1.30679823 1.30891645 1.31103475
 1.31315315 1.31527164 1.31739023 1.31950891 1.32162768 1.32374655
 1.32586552 1.3279846  1.33010377 1.33222304 1.33434242 1.3364619
 1.33858149 1.34070118 1.34282098 1.34494089 1.34706092 1.34918105
 1.3513013  1.35342166 1.35554214 1.35766274 1.35978345 1.36190429
 1.36402524 1.36614632 1.36826752 1.37038884 1.37251029 1.37463187
 1.37675357 1.37887541 1.38099737 1.38311947 1.3852417  1.38736407
 1.38948657 1.39160921 1.39373199 1.3958549  1.39797796 1.40010116
 1.4022245  1.40434799 1.40647163 1.40859541 1.41071934 1.41284341
 1.41496765 1.41709203 1.41921656 1.42134125 1.4234661  1.42559111
 1.42771627 1.42984159 1.43196708 1.43409272 1.43621853 1.43834451
 1.44047065 1.44259696 1.44472344 1.44685009 1.44897691 1.4511039
 1.45323106 1.45535841 1.45748592 1.45961362 1.46174149 1.46386955
 1.46599779 1.46812621 1.47025481 1.4723836  1.47451258 1.47664174
 1.4787711  1.48090064 1.48303038 1.48516031 1.48729043 1.48942075
 1.49155127 1.49368198 1.4958129  1.49794402 1.50007533 1.50220686
 1.50433858 1.50647052 1.50860266 1.51073501 1.51286757 1.51500034
 1.51713332 1.51926652 1.52139993 1.52353356 1.52566741 1.52780147
 1.52993576 1.53207027 1.534205   1.53633995 1.53847513 1.54061054
 1.54274617 1.54488204 1.54701814 1.54915446 1.55129102 1.55342782
 1.55556485 1.55770212 1.55983963 1.56197738 1.56411537 1.5662536
 1.56839207 1.57053079 1.57266976 1.57480897 1.57694843 1.57908815
 1.58122811 1.58336833 1.5855088  1.58764953 1.58979051 1.59193176
 1.59407326 1.59621502 1.59835704 1.60049933 1.60264188 1.6047847
 1.60692779 1.60907114 1.61121477 1.61335866 1.61550283 1.61764727
 1.61979199 1.62193698 1.62408225 1.6262278  1.62837363 1.63051974
 1.63266613 1.63481281 1.63695977 1.63910702 1.64125456 1.64340239
 1.64555051 1.64769892 1.64984763 1.65199662 1.65414592 1.65629551
 1.6584454  1.66059559 1.66274609 1.66489688 1.66704798 1.66919938
 1.67135109 1.67350311 1.67565544 1.67780807 1.67996102 1.68211428
 1.68426786 1.68642175 1.68857596 1.69073049 1.69288533 1.6950405
 1.69719599 1.6993518  1.70150794 1.70366441 1.7058212  1.70797832
 1.71013577 1.71229355 1.71445166 1.71661011 1.7187689  1.72092802
 1.72308747 1.72524727 1.72740741 1.72956789 1.73172871 1.73388988
 1.73605139 1.73821325 1.74037546 1.74253802 1.74470093 1.74686419
 1.7490278  1.75119177 1.7533561  1.75552078 1.75768582 1.75985123
 1.76201699 1.76418312 1.76634961 1.76851647 1.77068369 1.77285128
 1.77501924 1.77718757 1.77935628 1.78152535 1.7836948  1.78586463
 1.78803484 1.79020542 1.79237638 1.79454773 1.79671945 1.79889156
 1.80106406 1.80323694 1.80541021 1.80758387 1.80975792 1.81193236
 1.81410719 1.81628242 1.81845804 1.82063406 1.82281048 1.82498729
 1.82716451 1.82934213 1.83152016 1.83369859 1.83587742 1.83805666
 1.84023631 1.84241637 1.84459685 1.84677773 1.84895903 1.85114074
 1.85332287 1.85550542 1.85768839 1.85987177 1.86205558 1.86423981
 1.86642447 1.86860955 1.87079506 1.872981   1.87516737 1.87735416
 1.87954139 1.88172906 1.88391716 1.88610569 1.88829466 1.89048407
 1.89267392 1.89486421 1.89705495 1.89924613 1.90143775 1.90362982
 1.90582234 1.90801531 1.91020872 1.91240259 1.91459692 1.91679169
 1.91898693 1.92118262 1.92337876 1.92557537 1.92777244 1.92996997
 1.93216796 1.93436642 1.93656535 1.93876474 1.9409646  1.94316493
 1.94536574 1.94756701 1.94976876 1.95197098 1.95417369 1.95637686
 1.95858052 1.96078466 1.96298928 1.96519439 1.96739997 1.96960605
 1.97181261 1.97401966 1.97622719 1.97843522 1.98064374 1.98285276
 1.98506227 1.98727227 1.98948278 1.99169378 1.99390528 1.99611728
 1.99832979 2.0005428  2.00275631 2.00497033 2.00718486 2.0093999
 2.01161545 2.01383151 2.01604808 2.01826517 2.02048277 2.02270089
 2.02491952 2.02713868 2.02935836 2.03157856 2.03379928 2.03602053
 2.0382423  2.0404646  2.04268743 2.04491079 2.04713468 2.04935911
 2.05158406 2.05380955 2.05603558 2.05826215 2.06048925 2.06271689
 2.06494508 2.06717381 2.06940308 2.0716329  2.07386326 2.07609418
 2.07832564 2.08055765 2.08279021 2.08502333 2.087257   2.08949123
 2.09172601 2.09396135 2.09619726 2.09843372 2.10067074 2.10290833
 2.10514649 2.1073852  2.10962449 2.11186435 2.11410477 2.11634577
 2.11858733 2.12082948 2.12307219 2.12531549 2.12755936 2.12980381
 2.13204884 2.13429445 2.13654064 2.13878742 2.14103479 2.14328274
 2.14553128 2.1477804  2.15003012 2.15228043 2.15453133 2.15678283
 2.15903492 2.16128761 2.1635409  2.16579479 2.16804927 2.17030436
 2.17256006 2.17481635 2.17707326 2.17933077 2.18158889 2.18384762
 2.18610696 2.18836691 2.19062748 2.19288866 2.19515045 2.19741287
 2.1996759  2.20193955 2.20420383 2.20646872 2.20873425 2.21100039
 2.21326716 2.21553456 2.21780259 2.22007125 2.22234054 2.22461046
 2.22688102 2.22915221 2.23142404 2.23369651 2.23596961 2.23824336
 2.24051775 2.24279278 2.24506846 2.24734478 2.24962175 2.25189936
 2.25417763 2.25645654 2.25873611 2.26101633 2.26329721 2.26557874
 2.26786093 2.27014377 2.27242728 2.27471144 2.27699627 2.27928177
 2.28156792 2.28385474 2.28614223 2.28843039 2.29071922 2.29300872
 2.29529889 2.29758974 2.29988126 2.30217345 2.30446632 2.30675988
 2.30905411 2.31134902 2.31364462 2.31594089 2.31823786 2.32053551
 2.32283385 2.32513287 2.32743259 2.329733   2.3320341  2.33433589
 2.33663838 2.33894156 2.34124545 2.34355003 2.34585531 2.34816129
 2.35046798 2.35277537 2.35508346 2.35739226 2.35970177 2.36201199
 2.36432292 2.36663456 2.36894691 2.37125998 2.37357376 2.37588826
 2.37820348 2.38051941 2.38283607 2.38515345 2.38747155 2.38979037
 2.39210992 2.3944302  2.3967512  2.39907293]
t = [1.06996044e+09 1.06996048e+09 1.06996052e+09 1.06996056e+09
 1.06996060e+09 1.06996064e+09 1.06996068e+09 1.06996072e+09
 1.06996076e+09 1.06996080e+09 1.06996084e+09 1.06996088e+09
 1.06996092e+09 1.06996096e+09 1.06996100e+09 1.06996104e+09
 1.06996108e+09 1.06996112e+09 1.06996116e+09 1.06996120e+09
 1.06996124e+09 1.06996128e+09 1.06996132e+09 1.06996136e+09
 1.06996140e+09 1.06996144e+09 1.06996148e+09 1.06996152e+09
 1.06996156e+09 1.06996160e+09 1.06996164e+09 1.06996168e+09
 1.06996172e+09 1.06996176e+09 1.06996180e+09 1.06996184e+09
 1.06996188e+09 1.06996193e+09 1.06996197e+09 1.06996201e+09
 1.06996205e+09 1.06996209e+09 1.06996213e+09 1.06996217e+09
 1.06996221e+09 1.06996225e+09 1.06996229e+09 1.06996233e+09
 1.06996237e+09 1.06996241e+09 1.06996245e+09 1.06996249e+09
 1.06996253e+09 1.06996257e+09 1.06996261e+09 1.06996265e+09
 1.06996269e+09 1.06996273e+09 1.06996277e+09 1.06996281e+09
 1.06996285e+09 1.06996289e+09 1.06996293e+09 1.06996297e+09
 1.06996301e+09 1.06996305e+09 1.06996309e+09 1.06996313e+09
 1.06996317e+09 1.06996321e+09 1.06996325e+09 1.06996329e+09
 1.06996333e+09 1.06996337e+09 1.06996341e+09 1.06996345e+09
 1.06996349e+09 1.06996353e+09 1.06996357e+09 1.06996361e+09
 1.06996365e+09 1.06996369e+09 1.06996373e+09 1.06996377e+09
 1.06996381e+09 1.06996385e+09 1.06996390e+09 1.06996394e+09
 1.06996398e+09 1.06996402e+09 1.06996406e+09 1.06996410e+09
 1.06996414e+09 1.06996418e+09 1.06996422e+09 1.06996426e+09
 1.06996430e+09 1.06996434e+09 1.06996438e+09 1.06996442e+09
 1.06996446e+09 1.06996450e+09 1.06996454e+09 1.06996458e+09
 1.06996462e+09 1.06996466e+09 1.06996470e+09 1.06996474e+09
 1.06996478e+09 1.06996482e+09 1.06996486e+09 1.06996490e+09
 1.06996494e+09 1.06996498e+09 1.06996502e+09 1.06996506e+09
 1.06996510e+09 1.06996514e+09 1.06996518e+09 1.06996522e+09
 1.06996526e+09 1.06996530e+09 1.06996534e+09 1.06996538e+09
 1.06996542e+09 1.06996546e+09 1.06996550e+09 1.06996554e+09
 1.06996558e+09 1.06996562e+09 1.06996566e+09 1.06996570e+09
 1.06996574e+09 1.06996578e+09 1.06996582e+09 1.06996587e+09
 1.06996591e+09 1.06996595e+09 1.06996599e+09 1.06996603e+09
 1.06996607e+09 1.06996611e+09 1.06996615e+09 1.06996619e+09
 1.06996623e+09 1.06996627e+09 1.06996631e+09 1.06996635e+09
 1.06996639e+09 1.06996643e+09 1.06996647e+09 1.06996651e+09
 1.06996655e+09 1.06996659e+09 1.06996663e+09 1.06996667e+09
 1.06996671e+09 1.06996675e+09 1.06996679e+09 1.06996683e+09
 1.06996687e+09 1.06996691e+09 1.06996695e+09 1.06996699e+09
 1.06996703e+09 1.06996707e+09 1.06996711e+09 1.06996715e+09
 1.06996719e+09 1.06996723e+09 1.06996727e+09 1.06996731e+09
 1.06996735e+09 1.06996739e+09 1.06996743e+09 1.06996747e+09
 1.06996751e+09 1.06996755e+09 1.06996759e+09 1.06996763e+09
 1.06996767e+09 1.06996771e+09 1.06996775e+09 1.06996779e+09
 1.06996783e+09 1.06996788e+09 1.06996792e+09 1.06996796e+09
 1.06996800e+09 1.06996804e+09 1.06996808e+09 1.06996812e+09
 1.06996816e+09 1.06996820e+09 1.06996824e+09 1.06996828e+09
 1.06996832e+09 1.06996836e+09 1.06996840e+09 1.06996844e+09
 1.06996848e+09 1.06996852e+09 1.06996856e+09 1.06996860e+09
 1.06996864e+09 1.06996868e+09 1.06996872e+09 1.06996876e+09
 1.06996880e+09 1.06996884e+09 1.06996888e+09 1.06996892e+09
 1.06996896e+09 1.06996900e+09 1.06996904e+09 1.06996908e+09
 1.06996912e+09 1.06996916e+09 1.06996920e+09 1.06996924e+09
 1.06996928e+09 1.06996932e+09 1.06996936e+09 1.06996940e+09
 1.06996944e+09 1.06996948e+09 1.06996952e+09 1.06996956e+09
 1.06996960e+09 1.06996964e+09 1.06996968e+09 1.06996972e+09
 1.06996976e+09 1.06996980e+09 1.06996985e+09 1.06996989e+09
 1.06996993e+09 1.06996997e+09 1.06997001e+09 1.06997005e+09
 1.06997009e+09 1.06997013e+09 1.06997017e+09 1.06997021e+09
 1.06997025e+09 1.06997029e+09 1.06997033e+09 1.06997037e+09
 1.06997041e+09 1.06997045e+09 1.06997049e+09 1.06997053e+09
 1.06997057e+09 1.06997061e+09 1.06997065e+09 1.06997069e+09
 1.06997073e+09 1.06997077e+09 1.06997081e+09 1.06997085e+09
 1.06997089e+09 1.06997093e+09 1.06997097e+09 1.06997101e+09
 1.06997105e+09 1.06997109e+09 1.06997113e+09 1.06997117e+09
 1.06997121e+09 1.06997125e+09 1.06997129e+09 1.06997133e+09
 1.06997137e+09 1.06997141e+09 1.06997145e+09 1.06997149e+09
 1.06997153e+09 1.06997157e+09 1.06997161e+09 1.06997165e+09
 1.06997169e+09 1.06997173e+09 1.06997177e+09 1.06997182e+09
 1.06997186e+09 1.06997190e+09 1.06997194e+09 1.06997198e+09
 1.06997202e+09 1.06997206e+09 1.06997210e+09 1.06997214e+09
 1.06997218e+09 1.06997222e+09 1.06997226e+09 1.06997230e+09
 1.06997234e+09 1.06997238e+09 1.06997242e+09 1.06997246e+09
 1.06997250e+09 1.06997254e+09 1.06997258e+09 1.06997262e+09
 1.06997266e+09 1.06997270e+09 1.06997274e+09 1.06997278e+09
 1.06997282e+09 1.06997286e+09 1.06997290e+09 1.06997294e+09
 1.06997298e+09 1.06997302e+09 1.06997306e+09 1.06997310e+09
 1.06997314e+09 1.06997318e+09 1.06997322e+09 1.06997326e+09
 1.06997330e+09 1.06997334e+09 1.06997338e+09 1.06997342e+09
 1.06997346e+09 1.06997350e+09 1.06997354e+09 1.06997358e+09
 1.06997362e+09 1.06997366e+09 1.06997370e+09 1.06997374e+09
 1.06997378e+09 1.06997383e+09 1.06997387e+09 1.06997391e+09
 1.06997395e+09 1.06997399e+09 1.06997403e+09 1.06997407e+09
 1.06997411e+09 1.06997415e+09 1.06997419e+09 1.06997423e+09
 1.06997427e+09 1.06997431e+09 1.06997435e+09 1.06997439e+09
 1.06997443e+09 1.06997447e+09 1.06997451e+09 1.06997455e+09
 1.06997459e+09 1.06997463e+09 1.06997467e+09 1.06997471e+09
 1.06997475e+09 1.06997479e+09 1.06997483e+09 1.06997487e+09
 1.06997491e+09 1.06997495e+09 1.06997499e+09 1.06997503e+09
 1.06997507e+09 1.06997511e+09 1.06997515e+09 1.06997519e+09
 1.06997523e+09 1.06997527e+09 1.06997531e+09 1.06997535e+09
 1.06997539e+09 1.06997543e+09 1.06997547e+09 1.06997551e+09
 1.06997555e+09 1.06997559e+09 1.06997563e+09 1.06997567e+09
 1.06997571e+09 1.06997575e+09 1.06997580e+09 1.06997584e+09
 1.06997588e+09 1.06997592e+09 1.06997596e+09 1.06997600e+09
 1.06997604e+09 1.06997608e+09 1.06997612e+09 1.06997616e+09
 1.06997620e+09 1.06997624e+09 1.06997628e+09 1.06997632e+09
 1.06997636e+09 1.06997640e+09 1.06997644e+09 1.06997648e+09
 1.06997652e+09 1.06997656e+09 1.06997660e+09 1.06997664e+09
 1.06997668e+09 1.06997672e+09 1.06997676e+09 1.06997680e+09
 1.06997684e+09 1.06997688e+09 1.06997692e+09 1.06997696e+09
 1.06997700e+09 1.06997704e+09 1.06997708e+09 1.06997712e+09
 1.06997716e+09 1.06997720e+09 1.06997724e+09 1.06997728e+09
 1.06997732e+09 1.06997736e+09 1.06997740e+09 1.06997744e+09
 1.06997748e+09 1.06997752e+09 1.06997756e+09 1.06997760e+09
 1.06997764e+09 1.06997768e+09 1.06997772e+09 1.06997777e+09
 1.06997781e+09 1.06997785e+09 1.06997789e+09 1.06997793e+09
 1.06997797e+09 1.06997801e+09 1.06997805e+09 1.06997809e+09
 1.06997813e+09 1.06997817e+09 1.06997821e+09 1.06997825e+09
 1.06997829e+09 1.06997833e+09 1.06997837e+09 1.06997841e+09
 1.06997845e+09 1.06997849e+09 1.06997853e+09 1.06997857e+09
 1.06997861e+09 1.06997865e+09 1.06997869e+09 1.06997873e+09
 1.06997877e+09 1.06997881e+09 1.06997885e+09 1.06997889e+09
 1.06997893e+09 1.06997897e+09 1.06997901e+09 1.06997905e+09
 1.06997909e+09 1.06997913e+09 1.06997917e+09 1.06997921e+09
 1.06997925e+09 1.06997929e+09 1.06997933e+09 1.06997937e+09
 1.06997941e+09 1.06997945e+09 1.06997949e+09 1.06997953e+09
 1.06997957e+09 1.06997961e+09 1.06997965e+09 1.06997969e+09
 1.06997973e+09 1.06997978e+09 1.06997982e+09 1.06997986e+09
 1.06997990e+09 1.06997994e+09 1.06997998e+09 1.06998002e+09
 1.06998006e+09 1.06998010e+09 1.06998014e+09 1.06998018e+09
 1.06998022e+09 1.06998026e+09 1.06998030e+09 1.06998034e+09
 1.06998038e+09 1.06998042e+09 1.06998046e+09 1.06998050e+09
 1.06998054e+09 1.06998058e+09 1.06998062e+09 1.06998066e+09
 1.06998070e+09 1.06998074e+09 1.06998078e+09 1.06998082e+09
 1.06998086e+09 1.06998090e+09 1.06998094e+09 1.06998098e+09
 1.06998102e+09 1.06998106e+09 1.06998110e+09 1.06998114e+09
 1.06998118e+09 1.06998122e+09 1.06998126e+09 1.06998130e+09
 1.06998134e+09 1.06998138e+09 1.06998142e+09 1.06998146e+09
 1.06998150e+09 1.06998154e+09 1.06998158e+09 1.06998162e+09
 1.06998166e+09 1.06998170e+09 1.06998175e+09 1.06998179e+09
 1.06998183e+09 1.06998187e+09 1.06998191e+09 1.06998195e+09
 1.06998199e+09 1.06998203e+09 1.06998207e+09 1.06998211e+09
 1.06998215e+09 1.06998219e+09 1.06998223e+09 1.06998227e+09
 1.06998231e+09 1.06998235e+09 1.06998239e+09 1.06998243e+09
 1.06998247e+09 1.06998251e+09 1.06998255e+09 1.06998259e+09
 1.06998263e+09 1.06998267e+09 1.06998271e+09 1.06998275e+09
 1.06998279e+09 1.06998283e+09 1.06998287e+09 1.06998291e+09
 1.06998295e+09 1.06998299e+09 1.06998303e+09 1.06998307e+09
 1.06998311e+09 1.06998315e+09 1.06998319e+09 1.06998323e+09
 1.06998327e+09 1.06998331e+09 1.06998335e+09 1.06998339e+09
 1.06998343e+09 1.06998347e+09 1.06998351e+09 1.06998355e+09
 1.06998359e+09 1.06998363e+09 1.06998367e+09 1.06998372e+09
 1.06998376e+09 1.06998380e+09 1.06998384e+09 1.06998388e+09
 1.06998392e+09 1.06998396e+09 1.06998400e+09 1.06998404e+09
 1.06998408e+09 1.06998412e+09 1.06998416e+09 1.06998420e+09
 1.06998424e+09 1.06998428e+09 1.06998432e+09 1.06998436e+09
 1.06998440e+09 1.06998444e+09 1.06998448e+09 1.06998452e+09
 1.06998456e+09 1.06998460e+09 1.06998464e+09 1.06998468e+09
 1.06998472e+09 1.06998476e+09 1.06998480e+09 1.06998484e+09
 1.06998488e+09 1.06998492e+09 1.06998496e+09 1.06998500e+09
 1.06998504e+09 1.06998508e+09 1.06998512e+09 1.06998516e+09
 1.06998520e+09 1.06998524e+09 1.06998528e+09 1.06998532e+09
 1.06998536e+09 1.06998540e+09 1.06998544e+09 1.06998548e+09
 1.06998552e+09 1.06998556e+09 1.06998560e+09 1.06998564e+09
 1.06998568e+09 1.06998573e+09 1.06998577e+09 1.06998581e+09
 1.06998585e+09 1.06998589e+09 1.06998593e+09 1.06998597e+09
 1.06998601e+09 1.06998605e+09 1.06998609e+09 1.06998613e+09
 1.06998617e+09 1.06998621e+09 1.06998625e+09 1.06998629e+09
 1.06998633e+09 1.06998637e+09 1.06998641e+09 1.06998645e+09
 1.06998649e+09 1.06998653e+09 1.06998657e+09 1.06998661e+09
 1.06998665e+09 1.06998669e+09 1.06998673e+09 1.06998677e+09
 1.06998681e+09 1.06998685e+09 1.06998689e+09 1.06998693e+09
 1.06998697e+09 1.06998701e+09 1.06998705e+09 1.06998709e+09
 1.06998713e+09 1.06998717e+09 1.06998721e+09 1.06998725e+09
 1.06998729e+09 1.06998733e+09 1.06998737e+09 1.06998741e+09
 1.06998745e+09 1.06998749e+09 1.06998753e+09 1.06998757e+09
 1.06998761e+09 1.06998765e+09 1.06998770e+09 1.06998774e+09
 1.06998778e+09 1.06998782e+09 1.06998786e+09 1.06998790e+09
 1.06998794e+09 1.06998798e+09 1.06998802e+09 1.06998806e+09
 1.06998810e+09 1.06998814e+09 1.06998818e+09 1.06998822e+09
 1.06998826e+09 1.06998830e+09 1.06998834e+09 1.06998838e+09
 1.06998842e+09 1.06998846e+09 1.06998850e+09 1.06998854e+09
 1.06998858e+09 1.06998862e+09 1.06998866e+09 1.06998870e+09
 1.06998874e+09 1.06998878e+09 1.06998882e+09 1.06998886e+09
 1.06998890e+09 1.06998894e+09 1.06998898e+09 1.06998902e+09
 1.06998906e+09 1.06998910e+09 1.06998914e+09 1.06998918e+09
 1.06998922e+09 1.06998926e+09 1.06998930e+09 1.06998934e+09
 1.06998938e+09 1.06998942e+09 1.06998946e+09 1.06998950e+09
 1.06998954e+09 1.06998958e+09 1.06998962e+09 1.06998967e+09
 1.06998971e+09 1.06998975e+09 1.06998979e+09 1.06998983e+09
 1.06998987e+09 1.06998991e+09 1.06998995e+09 1.06998999e+09
 1.06999003e+09 1.06999007e+09 1.06999011e+09 1.06999015e+09
 1.06999019e+09 1.06999023e+09 1.06999027e+09 1.06999031e+09
 1.06999035e+09 1.06999039e+09 1.06999043e+09 1.06999047e+09
 1.06999051e+09 1.06999055e+09 1.06999059e+09 1.06999063e+09
 1.06999067e+09 1.06999071e+09 1.06999075e+09 1.06999079e+09
 1.06999083e+09 1.06999087e+09 1.06999091e+09 1.06999095e+09
 1.06999099e+09 1.06999103e+09 1.06999107e+09 1.06999111e+09
 1.06999115e+09 1.06999119e+09 1.06999123e+09 1.06999127e+09
 1.06999131e+09 1.06999135e+09 1.06999139e+09 1.06999143e+09
 1.06999147e+09 1.06999151e+09 1.06999155e+09 1.06999159e+09
 1.06999163e+09 1.06999168e+09 1.06999172e+09 1.06999176e+09
 1.06999180e+09 1.06999184e+09 1.06999188e+09 1.06999192e+09
 1.06999196e+09 1.06999200e+09 1.06999204e+09 1.06999208e+09
 1.06999212e+09 1.06999216e+09 1.06999220e+09 1.06999224e+09
 1.06999228e+09 1.06999232e+09 1.06999236e+09 1.06999240e+09
 1.06999244e+09 1.06999248e+09 1.06999252e+09 1.06999256e+09
 1.06999260e+09 1.06999264e+09 1.06999268e+09 1.06999272e+09
 1.06999276e+09 1.06999280e+09 1.06999284e+09 1.06999288e+09
 1.06999292e+09 1.06999296e+09 1.06999300e+09 1.06999304e+09
 1.06999308e+09 1.06999312e+09 1.06999316e+09 1.06999320e+09
 1.06999324e+09 1.06999328e+09 1.06999332e+09 1.06999336e+09
 1.06999340e+09 1.06999344e+09 1.06999348e+09 1.06999352e+09
 1.06999356e+09 1.06999360e+09 1.06999365e+09 1.06999369e+09
 1.06999373e+09 1.06999377e+09 1.06999381e+09 1.06999385e+09
 1.06999389e+09 1.06999393e+09 1.06999397e+09 1.06999401e+09
 1.06999405e+09 1.06999409e+09 1.06999413e+09 1.06999417e+09
 1.06999421e+09 1.06999425e+09 1.06999429e+09 1.06999433e+09
 1.06999437e+09 1.06999441e+09 1.06999445e+09 1.06999449e+09
 1.06999453e+09 1.06999457e+09 1.06999461e+09 1.06999465e+09
 1.06999469e+09 1.06999473e+09 1.06999477e+09 1.06999481e+09
 1.06999485e+09 1.06999489e+09 1.06999493e+09 1.06999497e+09
 1.06999501e+09 1.06999505e+09 1.06999509e+09 1.06999513e+09
 1.06999517e+09 1.06999521e+09 1.06999525e+09 1.06999529e+09
 1.06999533e+09 1.06999537e+09 1.06999541e+09 1.06999545e+09
 1.06999549e+09 1.06999553e+09 1.06999557e+09 1.06999562e+09
 1.06999566e+09 1.06999570e+09 1.06999574e+09 1.06999578e+09
 1.06999582e+09 1.06999586e+09 1.06999590e+09 1.06999594e+09
 1.06999598e+09 1.06999602e+09 1.06999606e+09 1.06999610e+09
 1.06999614e+09 1.06999618e+09 1.06999622e+09 1.06999626e+09
 1.06999630e+09 1.06999634e+09 1.06999638e+09 1.06999642e+09
 1.06999646e+09 1.06999650e+09 1.06999654e+09 1.06999658e+09
 1.06999662e+09 1.06999666e+09 1.06999670e+09 1.06999674e+09
 1.06999678e+09 1.06999682e+09 1.06999686e+09 1.06999690e+09
 1.06999694e+09 1.06999698e+09 1.06999702e+09 1.06999706e+09
 1.06999710e+09 1.06999714e+09 1.06999718e+09 1.06999722e+09
 1.06999726e+09 1.06999730e+09 1.06999734e+09 1.06999738e+09
 1.06999742e+09 1.06999746e+09 1.06999750e+09 1.06999754e+09
 1.06999758e+09 1.06999763e+09 1.06999767e+09 1.06999771e+09
 1.06999775e+09 1.06999779e+09 1.06999783e+09 1.06999787e+09
 1.06999791e+09 1.06999795e+09 1.06999799e+09 1.06999803e+09
 1.06999807e+09 1.06999811e+09 1.06999815e+09 1.06999819e+09
 1.06999823e+09 1.06999827e+09 1.06999831e+09 1.06999835e+09
 1.06999839e+09 1.06999843e+09 1.06999847e+09 1.06999851e+09
 1.06999855e+09 1.06999859e+09 1.06999863e+09 1.06999867e+09
 1.06999871e+09 1.06999875e+09 1.06999879e+09 1.06999883e+09
 1.06999887e+09 1.06999891e+09 1.06999895e+09 1.06999899e+09
 1.06999903e+09 1.06999907e+09 1.06999911e+09 1.06999915e+09
 1.06999919e+09 1.06999923e+09 1.06999927e+09 1.06999931e+09
 1.06999935e+09 1.06999939e+09 1.06999943e+09 1.06999947e+09
 1.06999951e+09 1.06999955e+09 1.06999960e+09 1.06999964e+09
 1.06999968e+09 1.06999972e+09 1.06999976e+09 1.06999980e+09
 1.06999984e+09 1.06999988e+09 1.06999992e+09 1.06999996e+09
 1.07000000e+09 1.07000004e+09 1.07000008e+09 1.07000012e+09
 1.07000016e+09 1.07000020e+09 1.07000024e+09 1.07000028e+09
 1.07000032e+09 1.07000036e+09 1.07000040e+09 1.07000044e+09
 1.07000048e+09 1.07000052e+09 1.07000056e+09 1.07000060e+09]
minRes = 0.3007703034483532
minResTime = [1.06996056e+09]
Cov(t) = [100 100 100 100 100 100 100 100 100 100 100 100 100 100 100 100 100 100
 100 100 100 100 100 100 100 100 100 100 100 100 100 100 100 100 100 100
 100 100 100 100 100 100 100 100 100 100 100 100 100 100 100 100 100 100
 100 100 100 100 100 100 100 100 100 100 100 100 100 100 100 100 100 100
 100 100 100 100 100 100 100 100 100 100 100 100 100 100 100 100 100 100
 100 100 100 100 100 100 100 100 100 100 100 100 100 100 100 100 100 100
 100 100 100 100 100 100 100 100 100 100 100 100 100 100 100 100 100 100
 100 100 100 100 100 100 100 100 100 100 100 100 100 100 100 100 100 100
 100 100 100 100 100 100 100 100 100 100 100 100 100 100 100 100 100 100
 100 100 100 100 100 100 100 100 100 100 100 100 100 100 100 100 100 100
 100 100 100 100 100 100 100 100 100 100 100 100 100 100 100 100 100 100
 100 100 100 100 100 100 100 100 100 100 100 100 100 100 100 100 100 100
 100 100 100 100 100 100 100 100 100 100 100 100 100 100 100 100 100 100
 100 100 100 100 100 100 100 100 100 100 100 100 100 100 100 100 100 100
 100 100 100 100 100 100 100 100 100 100 100 100 100 100 100 100 100 100
 100 100 100 100 100 100 100 100 100 100 100 100 100 100 100 100 100 100
 100 100 100 100 100 100 100 100 100 100 100 100 100 100 100 100 100 100
 100 100 100 100 100 100 100 100 100 100 100 100 100 100 100 100 100 100
 100 100 100 100 100 100 100 100 100 100 100 100 100 100 100 100 100 100
 100 100 100 100 100 100 100 100 100 100 100 100 100 100 100 100 100 100
 100 100 100 100 100 100 100 100 100 100 100 100 100 100 100 100 100 100
 100 100 100 100 100 100 100 100 100 100 100 100 100 100 100 100 100 100
 100 100 100 100 100 100 100 100 100 100 100 100 100 100 100 100 100 100
 100 100 100 100 100 100 100 100 100 100 100 100 100 100 100 100 100 100
 100 100 100 100 100 100 100 100 100 100 100 100 100 100 100 100 100 100
 100 100 100 100 100 100 100 100 100 100 100 100 100 100 100 100 100 100
 100 100 100 100 100 100 100 100 100 100 100 100 100 100 100 100 100 100
 100 100 100 100 100 100 100 100 100 100 100 100 100 100 100 100 100 100
 100 100 100 100 100 100 100 100 100 100 100 100 100 100 100 100 100 100
 100 100 100 100 100 100 100 100 100 100 100 100 100 100 100 100 100 100
 100 100 100 100 100 100 100 100 100 100 100 100 100 100 100 100 100 100
 100 100 100 100 100 100 100 100   0   0   0   0   0   0   0   0   0   0
   0   0   0   0   0   0   0   0   0   0   0   0   0   0   0   0   0   0
   0   0   0   0   0   0   0   0   0   0   0   0   0   0   0   0   0   0
   0   0   0   0   0   0   0   0   0   0   0   0   0   0   0   0   0   0
   0   0   0   0   0   0   0   0   0   0   0   0   0   0   0   0   0   0
   0   0   0   0   0   0   0   0   0   0   0   0   0   0   0   0   0   0
   0   0   0   0   0   0   0   0   0   0   0   0   0   0   0   0   0   0
   0   0   0   0   0   0   0   0   0   0   0   0   0   0   0   0   0   0
   0   0   0   0   0   0   0   0   0   0   0   0   0   0   0   0   0   0
   0   0   0   0   0   0   0   0   0   0   0   0   0   0   0   0   0   0
   0   0   0   0   0   0   0   0   0   0   0   0   0   0   0   0   0   0
   0   0   0   0   0   0   0   0   0   0   0   0   0   0   0   0   0   0
   0   0   0   0   0   0   0   0   0   0   0   0   0   0   0   0   0   0
   0   0   0   0   0   0   0   0   0   0   0   0   0   0   0   0   0   0
   0   0   0   0   0   0   0   0   0   0   0   0   0   0   0   0   0   0
   0   0   0   0   0   0   0   0   0   0   0   0   0   0   0   0   0   0
   0   0   0   0   0   0   0   0   0   0   0   0   0   0   0   0   0   0
   0   0   0   0   0   0   0   0   0   0   0   0   0   0   0   0   0   0
   0   0   0   0   0   0   0   0   0   0   0   0   0   0   0   0   0   0
   0   0   0   0   0   0   0   0   0   0   0   0   0   0   0   0   0   0
   0   0   0   0   0   0   0   0   0   0   0   0   0   0   0   0   0   0
   0   0   0   0   0   0   0   0   0   0   0   0   0   0   0   0   0   0
   0   0   0   0   0   0   0   0   0   0   0   0   0   0   0   0   0   0
   0   0   0   0   0   0   0   0   0   0   0   0   0   0   0   0   0   0
   0   0   0   0   0   0   0   0   0   0]
maxCov = 100
maxCovTime = [1.06996044e+09 1.06996048e+09 1.06996052e+09 1.06996056e+09
 1.06996060e+09 1.06996064e+09 1.06996068e+09 1.06996072e+09
 1.06996076e+09 1.06996080e+09 1.06996084e+09 1.06996088e+09
 1.06996092e+09 1.06996096e+09 1.06996100e+09 1.06996104e+09
 1.06996108e+09 1.06996112e+09 1.06996116e+09 1.06996120e+09
 1.06996124e+09 1.06996128e+09 1.06996132e+09 1.06996136e+09
 1.06996140e+09 1.06996144e+09 1.06996148e+09 1.06996152e+09
 1.06996156e+09 1.06996160e+09 1.06996164e+09 1.06996168e+09
 1.06996172e+09 1.06996176e+09 1.06996180e+09 1.06996184e+09
 1.06996188e+09 1.06996193e+09 1.06996197e+09 1.06996201e+09
 1.06996205e+09 1.06996209e+09 1.06996213e+09 1.06996217e+09
 1.06996221e+09 1.06996225e+09 1.06996229e+09 1.06996233e+09
 1.06996237e+09 1.06996241e+09 1.06996245e+09 1.06996249e+09
 1.06996253e+09 1.06996257e+09 1.06996261e+09 1.06996265e+09
 1.06996269e+09 1.06996273e+09 1.06996277e+09 1.06996281e+09
 1.06996285e+09 1.06996289e+09 1.06996293e+09 1.06996297e+09
 1.06996301e+09 1.06996305e+09 1.06996309e+09 1.06996313e+09
 1.06996317e+09 1.06996321e+09 1.06996325e+09 1.06996329e+09
 1.06996333e+09 1.06996337e+09 1.06996341e+09 1.06996345e+09
 1.06996349e+09 1.06996353e+09 1.06996357e+09 1.06996361e+09
 1.06996365e+09 1.06996369e+09 1.06996373e+09 1.06996377e+09
 1.06996381e+09 1.06996385e+09 1.06996390e+09 1.06996394e+09
 1.06996398e+09 1.06996402e+09 1.06996406e+09 1.06996410e+09
 1.06996414e+09 1.06996418e+09 1.06996422e+09 1.06996426e+09
 1.06996430e+09 1.06996434e+09 1.06996438e+09 1.06996442e+09
 1.06996446e+09 1.06996450e+09 1.06996454e+09 1.06996458e+09
 1.06996462e+09 1.06996466e+09 1.06996470e+09 1.06996474e+09
 1.06996478e+09 1.06996482e+09 1.06996486e+09 1.06996490e+09
 1.06996494e+09 1.06996498e+09 1.06996502e+09 1.06996506e+09
 1.06996510e+09 1.06996514e+09 1.06996518e+09 1.06996522e+09
 1.06996526e+09 1.06996530e+09 1.06996534e+09 1.06996538e+09
 1.06996542e+09 1.06996546e+09 1.06996550e+09 1.06996554e+09
 1.06996558e+09 1.06996562e+09 1.06996566e+09 1.06996570e+09
 1.06996574e+09 1.06996578e+09 1.06996582e+09 1.06996587e+09
 1.06996591e+09 1.06996595e+09 1.06996599e+09 1.06996603e+09
 1.06996607e+09 1.06996611e+09 1.06996615e+09 1.06996619e+09
 1.06996623e+09 1.06996627e+09 1.06996631e+09 1.06996635e+09
 1.06996639e+09 1.06996643e+09 1.06996647e+09 1.06996651e+09
 1.06996655e+09 1.06996659e+09 1.06996663e+09 1.06996667e+09
 1.06996671e+09 1.06996675e+09 1.06996679e+09 1.06996683e+09
 1.06996687e+09 1.06996691e+09 1.06996695e+09 1.06996699e+09
 1.06996703e+09 1.06996707e+09 1.06996711e+09 1.06996715e+09
 1.06996719e+09 1.06996723e+09 1.06996727e+09 1.06996731e+09
 1.06996735e+09 1.06996739e+09 1.06996743e+09 1.06996747e+09
 1.06996751e+09 1.06996755e+09 1.06996759e+09 1.06996763e+09
 1.06996767e+09 1.06996771e+09 1.06996775e+09 1.06996779e+09
 1.06996783e+09 1.06996788e+09 1.06996792e+09 1.06996796e+09
 1.06996800e+09 1.06996804e+09 1.06996808e+09 1.06996812e+09
 1.06996816e+09 1.06996820e+09 1.06996824e+09 1.06996828e+09
 1.06996832e+09 1.06996836e+09 1.06996840e+09 1.06996844e+09
 1.06996848e+09 1.06996852e+09 1.06996856e+09 1.06996860e+09
 1.06996864e+09 1.06996868e+09 1.06996872e+09 1.06996876e+09
 1.06996880e+09 1.06996884e+09 1.06996888e+09 1.06996892e+09
 1.06996896e+09 1.06996900e+09 1.06996904e+09 1.06996908e+09
 1.06996912e+09 1.06996916e+09 1.06996920e+09 1.06996924e+09
 1.06996928e+09 1.06996932e+09 1.06996936e+09 1.06996940e+09
 1.06996944e+09 1.06996948e+09 1.06996952e+09 1.06996956e+09
 1.06996960e+09 1.06996964e+09 1.06996968e+09 1.06996972e+09
 1.06996976e+09 1.06996980e+09 1.06996985e+09 1.06996989e+09
 1.06996993e+09 1.06996997e+09 1.06997001e+09 1.06997005e+09
 1.06997009e+09 1.06997013e+09 1.06997017e+09 1.06997021e+09
 1.06997025e+09 1.06997029e+09 1.06997033e+09 1.06997037e+09
 1.06997041e+09 1.06997045e+09 1.06997049e+09 1.06997053e+09
 1.06997057e+09 1.06997061e+09 1.06997065e+09 1.06997069e+09
 1.06997073e+09 1.06997077e+09 1.06997081e+09 1.06997085e+09
 1.06997089e+09 1.06997093e+09 1.06997097e+09 1.06997101e+09
 1.06997105e+09 1.06997109e+09 1.06997113e+09 1.06997117e+09
 1.06997121e+09 1.06997125e+09 1.06997129e+09 1.06997133e+09
 1.06997137e+09 1.06997141e+09 1.06997145e+09 1.06997149e+09
 1.06997153e+09 1.06997157e+09 1.06997161e+09 1.06997165e+09
 1.06997169e+09 1.06997173e+09 1.06997177e+09 1.06997182e+09
 1.06997186e+09 1.06997190e+09 1.06997194e+09 1.06997198e+09
 1.06997202e+09 1.06997206e+09 1.06997210e+09 1.06997214e+09
 1.06997218e+09 1.06997222e+09 1.06997226e+09 1.06997230e+09
 1.06997234e+09 1.06997238e+09 1.06997242e+09 1.06997246e+09
 1.06997250e+09 1.06997254e+09 1.06997258e+09 1.06997262e+09
 1.06997266e+09 1.06997270e+09 1.06997274e+09 1.06997278e+09
 1.06997282e+09 1.06997286e+09 1.06997290e+09 1.06997294e+09
 1.06997298e+09 1.06997302e+09 1.06997306e+09 1.06997310e+09
 1.06997314e+09 1.06997318e+09 1.06997322e+09 1.06997326e+09
 1.06997330e+09 1.06997334e+09 1.06997338e+09 1.06997342e+09
 1.06997346e+09 1.06997350e+09 1.06997354e+09 1.06997358e+09
 1.06997362e+09 1.06997366e+09 1.06997370e+09 1.06997374e+09
 1.06997378e+09 1.06997383e+09 1.06997387e+09 1.06997391e+09
 1.06997395e+09 1.06997399e+09 1.06997403e+09 1.06997407e+09
 1.06997411e+09 1.06997415e+09 1.06997419e+09 1.06997423e+09
 1.06997427e+09 1.06997431e+09 1.06997435e+09 1.06997439e+09
 1.06997443e+09 1.06997447e+09 1.06997451e+09 1.06997455e+09
 1.06997459e+09 1.06997463e+09 1.06997467e+09 1.06997471e+09
 1.06997475e+09 1.06997479e+09 1.06997483e+09 1.06997487e+09
 1.06997491e+09 1.06997495e+09 1.06997499e+09 1.06997503e+09
 1.06997507e+09 1.06997511e+09 1.06997515e+09 1.06997519e+09
 1.06997523e+09 1.06997527e+09 1.06997531e+09 1.06997535e+09
 1.06997539e+09 1.06997543e+09 1.06997547e+09 1.06997551e+09
 1.06997555e+09 1.06997559e+09 1.06997563e+09 1.06997567e+09
 1.06997571e+09 1.06997575e+09 1.06997580e+09 1.06997584e+09
 1.06997588e+09 1.06997592e+09 1.06997596e+09 1.06997600e+09
 1.06997604e+09 1.06997608e+09 1.06997612e+09 1.06997616e+09
 1.06997620e+09 1.06997624e+09 1.06997628e+09 1.06997632e+09
 1.06997636e+09 1.06997640e+09 1.06997644e+09 1.06997648e+09
 1.06997652e+09 1.06997656e+09 1.06997660e+09 1.06997664e+09
 1.06997668e+09 1.06997672e+09 1.06997676e+09 1.06997680e+09
 1.06997684e+09 1.06997688e+09 1.06997692e+09 1.06997696e+09
 1.06997700e+09 1.06997704e+09 1.06997708e+09 1.06997712e+09
 1.06997716e+09 1.06997720e+09 1.06997724e+09 1.06997728e+09
 1.06997732e+09 1.06997736e+09 1.06997740e+09 1.06997744e+09
 1.06997748e+09 1.06997752e+09 1.06997756e+09 1.06997760e+09
 1.06997764e+09 1.06997768e+09 1.06997772e+09 1.06997777e+09
 1.06997781e+09 1.06997785e+09 1.06997789e+09 1.06997793e+09
 1.06997797e+09 1.06997801e+09 1.06997805e+09 1.06997809e+09
 1.06997813e+09 1.06997817e+09 1.06997821e+09 1.06997825e+09
 1.06997829e+09 1.06997833e+09 1.06997837e+09 1.06997841e+09
 1.06997845e+09 1.06997849e+09 1.06997853e+09 1.06997857e+09
 1.06997861e+09 1.06997865e+09 1.06997869e+09 1.06997873e+09
 1.06997877e+09 1.06997881e+09 1.06997885e+09 1.06997889e+09
 1.06997893e+09 1.06997897e+09 1.06997901e+09 1.06997905e+09
 1.06997909e+09 1.06997913e+09 1.06997917e+09 1.06997921e+09
 1.06997925e+09 1.06997929e+09 1.06997933e+09 1.06997937e+09
 1.06997941e+09 1.06997945e+09 1.06997949e+09 1.06997953e+09
 1.06997957e+09 1.06997961e+09 1.06997965e+09 1.06997969e+09
 1.06997973e+09 1.06997978e+09 1.06997982e+09 1.06997986e+09
 1.06997990e+09 1.06997994e+09 1.06997998e+09 1.06998002e+09
 1.06998006e+09 1.06998010e+09 1.06998014e+09 1.06998018e+09
 1.06998022e+09 1.06998026e+09 1.06998030e+09 1.06998034e+09
 1.06998038e+09 1.06998042e+09 1.06998046e+09 1.06998050e+09
 1.06998054e+09 1.06998058e+09 1.06998062e+09 1.06998066e+09
 1.06998070e+09 1.06998074e+09 1.06998078e+09 1.06998082e+09
 1.06998086e+09 1.06998090e+09 1.06998094e+09 1.06998098e+09
 1.06998102e+09 1.06998106e+09 1.06998110e+09 1.06998114e+09
 1.06998118e+09 1.06998122e+09 1.06998126e+09 1.06998130e+09
 1.06998134e+09 1.06998138e+09 1.06998142e+09 1.06998146e+09
 1.06998150e+09 1.06998154e+09 1.06998158e+09 1.06998162e+09
 1.06998166e+09 1.06998170e+09 1.06998175e+09 1.06998179e+09
 1.06998183e+09 1.06998187e+09 1.06998191e+09 1.06998195e+09
 1.06998199e+09 1.06998203e+09 1.06998207e+09 1.06998211e+09
 1.06998215e+09 1.06998219e+09 1.06998223e+09 1.06998227e+09
 1.06998231e+09 1.06998235e+09 1.06998239e+09 1.06998243e+09
 1.06998247e+09 1.06998251e+09 1.06998255e+09 1.06998259e+09
 1.06998263e+09 1.06998267e+09 1.06998271e+09 1.06998275e+09
 1.06998279e+09 1.06998283e+09 1.06998287e+09 1.06998291e+09
 1.06998295e+09 1.06998299e+09 1.06998303e+09 1.06998307e+09
 1.06998311e+09 1.06998315e+09]
