name =JUICE_ROI_GAN_6_1_06
flyby = ['2034 NOV 18 09:58:51', '2034 NOV 19 09:58:51']
Observation TW = <SpiceCell dtype = 1, length = 0, size = 2400, card = 4, is_set = 1, adjust = 0, init = 1, base = 93975236749408, data = 93975236749456>
Res(t) = [1.25795942 1.25796176 1.25796409 1.25796642 1.25796876 1.25797109
 1.25797341 1.25797574 1.25797807 1.25798039 1.25798272 1.25798504
 1.25798737 1.25798969 1.25799201 1.25799433 1.25799665 1.25799896
 1.25800128 1.25800359 1.25800591 1.25800822 1.25801053 1.25801284
 1.25801515 1.25801746 1.25801977 1.25802208 1.25802438 1.25802669
 1.25802899 1.25803129 1.25803359 1.25803589 1.25803819 1.25804049
 1.25804279 1.25804508 1.25804738 1.25804967 1.25805197 1.25805426
 1.25805655 1.25805884 1.25806113 1.25806342 1.2580657  1.25806799
 1.25807027 1.25807256 1.25807484 1.25807712 1.2580794  1.25808168
 1.25808396 1.25808623 1.25808851 1.25809079 1.25809306 1.25809533
 1.25809761 1.25809988 1.25810215 1.25810441 1.25810668 1.25810895
 1.25811122 1.25811348 1.25811574 1.25811801 1.25812027 1.25812253
 1.25812479 1.25812705 1.2581293  1.25813156 1.25813382 1.25813607
 1.25813832 1.25814058 1.25814283 1.25814508 1.25814733 1.25814958
 1.25815182 1.25815407 1.25815631 1.25815856 1.2581608  1.25816304
 1.25816528 1.25816752 1.25816976 1.258172   1.25817424 1.25817647
 1.25817871 1.25818094 1.25818318 1.25818541 1.25818764 1.25818987
 1.2581921  1.25819433 1.25819655 1.25819878 1.258201   1.25820323
 1.25820545 1.25820767 1.25820989 1.25821211 1.25821433 1.25821655
 1.25821876 1.25822098 1.25822319 1.25822541 1.25822762 1.25822983
 1.25823204 1.25823425 1.25823646 1.25823867 1.25824087 1.25824308
 1.25824529 1.25824749 1.25824969 1.25825189 1.25825409 1.25825629
 1.25825849 1.25826069 1.25826289 1.25826508 1.25826728 1.25826947
 1.25827166 1.25827385 1.25827604 1.25827823 1.25828042 1.25828261
 1.2582848  1.25828698 1.25828917 1.25829135 1.25829353 1.25829571
 1.25829789 1.25830007 1.25830225 1.25830443 1.25830661 1.25830878
 1.25831096 1.25831313 1.2583153  1.25831748 1.25831965 1.25832182
 1.25832398 1.25832615 1.25832832 1.25833049 1.25833265 1.25833481
 1.25833698 1.25833914 1.2583413  1.25834346 1.25834562 1.25834778
 1.25834993 1.25835209 1.25835425 1.2583564  1.25835855 1.2583607
 1.25836286 1.25836501 1.25836716 1.2583693  1.25837145 1.2583736
 1.25837574 1.25837789 1.25838003 1.25838217 1.25838431 1.25838645
 1.25838859 1.25839073 1.25839287 1.25839501 1.25839714 1.25839928
 1.25840141 1.25840354 1.25840567 1.25840781 1.25840994 1.25841206
 1.25841419 1.25841632 1.25841845 1.25842057 1.25842269 1.25842482
 1.25842694 1.25842906 1.25843118 1.2584333  1.25843542 1.25843754
 1.25843965 1.25844177 1.25844388 1.258446   1.25844811 1.25845022
 1.25845233 1.25845444 1.25845655 1.25845866 1.25846076 1.25846287
 1.25846498 1.25846708 1.25846918 1.25847128 1.25847339 1.25847549
 1.25847759 1.25847968 1.25848178 1.25848388 1.25848597 1.25848807
 1.25849016 1.25849225 1.25849435 1.25849644 1.25849853 1.25850062
 1.2585027  1.25850479 1.25850688 1.25850896 1.25851105 1.25851313
 1.25851521 1.25851729 1.25851937 1.25852145 1.25852353 1.25852561
 1.25852769 1.25852976 1.25853184 1.25853391 1.25853599 1.25853806
 1.25854013 1.2585422  1.25854427 1.25854634 1.2585484  1.25855047
 1.25855254 1.2585546  1.25855667 1.25855873 1.25856079 1.25856285
 1.25856491 1.25856697 1.25856903 1.25857109 1.25857314 1.2585752
 1.25857725 1.25857931 1.25858136 1.25858341 1.25858546 1.25858751
 1.25858956 1.25859161 1.25859366 1.2585957  1.25859775 1.25859979
 1.25860184 1.25860388 1.25860592 1.25860796 1.25861    1.25861204
 1.25861408 1.25861612 1.25861815 1.25862019 1.25862222 1.25862426
 1.25862629 1.25862832 1.25863035 1.25863238 1.25863441 1.25863644
 1.25863847 1.25864049 1.25864252 1.25864454 1.25864657 1.25864859
 1.25865061 1.25865263 1.25865465 1.25865667 1.25865869 1.25866071
 1.25866272 1.25866474 1.25866675 1.25866877 1.25867078 1.25867279
 1.2586748  1.25867681 1.25867882 1.25868083 1.25868284 1.25868485
 1.25868685 1.25868886 1.25869086 1.25869286 1.25869487 1.25869687
 1.25869887 1.25870087 1.25870287 1.25870486 1.25870686 1.25870886
 1.25871085 1.25871285 1.25871484 1.25871683 1.25871882 1.25872081
 1.2587228  1.25872479 1.25872678 1.25872877 1.25873075 1.25873274
 1.25873472 1.25873671 1.25873869 1.25874067 1.25874265 1.25874463
 1.25874661 1.25874859 1.25875057 1.25875255 1.25875452 1.2587565
 1.25875847 1.25876044 1.25876242 1.25876439 1.25876636 1.25876833
 1.2587703  1.25877226 1.25877423 1.2587762  1.25877816 1.25878013
 1.25878209 1.25878405 1.25878602 1.25878798 1.25878994 1.2587919
 1.25879386 1.25879581 1.25879777 1.25879973 1.25880168 1.25880364
 1.25880559 1.25880754 1.25880949 1.25881144 1.25881339 1.25881534
 1.25881729 1.25881924 1.25882118 1.25882313 1.25882508 1.25882702
 1.25882896 1.2588309  1.25883285 1.25883479 1.25883673 1.25883866
 1.2588406  1.25884254 1.25884448 1.25884641 1.25884835 1.25885028
 1.25885221 1.25885414 1.25885608 1.25885801 1.25885994 1.25886186
 1.25886379 1.25886572 1.25886765 1.25886957 1.25887149 1.25887342
 1.25887534 1.25887726 1.25887918 1.2588811  1.25888302 1.25888494
 1.25888686 1.25888878 1.25889069 1.25889261 1.25889452 1.25889644
 1.25889835 1.25890026 1.25890217 1.25890408 1.25890599 1.2589079
 1.25890981 1.25891172 1.25891362 1.25891553 1.25891743 1.25891934
 1.25892124 1.25892314 1.25892504 1.25892694 1.25892884 1.25893074
 1.25893264 1.25893453 1.25893643 1.25893833 1.25894022 1.25894211
 1.25894401 1.2589459  1.25894779 1.25894968 1.25895157 1.25895346
 1.25895535 1.25895723 1.25895912 1.25896101 1.25896289 1.25896478
 1.25896666 1.25896854 1.25897042 1.2589723  1.25897418 1.25897606
 1.25897794 1.25897982 1.25898169 1.25898357 1.25898545 1.25898732
 1.25898919 1.25899107 1.25899294 1.25899481 1.25899668 1.25899855
 1.25900042 1.25900228 1.25900415 1.25900602 1.25900788 1.25900975
 1.25901161 1.25901347 1.25901534 1.2590172  1.25901906 1.25902092
 1.25902278 1.25902463 1.25902649 1.25902835 1.2590302  1.25903206
 1.25903391 1.25903577 1.25903762 1.25903947 1.25904132 1.25904317
 1.25904502 1.25904687 1.25904872 1.25905056 1.25905241 1.25905426
 1.2590561  1.25905795 1.25905979 1.25906163 1.25906347 1.25906531
 1.25906715 1.25906899 1.25907083 1.25907267 1.2590745  1.25907634
 1.25907818 1.25908001 1.25908184 1.25908368 1.25908551 1.25908734
 1.25908917 1.259091   1.25909283 1.25909466 1.25909649 1.25909831
 1.25910014 1.25910196 1.25910379 1.25910561 1.25910743 1.25910926
 1.25911108 1.2591129  1.25911472 1.25911654 1.25911835 1.25912017
 1.25912199 1.2591238  1.25912562 1.25912743 1.25912925 1.25913106
 1.25913287 1.25913468 1.25913649 1.2591383  1.25914011 1.25914192
 1.25914373 1.25914553 1.25914734 1.25914915 1.25915095 1.25915275
 1.25915456 1.25915636 1.25915816 1.25915996 1.25916176 1.25916356
 1.25916536 1.25916716 1.25916895 1.25917075 1.25917254 1.25917434
 1.25917613 1.25917792 1.25917972 1.25918151 1.2591833  1.25918509
 1.25918688 1.25918867 1.25919045 1.25919224 1.25919403 1.25919581
 1.2591976  1.25919938 1.25920117 1.25920295 1.25920473 1.25920651
 1.25920829 1.25921007 1.25921185 1.25921363 1.2592154  1.25921718
 1.25921896 1.25922073 1.25922251 1.25922428 1.25922605 1.25922782
 1.2592296  1.25923137 1.25923314 1.25923491 1.25923667 1.25923844
 1.25924021 1.25924198 1.25924374 1.25924551 1.25924727 1.25924903
 1.2592508  1.25925256 1.25925432 1.25925608 1.25925784 1.2592596
 1.25926136 1.25926311 1.25926487 1.25926663 1.25926838 1.25927014
 1.25927189 1.25927364 1.25927539 1.25927715 1.2592789  1.25928065
 1.2592824  1.25928415 1.25928589 1.25928764 1.25928939 1.25929113
 1.25929288 1.25929462 1.25929637 1.25929811 1.25929985 1.25930159
 1.25930333 1.25930507 1.25930681 1.25930855 1.25931029 1.25931203
 1.25931376 1.2593155  1.25931723 1.25931897 1.2593207  1.25932244
 1.25932417 1.2593259  1.25932763 1.25932936 1.25933109 1.25933282
 1.25933455 1.25933627 1.259338   1.25933973 1.25934145 1.25934318
 1.2593449  1.25934662 1.25934834 1.25935007 1.25935179 1.25935351
 1.25935523 1.25935695 1.25935866 1.25936038 1.2593621  1.25936381
 1.25936553 1.25936724 1.25936896 1.25937067 1.25937238 1.2593741
 1.25937581 1.25937752 1.25937923 1.25938094 1.25938264 1.25938435
 1.25938606 1.25938776 1.25938947 1.25939118 1.25939288 1.25939458
 1.25939629 1.25939799 1.25939969 1.25940139 1.25940309 1.25940479
 1.25940649 1.25940819 1.25940988 1.25941158 1.25941328 1.25941497
 1.25941667 1.25941836 1.25942005 1.25942175 1.25942344 1.25942513
 1.25942682 1.25942851 1.2594302  1.25943189 1.25943357 1.25943526
 1.25943695 1.25943863 1.25944032 1.259442   1.25944369 1.25944537
 1.25944705 1.25944873 1.25945042 1.2594521  1.25945377 1.25945545
 1.25945713 1.25945881 1.25946049 1.25946216 1.25946384 1.25946551
 1.25946719 1.25946886 1.25947054 1.25947221 1.25947388 1.25947555
 1.25947722 1.25947889 1.25948056 1.25948223 1.25948389 1.25948556
 1.25948723 1.25948889 1.25949056 1.25949222 1.25949389 1.25949555
 1.25949721 1.25949887 1.25950054 1.2595022  1.25950386 1.25950551
 1.25950717 1.25950883 1.25951049 1.25951214 1.2595138  1.25951546
 1.25951711 1.25951876 1.25952042 1.25952207 1.25952372 1.25952537
 1.25952702 1.25952867 1.25953032 1.25953197 1.25953362 1.25953527
 1.25953691 1.25953856 1.2595402  1.25954185 1.25954349 1.25954514
 1.25954678 1.25954842 1.25955006 1.2595517  1.25955334 1.25955498
 1.25955662 1.25955826 1.2595599  1.25956154 1.25956317 1.25956481
 1.25956644 1.25956808 1.25956971 1.25957135 1.25957298 1.25957461
 1.25957624 1.25957787 1.2595795  1.25958113 1.25958276 1.25958439
 1.25958602 1.25958764 1.25958927 1.25959089 1.25959252 1.25959414
 1.25959577 1.25959739 1.25959901 1.25960064 1.25960226 1.25960388
 1.2596055  1.25960712 1.25960873 1.25961035 1.25961197 1.25961359
 1.2596152  1.25961682 1.25961843 1.25962005 1.25962166 1.25962328
 1.25962489 1.2596265  1.25962811 1.25962972 1.25963133 1.25963294
 1.25963455 1.25963616 1.25963777 1.25963937 1.25964098 1.25964258
 1.25964419 1.25964579 1.2596474  1.259649   1.2596506  1.25965221
 1.25965381 1.25965541 1.25965701 1.25965861 1.25966021 1.25966181
 1.2596634  1.259665   1.2596666  1.25966819 1.25966979 1.25967138
 1.25967298 1.25967457 1.25967616 1.25967776 1.25967935 1.25968094
 1.25968253 1.25968412 1.25968571 1.2596873  1.25968889 1.25969047
 1.25969206 1.25969365 1.25969523 1.25969682 1.2596984  1.25969999
 1.25970157 1.25970315 1.25970473 1.25970632 1.2597079  1.25970948
 1.25971106 1.25971264 1.25971421 1.25971579 1.25971737 1.25971895
 1.25972052 1.2597221  1.25972367 1.25972525 1.25972682 1.25972839
 1.25972997 1.25973154 1.25973311 1.25973468 1.25973625 1.25973782
 1.25973939 1.25974096 1.25974253 1.25974409 1.25974566 1.25974723
 1.25974879 1.25975036 1.25975192 1.25975349 1.25975505 1.25975661
 1.25975818 1.25975974 1.2597613  1.25976286 1.25976442 1.25976598
 1.25976754 1.25976909 1.25977065 1.25977221 1.25977377 1.25977532
 1.25977688 1.25977843 1.25977999 1.25978154 1.25978309 1.25978464
 1.2597862  1.25978775 1.2597893  1.25979085 1.2597924  1.25979395
 1.2597955  1.25979704 1.25979859 1.25980014 1.25980168 1.25980323
 1.25980477 1.25980632 1.25980786 1.25980941 1.25981095 1.25981249
 1.25981403 1.25981557 1.25981711 1.25981865 1.25982019 1.25982173
 1.25982327 1.25982481 1.25982635 1.25982788 1.25982942 1.25983095
 1.25983249 1.25983402 1.25983556 1.25983709 1.25983862 1.25984016
 1.25984169 1.25984322 1.25984475 1.25984628]
t = [1.10081220e+09 1.10081220e+09 1.10081221e+09 1.10081221e+09
 1.10081221e+09 1.10081222e+09 1.10081222e+09 1.10081222e+09
 1.10081222e+09 1.10081223e+09 1.10081223e+09 1.10081223e+09
 1.10081224e+09 1.10081224e+09 1.10081224e+09 1.10081225e+09
 1.10081225e+09 1.10081225e+09 1.10081225e+09 1.10081226e+09
 1.10081226e+09 1.10081226e+09 1.10081227e+09 1.10081227e+09
 1.10081227e+09 1.10081228e+09 1.10081228e+09 1.10081228e+09
 1.10081228e+09 1.10081229e+09 1.10081229e+09 1.10081229e+09
 1.10081230e+09 1.10081230e+09 1.10081230e+09 1.10081231e+09
 1.10081231e+09 1.10081231e+09 1.10081231e+09 1.10081232e+09
 1.10081232e+09 1.10081232e+09 1.10081233e+09 1.10081233e+09
 1.10081233e+09 1.10081234e+09 1.10081234e+09 1.10081234e+09
 1.10081234e+09 1.10081235e+09 1.10081235e+09 1.10081235e+09
 1.10081236e+09 1.10081236e+09 1.10081236e+09 1.10081237e+09
 1.10081237e+09 1.10081237e+09 1.10081237e+09 1.10081238e+09
 1.10081238e+09 1.10081238e+09 1.10081239e+09 1.10081239e+09
 1.10081239e+09 1.10081240e+09 1.10081240e+09 1.10081240e+09
 1.10081240e+09 1.10081241e+09 1.10081241e+09 1.10081241e+09
 1.10081242e+09 1.10081242e+09 1.10081242e+09 1.10081243e+09
 1.10081243e+09 1.10081243e+09 1.10081243e+09 1.10081244e+09
 1.10081244e+09 1.10081244e+09 1.10081245e+09 1.10081245e+09
 1.10081245e+09 1.10081246e+09 1.10081246e+09 1.10081246e+09
 1.10081246e+09 1.10081247e+09 1.10081247e+09 1.10081247e+09
 1.10081248e+09 1.10081248e+09 1.10081248e+09 1.10081249e+09
 1.10081249e+09 1.10081249e+09 1.10081249e+09 1.10081250e+09
 1.10081250e+09 1.10081250e+09 1.10081251e+09 1.10081251e+09
 1.10081251e+09 1.10081252e+09 1.10081252e+09 1.10081252e+09
 1.10081252e+09 1.10081253e+09 1.10081253e+09 1.10081253e+09
 1.10081254e+09 1.10081254e+09 1.10081254e+09 1.10081255e+09
 1.10081255e+09 1.10081255e+09 1.10081255e+09 1.10081256e+09
 1.10081256e+09 1.10081256e+09 1.10081257e+09 1.10081257e+09
 1.10081257e+09 1.10081258e+09 1.10081258e+09 1.10081258e+09
 1.10081258e+09 1.10081259e+09 1.10081259e+09 1.10081259e+09
 1.10081260e+09 1.10081260e+09 1.10081260e+09 1.10081261e+09
 1.10081261e+09 1.10081261e+09 1.10081261e+09 1.10081262e+09
 1.10081262e+09 1.10081262e+09 1.10081263e+09 1.10081263e+09
 1.10081263e+09 1.10081264e+09 1.10081264e+09 1.10081264e+09
 1.10081264e+09 1.10081265e+09 1.10081265e+09 1.10081265e+09
 1.10081266e+09 1.10081266e+09 1.10081266e+09 1.10081267e+09
 1.10081267e+09 1.10081267e+09 1.10081267e+09 1.10081268e+09
 1.10081268e+09 1.10081268e+09 1.10081269e+09 1.10081269e+09
 1.10081269e+09 1.10081270e+09 1.10081270e+09 1.10081270e+09
 1.10081270e+09 1.10081271e+09 1.10081271e+09 1.10081271e+09
 1.10081272e+09 1.10081272e+09 1.10081272e+09 1.10081273e+09
 1.10081273e+09 1.10081273e+09 1.10081273e+09 1.10081274e+09
 1.10081274e+09 1.10081274e+09 1.10081275e+09 1.10081275e+09
 1.10081275e+09 1.10081276e+09 1.10081276e+09 1.10081276e+09
 1.10081276e+09 1.10081277e+09 1.10081277e+09 1.10081277e+09
 1.10081278e+09 1.10081278e+09 1.10081278e+09 1.10081279e+09
 1.10081279e+09 1.10081279e+09 1.10081279e+09 1.10081280e+09
 1.10081280e+09 1.10081280e+09 1.10081281e+09 1.10081281e+09
 1.10081281e+09 1.10081282e+09 1.10081282e+09 1.10081282e+09
 1.10081282e+09 1.10081283e+09 1.10081283e+09 1.10081283e+09
 1.10081284e+09 1.10081284e+09 1.10081284e+09 1.10081285e+09
 1.10081285e+09 1.10081285e+09 1.10081285e+09 1.10081286e+09
 1.10081286e+09 1.10081286e+09 1.10081287e+09 1.10081287e+09
 1.10081287e+09 1.10081288e+09 1.10081288e+09 1.10081288e+09
 1.10081288e+09 1.10081289e+09 1.10081289e+09 1.10081289e+09
 1.10081290e+09 1.10081290e+09 1.10081290e+09 1.10081291e+09
 1.10081291e+09 1.10081291e+09 1.10081291e+09 1.10081292e+09
 1.10081292e+09 1.10081292e+09 1.10081293e+09 1.10081293e+09
 1.10081293e+09 1.10081294e+09 1.10081294e+09 1.10081294e+09
 1.10081294e+09 1.10081295e+09 1.10081295e+09 1.10081295e+09
 1.10081296e+09 1.10081296e+09 1.10081296e+09 1.10081297e+09
 1.10081297e+09 1.10081297e+09 1.10081297e+09 1.10081298e+09
 1.10081298e+09 1.10081298e+09 1.10081299e+09 1.10081299e+09
 1.10081299e+09 1.10081300e+09 1.10081300e+09 1.10081300e+09
 1.10081300e+09 1.10081301e+09 1.10081301e+09 1.10081301e+09
 1.10081302e+09 1.10081302e+09 1.10081302e+09 1.10081303e+09
 1.10081303e+09 1.10081303e+09 1.10081304e+09 1.10081304e+09
 1.10081304e+09 1.10081304e+09 1.10081305e+09 1.10081305e+09
 1.10081305e+09 1.10081306e+09 1.10081306e+09 1.10081306e+09
 1.10081307e+09 1.10081307e+09 1.10081307e+09 1.10081307e+09
 1.10081308e+09 1.10081308e+09 1.10081308e+09 1.10081309e+09
 1.10081309e+09 1.10081309e+09 1.10081310e+09 1.10081310e+09
 1.10081310e+09 1.10081310e+09 1.10081311e+09 1.10081311e+09
 1.10081311e+09 1.10081312e+09 1.10081312e+09 1.10081312e+09
 1.10081313e+09 1.10081313e+09 1.10081313e+09 1.10081313e+09
 1.10081314e+09 1.10081314e+09 1.10081314e+09 1.10081315e+09
 1.10081315e+09 1.10081315e+09 1.10081316e+09 1.10081316e+09
 1.10081316e+09 1.10081316e+09 1.10081317e+09 1.10081317e+09
 1.10081317e+09 1.10081318e+09 1.10081318e+09 1.10081318e+09
 1.10081319e+09 1.10081319e+09 1.10081319e+09 1.10081319e+09
 1.10081320e+09 1.10081320e+09 1.10081320e+09 1.10081321e+09
 1.10081321e+09 1.10081321e+09 1.10081322e+09 1.10081322e+09
 1.10081322e+09 1.10081322e+09 1.10081323e+09 1.10081323e+09
 1.10081323e+09 1.10081324e+09 1.10081324e+09 1.10081324e+09
 1.10081325e+09 1.10081325e+09 1.10081325e+09 1.10081325e+09
 1.10081326e+09 1.10081326e+09 1.10081326e+09 1.10081327e+09
 1.10081327e+09 1.10081327e+09 1.10081328e+09 1.10081328e+09
 1.10081328e+09 1.10081328e+09 1.10081329e+09 1.10081329e+09
 1.10081329e+09 1.10081330e+09 1.10081330e+09 1.10081330e+09
 1.10081331e+09 1.10081331e+09 1.10081331e+09 1.10081331e+09
 1.10081332e+09 1.10081332e+09 1.10081332e+09 1.10081333e+09
 1.10081333e+09 1.10081333e+09 1.10081334e+09 1.10081334e+09
 1.10081334e+09 1.10081334e+09 1.10081335e+09 1.10081335e+09
 1.10081335e+09 1.10081336e+09 1.10081336e+09 1.10081336e+09
 1.10081337e+09 1.10081337e+09 1.10081337e+09 1.10081337e+09
 1.10081338e+09 1.10081338e+09 1.10081338e+09 1.10081339e+09
 1.10081339e+09 1.10081339e+09 1.10081340e+09 1.10081340e+09
 1.10081340e+09 1.10081340e+09 1.10081341e+09 1.10081341e+09
 1.10081341e+09 1.10081342e+09 1.10081342e+09 1.10081342e+09
 1.10081343e+09 1.10081343e+09 1.10081343e+09 1.10081343e+09
 1.10081344e+09 1.10081344e+09 1.10081344e+09 1.10081345e+09
 1.10081345e+09 1.10081345e+09 1.10081346e+09 1.10081346e+09
 1.10081346e+09 1.10081346e+09 1.10081347e+09 1.10081347e+09
 1.10081347e+09 1.10081348e+09 1.10081348e+09 1.10081348e+09
 1.10081349e+09 1.10081349e+09 1.10081349e+09 1.10081349e+09
 1.10081350e+09 1.10081350e+09 1.10081350e+09 1.10081351e+09
 1.10081351e+09 1.10081351e+09 1.10081352e+09 1.10081352e+09
 1.10081352e+09 1.10081352e+09 1.10081353e+09 1.10081353e+09
 1.10081353e+09 1.10081354e+09 1.10081354e+09 1.10081354e+09
 1.10081355e+09 1.10081355e+09 1.10081355e+09 1.10081355e+09
 1.10081356e+09 1.10081356e+09 1.10081356e+09 1.10081357e+09
 1.10081357e+09 1.10081357e+09 1.10081358e+09 1.10081358e+09
 1.10081358e+09 1.10081358e+09 1.10081359e+09 1.10081359e+09
 1.10081359e+09 1.10081360e+09 1.10081360e+09 1.10081360e+09
 1.10081361e+09 1.10081361e+09 1.10081361e+09 1.10081361e+09
 1.10081362e+09 1.10081362e+09 1.10081362e+09 1.10081363e+09
 1.10081363e+09 1.10081363e+09 1.10081364e+09 1.10081364e+09
 1.10081364e+09 1.10081364e+09 1.10081365e+09 1.10081365e+09
 1.10081365e+09 1.10081366e+09 1.10081366e+09 1.10081366e+09
 1.10081367e+09 1.10081367e+09 1.10081367e+09 1.10081367e+09
 1.10081368e+09 1.10081368e+09 1.10081368e+09 1.10081369e+09
 1.10081369e+09 1.10081369e+09 1.10081370e+09 1.10081370e+09
 1.10081370e+09 1.10081370e+09 1.10081371e+09 1.10081371e+09
 1.10081371e+09 1.10081372e+09 1.10081372e+09 1.10081372e+09
 1.10081373e+09 1.10081373e+09 1.10081373e+09 1.10081373e+09
 1.10081374e+09 1.10081374e+09 1.10081374e+09 1.10081375e+09
 1.10081375e+09 1.10081375e+09 1.10081376e+09 1.10081376e+09
 1.10081376e+09 1.10081376e+09 1.10081377e+09 1.10081377e+09
 1.10081377e+09 1.10081378e+09 1.10081378e+09 1.10081378e+09
 1.10081379e+09 1.10081379e+09 1.10081379e+09 1.10081379e+09
 1.10081380e+09 1.10081380e+09 1.10081380e+09 1.10081381e+09
 1.10081381e+09 1.10081381e+09 1.10081382e+09 1.10081382e+09
 1.10081382e+09 1.10081382e+09 1.10081383e+09 1.10081383e+09
 1.10081383e+09 1.10081384e+09 1.10081384e+09 1.10081384e+09
 1.10081385e+09 1.10081385e+09 1.10081385e+09 1.10081385e+09
 1.10081386e+09 1.10081386e+09 1.10081386e+09 1.10081387e+09
 1.10081387e+09 1.10081387e+09 1.10081388e+09 1.10081388e+09
 1.10081388e+09 1.10081388e+09 1.10081389e+09 1.10081389e+09
 1.10081389e+09 1.10081390e+09 1.10081390e+09 1.10081390e+09
 1.10081391e+09 1.10081391e+09 1.10081391e+09 1.10081391e+09
 1.10081392e+09 1.10081392e+09 1.10081392e+09 1.10081393e+09
 1.10081393e+09 1.10081393e+09 1.10081394e+09 1.10081394e+09
 1.10081394e+09 1.10081394e+09 1.10081395e+09 1.10081395e+09
 1.10081395e+09 1.10081396e+09 1.10081396e+09 1.10081396e+09
 1.10081397e+09 1.10081397e+09 1.10081397e+09 1.10081397e+09
 1.10081398e+09 1.10081398e+09 1.10081398e+09 1.10081399e+09
 1.10081399e+09 1.10081399e+09 1.10081400e+09 1.10081400e+09
 1.10081400e+09 1.10081400e+09 1.10081401e+09 1.10081401e+09
 1.10081401e+09 1.10081402e+09 1.10081402e+09 1.10081402e+09
 1.10081403e+09 1.10081403e+09 1.10081403e+09 1.10081404e+09
 1.10081404e+09 1.10081404e+09 1.10081404e+09 1.10081405e+09
 1.10081405e+09 1.10081405e+09 1.10081406e+09 1.10081406e+09
 1.10081406e+09 1.10081407e+09 1.10081407e+09 1.10081407e+09
 1.10081407e+09 1.10081408e+09 1.10081408e+09 1.10081408e+09
 1.10081409e+09 1.10081409e+09 1.10081409e+09 1.10081410e+09
 1.10081410e+09 1.10081410e+09 1.10081410e+09 1.10081411e+09
 1.10081411e+09 1.10081411e+09 1.10081412e+09 1.10081412e+09
 1.10081412e+09 1.10081413e+09 1.10081413e+09 1.10081413e+09
 1.10081413e+09 1.10081414e+09 1.10081414e+09 1.10081414e+09
 1.10081415e+09 1.10081415e+09 1.10081415e+09 1.10081416e+09
 1.10081416e+09 1.10081416e+09 1.10081416e+09 1.10081417e+09
 1.10081417e+09 1.10081417e+09 1.10081418e+09 1.10081418e+09
 1.10081418e+09 1.10081419e+09 1.10081419e+09 1.10081419e+09
 1.10081419e+09 1.10081420e+09 1.10081420e+09 1.10081420e+09
 1.10081421e+09 1.10081421e+09 1.10081421e+09 1.10081422e+09
 1.10081422e+09 1.10081422e+09 1.10081422e+09 1.10081423e+09
 1.10081423e+09 1.10081423e+09 1.10081424e+09 1.10081424e+09
 1.10081424e+09 1.10081425e+09 1.10081425e+09 1.10081425e+09
 1.10081425e+09 1.10081426e+09 1.10081426e+09 1.10081426e+09
 1.10081427e+09 1.10081427e+09 1.10081427e+09 1.10081428e+09
 1.10081428e+09 1.10081428e+09 1.10081428e+09 1.10081429e+09
 1.10081429e+09 1.10081429e+09 1.10081430e+09 1.10081430e+09
 1.10081430e+09 1.10081431e+09 1.10081431e+09 1.10081431e+09
 1.10081431e+09 1.10081432e+09 1.10081432e+09 1.10081432e+09
 1.10081433e+09 1.10081433e+09 1.10081433e+09 1.10081434e+09
 1.10081434e+09 1.10081434e+09 1.10081434e+09 1.10081435e+09
 1.10081435e+09 1.10081435e+09 1.10081436e+09 1.10081436e+09
 1.10081436e+09 1.10081437e+09 1.10081437e+09 1.10081437e+09
 1.10081437e+09 1.10081438e+09 1.10081438e+09 1.10081438e+09
 1.10081439e+09 1.10081439e+09 1.10081439e+09 1.10081440e+09
 1.10081440e+09 1.10081440e+09 1.10081440e+09 1.10081441e+09
 1.10081441e+09 1.10081441e+09 1.10081442e+09 1.10081442e+09
 1.10081442e+09 1.10081443e+09 1.10081443e+09 1.10081443e+09
 1.10081443e+09 1.10081444e+09 1.10081444e+09 1.10081444e+09
 1.10081445e+09 1.10081445e+09 1.10081445e+09 1.10081446e+09
 1.10081446e+09 1.10081446e+09 1.10081446e+09 1.10081447e+09
 1.10081447e+09 1.10081447e+09 1.10081448e+09 1.10081448e+09
 1.10081448e+09 1.10081449e+09 1.10081449e+09 1.10081449e+09
 1.10081449e+09 1.10081450e+09 1.10081450e+09 1.10081450e+09
 1.10081451e+09 1.10081451e+09 1.10081451e+09 1.10081452e+09
 1.10081452e+09 1.10081452e+09 1.10081452e+09 1.10081453e+09
 1.10081453e+09 1.10081453e+09 1.10081454e+09 1.10081454e+09
 1.10081454e+09 1.10081455e+09 1.10081455e+09 1.10081455e+09
 1.10081455e+09 1.10081456e+09 1.10081456e+09 1.10081456e+09
 1.10081457e+09 1.10081457e+09 1.10081457e+09 1.10081458e+09
 1.10081458e+09 1.10081458e+09 1.10081458e+09 1.10081459e+09
 1.10081459e+09 1.10081459e+09 1.10081460e+09 1.10081460e+09
 1.10081460e+09 1.10081461e+09 1.10081461e+09 1.10081461e+09
 1.10081461e+09 1.10081462e+09 1.10081462e+09 1.10081462e+09
 1.10081463e+09 1.10081463e+09 1.10081463e+09 1.10081464e+09
 1.10081464e+09 1.10081464e+09 1.10081464e+09 1.10081465e+09
 1.10081465e+09 1.10081465e+09 1.10081466e+09 1.10081466e+09
 1.10081466e+09 1.10081467e+09 1.10081467e+09 1.10081467e+09
 1.10081467e+09 1.10081468e+09 1.10081468e+09 1.10081468e+09
 1.10081469e+09 1.10081469e+09 1.10081469e+09 1.10081470e+09
 1.10081470e+09 1.10081470e+09 1.10081470e+09 1.10081471e+09
 1.10081471e+09 1.10081471e+09 1.10081472e+09 1.10081472e+09
 1.10081472e+09 1.10081473e+09 1.10081473e+09 1.10081473e+09
 1.10081473e+09 1.10081474e+09 1.10081474e+09 1.10081474e+09
 1.10081475e+09 1.10081475e+09 1.10081475e+09 1.10081476e+09
 1.10081476e+09 1.10081476e+09 1.10081476e+09 1.10081477e+09
 1.10081477e+09 1.10081477e+09 1.10081478e+09 1.10081478e+09
 1.10081478e+09 1.10081479e+09 1.10081479e+09 1.10081479e+09
 1.10081479e+09 1.10081480e+09 1.10081480e+09 1.10081480e+09
 1.10081481e+09 1.10081481e+09 1.10081481e+09 1.10081482e+09
 1.10081482e+09 1.10081482e+09 1.10081482e+09 1.10081483e+09
 1.10081483e+09 1.10081483e+09 1.10081484e+09 1.10081484e+09
 1.10081484e+09 1.10081485e+09 1.10081485e+09 1.10081485e+09
 1.10081485e+09 1.10081486e+09 1.10081486e+09 1.10081486e+09
 1.10081487e+09 1.10081487e+09 1.10081487e+09 1.10081488e+09
 1.10081488e+09 1.10081488e+09 1.10081488e+09 1.10081489e+09
 1.10081489e+09 1.10081489e+09 1.10081490e+09 1.10081490e+09
 1.10081490e+09 1.10081491e+09 1.10081491e+09 1.10081491e+09
 1.10081491e+09 1.10081492e+09 1.10081492e+09 1.10081492e+09
 1.10081493e+09 1.10081493e+09 1.10081493e+09 1.10081494e+09
 1.10081494e+09 1.10081494e+09 1.10081494e+09 1.10081495e+09
 1.10081495e+09 1.10081495e+09 1.10081496e+09 1.10081496e+09
 1.10081496e+09 1.10081497e+09 1.10081497e+09 1.10081497e+09
 1.10081497e+09 1.10081498e+09 1.10081498e+09 1.10081498e+09
 1.10081499e+09 1.10081499e+09 1.10081499e+09 1.10081500e+09
 1.10081500e+09 1.10081500e+09 1.10081500e+09 1.10081501e+09
 1.10081501e+09 1.10081501e+09 1.10081502e+09 1.10081502e+09
 1.10081502e+09 1.10081503e+09 1.10081503e+09 1.10081503e+09
 1.10081504e+09 1.10081504e+09 1.10081504e+09 1.10081504e+09
 1.10081505e+09 1.10081505e+09 1.10081505e+09 1.10081506e+09
 1.10081506e+09 1.10081506e+09 1.10081507e+09 1.10081507e+09
 1.10081507e+09 1.10081507e+09 1.10081508e+09 1.10081508e+09
 1.10081508e+09 1.10081509e+09 1.10081509e+09 1.10081509e+09
 1.10081510e+09 1.10081510e+09 1.10081510e+09 1.10081510e+09
 1.10081511e+09 1.10081511e+09 1.10081511e+09 1.10081512e+09
 1.10081512e+09 1.10081512e+09 1.10081513e+09 1.10081513e+09
 1.10081513e+09 1.10081513e+09 1.10081514e+09 1.10081514e+09
 1.10081514e+09 1.10081515e+09 1.10081515e+09 1.10081515e+09
 1.10081516e+09 1.10081516e+09 1.10081516e+09 1.10081516e+09
 1.10081517e+09 1.10081517e+09 1.10081517e+09 1.10081518e+09
 1.10081518e+09 1.10081518e+09 1.10081519e+09 1.10081519e+09
 1.10081519e+09 1.10081519e+09 1.10081520e+09 1.10081520e+09]
minRes = 1.2579594245336305
minResTime = [1.1008122e+09]
Cov(t) = [100 100 100 100 100 100 100 100 100 100 100 100 100 100 100 100 100 100
 100 100 100 100 100 100 100 100 100 100 100 100 100 100 100 100 100 100
 100 100 100 100 100 100 100 100 100 100 100 100 100 100 100 100 100 100
 100 100 100 100 100 100 100 100 100 100 100 100 100 100 100 100 100 100
 100 100 100 100 100 100 100 100 100 100 100 100 100 100 100 100 100 100
 100 100 100 100 100 100 100 100 100 100 100 100 100 100 100 100 100 100
 100 100 100 100 100 100 100 100 100 100 100 100 100 100 100 100 100 100
 100 100 100 100 100 100 100 100 100 100 100 100 100 100 100 100 100 100
 100 100 100 100 100 100 100 100 100 100 100 100 100 100 100 100 100 100
 100 100 100 100 100 100 100 100 100 100 100 100 100 100 100 100 100 100
 100 100 100 100 100 100 100 100 100 100 100 100 100 100 100 100 100 100
 100 100 100 100 100 100 100 100 100 100 100 100 100 100 100 100 100 100
 100 100 100 100 100 100 100 100 100 100 100 100 100 100 100 100 100 100
 100 100 100 100 100 100 100 100 100 100 100 100 100 100 100 100 100 100
 100 100 100 100 100 100 100 100 100 100 100 100 100 100 100 100 100 100
 100 100 100 100 100 100 100 100 100 100 100 100 100 100 100 100 100 100
 100 100 100 100 100 100 100 100 100 100 100 100 100 100 100 100 100 100
 100 100 100 100 100 100 100 100 100 100 100 100 100 100 100 100 100 100
 100 100 100 100 100 100 100 100 100 100 100 100 100 100 100 100 100 100
 100 100 100 100 100 100 100 100 100 100 100 100 100 100 100 100 100 100
 100 100 100 100 100 100 100 100 100 100 100 100 100 100 100 100 100 100
 100 100 100 100 100 100 100 100 100 100 100 100 100 100 100 100 100 100
 100 100 100 100 100 100 100 100 100 100 100 100 100 100 100 100 100 100
 100 100 100 100 100 100 100 100 100 100 100 100 100 100 100 100 100 100
 100 100 100 100 100 100 100 100 100 100 100 100 100 100 100 100 100 100
 100 100 100 100 100 100 100 100 100 100 100 100 100 100 100 100 100 100
 100 100 100 100 100 100 100 100 100 100 100 100 100 100 100 100 100 100
 100 100 100 100 100 100 100 100 100 100 100 100 100 100 100 100 100 100
 100 100 100 100 100 100 100 100 100 100 100 100 100 100 100 100 100 100
 100 100 100 100 100 100 100 100 100 100 100 100 100 100 100 100 100 100
 100 100 100 100 100 100 100 100 100 100 100 100 100 100 100 100 100 100
 100 100 100 100 100 100 100 100 100 100 100 100 100 100 100 100 100 100
 100 100 100 100 100 100 100 100 100 100 100 100 100 100 100 100 100 100
 100 100 100 100 100 100 100 100 100 100 100 100 100 100 100 100 100 100
 100 100 100 100 100 100 100 100 100 100 100 100 100 100 100 100 100 100
 100 100 100 100 100 100 100 100 100 100 100 100 100 100 100 100 100 100
 100 100 100 100 100 100 100 100 100 100 100 100 100 100 100 100 100 100
 100 100 100 100 100 100 100 100 100 100 100 100 100 100 100 100 100 100
 100 100 100 100 100 100 100 100 100 100 100 100 100 100 100 100 100 100
 100 100 100 100 100 100 100 100 100 100 100 100 100 100 100 100 100 100
 100 100 100 100 100 100 100 100 100 100 100 100 100 100 100 100 100 100
 100 100 100 100 100 100 100 100 100 100 100 100 100 100 100 100 100 100
 100 100 100 100 100 100 100 100 100 100 100 100 100 100 100 100 100 100
 100 100 100 100 100 100 100 100 100 100 100 100 100 100 100 100 100 100
 100 100 100 100 100 100 100 100 100 100 100 100 100 100 100 100 100 100
 100 100 100 100 100 100 100 100 100 100 100 100 100 100 100 100 100 100
 100 100 100 100 100 100 100 100 100 100 100 100 100 100 100 100 100 100
 100 100 100 100 100 100 100 100 100 100 100 100 100 100 100 100 100 100
 100 100 100 100 100 100 100 100 100 100 100 100 100 100 100 100 100 100
 100 100 100 100 100 100 100 100 100 100 100 100 100 100 100 100 100 100
 100 100 100 100 100 100 100 100 100 100 100 100 100 100 100 100 100 100
 100 100 100 100 100 100 100 100 100 100 100 100 100 100 100 100 100 100
 100 100 100 100 100 100 100 100 100 100 100 100 100 100 100 100 100 100
 100 100 100 100 100 100 100 100 100 100 100 100 100 100 100 100 100 100
 100 100 100 100 100 100 100 100 100 100 100 100 100 100 100 100 100 100
 100 100 100 100 100 100 100 100 100 100]
maxCov = 100
maxCovTime = [1.10081220e+09 1.10081220e+09 1.10081221e+09 1.10081221e+09
 1.10081221e+09 1.10081222e+09 1.10081222e+09 1.10081222e+09
 1.10081222e+09 1.10081223e+09 1.10081223e+09 1.10081223e+09
 1.10081224e+09 1.10081224e+09 1.10081224e+09 1.10081225e+09
 1.10081225e+09 1.10081225e+09 1.10081225e+09 1.10081226e+09
 1.10081226e+09 1.10081226e+09 1.10081227e+09 1.10081227e+09
 1.10081227e+09 1.10081228e+09 1.10081228e+09 1.10081228e+09
 1.10081228e+09 1.10081229e+09 1.10081229e+09 1.10081229e+09
 1.10081230e+09 1.10081230e+09 1.10081230e+09 1.10081231e+09
 1.10081231e+09 1.10081231e+09 1.10081231e+09 1.10081232e+09
 1.10081232e+09 1.10081232e+09 1.10081233e+09 1.10081233e+09
 1.10081233e+09 1.10081234e+09 1.10081234e+09 1.10081234e+09
 1.10081234e+09 1.10081235e+09 1.10081235e+09 1.10081235e+09
 1.10081236e+09 1.10081236e+09 1.10081236e+09 1.10081237e+09
 1.10081237e+09 1.10081237e+09 1.10081237e+09 1.10081238e+09
 1.10081238e+09 1.10081238e+09 1.10081239e+09 1.10081239e+09
 1.10081239e+09 1.10081240e+09 1.10081240e+09 1.10081240e+09
 1.10081240e+09 1.10081241e+09 1.10081241e+09 1.10081241e+09
 1.10081242e+09 1.10081242e+09 1.10081242e+09 1.10081243e+09
 1.10081243e+09 1.10081243e+09 1.10081243e+09 1.10081244e+09
 1.10081244e+09 1.10081244e+09 1.10081245e+09 1.10081245e+09
 1.10081245e+09 1.10081246e+09 1.10081246e+09 1.10081246e+09
 1.10081246e+09 1.10081247e+09 1.10081247e+09 1.10081247e+09
 1.10081248e+09 1.10081248e+09 1.10081248e+09 1.10081249e+09
 1.10081249e+09 1.10081249e+09 1.10081249e+09 1.10081250e+09
 1.10081250e+09 1.10081250e+09 1.10081251e+09 1.10081251e+09
 1.10081251e+09 1.10081252e+09 1.10081252e+09 1.10081252e+09
 1.10081252e+09 1.10081253e+09 1.10081253e+09 1.10081253e+09
 1.10081254e+09 1.10081254e+09 1.10081254e+09 1.10081255e+09
 1.10081255e+09 1.10081255e+09 1.10081255e+09 1.10081256e+09
 1.10081256e+09 1.10081256e+09 1.10081257e+09 1.10081257e+09
 1.10081257e+09 1.10081258e+09 1.10081258e+09 1.10081258e+09
 1.10081258e+09 1.10081259e+09 1.10081259e+09 1.10081259e+09
 1.10081260e+09 1.10081260e+09 1.10081260e+09 1.10081261e+09
 1.10081261e+09 1.10081261e+09 1.10081261e+09 1.10081262e+09
 1.10081262e+09 1.10081262e+09 1.10081263e+09 1.10081263e+09
 1.10081263e+09 1.10081264e+09 1.10081264e+09 1.10081264e+09
 1.10081264e+09 1.10081265e+09 1.10081265e+09 1.10081265e+09
 1.10081266e+09 1.10081266e+09 1.10081266e+09 1.10081267e+09
 1.10081267e+09 1.10081267e+09 1.10081267e+09 1.10081268e+09
 1.10081268e+09 1.10081268e+09 1.10081269e+09 1.10081269e+09
 1.10081269e+09 1.10081270e+09 1.10081270e+09 1.10081270e+09
 1.10081270e+09 1.10081271e+09 1.10081271e+09 1.10081271e+09
 1.10081272e+09 1.10081272e+09 1.10081272e+09 1.10081273e+09
 1.10081273e+09 1.10081273e+09 1.10081273e+09 1.10081274e+09
 1.10081274e+09 1.10081274e+09 1.10081275e+09 1.10081275e+09
 1.10081275e+09 1.10081276e+09 1.10081276e+09 1.10081276e+09
 1.10081276e+09 1.10081277e+09 1.10081277e+09 1.10081277e+09
 1.10081278e+09 1.10081278e+09 1.10081278e+09 1.10081279e+09
 1.10081279e+09 1.10081279e+09 1.10081279e+09 1.10081280e+09
 1.10081280e+09 1.10081280e+09 1.10081281e+09 1.10081281e+09
 1.10081281e+09 1.10081282e+09 1.10081282e+09 1.10081282e+09
 1.10081282e+09 1.10081283e+09 1.10081283e+09 1.10081283e+09
 1.10081284e+09 1.10081284e+09 1.10081284e+09 1.10081285e+09
 1.10081285e+09 1.10081285e+09 1.10081285e+09 1.10081286e+09
 1.10081286e+09 1.10081286e+09 1.10081287e+09 1.10081287e+09
 1.10081287e+09 1.10081288e+09 1.10081288e+09 1.10081288e+09
 1.10081288e+09 1.10081289e+09 1.10081289e+09 1.10081289e+09
 1.10081290e+09 1.10081290e+09 1.10081290e+09 1.10081291e+09
 1.10081291e+09 1.10081291e+09 1.10081291e+09 1.10081292e+09
 1.10081292e+09 1.10081292e+09 1.10081293e+09 1.10081293e+09
 1.10081293e+09 1.10081294e+09 1.10081294e+09 1.10081294e+09
 1.10081294e+09 1.10081295e+09 1.10081295e+09 1.10081295e+09
 1.10081296e+09 1.10081296e+09 1.10081296e+09 1.10081297e+09
 1.10081297e+09 1.10081297e+09 1.10081297e+09 1.10081298e+09
 1.10081298e+09 1.10081298e+09 1.10081299e+09 1.10081299e+09
 1.10081299e+09 1.10081300e+09 1.10081300e+09 1.10081300e+09
 1.10081300e+09 1.10081301e+09 1.10081301e+09 1.10081301e+09
 1.10081302e+09 1.10081302e+09 1.10081302e+09 1.10081303e+09
 1.10081303e+09 1.10081303e+09 1.10081304e+09 1.10081304e+09
 1.10081304e+09 1.10081304e+09 1.10081305e+09 1.10081305e+09
 1.10081305e+09 1.10081306e+09 1.10081306e+09 1.10081306e+09
 1.10081307e+09 1.10081307e+09 1.10081307e+09 1.10081307e+09
 1.10081308e+09 1.10081308e+09 1.10081308e+09 1.10081309e+09
 1.10081309e+09 1.10081309e+09 1.10081310e+09 1.10081310e+09
 1.10081310e+09 1.10081310e+09 1.10081311e+09 1.10081311e+09
 1.10081311e+09 1.10081312e+09 1.10081312e+09 1.10081312e+09
 1.10081313e+09 1.10081313e+09 1.10081313e+09 1.10081313e+09
 1.10081314e+09 1.10081314e+09 1.10081314e+09 1.10081315e+09
 1.10081315e+09 1.10081315e+09 1.10081316e+09 1.10081316e+09
 1.10081316e+09 1.10081316e+09 1.10081317e+09 1.10081317e+09
 1.10081317e+09 1.10081318e+09 1.10081318e+09 1.10081318e+09
 1.10081319e+09 1.10081319e+09 1.10081319e+09 1.10081319e+09
 1.10081320e+09 1.10081320e+09 1.10081320e+09 1.10081321e+09
 1.10081321e+09 1.10081321e+09 1.10081322e+09 1.10081322e+09
 1.10081322e+09 1.10081322e+09 1.10081323e+09 1.10081323e+09
 1.10081323e+09 1.10081324e+09 1.10081324e+09 1.10081324e+09
 1.10081325e+09 1.10081325e+09 1.10081325e+09 1.10081325e+09
 1.10081326e+09 1.10081326e+09 1.10081326e+09 1.10081327e+09
 1.10081327e+09 1.10081327e+09 1.10081328e+09 1.10081328e+09
 1.10081328e+09 1.10081328e+09 1.10081329e+09 1.10081329e+09
 1.10081329e+09 1.10081330e+09 1.10081330e+09 1.10081330e+09
 1.10081331e+09 1.10081331e+09 1.10081331e+09 1.10081331e+09
 1.10081332e+09 1.10081332e+09 1.10081332e+09 1.10081333e+09
 1.10081333e+09 1.10081333e+09 1.10081334e+09 1.10081334e+09
 1.10081334e+09 1.10081334e+09 1.10081335e+09 1.10081335e+09
 1.10081335e+09 1.10081336e+09 1.10081336e+09 1.10081336e+09
 1.10081337e+09 1.10081337e+09 1.10081337e+09 1.10081337e+09
 1.10081338e+09 1.10081338e+09 1.10081338e+09 1.10081339e+09
 1.10081339e+09 1.10081339e+09 1.10081340e+09 1.10081340e+09
 1.10081340e+09 1.10081340e+09 1.10081341e+09 1.10081341e+09
 1.10081341e+09 1.10081342e+09 1.10081342e+09 1.10081342e+09
 1.10081343e+09 1.10081343e+09 1.10081343e+09 1.10081343e+09
 1.10081344e+09 1.10081344e+09 1.10081344e+09 1.10081345e+09
 1.10081345e+09 1.10081345e+09 1.10081346e+09 1.10081346e+09
 1.10081346e+09 1.10081346e+09 1.10081347e+09 1.10081347e+09
 1.10081347e+09 1.10081348e+09 1.10081348e+09 1.10081348e+09
 1.10081349e+09 1.10081349e+09 1.10081349e+09 1.10081349e+09
 1.10081350e+09 1.10081350e+09 1.10081350e+09 1.10081351e+09
 1.10081351e+09 1.10081351e+09 1.10081352e+09 1.10081352e+09
 1.10081352e+09 1.10081352e+09 1.10081353e+09 1.10081353e+09
 1.10081353e+09 1.10081354e+09 1.10081354e+09 1.10081354e+09
 1.10081355e+09 1.10081355e+09 1.10081355e+09 1.10081355e+09
 1.10081356e+09 1.10081356e+09 1.10081356e+09 1.10081357e+09
 1.10081357e+09 1.10081357e+09 1.10081358e+09 1.10081358e+09
 1.10081358e+09 1.10081358e+09 1.10081359e+09 1.10081359e+09
 1.10081359e+09 1.10081360e+09 1.10081360e+09 1.10081360e+09
 1.10081361e+09 1.10081361e+09 1.10081361e+09 1.10081361e+09
 1.10081362e+09 1.10081362e+09 1.10081362e+09 1.10081363e+09
 1.10081363e+09 1.10081363e+09 1.10081364e+09 1.10081364e+09
 1.10081364e+09 1.10081364e+09 1.10081365e+09 1.10081365e+09
 1.10081365e+09 1.10081366e+09 1.10081366e+09 1.10081366e+09
 1.10081367e+09 1.10081367e+09 1.10081367e+09 1.10081367e+09
 1.10081368e+09 1.10081368e+09 1.10081368e+09 1.10081369e+09
 1.10081369e+09 1.10081369e+09 1.10081370e+09 1.10081370e+09
 1.10081370e+09 1.10081370e+09 1.10081371e+09 1.10081371e+09
 1.10081371e+09 1.10081372e+09 1.10081372e+09 1.10081372e+09
 1.10081373e+09 1.10081373e+09 1.10081373e+09 1.10081373e+09
 1.10081374e+09 1.10081374e+09 1.10081374e+09 1.10081375e+09
 1.10081375e+09 1.10081375e+09 1.10081376e+09 1.10081376e+09
 1.10081376e+09 1.10081376e+09 1.10081377e+09 1.10081377e+09
 1.10081377e+09 1.10081378e+09 1.10081378e+09 1.10081378e+09
 1.10081379e+09 1.10081379e+09 1.10081379e+09 1.10081379e+09
 1.10081380e+09 1.10081380e+09 1.10081380e+09 1.10081381e+09
 1.10081381e+09 1.10081381e+09 1.10081382e+09 1.10081382e+09
 1.10081382e+09 1.10081382e+09 1.10081383e+09 1.10081383e+09
 1.10081383e+09 1.10081384e+09 1.10081384e+09 1.10081384e+09
 1.10081385e+09 1.10081385e+09 1.10081385e+09 1.10081385e+09
 1.10081386e+09 1.10081386e+09 1.10081386e+09 1.10081387e+09
 1.10081387e+09 1.10081387e+09 1.10081388e+09 1.10081388e+09
 1.10081388e+09 1.10081388e+09 1.10081389e+09 1.10081389e+09
 1.10081389e+09 1.10081390e+09 1.10081390e+09 1.10081390e+09
 1.10081391e+09 1.10081391e+09 1.10081391e+09 1.10081391e+09
 1.10081392e+09 1.10081392e+09 1.10081392e+09 1.10081393e+09
 1.10081393e+09 1.10081393e+09 1.10081394e+09 1.10081394e+09
 1.10081394e+09 1.10081394e+09 1.10081395e+09 1.10081395e+09
 1.10081395e+09 1.10081396e+09 1.10081396e+09 1.10081396e+09
 1.10081397e+09 1.10081397e+09 1.10081397e+09 1.10081397e+09
 1.10081398e+09 1.10081398e+09 1.10081398e+09 1.10081399e+09
 1.10081399e+09 1.10081399e+09 1.10081400e+09 1.10081400e+09
 1.10081400e+09 1.10081400e+09 1.10081401e+09 1.10081401e+09
 1.10081401e+09 1.10081402e+09 1.10081402e+09 1.10081402e+09
 1.10081403e+09 1.10081403e+09 1.10081403e+09 1.10081404e+09
 1.10081404e+09 1.10081404e+09 1.10081404e+09 1.10081405e+09
 1.10081405e+09 1.10081405e+09 1.10081406e+09 1.10081406e+09
 1.10081406e+09 1.10081407e+09 1.10081407e+09 1.10081407e+09
 1.10081407e+09 1.10081408e+09 1.10081408e+09 1.10081408e+09
 1.10081409e+09 1.10081409e+09 1.10081409e+09 1.10081410e+09
 1.10081410e+09 1.10081410e+09 1.10081410e+09 1.10081411e+09
 1.10081411e+09 1.10081411e+09 1.10081412e+09 1.10081412e+09
 1.10081412e+09 1.10081413e+09 1.10081413e+09 1.10081413e+09
 1.10081413e+09 1.10081414e+09 1.10081414e+09 1.10081414e+09
 1.10081415e+09 1.10081415e+09 1.10081415e+09 1.10081416e+09
 1.10081416e+09 1.10081416e+09 1.10081416e+09 1.10081417e+09
 1.10081417e+09 1.10081417e+09 1.10081418e+09 1.10081418e+09
 1.10081418e+09 1.10081419e+09 1.10081419e+09 1.10081419e+09
 1.10081419e+09 1.10081420e+09 1.10081420e+09 1.10081420e+09
 1.10081421e+09 1.10081421e+09 1.10081421e+09 1.10081422e+09
 1.10081422e+09 1.10081422e+09 1.10081422e+09 1.10081423e+09
 1.10081423e+09 1.10081423e+09 1.10081424e+09 1.10081424e+09
 1.10081424e+09 1.10081425e+09 1.10081425e+09 1.10081425e+09
 1.10081425e+09 1.10081426e+09 1.10081426e+09 1.10081426e+09
 1.10081427e+09 1.10081427e+09 1.10081427e+09 1.10081428e+09
 1.10081428e+09 1.10081428e+09 1.10081428e+09 1.10081429e+09
 1.10081429e+09 1.10081429e+09 1.10081430e+09 1.10081430e+09
 1.10081430e+09 1.10081431e+09 1.10081431e+09 1.10081431e+09
 1.10081431e+09 1.10081432e+09 1.10081432e+09 1.10081432e+09
 1.10081433e+09 1.10081433e+09 1.10081433e+09 1.10081434e+09
 1.10081434e+09 1.10081434e+09 1.10081434e+09 1.10081435e+09
 1.10081435e+09 1.10081435e+09 1.10081436e+09 1.10081436e+09
 1.10081436e+09 1.10081437e+09 1.10081437e+09 1.10081437e+09
 1.10081437e+09 1.10081438e+09 1.10081438e+09 1.10081438e+09
 1.10081439e+09 1.10081439e+09 1.10081439e+09 1.10081440e+09
 1.10081440e+09 1.10081440e+09 1.10081440e+09 1.10081441e+09
 1.10081441e+09 1.10081441e+09 1.10081442e+09 1.10081442e+09
 1.10081442e+09 1.10081443e+09 1.10081443e+09 1.10081443e+09
 1.10081443e+09 1.10081444e+09 1.10081444e+09 1.10081444e+09
 1.10081445e+09 1.10081445e+09 1.10081445e+09 1.10081446e+09
 1.10081446e+09 1.10081446e+09 1.10081446e+09 1.10081447e+09
 1.10081447e+09 1.10081447e+09 1.10081448e+09 1.10081448e+09
 1.10081448e+09 1.10081449e+09 1.10081449e+09 1.10081449e+09
 1.10081449e+09 1.10081450e+09 1.10081450e+09 1.10081450e+09
 1.10081451e+09 1.10081451e+09 1.10081451e+09 1.10081452e+09
 1.10081452e+09 1.10081452e+09 1.10081452e+09 1.10081453e+09
 1.10081453e+09 1.10081453e+09 1.10081454e+09 1.10081454e+09
 1.10081454e+09 1.10081455e+09 1.10081455e+09 1.10081455e+09
 1.10081455e+09 1.10081456e+09 1.10081456e+09 1.10081456e+09
 1.10081457e+09 1.10081457e+09 1.10081457e+09 1.10081458e+09
 1.10081458e+09 1.10081458e+09 1.10081458e+09 1.10081459e+09
 1.10081459e+09 1.10081459e+09 1.10081460e+09 1.10081460e+09
 1.10081460e+09 1.10081461e+09 1.10081461e+09 1.10081461e+09
 1.10081461e+09 1.10081462e+09 1.10081462e+09 1.10081462e+09
 1.10081463e+09 1.10081463e+09 1.10081463e+09 1.10081464e+09
 1.10081464e+09 1.10081464e+09 1.10081464e+09 1.10081465e+09
 1.10081465e+09 1.10081465e+09 1.10081466e+09 1.10081466e+09
 1.10081466e+09 1.10081467e+09 1.10081467e+09 1.10081467e+09
 1.10081467e+09 1.10081468e+09 1.10081468e+09 1.10081468e+09
 1.10081469e+09 1.10081469e+09 1.10081469e+09 1.10081470e+09
 1.10081470e+09 1.10081470e+09 1.10081470e+09 1.10081471e+09
 1.10081471e+09 1.10081471e+09 1.10081472e+09 1.10081472e+09
 1.10081472e+09 1.10081473e+09 1.10081473e+09 1.10081473e+09
 1.10081473e+09 1.10081474e+09 1.10081474e+09 1.10081474e+09
 1.10081475e+09 1.10081475e+09 1.10081475e+09 1.10081476e+09
 1.10081476e+09 1.10081476e+09 1.10081476e+09 1.10081477e+09
 1.10081477e+09 1.10081477e+09 1.10081478e+09 1.10081478e+09
 1.10081478e+09 1.10081479e+09 1.10081479e+09 1.10081479e+09
 1.10081479e+09 1.10081480e+09 1.10081480e+09 1.10081480e+09
 1.10081481e+09 1.10081481e+09 1.10081481e+09 1.10081482e+09
 1.10081482e+09 1.10081482e+09 1.10081482e+09 1.10081483e+09
 1.10081483e+09 1.10081483e+09 1.10081484e+09 1.10081484e+09
 1.10081484e+09 1.10081485e+09 1.10081485e+09 1.10081485e+09
 1.10081485e+09 1.10081486e+09 1.10081486e+09 1.10081486e+09
 1.10081487e+09 1.10081487e+09 1.10081487e+09 1.10081488e+09
 1.10081488e+09 1.10081488e+09 1.10081488e+09 1.10081489e+09
 1.10081489e+09 1.10081489e+09 1.10081490e+09 1.10081490e+09
 1.10081490e+09 1.10081491e+09 1.10081491e+09 1.10081491e+09
 1.10081491e+09 1.10081492e+09 1.10081492e+09 1.10081492e+09
 1.10081493e+09 1.10081493e+09 1.10081493e+09 1.10081494e+09
 1.10081494e+09 1.10081494e+09 1.10081494e+09 1.10081495e+09
 1.10081495e+09 1.10081495e+09 1.10081496e+09 1.10081496e+09
 1.10081496e+09 1.10081497e+09 1.10081497e+09 1.10081497e+09
 1.10081497e+09 1.10081498e+09 1.10081498e+09 1.10081498e+09
 1.10081499e+09 1.10081499e+09 1.10081499e+09 1.10081500e+09
 1.10081500e+09 1.10081500e+09 1.10081500e+09 1.10081501e+09
 1.10081501e+09 1.10081501e+09 1.10081502e+09 1.10081502e+09
 1.10081502e+09 1.10081503e+09 1.10081503e+09 1.10081503e+09
 1.10081504e+09 1.10081504e+09 1.10081504e+09 1.10081504e+09
 1.10081505e+09 1.10081505e+09 1.10081505e+09 1.10081506e+09
 1.10081506e+09 1.10081506e+09 1.10081507e+09 1.10081507e+09
 1.10081507e+09 1.10081507e+09 1.10081508e+09 1.10081508e+09
 1.10081508e+09 1.10081509e+09 1.10081509e+09 1.10081509e+09
 1.10081510e+09 1.10081510e+09 1.10081510e+09 1.10081510e+09
 1.10081511e+09 1.10081511e+09 1.10081511e+09 1.10081512e+09
 1.10081512e+09 1.10081512e+09 1.10081513e+09 1.10081513e+09
 1.10081513e+09 1.10081513e+09 1.10081514e+09 1.10081514e+09
 1.10081514e+09 1.10081515e+09 1.10081515e+09 1.10081515e+09
 1.10081516e+09 1.10081516e+09 1.10081516e+09 1.10081516e+09
 1.10081517e+09 1.10081517e+09 1.10081517e+09 1.10081518e+09
 1.10081518e+09 1.10081518e+09 1.10081519e+09 1.10081519e+09
 1.10081519e+09 1.10081519e+09 1.10081520e+09 1.10081520e+09]
