name =JUICE_ROI_GAN_3_0_13
flyby = ['2034 JUL 11 19:50:31', '2034 JUL 12 19:50:31']
Observation TW = <SpiceCell dtype = 1, length = 0, size = 3000, card = 10, is_set = 1, adjust = 0, init = 1, base = 94141901134208, data = 94141901134256>
Res(t) = [3.11871841 3.11460309 3.11049305 3.1063883  3.10228889 3.0981948
 3.09410608 3.09002272 3.08594475 3.08187219 3.07780505 3.07374334
 3.0696871  3.06563632 3.06159103 3.05755126 3.053517   3.04948828
 3.04546512 3.04144753 3.03743553 3.03342913 3.02942836 3.02543323
 3.02144375 3.01745994 3.01348182 3.0095094  3.0055427  3.00158175
 2.99762654 2.9936771  2.98973345 2.98579559 2.98186355 2.97793735
 2.97401699 2.9701025  2.96619389 2.96229117 2.95839437 2.9545035
 2.95061856 2.94673959 2.94286659 2.93899958 2.93513858 2.9312836
 2.92743465 2.92359175 2.91975493 2.91592418 2.91209953 2.90828099
 2.90446858 2.90066231 2.8968622  2.89306826 2.88928051 2.88549896
 2.88172363 2.87795452 2.87419167 2.87043507 2.86668475 2.86294072
 2.85920299 2.85547158 2.8517465  2.84802777 2.8443154  2.8406094
 2.8369098  2.83321659 2.8295298  2.82584945 2.82217554 2.81850809
 2.81484711 2.81119261 2.80754462 2.80390314 2.80026818 2.79663977
 2.7930179  2.78940261 2.78579389 2.78219177 2.77859625 2.77500735
 2.77142508 2.76784946 2.76428049 2.7607182  2.75716259 2.75361367
 2.75007147 2.74653598 2.74300723 2.73948522 2.73596997 2.73246148
 2.72895979 2.72546488 2.72197678 2.7184955  2.71502105 2.71155344
 2.70809268 2.70463879 2.70119178 2.69775165 2.69431843 2.69089211
 2.68747272 2.68406026 2.68065474 2.67725619 2.67386459 2.67047998
 2.66710236 2.66373173 2.66036811 2.65701152 2.65366195 2.65031943
 2.64698396 2.64365555 2.64033422 2.63701996 2.63371281 2.63041275
 2.6271198  2.62383398 2.6205553  2.61728375 2.61401936 2.61076213
 2.60751207 2.60426919 2.6010335  2.59780501 2.59458373 2.59136967
 2.58816283 2.58496323 2.58177087 2.57858577 2.57540792 2.57223735
 2.56907406 2.56591805 2.56276934 2.55962794 2.55649385 2.55336707
 2.55024763 2.54713552 2.54403076 2.54093335 2.5378433  2.53476062
 2.53168531 2.52861739 2.52555686 2.52250372 2.51945799 2.51641967
 2.51338877 2.5103653  2.50734926 2.50434066 2.50133951 2.49834581
 2.49535957 2.4923808  2.4894095  2.48644568 2.48348934 2.4805405
 2.47759915 2.47466531 2.47173898 2.46882016 2.46590887 2.4630051
 2.46010887 2.45722017 2.45433902 2.45146541 2.44859936 2.44574087
 2.44288995 2.44004659 2.43721081 2.43438261 2.43156199 2.42874896
 2.42594353 2.42314569 2.42035545 2.41757282 2.41479781 2.4120304
 2.40927062 2.40651846 2.40377393 2.40103702 2.39830776 2.39558613
 2.39287214 2.3901658  2.38746711 2.38477607 2.38209268 2.37941695
 2.37674889 2.37408849 2.37143576 2.3687907  2.36615331 2.3635236
 2.36090157 2.35828721 2.35568054 2.35308156 2.35049027 2.34790666
 2.34533075 2.34276253 2.34020201 2.33764919 2.33510407 2.33256665
 2.33003693 2.32751492 2.32500061 2.32249401 2.31999512 2.31750394
 2.31502047 2.31254471 2.31007667 2.30761634 2.30516373 2.30271883
 2.30028164 2.29785217 2.29543043 2.29301639 2.29061008 2.28821148
 2.2858206  2.28343745 2.281062   2.27869428 2.27633427 2.27398199
 2.27163741 2.26930056 2.26697142 2.26465    2.2623363  2.2600303
 2.25773203 2.25544146 2.25315861 2.25088346 2.24861603 2.24635631
 2.24410429 2.24185998 2.23962337 2.23739446 2.23517326 2.23295976
 2.23075395 2.22855584 2.22636542 2.2241827  2.22200767 2.21984032
 2.21768066 2.21552868 2.21338439 2.21124778 2.20911883 2.20699757
 2.20488397 2.20277805 2.20067979 2.19858919 2.19650625 2.19443097
 2.19236334 2.19030337 2.18825103 2.18620635 2.18416931 2.1821399
 2.18011812 2.17810398 2.17609746 2.17409857 2.17210729 2.17012364
 2.16814759 2.16617915 2.16421831 2.16226507 2.16031942 2.15838137
 2.1564509  2.15452802 2.15261271 2.15070498 2.14880481 2.14691221
 2.14502716 2.14314967 2.14127973 2.13941733 2.13756247 2.13571515
 2.13387535 2.13204308 2.13021833 2.12840109 2.12659135 2.12478912
 2.12299439 2.12120715 2.11942739 2.11765511 2.11589031 2.11413297
 2.1123831  2.11064068 2.10890571 2.10717819 2.1054581  2.10374545
 2.10204022 2.10034241 2.09865201 2.09696902 2.09529343 2.09362523
 2.09196442 2.09031099 2.08866493 2.08702624 2.08539491 2.08377093
 2.08215429 2.08054499 2.07894303 2.07734839 2.07576107 2.07418105
 2.07260834 2.07104292 2.0694848  2.06793395 2.06639037 2.06485406
 2.06332501 2.0618032  2.06028864 2.05878132 2.05728122 2.05578833
 2.05430266 2.05282419 2.05135292 2.04988883 2.04843192 2.04698218
 2.04553961 2.04410418 2.0426759  2.04125476 2.03984075 2.03843385
 2.03703407 2.03564139 2.03425581 2.03287731 2.03150588 2.03014153
 2.02878423 2.02743398 2.02609078 2.02475461 2.02342546 2.02210332
 2.02078819 2.01948006 2.01817891 2.01688474 2.01559754 2.0143173
 2.01304401 2.01177766 2.01051824 2.00926574 2.00802015 2.00678147
 2.00554968 2.00432477 2.00310673 2.00189556 2.00069125 1.99949377
 1.99830314 1.99711932 1.99594232 1.99477213 1.99360873 1.99245211
 1.99130227 1.9901592  1.98902288 1.9878933  1.98677046 1.98565434
 1.98454493 1.98344223 1.98234622 1.98125689 1.98017424 1.97909825
 1.97802891 1.97696621 1.97591014 1.97486069 1.97381785 1.9727816
 1.97175195 1.97072887 1.96971236 1.96870241 1.967699   1.96670212
 1.96571177 1.96472793 1.96375059 1.96277974 1.96181537 1.96085747
 1.95990603 1.95896103 1.95802248 1.95709034 1.95616462 1.9552453
 1.95433237 1.95342582 1.95252564 1.95163182 1.95074435 1.94986321
 1.94898839 1.94811989 1.94725768 1.94640177 1.94555213 1.94470876
 1.94387165 1.94304078 1.94221615 1.94139773 1.94058552 1.93977952
 1.93897969 1.93818605 1.93739856 1.93661723 1.93584204 1.93507297
 1.93431003 1.93355318 1.93280243 1.93205777 1.93131917 1.93058663
 1.92986013 1.92913967 1.92842524 1.92771681 1.92701438 1.92631794
 1.92562747 1.92494297 1.92426442 1.92359181 1.92292512 1.92226436
 1.92160949 1.92096052 1.92031742 1.9196802  1.91904883 1.9184233
 1.91780361 1.91718973 1.91658166 1.91597939 1.9153829  1.91479218
 1.91420722 1.91362801 1.91305453 1.91248678 1.91192474 1.91136839
 1.91081773 1.91027275 1.90973343 1.90919975 1.90867172 1.90814931
 1.90763252 1.90712132 1.90661572 1.90611569 1.90562122 1.90513231
 1.90464894 1.9041711  1.90369877 1.90323194 1.90277061 1.90231476
 1.90186437 1.90141943 1.90097994 1.90054588 1.90011723 1.89969399
 1.89927615 1.89886368 1.89845658 1.89805484 1.89765844 1.89726738
 1.89688163 1.89650119 1.89612604 1.89575618 1.89539158 1.89503225
 1.89467816 1.8943293  1.89398567 1.89364724 1.89331401 1.89298596
 1.89266308 1.89234537 1.8920328  1.89172536 1.89142305 1.89112585
 1.89083375 1.89054673 1.89026478 1.8899879  1.88971607 1.88944927
 1.88918749 1.88893073 1.88867897 1.8884322  1.8881904  1.88795357
 1.88772168 1.88749474 1.88727272 1.88705561 1.88684341 1.8866361
 1.88643367 1.8862361  1.88604338 1.88585551 1.88567246 1.88549423
 1.88532081 1.88515218 1.88498833 1.88482924 1.88467492 1.88452534
 1.88438049 1.88424036 1.88410493 1.88397421 1.88384816 1.88372679
 1.88361008 1.88349801 1.88339058 1.88328778 1.88318958 1.88309599
 1.88300698 1.88292255 1.88284268 1.88276736 1.88269658 1.88263033
 1.8825686  1.88251137 1.88245863 1.88241037 1.88236658 1.88232725
 1.88229235 1.8822619  1.88223586 1.88221423 1.882197   1.88218415
 1.88217568 1.88217157 1.88217181 1.88217639 1.88218529 1.88219851
 1.88221603 1.88223785 1.88226394 1.8822943  1.88232892 1.88236778
 1.88241087 1.88245819 1.88250972 1.88256545 1.88262536 1.88268945
 1.8827577  1.8828301  1.88290665 1.88298732 1.88307211 1.88316101
 1.88325401 1.88335108 1.88345223 1.88355745 1.88366671 1.88378
 1.88389733 1.88401867 1.88414402 1.88427336 1.88440668 1.88454397
 1.88468522 1.88483041 1.88497955 1.88513261 1.88528959 1.88545046
 1.88561523 1.88578389 1.88595641 1.88613279 1.88631302 1.88649709
 1.88668498 1.88687669 1.8870722  1.88727151 1.88747459 1.88768145
 1.88789207 1.88810644 1.88832455 1.88854638 1.88877193 1.88900119
 1.88923415 1.88947079 1.8897111  1.88995508 1.89020271 1.89045398
 1.89070888 1.8909674  1.89122954 1.89149527 1.89176459 1.89203749
 1.89231396 1.89259398 1.89287756 1.89316467 1.8934553  1.89374945
 1.89404711 1.89434826 1.89465289 1.894961   1.89527257 1.8955876
 1.89590607 1.89622797 1.8965533  1.89688203 1.89721417 1.89754971
 1.89788862 1.89823091 1.89857655 1.89892555 1.8992779  1.89963357
 1.89999257 1.90035487 1.90072048 1.90108938 1.90146156 1.90183702
 1.90221573 1.9025977  1.90298292 1.90337136 1.90376303 1.90415791
 1.90455599 1.90495727 1.90536173 1.90576937 1.90618017 1.90659412
 1.90701122 1.90743146 1.90785482 1.90828131 1.90871089 1.90914358
 1.90957935 1.91001821 1.91046013 1.91090511 1.91135315 1.91180423
 1.91225833 1.91271546 1.91317561 1.91363876 1.9141049  1.91457404
 1.91504614 1.91552122 1.91599925 1.91648024 1.91696416 1.91745102
 1.9179408  1.91843349 1.91892908 1.91942758 1.91992896 1.92043321
 1.92094034 1.92145032 1.92196316 1.92247884 1.92299735 1.92351868
 1.92404284 1.9245698  1.92509956 1.92563211 1.92616744 1.92670554
 1.92724641 1.92779003 1.9283364  1.92888551 1.92943735 1.92999191
 1.93054918 1.93110916 1.93167184 1.9322372  1.93280524 1.93337596
 1.93394934 1.93452537 1.93510405 1.93568537 1.93626932 1.93685589
 1.93744507 1.93803686 1.93863125 1.93922823 1.93982779 1.94042993
 1.94103463 1.94164189 1.94225169 1.94286404 1.94347893 1.94409634
 1.94471627 1.94533871 1.94596365 1.94659109 1.94722101 1.94785342
 1.94848829 1.94912564 1.94976543 1.95040768 1.95105237 1.95169949
 1.95234904 1.95300101 1.95365539 1.95431217 1.95497135 1.95563292
 1.95629688 1.9569632  1.9576319  1.95830295 1.95897635 1.95965211
 1.9603302  1.96101062 1.96169336 1.96237842 1.96306579 1.96375546
 1.96444743 1.96514169 1.96583823 1.96653704 1.96723812 1.96794146
 1.96864706 1.9693549  1.97006498 1.97077729 1.97149183 1.97220859
 1.97292756 1.97364873 1.97437211 1.97509768 1.97582543 1.97655536
 1.97728747 1.97802174 1.97875817 1.97949675 1.98023748 1.98098035
 1.98172535 1.98247248 1.98322173 1.98397309 1.98472656 1.98548214
 1.9862398  1.98699956 1.9877614  1.98852531 1.9892913  1.99005934
 1.99082945 1.99160161 1.99237581 1.99315205 1.99393033 1.99471063
 1.99549295 1.99627729 1.99706364 1.99785199 1.99864234 1.99943468
 2.00022901 2.00102531 2.00182359 2.00262384 2.00342605 2.00423022
 2.00503634 2.0058444  2.00665441 2.00746634 2.00828021 2.009096
 2.00991371 2.01073332 2.01155485 2.01237827 2.01320359 2.0140308
 2.0148599  2.01569087 2.01652372 2.01735844 2.01819502 2.01903346
 2.01987375 2.02071589 2.02155987 2.02240569 2.02325334 2.02410281
 2.02495411 2.02580722 2.02666215 2.02751888 2.02837742 2.02923775
 2.03009987 2.03096378 2.03182947 2.03269694 2.03356618 2.03443719
 2.03530996 2.03618449 2.03706077 2.0379388  2.03881857 2.03970008
 2.04058333 2.0414683  2.042355   2.04324343 2.04413356 2.04502541
 2.04591897 2.04681422 2.04771118 2.04860983 2.04951016 2.05041219
 2.05131589 2.05222127 2.05312832 2.05403704 2.05494742 2.05585946
 2.05677315 2.0576885  2.05860549 2.05952412 2.06044439 2.0613663
 2.06228984 2.063215   2.06414178 2.06507019 2.0660002  2.06693183
 2.06786506 2.0687999  2.06973633 2.07067436 2.07161398 2.07255519
 2.07349798 2.07444234 2.07538829 2.07633581 2.07728489 2.07823554
 2.07918775 2.08014152 2.08109685 2.08205372 2.08301214 2.08397211
 2.08493361 2.08589665 2.08686123 2.08782733 2.08879496 2.08976412
 2.09073479 2.09170698 2.09268068 2.0936559  2.09463262 2.09561084
 2.09659057 2.09757179 2.0985545  2.09953871]
t = [1.08953230e+09 1.08953239e+09 1.08953247e+09 1.08953256e+09
 1.08953265e+09 1.08953273e+09 1.08953282e+09 1.08953291e+09
 1.08953299e+09 1.08953308e+09 1.08953317e+09 1.08953325e+09
 1.08953334e+09 1.08953342e+09 1.08953351e+09 1.08953360e+09
 1.08953368e+09 1.08953377e+09 1.08953386e+09 1.08953394e+09
 1.08953403e+09 1.08953412e+09 1.08953420e+09 1.08953429e+09
 1.08953438e+09 1.08953446e+09 1.08953455e+09 1.08953464e+09
 1.08953472e+09 1.08953481e+09 1.08953489e+09 1.08953498e+09
 1.08953507e+09 1.08953515e+09 1.08953524e+09 1.08953533e+09
 1.08953541e+09 1.08953550e+09 1.08953559e+09 1.08953567e+09
 1.08953576e+09 1.08953585e+09 1.08953593e+09 1.08953602e+09
 1.08953611e+09 1.08953619e+09 1.08953628e+09 1.08953637e+09
 1.08953645e+09 1.08953654e+09 1.08953662e+09 1.08953671e+09
 1.08953680e+09 1.08953688e+09 1.08953697e+09 1.08953706e+09
 1.08953714e+09 1.08953723e+09 1.08953732e+09 1.08953740e+09
 1.08953749e+09 1.08953758e+09 1.08953766e+09 1.08953775e+09
 1.08953784e+09 1.08953792e+09 1.08953801e+09 1.08953809e+09
 1.08953818e+09 1.08953827e+09 1.08953835e+09 1.08953844e+09
 1.08953853e+09 1.08953861e+09 1.08953870e+09 1.08953879e+09
 1.08953887e+09 1.08953896e+09 1.08953905e+09 1.08953913e+09
 1.08953922e+09 1.08953931e+09 1.08953939e+09 1.08953948e+09
 1.08953957e+09 1.08953965e+09 1.08953974e+09 1.08953982e+09
 1.08953991e+09 1.08954000e+09 1.08954008e+09 1.08954017e+09
 1.08954026e+09 1.08954034e+09 1.08954043e+09 1.08954052e+09
 1.08954060e+09 1.08954069e+09 1.08954078e+09 1.08954086e+09
 1.08954095e+09 1.08954104e+09 1.08954112e+09 1.08954121e+09
 1.08954129e+09 1.08954138e+09 1.08954147e+09 1.08954155e+09
 1.08954164e+09 1.08954173e+09 1.08954181e+09 1.08954190e+09
 1.08954199e+09 1.08954207e+09 1.08954216e+09 1.08954225e+09
 1.08954233e+09 1.08954242e+09 1.08954251e+09 1.08954259e+09
 1.08954268e+09 1.08954277e+09 1.08954285e+09 1.08954294e+09
 1.08954302e+09 1.08954311e+09 1.08954320e+09 1.08954328e+09
 1.08954337e+09 1.08954346e+09 1.08954354e+09 1.08954363e+09
 1.08954372e+09 1.08954380e+09 1.08954389e+09 1.08954398e+09
 1.08954406e+09 1.08954415e+09 1.08954424e+09 1.08954432e+09
 1.08954441e+09 1.08954449e+09 1.08954458e+09 1.08954467e+09
 1.08954475e+09 1.08954484e+09 1.08954493e+09 1.08954501e+09
 1.08954510e+09 1.08954519e+09 1.08954527e+09 1.08954536e+09
 1.08954545e+09 1.08954553e+09 1.08954562e+09 1.08954571e+09
 1.08954579e+09 1.08954588e+09 1.08954597e+09 1.08954605e+09
 1.08954614e+09 1.08954622e+09 1.08954631e+09 1.08954640e+09
 1.08954648e+09 1.08954657e+09 1.08954666e+09 1.08954674e+09
 1.08954683e+09 1.08954692e+09 1.08954700e+09 1.08954709e+09
 1.08954718e+09 1.08954726e+09 1.08954735e+09 1.08954744e+09
 1.08954752e+09 1.08954761e+09 1.08954769e+09 1.08954778e+09
 1.08954787e+09 1.08954795e+09 1.08954804e+09 1.08954813e+09
 1.08954821e+09 1.08954830e+09 1.08954839e+09 1.08954847e+09
 1.08954856e+09 1.08954865e+09 1.08954873e+09 1.08954882e+09
 1.08954891e+09 1.08954899e+09 1.08954908e+09 1.08954917e+09
 1.08954925e+09 1.08954934e+09 1.08954942e+09 1.08954951e+09
 1.08954960e+09 1.08954968e+09 1.08954977e+09 1.08954986e+09
 1.08954994e+09 1.08955003e+09 1.08955012e+09 1.08955020e+09
 1.08955029e+09 1.08955038e+09 1.08955046e+09 1.08955055e+09
 1.08955064e+09 1.08955072e+09 1.08955081e+09 1.08955089e+09
 1.08955098e+09 1.08955107e+09 1.08955115e+09 1.08955124e+09
 1.08955133e+09 1.08955141e+09 1.08955150e+09 1.08955159e+09
 1.08955167e+09 1.08955176e+09 1.08955185e+09 1.08955193e+09
 1.08955202e+09 1.08955211e+09 1.08955219e+09 1.08955228e+09
 1.08955237e+09 1.08955245e+09 1.08955254e+09 1.08955262e+09
 1.08955271e+09 1.08955280e+09 1.08955288e+09 1.08955297e+09
 1.08955306e+09 1.08955314e+09 1.08955323e+09 1.08955332e+09
 1.08955340e+09 1.08955349e+09 1.08955358e+09 1.08955366e+09
 1.08955375e+09 1.08955384e+09 1.08955392e+09 1.08955401e+09
 1.08955409e+09 1.08955418e+09 1.08955427e+09 1.08955435e+09
 1.08955444e+09 1.08955453e+09 1.08955461e+09 1.08955470e+09
 1.08955479e+09 1.08955487e+09 1.08955496e+09 1.08955505e+09
 1.08955513e+09 1.08955522e+09 1.08955531e+09 1.08955539e+09
 1.08955548e+09 1.08955557e+09 1.08955565e+09 1.08955574e+09
 1.08955582e+09 1.08955591e+09 1.08955600e+09 1.08955608e+09
 1.08955617e+09 1.08955626e+09 1.08955634e+09 1.08955643e+09
 1.08955652e+09 1.08955660e+09 1.08955669e+09 1.08955678e+09
 1.08955686e+09 1.08955695e+09 1.08955704e+09 1.08955712e+09
 1.08955721e+09 1.08955729e+09 1.08955738e+09 1.08955747e+09
 1.08955755e+09 1.08955764e+09 1.08955773e+09 1.08955781e+09
 1.08955790e+09 1.08955799e+09 1.08955807e+09 1.08955816e+09
 1.08955825e+09 1.08955833e+09 1.08955842e+09 1.08955851e+09
 1.08955859e+09 1.08955868e+09 1.08955877e+09 1.08955885e+09
 1.08955894e+09 1.08955902e+09 1.08955911e+09 1.08955920e+09
 1.08955928e+09 1.08955937e+09 1.08955946e+09 1.08955954e+09
 1.08955963e+09 1.08955972e+09 1.08955980e+09 1.08955989e+09
 1.08955998e+09 1.08956006e+09 1.08956015e+09 1.08956024e+09
 1.08956032e+09 1.08956041e+09 1.08956049e+09 1.08956058e+09
 1.08956067e+09 1.08956075e+09 1.08956084e+09 1.08956093e+09
 1.08956101e+09 1.08956110e+09 1.08956119e+09 1.08956127e+09
 1.08956136e+09 1.08956145e+09 1.08956153e+09 1.08956162e+09
 1.08956171e+09 1.08956179e+09 1.08956188e+09 1.08956197e+09
 1.08956205e+09 1.08956214e+09 1.08956222e+09 1.08956231e+09
 1.08956240e+09 1.08956248e+09 1.08956257e+09 1.08956266e+09
 1.08956274e+09 1.08956283e+09 1.08956292e+09 1.08956300e+09
 1.08956309e+09 1.08956318e+09 1.08956326e+09 1.08956335e+09
 1.08956344e+09 1.08956352e+09 1.08956361e+09 1.08956369e+09
 1.08956378e+09 1.08956387e+09 1.08956395e+09 1.08956404e+09
 1.08956413e+09 1.08956421e+09 1.08956430e+09 1.08956439e+09
 1.08956447e+09 1.08956456e+09 1.08956465e+09 1.08956473e+09
 1.08956482e+09 1.08956491e+09 1.08956499e+09 1.08956508e+09
 1.08956517e+09 1.08956525e+09 1.08956534e+09 1.08956542e+09
 1.08956551e+09 1.08956560e+09 1.08956568e+09 1.08956577e+09
 1.08956586e+09 1.08956594e+09 1.08956603e+09 1.08956612e+09
 1.08956620e+09 1.08956629e+09 1.08956638e+09 1.08956646e+09
 1.08956655e+09 1.08956664e+09 1.08956672e+09 1.08956681e+09
 1.08956689e+09 1.08956698e+09 1.08956707e+09 1.08956715e+09
 1.08956724e+09 1.08956733e+09 1.08956741e+09 1.08956750e+09
 1.08956759e+09 1.08956767e+09 1.08956776e+09 1.08956785e+09
 1.08956793e+09 1.08956802e+09 1.08956811e+09 1.08956819e+09
 1.08956828e+09 1.08956837e+09 1.08956845e+09 1.08956854e+09
 1.08956862e+09 1.08956871e+09 1.08956880e+09 1.08956888e+09
 1.08956897e+09 1.08956906e+09 1.08956914e+09 1.08956923e+09
 1.08956932e+09 1.08956940e+09 1.08956949e+09 1.08956958e+09
 1.08956966e+09 1.08956975e+09 1.08956984e+09 1.08956992e+09
 1.08957001e+09 1.08957009e+09 1.08957018e+09 1.08957027e+09
 1.08957035e+09 1.08957044e+09 1.08957053e+09 1.08957061e+09
 1.08957070e+09 1.08957079e+09 1.08957087e+09 1.08957096e+09
 1.08957105e+09 1.08957113e+09 1.08957122e+09 1.08957131e+09
 1.08957139e+09 1.08957148e+09 1.08957157e+09 1.08957165e+09
 1.08957174e+09 1.08957182e+09 1.08957191e+09 1.08957200e+09
 1.08957208e+09 1.08957217e+09 1.08957226e+09 1.08957234e+09
 1.08957243e+09 1.08957252e+09 1.08957260e+09 1.08957269e+09
 1.08957278e+09 1.08957286e+09 1.08957295e+09 1.08957304e+09
 1.08957312e+09 1.08957321e+09 1.08957329e+09 1.08957338e+09
 1.08957347e+09 1.08957355e+09 1.08957364e+09 1.08957373e+09
 1.08957381e+09 1.08957390e+09 1.08957399e+09 1.08957407e+09
 1.08957416e+09 1.08957425e+09 1.08957433e+09 1.08957442e+09
 1.08957451e+09 1.08957459e+09 1.08957468e+09 1.08957477e+09
 1.08957485e+09 1.08957494e+09 1.08957502e+09 1.08957511e+09
 1.08957520e+09 1.08957528e+09 1.08957537e+09 1.08957546e+09
 1.08957554e+09 1.08957563e+09 1.08957572e+09 1.08957580e+09
 1.08957589e+09 1.08957598e+09 1.08957606e+09 1.08957615e+09
 1.08957624e+09 1.08957632e+09 1.08957641e+09 1.08957649e+09
 1.08957658e+09 1.08957667e+09 1.08957675e+09 1.08957684e+09
 1.08957693e+09 1.08957701e+09 1.08957710e+09 1.08957719e+09
 1.08957727e+09 1.08957736e+09 1.08957745e+09 1.08957753e+09
 1.08957762e+09 1.08957771e+09 1.08957779e+09 1.08957788e+09
 1.08957797e+09 1.08957805e+09 1.08957814e+09 1.08957822e+09
 1.08957831e+09 1.08957840e+09 1.08957848e+09 1.08957857e+09
 1.08957866e+09 1.08957874e+09 1.08957883e+09 1.08957892e+09
 1.08957900e+09 1.08957909e+09 1.08957918e+09 1.08957926e+09
 1.08957935e+09 1.08957944e+09 1.08957952e+09 1.08957961e+09
 1.08957969e+09 1.08957978e+09 1.08957987e+09 1.08957995e+09
 1.08958004e+09 1.08958013e+09 1.08958021e+09 1.08958030e+09
 1.08958039e+09 1.08958047e+09 1.08958056e+09 1.08958065e+09
 1.08958073e+09 1.08958082e+09 1.08958091e+09 1.08958099e+09
 1.08958108e+09 1.08958117e+09 1.08958125e+09 1.08958134e+09
 1.08958142e+09 1.08958151e+09 1.08958160e+09 1.08958168e+09
 1.08958177e+09 1.08958186e+09 1.08958194e+09 1.08958203e+09
 1.08958212e+09 1.08958220e+09 1.08958229e+09 1.08958238e+09
 1.08958246e+09 1.08958255e+09 1.08958264e+09 1.08958272e+09
 1.08958281e+09 1.08958289e+09 1.08958298e+09 1.08958307e+09
 1.08958315e+09 1.08958324e+09 1.08958333e+09 1.08958341e+09
 1.08958350e+09 1.08958359e+09 1.08958367e+09 1.08958376e+09
 1.08958385e+09 1.08958393e+09 1.08958402e+09 1.08958411e+09
 1.08958419e+09 1.08958428e+09 1.08958437e+09 1.08958445e+09
 1.08958454e+09 1.08958462e+09 1.08958471e+09 1.08958480e+09
 1.08958488e+09 1.08958497e+09 1.08958506e+09 1.08958514e+09
 1.08958523e+09 1.08958532e+09 1.08958540e+09 1.08958549e+09
 1.08958558e+09 1.08958566e+09 1.08958575e+09 1.08958584e+09
 1.08958592e+09 1.08958601e+09 1.08958609e+09 1.08958618e+09
 1.08958627e+09 1.08958635e+09 1.08958644e+09 1.08958653e+09
 1.08958661e+09 1.08958670e+09 1.08958679e+09 1.08958687e+09
 1.08958696e+09 1.08958705e+09 1.08958713e+09 1.08958722e+09
 1.08958731e+09 1.08958739e+09 1.08958748e+09 1.08958757e+09
 1.08958765e+09 1.08958774e+09 1.08958782e+09 1.08958791e+09
 1.08958800e+09 1.08958808e+09 1.08958817e+09 1.08958826e+09
 1.08958834e+09 1.08958843e+09 1.08958852e+09 1.08958860e+09
 1.08958869e+09 1.08958878e+09 1.08958886e+09 1.08958895e+09
 1.08958904e+09 1.08958912e+09 1.08958921e+09 1.08958929e+09
 1.08958938e+09 1.08958947e+09 1.08958955e+09 1.08958964e+09
 1.08958973e+09 1.08958981e+09 1.08958990e+09 1.08958999e+09
 1.08959007e+09 1.08959016e+09 1.08959025e+09 1.08959033e+09
 1.08959042e+09 1.08959051e+09 1.08959059e+09 1.08959068e+09
 1.08959077e+09 1.08959085e+09 1.08959094e+09 1.08959102e+09
 1.08959111e+09 1.08959120e+09 1.08959128e+09 1.08959137e+09
 1.08959146e+09 1.08959154e+09 1.08959163e+09 1.08959172e+09
 1.08959180e+09 1.08959189e+09 1.08959198e+09 1.08959206e+09
 1.08959215e+09 1.08959224e+09 1.08959232e+09 1.08959241e+09
 1.08959249e+09 1.08959258e+09 1.08959267e+09 1.08959275e+09
 1.08959284e+09 1.08959293e+09 1.08959301e+09 1.08959310e+09
 1.08959319e+09 1.08959327e+09 1.08959336e+09 1.08959345e+09
 1.08959353e+09 1.08959362e+09 1.08959371e+09 1.08959379e+09
 1.08959388e+09 1.08959397e+09 1.08959405e+09 1.08959414e+09
 1.08959422e+09 1.08959431e+09 1.08959440e+09 1.08959448e+09
 1.08959457e+09 1.08959466e+09 1.08959474e+09 1.08959483e+09
 1.08959492e+09 1.08959500e+09 1.08959509e+09 1.08959518e+09
 1.08959526e+09 1.08959535e+09 1.08959544e+09 1.08959552e+09
 1.08959561e+09 1.08959569e+09 1.08959578e+09 1.08959587e+09
 1.08959595e+09 1.08959604e+09 1.08959613e+09 1.08959621e+09
 1.08959630e+09 1.08959639e+09 1.08959647e+09 1.08959656e+09
 1.08959665e+09 1.08959673e+09 1.08959682e+09 1.08959691e+09
 1.08959699e+09 1.08959708e+09 1.08959717e+09 1.08959725e+09
 1.08959734e+09 1.08959742e+09 1.08959751e+09 1.08959760e+09
 1.08959768e+09 1.08959777e+09 1.08959786e+09 1.08959794e+09
 1.08959803e+09 1.08959812e+09 1.08959820e+09 1.08959829e+09
 1.08959838e+09 1.08959846e+09 1.08959855e+09 1.08959864e+09
 1.08959872e+09 1.08959881e+09 1.08959889e+09 1.08959898e+09
 1.08959907e+09 1.08959915e+09 1.08959924e+09 1.08959933e+09
 1.08959941e+09 1.08959950e+09 1.08959959e+09 1.08959967e+09
 1.08959976e+09 1.08959985e+09 1.08959993e+09 1.08960002e+09
 1.08960011e+09 1.08960019e+09 1.08960028e+09 1.08960037e+09
 1.08960045e+09 1.08960054e+09 1.08960062e+09 1.08960071e+09
 1.08960080e+09 1.08960088e+09 1.08960097e+09 1.08960106e+09
 1.08960114e+09 1.08960123e+09 1.08960132e+09 1.08960140e+09
 1.08960149e+09 1.08960158e+09 1.08960166e+09 1.08960175e+09
 1.08960184e+09 1.08960192e+09 1.08960201e+09 1.08960209e+09
 1.08960218e+09 1.08960227e+09 1.08960235e+09 1.08960244e+09
 1.08960253e+09 1.08960261e+09 1.08960270e+09 1.08960279e+09
 1.08960287e+09 1.08960296e+09 1.08960305e+09 1.08960313e+09
 1.08960322e+09 1.08960331e+09 1.08960339e+09 1.08960348e+09
 1.08960357e+09 1.08960365e+09 1.08960374e+09 1.08960382e+09
 1.08960391e+09 1.08960400e+09 1.08960408e+09 1.08960417e+09
 1.08960426e+09 1.08960434e+09 1.08960443e+09 1.08960452e+09
 1.08960460e+09 1.08960469e+09 1.08960478e+09 1.08960486e+09
 1.08960495e+09 1.08960504e+09 1.08960512e+09 1.08960521e+09
 1.08960529e+09 1.08960538e+09 1.08960547e+09 1.08960555e+09
 1.08960564e+09 1.08960573e+09 1.08960581e+09 1.08960590e+09
 1.08960599e+09 1.08960607e+09 1.08960616e+09 1.08960625e+09
 1.08960633e+09 1.08960642e+09 1.08960651e+09 1.08960659e+09
 1.08960668e+09 1.08960677e+09 1.08960685e+09 1.08960694e+09
 1.08960702e+09 1.08960711e+09 1.08960720e+09 1.08960728e+09
 1.08960737e+09 1.08960746e+09 1.08960754e+09 1.08960763e+09
 1.08960772e+09 1.08960780e+09 1.08960789e+09 1.08960798e+09
 1.08960806e+09 1.08960815e+09 1.08960824e+09 1.08960832e+09
 1.08960841e+09 1.08960849e+09 1.08960858e+09 1.08960867e+09
 1.08960875e+09 1.08960884e+09 1.08960893e+09 1.08960901e+09
 1.08960910e+09 1.08960919e+09 1.08960927e+09 1.08960936e+09
 1.08960945e+09 1.08960953e+09 1.08960962e+09 1.08960971e+09
 1.08960979e+09 1.08960988e+09 1.08960997e+09 1.08961005e+09
 1.08961014e+09 1.08961022e+09 1.08961031e+09 1.08961040e+09
 1.08961048e+09 1.08961057e+09 1.08961066e+09 1.08961074e+09
 1.08961083e+09 1.08961092e+09 1.08961100e+09 1.08961109e+09
 1.08961118e+09 1.08961126e+09 1.08961135e+09 1.08961144e+09
 1.08961152e+09 1.08961161e+09 1.08961169e+09 1.08961178e+09
 1.08961187e+09 1.08961195e+09 1.08961204e+09 1.08961213e+09
 1.08961221e+09 1.08961230e+09 1.08961239e+09 1.08961247e+09
 1.08961256e+09 1.08961265e+09 1.08961273e+09 1.08961282e+09
 1.08961291e+09 1.08961299e+09 1.08961308e+09 1.08961317e+09
 1.08961325e+09 1.08961334e+09 1.08961342e+09 1.08961351e+09
 1.08961360e+09 1.08961368e+09 1.08961377e+09 1.08961386e+09
 1.08961394e+09 1.08961403e+09 1.08961412e+09 1.08961420e+09
 1.08961429e+09 1.08961438e+09 1.08961446e+09 1.08961455e+09
 1.08961464e+09 1.08961472e+09 1.08961481e+09 1.08961489e+09
 1.08961498e+09 1.08961507e+09 1.08961515e+09 1.08961524e+09
 1.08961533e+09 1.08961541e+09 1.08961550e+09 1.08961559e+09
 1.08961567e+09 1.08961576e+09 1.08961585e+09 1.08961593e+09
 1.08961602e+09 1.08961611e+09 1.08961619e+09 1.08961628e+09
 1.08961637e+09 1.08961645e+09 1.08961654e+09 1.08961662e+09
 1.08961671e+09 1.08961680e+09 1.08961688e+09 1.08961697e+09
 1.08961706e+09 1.08961714e+09 1.08961723e+09 1.08961732e+09
 1.08961740e+09 1.08961749e+09 1.08961758e+09 1.08961766e+09
 1.08961775e+09 1.08961784e+09 1.08961792e+09 1.08961801e+09
 1.08961809e+09 1.08961818e+09 1.08961827e+09 1.08961835e+09
 1.08961844e+09 1.08961853e+09 1.08961861e+09 1.08961870e+09]
minRes = 1.8821715710033635
minResTime = [1.08958635e+09]
Cov(t) = [100 100 100 100 100 100 100 100 100 100 100 100 100 100 100 100 100 100
 100 100 100 100 100 100 100 100 100 100 100 100 100 100 100 100 100 100
 100 100 100 100 100 100 100 100 100 100 100 100 100 100 100 100 100 100
 100 100 100 100 100 100 100 100 100 100 100 100 100 100 100 100 100 100
 100 100 100 100 100 100 100 100 100 100 100 100 100 100 100 100 100 100
 100 100 100 100 100 100 100 100 100 100 100 100 100 100 100 100 100 100
 100 100 100 100 100 100 100 100 100 100 100 100 100 100 100 100 100 100
 100 100 100 100 100 100 100 100 100 100 100 100 100 100 100 100 100 100
 100 100 100 100 100 100 100 100 100 100 100 100 100 100 100 100 100 100
 100 100 100 100 100 100 100 100 100 100 100 100 100 100 100 100 100 100
 100 100 100 100 100 100 100 100 100 100 100 100 100 100 100 100 100 100
 100 100 100 100 100 100 100 100 100 100 100 100 100 100 100 100 100 100
 100 100 100 100 100 100 100 100 100 100 100 100 100 100 100 100 100 100
 100 100 100 100 100 100 100 100 100 100 100 100 100 100 100 100 100 100
 100 100 100 100 100 100 100 100 100 100 100 100 100 100 100 100 100 100
 100 100 100 100 100 100 100 100 100 100 100 100 100 100 100 100 100 100
 100 100 100 100 100 100 100 100 100 100 100 100 100 100 100 100 100 100
 100 100 100 100 100 100 100 100 100 100 100 100 100 100 100 100 100 100
 100 100 100 100 100 100 100 100 100 100 100 100 100 100 100 100 100 100
 100 100 100 100 100 100 100 100 100 100 100 100 100 100 100 100 100 100
 100 100 100 100 100 100 100 100 100 100 100 100 100 100 100 100 100 100
 100 100 100 100 100 100 100 100 100 100 100 100 100 100 100 100 100 100
 100 100 100 100 100 100 100 100 100 100 100 100 100 100 100 100 100 100
 100 100 100 100 100 100 100 100 100 100 100 100 100 100 100 100 100 100
 100 100 100 100 100 100 100 100 100 100 100 100 100 100 100 100 100 100
 100 100 100 100 100 100 100 100 100 100 100 100 100 100 100 100 100 100
 100 100 100 100 100 100 100 100 100 100 100 100 100 100 100 100 100 100
 100 100 100 100 100 100 100 100 100 100 100 100 100 100 100 100 100 100
 100 100 100 100 100 100 100 100 100 100 100 100 100 100 100 100 100 100
 100 100 100 100 100 100 100 100 100 100 100 100 100 100 100 100 100 100
 100 100 100 100 100 100 100 100 100 100 100 100 100 100 100 100 100 100
 100 100 100 100 100 100 100 100 100 100 100 100 100 100 100 100 100 100
 100 100 100 100 100 100 100 100 100 100 100 100 100 100 100 100 100 100
 100 100 100 100 100 100 100 100 100 100 100 100 100 100 100 100 100 100
 100 100 100 100 100 100 100 100 100 100 100 100 100 100 100 100 100 100
 100 100 100 100 100 100 100 100 100 100 100 100 100 100 100 100 100 100
 100 100 100 100 100 100 100 100 100 100 100 100 100 100 100 100 100 100
 100 100 100 100 100 100 100 100 100 100 100 100 100 100 100 100 100 100
 100 100 100 100 100 100 100 100 100 100 100 100 100 100 100 100 100 100
 100 100 100 100 100 100 100 100 100 100 100 100 100 100 100 100 100 100
 100 100 100 100 100 100 100 100 100 100 100 100 100 100 100 100 100 100
 100 100 100 100 100 100 100 100 100 100 100 100 100 100 100 100 100 100
 100 100 100 100 100 100 100 100 100 100 100 100 100 100 100 100 100 100
 100 100 100 100 100 100 100 100 100 100 100 100 100 100 100 100 100 100
 100 100 100 100 100 100 100 100 100 100 100 100 100 100 100 100 100 100
 100 100 100 100 100 100 100 100 100 100 100 100 100 100 100 100 100 100
 100 100 100 100 100 100 100 100 100 100 100 100 100 100 100 100 100 100
 100 100 100 100 100 100 100 100 100 100 100 100 100 100 100 100 100 100
 100 100 100 100 100 100 100 100 100 100 100 100 100 100 100 100 100 100
 100 100 100 100 100 100 100 100 100 100 100 100 100 100 100 100 100 100
 100 100 100 100 100 100 100 100 100 100 100 100 100 100 100 100 100 100
 100 100 100 100 100 100 100 100 100 100 100 100 100 100 100 100 100 100
 100 100 100 100 100 100 100 100 100 100 100 100 100 100 100 100 100 100
 100 100 100 100 100 100 100 100 100 100 100 100 100 100 100 100 100 100
 100 100 100 100 100 100 100 100 100 100 100 100 100 100 100 100 100 100
 100 100 100 100 100 100 100 100 100 100]
maxCov = 100
maxCovTime = [1.08953230e+09 1.08953239e+09 1.08953247e+09 1.08953256e+09
 1.08953265e+09 1.08953273e+09 1.08953282e+09 1.08953291e+09
 1.08953299e+09 1.08953308e+09 1.08953317e+09 1.08953325e+09
 1.08953334e+09 1.08953342e+09 1.08953351e+09 1.08953360e+09
 1.08953368e+09 1.08953377e+09 1.08953386e+09 1.08953394e+09
 1.08953403e+09 1.08953412e+09 1.08953420e+09 1.08953429e+09
 1.08953438e+09 1.08953446e+09 1.08953455e+09 1.08953464e+09
 1.08953472e+09 1.08953481e+09 1.08953489e+09 1.08953498e+09
 1.08953507e+09 1.08953515e+09 1.08953524e+09 1.08953533e+09
 1.08953541e+09 1.08953550e+09 1.08953559e+09 1.08953567e+09
 1.08953576e+09 1.08953585e+09 1.08953593e+09 1.08953602e+09
 1.08953611e+09 1.08953619e+09 1.08953628e+09 1.08953637e+09
 1.08953645e+09 1.08953654e+09 1.08953662e+09 1.08953671e+09
 1.08953680e+09 1.08953688e+09 1.08953697e+09 1.08953706e+09
 1.08953714e+09 1.08953723e+09 1.08953732e+09 1.08953740e+09
 1.08953749e+09 1.08953758e+09 1.08953766e+09 1.08953775e+09
 1.08953784e+09 1.08953792e+09 1.08953801e+09 1.08953809e+09
 1.08953818e+09 1.08953827e+09 1.08953835e+09 1.08953844e+09
 1.08953853e+09 1.08953861e+09 1.08953870e+09 1.08953879e+09
 1.08953887e+09 1.08953896e+09 1.08953905e+09 1.08953913e+09
 1.08953922e+09 1.08953931e+09 1.08953939e+09 1.08953948e+09
 1.08953957e+09 1.08953965e+09 1.08953974e+09 1.08953982e+09
 1.08953991e+09 1.08954000e+09 1.08954008e+09 1.08954017e+09
 1.08954026e+09 1.08954034e+09 1.08954043e+09 1.08954052e+09
 1.08954060e+09 1.08954069e+09 1.08954078e+09 1.08954086e+09
 1.08954095e+09 1.08954104e+09 1.08954112e+09 1.08954121e+09
 1.08954129e+09 1.08954138e+09 1.08954147e+09 1.08954155e+09
 1.08954164e+09 1.08954173e+09 1.08954181e+09 1.08954190e+09
 1.08954199e+09 1.08954207e+09 1.08954216e+09 1.08954225e+09
 1.08954233e+09 1.08954242e+09 1.08954251e+09 1.08954259e+09
 1.08954268e+09 1.08954277e+09 1.08954285e+09 1.08954294e+09
 1.08954302e+09 1.08954311e+09 1.08954320e+09 1.08954328e+09
 1.08954337e+09 1.08954346e+09 1.08954354e+09 1.08954363e+09
 1.08954372e+09 1.08954380e+09 1.08954389e+09 1.08954398e+09
 1.08954406e+09 1.08954415e+09 1.08954424e+09 1.08954432e+09
 1.08954441e+09 1.08954449e+09 1.08954458e+09 1.08954467e+09
 1.08954475e+09 1.08954484e+09 1.08954493e+09 1.08954501e+09
 1.08954510e+09 1.08954519e+09 1.08954527e+09 1.08954536e+09
 1.08954545e+09 1.08954553e+09 1.08954562e+09 1.08954571e+09
 1.08954579e+09 1.08954588e+09 1.08954597e+09 1.08954605e+09
 1.08954614e+09 1.08954622e+09 1.08954631e+09 1.08954640e+09
 1.08954648e+09 1.08954657e+09 1.08954666e+09 1.08954674e+09
 1.08954683e+09 1.08954692e+09 1.08954700e+09 1.08954709e+09
 1.08954718e+09 1.08954726e+09 1.08954735e+09 1.08954744e+09
 1.08954752e+09 1.08954761e+09 1.08954769e+09 1.08954778e+09
 1.08954787e+09 1.08954795e+09 1.08954804e+09 1.08954813e+09
 1.08954821e+09 1.08954830e+09 1.08954839e+09 1.08954847e+09
 1.08954856e+09 1.08954865e+09 1.08954873e+09 1.08954882e+09
 1.08954891e+09 1.08954899e+09 1.08954908e+09 1.08954917e+09
 1.08954925e+09 1.08954934e+09 1.08954942e+09 1.08954951e+09
 1.08954960e+09 1.08954968e+09 1.08954977e+09 1.08954986e+09
 1.08954994e+09 1.08955003e+09 1.08955012e+09 1.08955020e+09
 1.08955029e+09 1.08955038e+09 1.08955046e+09 1.08955055e+09
 1.08955064e+09 1.08955072e+09 1.08955081e+09 1.08955089e+09
 1.08955098e+09 1.08955107e+09 1.08955115e+09 1.08955124e+09
 1.08955133e+09 1.08955141e+09 1.08955150e+09 1.08955159e+09
 1.08955167e+09 1.08955176e+09 1.08955185e+09 1.08955193e+09
 1.08955202e+09 1.08955211e+09 1.08955219e+09 1.08955228e+09
 1.08955237e+09 1.08955245e+09 1.08955254e+09 1.08955262e+09
 1.08955271e+09 1.08955280e+09 1.08955288e+09 1.08955297e+09
 1.08955306e+09 1.08955314e+09 1.08955323e+09 1.08955332e+09
 1.08955340e+09 1.08955349e+09 1.08955358e+09 1.08955366e+09
 1.08955375e+09 1.08955384e+09 1.08955392e+09 1.08955401e+09
 1.08955409e+09 1.08955418e+09 1.08955427e+09 1.08955435e+09
 1.08955444e+09 1.08955453e+09 1.08955461e+09 1.08955470e+09
 1.08955479e+09 1.08955487e+09 1.08955496e+09 1.08955505e+09
 1.08955513e+09 1.08955522e+09 1.08955531e+09 1.08955539e+09
 1.08955548e+09 1.08955557e+09 1.08955565e+09 1.08955574e+09
 1.08955582e+09 1.08955591e+09 1.08955600e+09 1.08955608e+09
 1.08955617e+09 1.08955626e+09 1.08955634e+09 1.08955643e+09
 1.08955652e+09 1.08955660e+09 1.08955669e+09 1.08955678e+09
 1.08955686e+09 1.08955695e+09 1.08955704e+09 1.08955712e+09
 1.08955721e+09 1.08955729e+09 1.08955738e+09 1.08955747e+09
 1.08955755e+09 1.08955764e+09 1.08955773e+09 1.08955781e+09
 1.08955790e+09 1.08955799e+09 1.08955807e+09 1.08955816e+09
 1.08955825e+09 1.08955833e+09 1.08955842e+09 1.08955851e+09
 1.08955859e+09 1.08955868e+09 1.08955877e+09 1.08955885e+09
 1.08955894e+09 1.08955902e+09 1.08955911e+09 1.08955920e+09
 1.08955928e+09 1.08955937e+09 1.08955946e+09 1.08955954e+09
 1.08955963e+09 1.08955972e+09 1.08955980e+09 1.08955989e+09
 1.08955998e+09 1.08956006e+09 1.08956015e+09 1.08956024e+09
 1.08956032e+09 1.08956041e+09 1.08956049e+09 1.08956058e+09
 1.08956067e+09 1.08956075e+09 1.08956084e+09 1.08956093e+09
 1.08956101e+09 1.08956110e+09 1.08956119e+09 1.08956127e+09
 1.08956136e+09 1.08956145e+09 1.08956153e+09 1.08956162e+09
 1.08956171e+09 1.08956179e+09 1.08956188e+09 1.08956197e+09
 1.08956205e+09 1.08956214e+09 1.08956222e+09 1.08956231e+09
 1.08956240e+09 1.08956248e+09 1.08956257e+09 1.08956266e+09
 1.08956274e+09 1.08956283e+09 1.08956292e+09 1.08956300e+09
 1.08956309e+09 1.08956318e+09 1.08956326e+09 1.08956335e+09
 1.08956344e+09 1.08956352e+09 1.08956361e+09 1.08956369e+09
 1.08956378e+09 1.08956387e+09 1.08956395e+09 1.08956404e+09
 1.08956413e+09 1.08956421e+09 1.08956430e+09 1.08956439e+09
 1.08956447e+09 1.08956456e+09 1.08956465e+09 1.08956473e+09
 1.08956482e+09 1.08956491e+09 1.08956499e+09 1.08956508e+09
 1.08956517e+09 1.08956525e+09 1.08956534e+09 1.08956542e+09
 1.08956551e+09 1.08956560e+09 1.08956568e+09 1.08956577e+09
 1.08956586e+09 1.08956594e+09 1.08956603e+09 1.08956612e+09
 1.08956620e+09 1.08956629e+09 1.08956638e+09 1.08956646e+09
 1.08956655e+09 1.08956664e+09 1.08956672e+09 1.08956681e+09
 1.08956689e+09 1.08956698e+09 1.08956707e+09 1.08956715e+09
 1.08956724e+09 1.08956733e+09 1.08956741e+09 1.08956750e+09
 1.08956759e+09 1.08956767e+09 1.08956776e+09 1.08956785e+09
 1.08956793e+09 1.08956802e+09 1.08956811e+09 1.08956819e+09
 1.08956828e+09 1.08956837e+09 1.08956845e+09 1.08956854e+09
 1.08956862e+09 1.08956871e+09 1.08956880e+09 1.08956888e+09
 1.08956897e+09 1.08956906e+09 1.08956914e+09 1.08956923e+09
 1.08956932e+09 1.08956940e+09 1.08956949e+09 1.08956958e+09
 1.08956966e+09 1.08956975e+09 1.08956984e+09 1.08956992e+09
 1.08957001e+09 1.08957009e+09 1.08957018e+09 1.08957027e+09
 1.08957035e+09 1.08957044e+09 1.08957053e+09 1.08957061e+09
 1.08957070e+09 1.08957079e+09 1.08957087e+09 1.08957096e+09
 1.08957105e+09 1.08957113e+09 1.08957122e+09 1.08957131e+09
 1.08957139e+09 1.08957148e+09 1.08957157e+09 1.08957165e+09
 1.08957174e+09 1.08957182e+09 1.08957191e+09 1.08957200e+09
 1.08957208e+09 1.08957217e+09 1.08957226e+09 1.08957234e+09
 1.08957243e+09 1.08957252e+09 1.08957260e+09 1.08957269e+09
 1.08957278e+09 1.08957286e+09 1.08957295e+09 1.08957304e+09
 1.08957312e+09 1.08957321e+09 1.08957329e+09 1.08957338e+09
 1.08957347e+09 1.08957355e+09 1.08957364e+09 1.08957373e+09
 1.08957381e+09 1.08957390e+09 1.08957399e+09 1.08957407e+09
 1.08957416e+09 1.08957425e+09 1.08957433e+09 1.08957442e+09
 1.08957451e+09 1.08957459e+09 1.08957468e+09 1.08957477e+09
 1.08957485e+09 1.08957494e+09 1.08957502e+09 1.08957511e+09
 1.08957520e+09 1.08957528e+09 1.08957537e+09 1.08957546e+09
 1.08957554e+09 1.08957563e+09 1.08957572e+09 1.08957580e+09
 1.08957589e+09 1.08957598e+09 1.08957606e+09 1.08957615e+09
 1.08957624e+09 1.08957632e+09 1.08957641e+09 1.08957649e+09
 1.08957658e+09 1.08957667e+09 1.08957675e+09 1.08957684e+09
 1.08957693e+09 1.08957701e+09 1.08957710e+09 1.08957719e+09
 1.08957727e+09 1.08957736e+09 1.08957745e+09 1.08957753e+09
 1.08957762e+09 1.08957771e+09 1.08957779e+09 1.08957788e+09
 1.08957797e+09 1.08957805e+09 1.08957814e+09 1.08957822e+09
 1.08957831e+09 1.08957840e+09 1.08957848e+09 1.08957857e+09
 1.08957866e+09 1.08957874e+09 1.08957883e+09 1.08957892e+09
 1.08957900e+09 1.08957909e+09 1.08957918e+09 1.08957926e+09
 1.08957935e+09 1.08957944e+09 1.08957952e+09 1.08957961e+09
 1.08957969e+09 1.08957978e+09 1.08957987e+09 1.08957995e+09
 1.08958004e+09 1.08958013e+09 1.08958021e+09 1.08958030e+09
 1.08958039e+09 1.08958047e+09 1.08958056e+09 1.08958065e+09
 1.08958073e+09 1.08958082e+09 1.08958091e+09 1.08958099e+09
 1.08958108e+09 1.08958117e+09 1.08958125e+09 1.08958134e+09
 1.08958142e+09 1.08958151e+09 1.08958160e+09 1.08958168e+09
 1.08958177e+09 1.08958186e+09 1.08958194e+09 1.08958203e+09
 1.08958212e+09 1.08958220e+09 1.08958229e+09 1.08958238e+09
 1.08958246e+09 1.08958255e+09 1.08958264e+09 1.08958272e+09
 1.08958281e+09 1.08958289e+09 1.08958298e+09 1.08958307e+09
 1.08958315e+09 1.08958324e+09 1.08958333e+09 1.08958341e+09
 1.08958350e+09 1.08958359e+09 1.08958367e+09 1.08958376e+09
 1.08958385e+09 1.08958393e+09 1.08958402e+09 1.08958411e+09
 1.08958419e+09 1.08958428e+09 1.08958437e+09 1.08958445e+09
 1.08958454e+09 1.08958462e+09 1.08958471e+09 1.08958480e+09
 1.08958488e+09 1.08958497e+09 1.08958506e+09 1.08958514e+09
 1.08958523e+09 1.08958532e+09 1.08958540e+09 1.08958549e+09
 1.08958558e+09 1.08958566e+09 1.08958575e+09 1.08958584e+09
 1.08958592e+09 1.08958601e+09 1.08958609e+09 1.08958618e+09
 1.08958627e+09 1.08958635e+09 1.08958644e+09 1.08958653e+09
 1.08958661e+09 1.08958670e+09 1.08958679e+09 1.08958687e+09
 1.08958696e+09 1.08958705e+09 1.08958713e+09 1.08958722e+09
 1.08958731e+09 1.08958739e+09 1.08958748e+09 1.08958757e+09
 1.08958765e+09 1.08958774e+09 1.08958782e+09 1.08958791e+09
 1.08958800e+09 1.08958808e+09 1.08958817e+09 1.08958826e+09
 1.08958834e+09 1.08958843e+09 1.08958852e+09 1.08958860e+09
 1.08958869e+09 1.08958878e+09 1.08958886e+09 1.08958895e+09
 1.08958904e+09 1.08958912e+09 1.08958921e+09 1.08958929e+09
 1.08958938e+09 1.08958947e+09 1.08958955e+09 1.08958964e+09
 1.08958973e+09 1.08958981e+09 1.08958990e+09 1.08958999e+09
 1.08959007e+09 1.08959016e+09 1.08959025e+09 1.08959033e+09
 1.08959042e+09 1.08959051e+09 1.08959059e+09 1.08959068e+09
 1.08959077e+09 1.08959085e+09 1.08959094e+09 1.08959102e+09
 1.08959111e+09 1.08959120e+09 1.08959128e+09 1.08959137e+09
 1.08959146e+09 1.08959154e+09 1.08959163e+09 1.08959172e+09
 1.08959180e+09 1.08959189e+09 1.08959198e+09 1.08959206e+09
 1.08959215e+09 1.08959224e+09 1.08959232e+09 1.08959241e+09
 1.08959249e+09 1.08959258e+09 1.08959267e+09 1.08959275e+09
 1.08959284e+09 1.08959293e+09 1.08959301e+09 1.08959310e+09
 1.08959319e+09 1.08959327e+09 1.08959336e+09 1.08959345e+09
 1.08959353e+09 1.08959362e+09 1.08959371e+09 1.08959379e+09
 1.08959388e+09 1.08959397e+09 1.08959405e+09 1.08959414e+09
 1.08959422e+09 1.08959431e+09 1.08959440e+09 1.08959448e+09
 1.08959457e+09 1.08959466e+09 1.08959474e+09 1.08959483e+09
 1.08959492e+09 1.08959500e+09 1.08959509e+09 1.08959518e+09
 1.08959526e+09 1.08959535e+09 1.08959544e+09 1.08959552e+09
 1.08959561e+09 1.08959569e+09 1.08959578e+09 1.08959587e+09
 1.08959595e+09 1.08959604e+09 1.08959613e+09 1.08959621e+09
 1.08959630e+09 1.08959639e+09 1.08959647e+09 1.08959656e+09
 1.08959665e+09 1.08959673e+09 1.08959682e+09 1.08959691e+09
 1.08959699e+09 1.08959708e+09 1.08959717e+09 1.08959725e+09
 1.08959734e+09 1.08959742e+09 1.08959751e+09 1.08959760e+09
 1.08959768e+09 1.08959777e+09 1.08959786e+09 1.08959794e+09
 1.08959803e+09 1.08959812e+09 1.08959820e+09 1.08959829e+09
 1.08959838e+09 1.08959846e+09 1.08959855e+09 1.08959864e+09
 1.08959872e+09 1.08959881e+09 1.08959889e+09 1.08959898e+09
 1.08959907e+09 1.08959915e+09 1.08959924e+09 1.08959933e+09
 1.08959941e+09 1.08959950e+09 1.08959959e+09 1.08959967e+09
 1.08959976e+09 1.08959985e+09 1.08959993e+09 1.08960002e+09
 1.08960011e+09 1.08960019e+09 1.08960028e+09 1.08960037e+09
 1.08960045e+09 1.08960054e+09 1.08960062e+09 1.08960071e+09
 1.08960080e+09 1.08960088e+09 1.08960097e+09 1.08960106e+09
 1.08960114e+09 1.08960123e+09 1.08960132e+09 1.08960140e+09
 1.08960149e+09 1.08960158e+09 1.08960166e+09 1.08960175e+09
 1.08960184e+09 1.08960192e+09 1.08960201e+09 1.08960209e+09
 1.08960218e+09 1.08960227e+09 1.08960235e+09 1.08960244e+09
 1.08960253e+09 1.08960261e+09 1.08960270e+09 1.08960279e+09
 1.08960287e+09 1.08960296e+09 1.08960305e+09 1.08960313e+09
 1.08960322e+09 1.08960331e+09 1.08960339e+09 1.08960348e+09
 1.08960357e+09 1.08960365e+09 1.08960374e+09 1.08960382e+09
 1.08960391e+09 1.08960400e+09 1.08960408e+09 1.08960417e+09
 1.08960426e+09 1.08960434e+09 1.08960443e+09 1.08960452e+09
 1.08960460e+09 1.08960469e+09 1.08960478e+09 1.08960486e+09
 1.08960495e+09 1.08960504e+09 1.08960512e+09 1.08960521e+09
 1.08960529e+09 1.08960538e+09 1.08960547e+09 1.08960555e+09
 1.08960564e+09 1.08960573e+09 1.08960581e+09 1.08960590e+09
 1.08960599e+09 1.08960607e+09 1.08960616e+09 1.08960625e+09
 1.08960633e+09 1.08960642e+09 1.08960651e+09 1.08960659e+09
 1.08960668e+09 1.08960677e+09 1.08960685e+09 1.08960694e+09
 1.08960702e+09 1.08960711e+09 1.08960720e+09 1.08960728e+09
 1.08960737e+09 1.08960746e+09 1.08960754e+09 1.08960763e+09
 1.08960772e+09 1.08960780e+09 1.08960789e+09 1.08960798e+09
 1.08960806e+09 1.08960815e+09 1.08960824e+09 1.08960832e+09
 1.08960841e+09 1.08960849e+09 1.08960858e+09 1.08960867e+09
 1.08960875e+09 1.08960884e+09 1.08960893e+09 1.08960901e+09
 1.08960910e+09 1.08960919e+09 1.08960927e+09 1.08960936e+09
 1.08960945e+09 1.08960953e+09 1.08960962e+09 1.08960971e+09
 1.08960979e+09 1.08960988e+09 1.08960997e+09 1.08961005e+09
 1.08961014e+09 1.08961022e+09 1.08961031e+09 1.08961040e+09
 1.08961048e+09 1.08961057e+09 1.08961066e+09 1.08961074e+09
 1.08961083e+09 1.08961092e+09 1.08961100e+09 1.08961109e+09
 1.08961118e+09 1.08961126e+09 1.08961135e+09 1.08961144e+09
 1.08961152e+09 1.08961161e+09 1.08961169e+09 1.08961178e+09
 1.08961187e+09 1.08961195e+09 1.08961204e+09 1.08961213e+09
 1.08961221e+09 1.08961230e+09 1.08961239e+09 1.08961247e+09
 1.08961256e+09 1.08961265e+09 1.08961273e+09 1.08961282e+09
 1.08961291e+09 1.08961299e+09 1.08961308e+09 1.08961317e+09
 1.08961325e+09 1.08961334e+09 1.08961342e+09 1.08961351e+09
 1.08961360e+09 1.08961368e+09 1.08961377e+09 1.08961386e+09
 1.08961394e+09 1.08961403e+09 1.08961412e+09 1.08961420e+09
 1.08961429e+09 1.08961438e+09 1.08961446e+09 1.08961455e+09
 1.08961464e+09 1.08961472e+09 1.08961481e+09 1.08961489e+09
 1.08961498e+09 1.08961507e+09 1.08961515e+09 1.08961524e+09
 1.08961533e+09 1.08961541e+09 1.08961550e+09 1.08961559e+09
 1.08961567e+09 1.08961576e+09 1.08961585e+09 1.08961593e+09
 1.08961602e+09 1.08961611e+09 1.08961619e+09 1.08961628e+09
 1.08961637e+09 1.08961645e+09 1.08961654e+09 1.08961662e+09
 1.08961671e+09 1.08961680e+09 1.08961688e+09 1.08961697e+09
 1.08961706e+09 1.08961714e+09 1.08961723e+09 1.08961732e+09
 1.08961740e+09 1.08961749e+09 1.08961758e+09 1.08961766e+09
 1.08961775e+09 1.08961784e+09 1.08961792e+09 1.08961801e+09
 1.08961809e+09 1.08961818e+09 1.08961827e+09 1.08961835e+09
 1.08961844e+09 1.08961853e+09 1.08961861e+09 1.08961870e+09]
