name =JUICE_ROI_GAN_7_0_07
flyby = ['2034 JUL 11 19:50:31', '2034 JUL 12 19:50:31']
Observation TW = <SpiceCell dtype = 1, length = 0, size = 3200, card = 12, is_set = 1, adjust = 0, init = 1, base = 94723142261328, data = 94723142261376>
Res(t) = [2.77936897 2.77982604 2.7802831  2.78074015 2.78119718 2.7816542
 2.78211121 2.7825682  2.78302517 2.78348213 2.78393908 2.78439601
 2.78485293 2.78530982 2.78576671 2.78622357 2.78668042 2.78713725
 2.78759406 2.78805086 2.78850763 2.78896439 2.78942113 2.78987785
 2.79033455 2.79079123 2.79124788 2.79170452 2.79216114 2.79261773
 2.79307431 2.79353086 2.79398739 2.79444389 2.79490038 2.79535684
 2.79581328 2.79626969 2.79672608 2.79718244 2.79763878 2.7980951
 2.79855138 2.79900765 2.79946388 2.79992009 2.80037628 2.80083244
 2.80128856 2.80174467 2.80220074 2.80265678 2.8031128  2.80356879
 2.80402475 2.80448068 2.80493657 2.80539244 2.80584828 2.80630409
 2.80675986 2.80721561 2.80767132 2.808127   2.80858265 2.80903826
 2.80949385 2.8099494  2.81040491 2.81086039 2.81131584 2.81177125
 2.81222663 2.81268197 2.81313728 2.81359255 2.81404779 2.81450299
 2.81495815 2.81541327 2.81586836 2.81632341 2.81677842 2.81723339
 2.81768833 2.81814322 2.81859808 2.8190529  2.81950767 2.81996241
 2.8204171  2.82087176 2.82132637 2.82178094 2.82223548 2.82268996
 2.82314441 2.82359881 2.82405317 2.82450749 2.82496177 2.825416
 2.82587018 2.82632432 2.82677842 2.82723247 2.82768648 2.82814044
 2.82859435 2.82904822 2.82950204 2.82995581 2.83040954 2.83086322
 2.83131685 2.83177043 2.83222396 2.83267745 2.83313088 2.83358427
 2.83403761 2.8344909  2.83494413 2.83539732 2.83585045 2.83630354
 2.83675657 2.83720955 2.83766248 2.83811535 2.83856818 2.83902095
 2.83947366 2.83992633 2.84037894 2.84083149 2.84128399 2.84173643
 2.84218882 2.84264116 2.84309344 2.84354566 2.84399783 2.84444994
 2.84490199 2.84535398 2.84580592 2.8462578  2.84670962 2.84716138
 2.84761309 2.84806473 2.84851632 2.84896784 2.8494193  2.84987071
 2.85032205 2.85077334 2.85122456 2.85167572 2.85212682 2.85257786
 2.85302883 2.85347975 2.85393059 2.85438138 2.8548321  2.85528276
 2.85573335 2.85618388 2.85663435 2.85708474 2.85753508 2.85798535
 2.85843555 2.85888569 2.85933576 2.85978576 2.8602357  2.86068556
 2.86113536 2.8615851  2.86203476 2.86248436 2.86293388 2.86338334
 2.86383273 2.86428204 2.86473129 2.86518047 2.86562958 2.86607861
 2.86652758 2.86697647 2.86742529 2.86787404 2.86832272 2.86877132
 2.86921985 2.86966831 2.87011669 2.870565   2.87101324 2.8714614
 2.87190949 2.8723575  2.87280543 2.87325329 2.87370108 2.87414879
 2.87459642 2.87504397 2.87549145 2.87593885 2.87638618 2.87683342
 2.87728059 2.87772768 2.87817469 2.87862162 2.87906847 2.87951524
 2.87996193 2.88040854 2.88085507 2.88130152 2.88174789 2.88219418
 2.88264038 2.88308651 2.88353255 2.88397851 2.88442438 2.88487018
 2.88531589 2.88576151 2.88620705 2.88665251 2.88709789 2.88754317
 2.88798838 2.8884335  2.88887853 2.88932347 2.88976833 2.89021311
 2.89065779 2.89110239 2.89154691 2.89199133 2.89243567 2.89287992
 2.89332407 2.89376815 2.89421213 2.89465602 2.89509983 2.89554354
 2.89598716 2.8964307  2.89687414 2.89731749 2.89776075 2.89820392
 2.89864699 2.89908998 2.89953287 2.89997567 2.90041838 2.90086099
 2.90130351 2.90174594 2.90218827 2.90263051 2.90307265 2.9035147
 2.90395665 2.90439851 2.90484027 2.90528194 2.90572351 2.90616498
 2.90660636 2.90704764 2.90748882 2.9079299  2.90837089 2.90881178
 2.90925257 2.90969326 2.91013385 2.91057434 2.91101474 2.91145503
 2.91189522 2.91233532 2.91277531 2.9132152  2.91365499 2.91409468
 2.91453427 2.91497375 2.91541313 2.91585241 2.91629159 2.91673067
 2.91716964 2.91760851 2.91804727 2.91848593 2.91892448 2.91936294
 2.91980128 2.92023952 2.92067765 2.92111569 2.92155361 2.92199142
 2.92242914 2.92286674 2.92330424 2.92374162 2.9241789  2.92461608
 2.92505314 2.9254901  2.92592695 2.92636369 2.92680032 2.92723684
 2.92767325 2.92810955 2.92854574 2.92898182 2.92941779 2.92985365
 2.9302894  2.93072504 2.93116056 2.93159597 2.93203127 2.93246646
 2.93290153 2.93333649 2.93377134 2.93420607 2.93464069 2.93507519
 2.93550958 2.93594386 2.93637802 2.93681207 2.937246   2.93767981
 2.93811351 2.9385471  2.93898056 2.93941391 2.93984714 2.94028026
 2.94071326 2.94114614 2.9415789  2.94201154 2.94244406 2.94287647
 2.94330876 2.94374093 2.94417297 2.9446049  2.94503671 2.9454684
 2.94589996 2.94633141 2.94676273 2.94719394 2.94762502 2.94805598
 2.94848682 2.94891753 2.94934813 2.94977859 2.95020894 2.95063917
 2.95106926 2.95149924 2.95192909 2.95235882 2.95278842 2.9532179
 2.95364725 2.95407648 2.95450558 2.95493456 2.95536341 2.95579213
 2.95622072 2.95664919 2.95707754 2.95750575 2.95793384 2.9583618
 2.95878963 2.95921733 2.95964491 2.96007235 2.96049967 2.96092685
 2.96135391 2.96178084 2.96220763 2.9626343  2.96306084 2.96348724
 2.96391352 2.96433966 2.96476567 2.96519155 2.9656173  2.96604291
 2.9664684  2.96689375 2.96731896 2.96774405 2.968169   2.96859381
 2.9690185  2.96944304 2.96986746 2.97029174 2.97071588 2.97113989
 2.97156376 2.9719875  2.9724111  2.97283457 2.9732579  2.97368109
 2.97410414 2.97452706 2.97494984 2.97537249 2.97579499 2.97621736
 2.97663959 2.97706168 2.97748363 2.97790544 2.97832712 2.97874865
 2.97917005 2.9795913  2.98001242 2.98043339 2.98085422 2.98127492
 2.98169547 2.98211588 2.98253614 2.98295627 2.98337626 2.9837961
 2.9842158  2.98463535 2.98505477 2.98547404 2.98589317 2.98631215
 2.98673099 2.98714969 2.98756824 2.98798664 2.9884049  2.98882302
 2.98924099 2.98965882 2.9900765  2.99049403 2.99091142 2.99132866
 2.99174576 2.9921627  2.99257951 2.99299616 2.99341266 2.99382902
 2.99424523 2.99466129 2.99507721 2.99549297 2.99590859 2.99632405
 2.99673937 2.99715454 2.99756955 2.99798442 2.99839914 2.99881371
 2.99922812 2.99964239 3.0000565  3.00047046 3.00088428 3.00129793
 3.00171144 3.0021248  3.002538   3.00295105 3.00336395 3.00377669
 3.00418928 3.00460172 3.005014   3.00542613 3.0058381  3.00624992
 3.00666159 3.0070731  3.00748445 3.00789565 3.0083067  3.00871758
 3.00912832 3.00953889 3.00994931 3.01035958 3.01076968 3.01117963
 3.01158942 3.01199906 3.01240853 3.01281785 3.01322701 3.01363602
 3.01404486 3.01445355 3.01486207 3.01527044 3.01567865 3.01608669
 3.01649458 3.01690231 3.01730988 3.01771728 3.01812453 3.01853162
 3.01893854 3.0193453  3.0197519  3.02015834 3.02056462 3.02097074
 3.02137669 3.02178248 3.02218811 3.02259357 3.02299887 3.02340401
 3.02380899 3.0242138  3.02461844 3.02502293 3.02542724 3.0258314
 3.02623539 3.02663921 3.02704287 3.02744636 3.02784968 3.02825285
 3.02865584 3.02905867 3.02946133 3.02986383 3.03026616 3.03066832
 3.03107031 3.03147214 3.03187379 3.03227529 3.03267661 3.03307776
 3.03347875 3.03387957 3.03428022 3.03468069 3.035081   3.03548114
 3.03588111 3.03628091 3.03668055 3.03708001 3.0374793  3.03787841
 3.03827736 3.03867614 3.03907474 3.03947318 3.03987144 3.04026953
 3.04066745 3.0410652  3.04146277 3.04186017 3.0422574  3.04265445
 3.04305133 3.04344804 3.04384458 3.04424094 3.04463713 3.04503314
 3.04542898 3.04582464 3.04622013 3.04661544 3.04701058 3.04740554
 3.04780033 3.04819494 3.04858938 3.04898364 3.04937772 3.04977163
 3.05016536 3.05055891 3.05095229 3.05134548 3.05173851 3.05213135
 3.05252402 3.05291651 3.05330881 3.05370094 3.0540929  3.05448467
 3.05487627 3.05526768 3.05565892 3.05604997 3.05644085 3.05683155
 3.05722207 3.0576124  3.05800256 3.05839253 3.05878233 3.05917194
 3.05956138 3.05995063 3.0603397  3.06072859 3.06111729 3.06150581
 3.06189416 3.06228232 3.06267029 3.06305809 3.0634457  3.06383313
 3.06422037 3.06460743 3.06499431 3.065381   3.06576751 3.06615384
 3.06653998 3.06692593 3.06731171 3.06769729 3.06808269 3.06846791
 3.06885294 3.06923778 3.06962244 3.07000691 3.0703912  3.0707753
 3.07115922 3.07154295 3.07192648 3.07230984 3.072693   3.07307598
 3.07345877 3.07384138 3.07422379 3.07460602 3.07498806 3.07536991
 3.07575157 3.07613304 3.07651433 3.07689542 3.07727633 3.07765704
 3.07803757 3.07841791 3.07879805 3.07917801 3.07955778 3.07993735
 3.08031674 3.08069593 3.08107494 3.08145375 3.08183237 3.0822108
 3.08258904 3.08296708 3.08334494 3.0837226  3.08410007 3.08447735
 3.08485443 3.08523132 3.08560802 3.08598453 3.08636084 3.08673696
 3.08711288 3.08748862 3.08786415 3.0882395  3.08861465 3.0889896
 3.08936436 3.08973893 3.0901133  3.09048747 3.09086145 3.09123524
 3.09160883 3.09198222 3.09235542 3.09272842 3.09310123 3.09347384
 3.09384625 3.09421847 3.09459049 3.09496231 3.09533393 3.09570536
 3.09607659 3.09644762 3.09681846 3.0971891  3.09755954 3.09792978
 3.09829982 3.09866966 3.09903931 3.09940875 3.099778   3.10014705
 3.1005159  3.10088455 3.101253   3.10162125 3.1019893  3.10235715
 3.1027248  3.10309225 3.1034595  3.10382655 3.1041934  3.10456005
 3.10492649 3.10529274 3.10565878 3.10602462 3.10639026 3.1067557
 3.10712094 3.10748597 3.1078508  3.10821543 3.10857986 3.10894408
 3.1093081  3.10967192 3.11003554 3.11039895 3.11076216 3.11112516
 3.11148796 3.11185056 3.11221295 3.11257514 3.11293712 3.1132989
 3.11366048 3.11402185 3.11438301 3.11474397 3.11510473 3.11546528
 3.11582562 3.11618576 3.11654569 3.11690542 3.11726495 3.11762426
 3.11798337 3.11834227 3.11870097 3.11905946 3.11941774 3.11977582
 3.12013368 3.12049134 3.1208488  3.12120604 3.12156308 3.12191992
 3.12227654 3.12263295 3.12298916 3.12334516 3.12370094 3.12405653
 3.1244119  3.12476706 3.12512201 3.12547676 3.1258313  3.12618562
 3.12653974 3.12689365 3.12724734 3.12760083 3.12795411 3.12830718
 3.12866003 3.12901268 3.12936511 3.12971734 3.13006935 3.13042116
 3.13077275 3.13112413 3.1314753  3.13182625 3.132177   3.13252754
 3.13287786 3.13322797 3.13357787 3.13392755 3.13427703 3.13462629
 3.13497534 3.13532417 3.13567279 3.1360212  3.1363694  3.13671738
 3.13706515 3.13741271 3.13776005 3.13810718 3.1384541  3.1388008
 3.13914728 3.13949356 3.13983961 3.14018546 3.14053109 3.1408765
 3.1412217  3.14156669 3.14191145 3.14225601 3.14260035 3.14294447
 3.14328838 3.14363207 3.14397555 3.14431881 3.14466185 3.14500468
 3.14534729 3.14568969 3.14603186 3.14637382 3.14671557 3.1470571
 3.14739841 3.1477395  3.14808038 3.14842104 3.14876148 3.1491017
 3.14944171 3.1497815  3.15012107 3.15046043 3.15079956 3.15113848
 3.15147717 3.15181565 3.15215391 3.15249196 3.15282978 3.15316738
 3.15350477 3.15384194 3.15417888 3.15451561 3.15485212 3.15518841
 3.15552448 3.15586033 3.15619595 3.15653136 3.15686655 3.15720152
 3.15753627 3.1578708  3.15820511 3.15853919 3.15887306 3.1592067
 3.15954013 3.15987333 3.16020631 3.16053907 3.16087161 3.16120393
 3.16153602 3.1618679  3.16219955 3.16253098 3.16286219 3.16319318
 3.16352394 3.16385448 3.1641848  3.1645149  3.16484477 3.16517442
 3.16550385 3.16583305 3.16616204 3.16649079 3.16681933 3.16714764
 3.16747573 3.1678036  3.16813124 3.16845866 3.16878585 3.16911282
 3.16943957 3.16976609 3.17009239 3.17041846 3.17074431 3.17106994
 3.17139534 3.17172051 3.17204546 3.17237019 3.17269468 3.17301896
 3.17334301 3.17366683 3.17399044 3.17431381 3.17463696 3.17495988
 3.17528257 3.17560505 3.17592729 3.17624931 3.1765711  3.17689267
 3.17721401 3.17753512 3.17785601 3.17817667 3.17849711 3.17881732
 3.17913729 3.17945705 3.17977657 3.18009587 3.18041495 3.18073379
 3.18105241 3.1813708  3.18168896 3.18200689 3.1823246  3.18264208
 3.18295933 3.18327636 3.18359315 3.18390972]
t = [1.08959785e+09 1.08959787e+09 1.08959789e+09 1.08959791e+09
 1.08959793e+09 1.08959795e+09 1.08959798e+09 1.08959800e+09
 1.08959802e+09 1.08959804e+09 1.08959806e+09 1.08959808e+09
 1.08959810e+09 1.08959812e+09 1.08959814e+09 1.08959816e+09
 1.08959818e+09 1.08959820e+09 1.08959823e+09 1.08959825e+09
 1.08959827e+09 1.08959829e+09 1.08959831e+09 1.08959833e+09
 1.08959835e+09 1.08959837e+09 1.08959839e+09 1.08959841e+09
 1.08959843e+09 1.08959846e+09 1.08959848e+09 1.08959850e+09
 1.08959852e+09 1.08959854e+09 1.08959856e+09 1.08959858e+09
 1.08959860e+09 1.08959862e+09 1.08959864e+09 1.08959866e+09
 1.08959869e+09 1.08959871e+09 1.08959873e+09 1.08959875e+09
 1.08959877e+09 1.08959879e+09 1.08959881e+09 1.08959883e+09
 1.08959885e+09 1.08959887e+09 1.08959889e+09 1.08959891e+09
 1.08959894e+09 1.08959896e+09 1.08959898e+09 1.08959900e+09
 1.08959902e+09 1.08959904e+09 1.08959906e+09 1.08959908e+09
 1.08959910e+09 1.08959912e+09 1.08959914e+09 1.08959917e+09
 1.08959919e+09 1.08959921e+09 1.08959923e+09 1.08959925e+09
 1.08959927e+09 1.08959929e+09 1.08959931e+09 1.08959933e+09
 1.08959935e+09 1.08959937e+09 1.08959939e+09 1.08959942e+09
 1.08959944e+09 1.08959946e+09 1.08959948e+09 1.08959950e+09
 1.08959952e+09 1.08959954e+09 1.08959956e+09 1.08959958e+09
 1.08959960e+09 1.08959962e+09 1.08959965e+09 1.08959967e+09
 1.08959969e+09 1.08959971e+09 1.08959973e+09 1.08959975e+09
 1.08959977e+09 1.08959979e+09 1.08959981e+09 1.08959983e+09
 1.08959985e+09 1.08959987e+09 1.08959990e+09 1.08959992e+09
 1.08959994e+09 1.08959996e+09 1.08959998e+09 1.08960000e+09
 1.08960002e+09 1.08960004e+09 1.08960006e+09 1.08960008e+09
 1.08960010e+09 1.08960013e+09 1.08960015e+09 1.08960017e+09
 1.08960019e+09 1.08960021e+09 1.08960023e+09 1.08960025e+09
 1.08960027e+09 1.08960029e+09 1.08960031e+09 1.08960033e+09
 1.08960035e+09 1.08960038e+09 1.08960040e+09 1.08960042e+09
 1.08960044e+09 1.08960046e+09 1.08960048e+09 1.08960050e+09
 1.08960052e+09 1.08960054e+09 1.08960056e+09 1.08960058e+09
 1.08960061e+09 1.08960063e+09 1.08960065e+09 1.08960067e+09
 1.08960069e+09 1.08960071e+09 1.08960073e+09 1.08960075e+09
 1.08960077e+09 1.08960079e+09 1.08960081e+09 1.08960083e+09
 1.08960086e+09 1.08960088e+09 1.08960090e+09 1.08960092e+09
 1.08960094e+09 1.08960096e+09 1.08960098e+09 1.08960100e+09
 1.08960102e+09 1.08960104e+09 1.08960106e+09 1.08960109e+09
 1.08960111e+09 1.08960113e+09 1.08960115e+09 1.08960117e+09
 1.08960119e+09 1.08960121e+09 1.08960123e+09 1.08960125e+09
 1.08960127e+09 1.08960129e+09 1.08960131e+09 1.08960134e+09
 1.08960136e+09 1.08960138e+09 1.08960140e+09 1.08960142e+09
 1.08960144e+09 1.08960146e+09 1.08960148e+09 1.08960150e+09
 1.08960152e+09 1.08960154e+09 1.08960157e+09 1.08960159e+09
 1.08960161e+09 1.08960163e+09 1.08960165e+09 1.08960167e+09
 1.08960169e+09 1.08960171e+09 1.08960173e+09 1.08960175e+09
 1.08960177e+09 1.08960179e+09 1.08960182e+09 1.08960184e+09
 1.08960186e+09 1.08960188e+09 1.08960190e+09 1.08960192e+09
 1.08960194e+09 1.08960196e+09 1.08960198e+09 1.08960200e+09
 1.08960202e+09 1.08960205e+09 1.08960207e+09 1.08960209e+09
 1.08960211e+09 1.08960213e+09 1.08960215e+09 1.08960217e+09
 1.08960219e+09 1.08960221e+09 1.08960223e+09 1.08960225e+09
 1.08960227e+09 1.08960230e+09 1.08960232e+09 1.08960234e+09
 1.08960236e+09 1.08960238e+09 1.08960240e+09 1.08960242e+09
 1.08960244e+09 1.08960246e+09 1.08960248e+09 1.08960250e+09
 1.08960253e+09 1.08960255e+09 1.08960257e+09 1.08960259e+09
 1.08960261e+09 1.08960263e+09 1.08960265e+09 1.08960267e+09
 1.08960269e+09 1.08960271e+09 1.08960273e+09 1.08960275e+09
 1.08960278e+09 1.08960280e+09 1.08960282e+09 1.08960284e+09
 1.08960286e+09 1.08960288e+09 1.08960290e+09 1.08960292e+09
 1.08960294e+09 1.08960296e+09 1.08960298e+09 1.08960301e+09
 1.08960303e+09 1.08960305e+09 1.08960307e+09 1.08960309e+09
 1.08960311e+09 1.08960313e+09 1.08960315e+09 1.08960317e+09
 1.08960319e+09 1.08960321e+09 1.08960323e+09 1.08960326e+09
 1.08960328e+09 1.08960330e+09 1.08960332e+09 1.08960334e+09
 1.08960336e+09 1.08960338e+09 1.08960340e+09 1.08960342e+09
 1.08960344e+09 1.08960346e+09 1.08960349e+09 1.08960351e+09
 1.08960353e+09 1.08960355e+09 1.08960357e+09 1.08960359e+09
 1.08960361e+09 1.08960363e+09 1.08960365e+09 1.08960367e+09
 1.08960369e+09 1.08960371e+09 1.08960374e+09 1.08960376e+09
 1.08960378e+09 1.08960380e+09 1.08960382e+09 1.08960384e+09
 1.08960386e+09 1.08960388e+09 1.08960390e+09 1.08960392e+09
 1.08960394e+09 1.08960397e+09 1.08960399e+09 1.08960401e+09
 1.08960403e+09 1.08960405e+09 1.08960407e+09 1.08960409e+09
 1.08960411e+09 1.08960413e+09 1.08960415e+09 1.08960417e+09
 1.08960419e+09 1.08960422e+09 1.08960424e+09 1.08960426e+09
 1.08960428e+09 1.08960430e+09 1.08960432e+09 1.08960434e+09
 1.08960436e+09 1.08960438e+09 1.08960440e+09 1.08960442e+09
 1.08960445e+09 1.08960447e+09 1.08960449e+09 1.08960451e+09
 1.08960453e+09 1.08960455e+09 1.08960457e+09 1.08960459e+09
 1.08960461e+09 1.08960463e+09 1.08960465e+09 1.08960467e+09
 1.08960470e+09 1.08960472e+09 1.08960474e+09 1.08960476e+09
 1.08960478e+09 1.08960480e+09 1.08960482e+09 1.08960484e+09
 1.08960486e+09 1.08960488e+09 1.08960490e+09 1.08960493e+09
 1.08960495e+09 1.08960497e+09 1.08960499e+09 1.08960501e+09
 1.08960503e+09 1.08960505e+09 1.08960507e+09 1.08960509e+09
 1.08960511e+09 1.08960513e+09 1.08960515e+09 1.08960518e+09
 1.08960520e+09 1.08960522e+09 1.08960524e+09 1.08960526e+09
 1.08960528e+09 1.08960530e+09 1.08960532e+09 1.08960534e+09
 1.08960536e+09 1.08960538e+09 1.08960541e+09 1.08960543e+09
 1.08960545e+09 1.08960547e+09 1.08960549e+09 1.08960551e+09
 1.08960553e+09 1.08960555e+09 1.08960557e+09 1.08960559e+09
 1.08960561e+09 1.08960564e+09 1.08960566e+09 1.08960568e+09
 1.08960570e+09 1.08960572e+09 1.08960574e+09 1.08960576e+09
 1.08960578e+09 1.08960580e+09 1.08960582e+09 1.08960584e+09
 1.08960586e+09 1.08960589e+09 1.08960591e+09 1.08960593e+09
 1.08960595e+09 1.08960597e+09 1.08960599e+09 1.08960601e+09
 1.08960603e+09 1.08960605e+09 1.08960607e+09 1.08960609e+09
 1.08960612e+09 1.08960614e+09 1.08960616e+09 1.08960618e+09
 1.08960620e+09 1.08960622e+09 1.08960624e+09 1.08960626e+09
 1.08960628e+09 1.08960630e+09 1.08960632e+09 1.08960634e+09
 1.08960637e+09 1.08960639e+09 1.08960641e+09 1.08960643e+09
 1.08960645e+09 1.08960647e+09 1.08960649e+09 1.08960651e+09
 1.08960653e+09 1.08960655e+09 1.08960657e+09 1.08960660e+09
 1.08960662e+09 1.08960664e+09 1.08960666e+09 1.08960668e+09
 1.08960670e+09 1.08960672e+09 1.08960674e+09 1.08960676e+09
 1.08960678e+09 1.08960680e+09 1.08960682e+09 1.08960685e+09
 1.08960687e+09 1.08960689e+09 1.08960691e+09 1.08960693e+09
 1.08960695e+09 1.08960697e+09 1.08960699e+09 1.08960701e+09
 1.08960703e+09 1.08960705e+09 1.08960708e+09 1.08960710e+09
 1.08960712e+09 1.08960714e+09 1.08960716e+09 1.08960718e+09
 1.08960720e+09 1.08960722e+09 1.08960724e+09 1.08960726e+09
 1.08960728e+09 1.08960730e+09 1.08960733e+09 1.08960735e+09
 1.08960737e+09 1.08960739e+09 1.08960741e+09 1.08960743e+09
 1.08960745e+09 1.08960747e+09 1.08960749e+09 1.08960751e+09
 1.08960753e+09 1.08960756e+09 1.08960758e+09 1.08960760e+09
 1.08960762e+09 1.08960764e+09 1.08960766e+09 1.08960768e+09
 1.08960770e+09 1.08960772e+09 1.08960774e+09 1.08960776e+09
 1.08960778e+09 1.08960781e+09 1.08960783e+09 1.08960785e+09
 1.08960787e+09 1.08960789e+09 1.08960791e+09 1.08960793e+09
 1.08960795e+09 1.08960797e+09 1.08960799e+09 1.08960801e+09
 1.08960804e+09 1.08960806e+09 1.08960808e+09 1.08960810e+09
 1.08960812e+09 1.08960814e+09 1.08960816e+09 1.08960818e+09
 1.08960820e+09 1.08960822e+09 1.08960824e+09 1.08960826e+09
 1.08960829e+09 1.08960831e+09 1.08960833e+09 1.08960835e+09
 1.08960837e+09 1.08960839e+09 1.08960841e+09 1.08960843e+09
 1.08960845e+09 1.08960847e+09 1.08960849e+09 1.08960852e+09
 1.08960854e+09 1.08960856e+09 1.08960858e+09 1.08960860e+09
 1.08960862e+09 1.08960864e+09 1.08960866e+09 1.08960868e+09
 1.08960870e+09 1.08960872e+09 1.08960874e+09 1.08960877e+09
 1.08960879e+09 1.08960881e+09 1.08960883e+09 1.08960885e+09
 1.08960887e+09 1.08960889e+09 1.08960891e+09 1.08960893e+09
 1.08960895e+09 1.08960897e+09 1.08960900e+09 1.08960902e+09
 1.08960904e+09 1.08960906e+09 1.08960908e+09 1.08960910e+09
 1.08960912e+09 1.08960914e+09 1.08960916e+09 1.08960918e+09
 1.08960920e+09 1.08960922e+09 1.08960925e+09 1.08960927e+09
 1.08960929e+09 1.08960931e+09 1.08960933e+09 1.08960935e+09
 1.08960937e+09 1.08960939e+09 1.08960941e+09 1.08960943e+09
 1.08960945e+09 1.08960948e+09 1.08960950e+09 1.08960952e+09
 1.08960954e+09 1.08960956e+09 1.08960958e+09 1.08960960e+09
 1.08960962e+09 1.08960964e+09 1.08960966e+09 1.08960968e+09
 1.08960970e+09 1.08960973e+09 1.08960975e+09 1.08960977e+09
 1.08960979e+09 1.08960981e+09 1.08960983e+09 1.08960985e+09
 1.08960987e+09 1.08960989e+09 1.08960991e+09 1.08960993e+09
 1.08960996e+09 1.08960998e+09 1.08961000e+09 1.08961002e+09
 1.08961004e+09 1.08961006e+09 1.08961008e+09 1.08961010e+09
 1.08961012e+09 1.08961014e+09 1.08961016e+09 1.08961018e+09
 1.08961021e+09 1.08961023e+09 1.08961025e+09 1.08961027e+09
 1.08961029e+09 1.08961031e+09 1.08961033e+09 1.08961035e+09
 1.08961037e+09 1.08961039e+09 1.08961041e+09 1.08961044e+09
 1.08961046e+09 1.08961048e+09 1.08961050e+09 1.08961052e+09
 1.08961054e+09 1.08961056e+09 1.08961058e+09 1.08961060e+09
 1.08961062e+09 1.08961064e+09 1.08961066e+09 1.08961069e+09
 1.08961071e+09 1.08961073e+09 1.08961075e+09 1.08961077e+09
 1.08961079e+09 1.08961081e+09 1.08961083e+09 1.08961085e+09
 1.08961087e+09 1.08961089e+09 1.08961092e+09 1.08961094e+09
 1.08961096e+09 1.08961098e+09 1.08961100e+09 1.08961102e+09
 1.08961104e+09 1.08961106e+09 1.08961108e+09 1.08961110e+09
 1.08961112e+09 1.08961114e+09 1.08961117e+09 1.08961119e+09
 1.08961121e+09 1.08961123e+09 1.08961125e+09 1.08961127e+09
 1.08961129e+09 1.08961131e+09 1.08961133e+09 1.08961135e+09
 1.08961137e+09 1.08961140e+09 1.08961142e+09 1.08961144e+09
 1.08961146e+09 1.08961148e+09 1.08961150e+09 1.08961152e+09
 1.08961154e+09 1.08961156e+09 1.08961158e+09 1.08961160e+09
 1.08961162e+09 1.08961165e+09 1.08961167e+09 1.08961169e+09
 1.08961171e+09 1.08961173e+09 1.08961175e+09 1.08961177e+09
 1.08961179e+09 1.08961181e+09 1.08961183e+09 1.08961185e+09
 1.08961188e+09 1.08961190e+09 1.08961192e+09 1.08961194e+09
 1.08961196e+09 1.08961198e+09 1.08961200e+09 1.08961202e+09
 1.08961204e+09 1.08961206e+09 1.08961208e+09 1.08961210e+09
 1.08961213e+09 1.08961215e+09 1.08961217e+09 1.08961219e+09
 1.08961221e+09 1.08961223e+09 1.08961225e+09 1.08961227e+09
 1.08961229e+09 1.08961231e+09 1.08961233e+09 1.08961236e+09
 1.08961238e+09 1.08961240e+09 1.08961242e+09 1.08961244e+09
 1.08961246e+09 1.08961248e+09 1.08961250e+09 1.08961252e+09
 1.08961254e+09 1.08961256e+09 1.08961259e+09 1.08961261e+09
 1.08961263e+09 1.08961265e+09 1.08961267e+09 1.08961269e+09
 1.08961271e+09 1.08961273e+09 1.08961275e+09 1.08961277e+09
 1.08961279e+09 1.08961281e+09 1.08961284e+09 1.08961286e+09
 1.08961288e+09 1.08961290e+09 1.08961292e+09 1.08961294e+09
 1.08961296e+09 1.08961298e+09 1.08961300e+09 1.08961302e+09
 1.08961304e+09 1.08961307e+09 1.08961309e+09 1.08961311e+09
 1.08961313e+09 1.08961315e+09 1.08961317e+09 1.08961319e+09
 1.08961321e+09 1.08961323e+09 1.08961325e+09 1.08961327e+09
 1.08961329e+09 1.08961332e+09 1.08961334e+09 1.08961336e+09
 1.08961338e+09 1.08961340e+09 1.08961342e+09 1.08961344e+09
 1.08961346e+09 1.08961348e+09 1.08961350e+09 1.08961352e+09
 1.08961355e+09 1.08961357e+09 1.08961359e+09 1.08961361e+09
 1.08961363e+09 1.08961365e+09 1.08961367e+09 1.08961369e+09
 1.08961371e+09 1.08961373e+09 1.08961375e+09 1.08961377e+09
 1.08961380e+09 1.08961382e+09 1.08961384e+09 1.08961386e+09
 1.08961388e+09 1.08961390e+09 1.08961392e+09 1.08961394e+09
 1.08961396e+09 1.08961398e+09 1.08961400e+09 1.08961403e+09
 1.08961405e+09 1.08961407e+09 1.08961409e+09 1.08961411e+09
 1.08961413e+09 1.08961415e+09 1.08961417e+09 1.08961419e+09
 1.08961421e+09 1.08961423e+09 1.08961425e+09 1.08961428e+09
 1.08961430e+09 1.08961432e+09 1.08961434e+09 1.08961436e+09
 1.08961438e+09 1.08961440e+09 1.08961442e+09 1.08961444e+09
 1.08961446e+09 1.08961448e+09 1.08961451e+09 1.08961453e+09
 1.08961455e+09 1.08961457e+09 1.08961459e+09 1.08961461e+09
 1.08961463e+09 1.08961465e+09 1.08961467e+09 1.08961469e+09
 1.08961471e+09 1.08961473e+09 1.08961476e+09 1.08961478e+09
 1.08961480e+09 1.08961482e+09 1.08961484e+09 1.08961486e+09
 1.08961488e+09 1.08961490e+09 1.08961492e+09 1.08961494e+09
 1.08961496e+09 1.08961499e+09 1.08961501e+09 1.08961503e+09
 1.08961505e+09 1.08961507e+09 1.08961509e+09 1.08961511e+09
 1.08961513e+09 1.08961515e+09 1.08961517e+09 1.08961519e+09
 1.08961521e+09 1.08961524e+09 1.08961526e+09 1.08961528e+09
 1.08961530e+09 1.08961532e+09 1.08961534e+09 1.08961536e+09
 1.08961538e+09 1.08961540e+09 1.08961542e+09 1.08961544e+09
 1.08961547e+09 1.08961549e+09 1.08961551e+09 1.08961553e+09
 1.08961555e+09 1.08961557e+09 1.08961559e+09 1.08961561e+09
 1.08961563e+09 1.08961565e+09 1.08961567e+09 1.08961569e+09
 1.08961572e+09 1.08961574e+09 1.08961576e+09 1.08961578e+09
 1.08961580e+09 1.08961582e+09 1.08961584e+09 1.08961586e+09
 1.08961588e+09 1.08961590e+09 1.08961592e+09 1.08961595e+09
 1.08961597e+09 1.08961599e+09 1.08961601e+09 1.08961603e+09
 1.08961605e+09 1.08961607e+09 1.08961609e+09 1.08961611e+09
 1.08961613e+09 1.08961615e+09 1.08961617e+09 1.08961620e+09
 1.08961622e+09 1.08961624e+09 1.08961626e+09 1.08961628e+09
 1.08961630e+09 1.08961632e+09 1.08961634e+09 1.08961636e+09
 1.08961638e+09 1.08961640e+09 1.08961643e+09 1.08961645e+09
 1.08961647e+09 1.08961649e+09 1.08961651e+09 1.08961653e+09
 1.08961655e+09 1.08961657e+09 1.08961659e+09 1.08961661e+09
 1.08961663e+09 1.08961665e+09 1.08961668e+09 1.08961670e+09
 1.08961672e+09 1.08961674e+09 1.08961676e+09 1.08961678e+09
 1.08961680e+09 1.08961682e+09 1.08961684e+09 1.08961686e+09
 1.08961688e+09 1.08961691e+09 1.08961693e+09 1.08961695e+09
 1.08961697e+09 1.08961699e+09 1.08961701e+09 1.08961703e+09
 1.08961705e+09 1.08961707e+09 1.08961709e+09 1.08961711e+09
 1.08961713e+09 1.08961716e+09 1.08961718e+09 1.08961720e+09
 1.08961722e+09 1.08961724e+09 1.08961726e+09 1.08961728e+09
 1.08961730e+09 1.08961732e+09 1.08961734e+09 1.08961736e+09
 1.08961739e+09 1.08961741e+09 1.08961743e+09 1.08961745e+09
 1.08961747e+09 1.08961749e+09 1.08961751e+09 1.08961753e+09
 1.08961755e+09 1.08961757e+09 1.08961759e+09 1.08961761e+09
 1.08961764e+09 1.08961766e+09 1.08961768e+09 1.08961770e+09
 1.08961772e+09 1.08961774e+09 1.08961776e+09 1.08961778e+09
 1.08961780e+09 1.08961782e+09 1.08961784e+09 1.08961787e+09
 1.08961789e+09 1.08961791e+09 1.08961793e+09 1.08961795e+09
 1.08961797e+09 1.08961799e+09 1.08961801e+09 1.08961803e+09
 1.08961805e+09 1.08961807e+09 1.08961809e+09 1.08961812e+09
 1.08961814e+09 1.08961816e+09 1.08961818e+09 1.08961820e+09
 1.08961822e+09 1.08961824e+09 1.08961826e+09 1.08961828e+09
 1.08961830e+09 1.08961832e+09 1.08961835e+09 1.08961837e+09
 1.08961839e+09 1.08961841e+09 1.08961843e+09 1.08961845e+09
 1.08961847e+09 1.08961849e+09 1.08961851e+09 1.08961853e+09
 1.08961855e+09 1.08961857e+09 1.08961860e+09 1.08961862e+09
 1.08961864e+09 1.08961866e+09 1.08961868e+09 1.08961870e+09]
minRes = 2.7793689672792876
minResTime = [1.08959785e+09]
Cov(t) = [100.         100.         100.         100.         100.
 100.         100.         100.         100.         100.
 100.         100.         100.         100.         100.
 100.         100.         100.         100.         100.
 100.         100.         100.         100.         100.
 100.         100.         100.         100.         100.
 100.         100.         100.         100.         100.
 100.         100.         100.         100.         100.
 100.         100.         100.         100.         100.
 100.         100.         100.         100.         100.
 100.         100.         100.         100.         100.
 100.         100.         100.         100.         100.
 100.         100.         100.         100.         100.
 100.         100.         100.         100.         100.
 100.         100.         100.         100.         100.
 100.         100.         100.         100.         100.
 100.         100.         100.         100.         100.
 100.         100.         100.         100.         100.
 100.         100.         100.         100.         100.
 100.         100.         100.         100.         100.
 100.         100.         100.         100.         100.
 100.         100.         100.         100.         100.
 100.         100.         100.         100.         100.
 100.         100.         100.         100.         100.
 100.         100.         100.         100.         100.
 100.         100.         100.         100.         100.
 100.         100.         100.         100.         100.
 100.         100.         100.         100.         100.
 100.         100.         100.         100.         100.
 100.         100.         100.         100.         100.
 100.         100.         100.         100.         100.
 100.         100.         100.         100.         100.
 100.         100.         100.         100.         100.
 100.         100.         100.         100.         100.
 100.         100.         100.         100.         100.
 100.         100.         100.         100.         100.
 100.         100.         100.         100.         100.
 100.         100.         100.         100.         100.
 100.         100.         100.         100.         100.
 100.         100.         100.         100.         100.
 100.         100.         100.         100.         100.
 100.         100.         100.         100.         100.
 100.         100.         100.         100.         100.
 100.         100.         100.         100.         100.
 100.         100.         100.         100.         100.
 100.         100.         100.         100.         100.
 100.         100.         100.         100.         100.
 100.         100.         100.         100.         100.
 100.         100.         100.         100.         100.
 100.         100.         100.         100.         100.
 100.         100.         100.         100.         100.
 100.         100.         100.         100.         100.
 100.         100.         100.         100.         100.
 100.         100.         100.         100.         100.
 100.         100.         100.         100.         100.
 100.         100.         100.         100.         100.
 100.         100.         100.         100.         100.
 100.         100.         100.         100.         100.
 100.         100.         100.         100.         100.
 100.         100.         100.         100.         100.
 100.         100.         100.         100.         100.
 100.         100.         100.         100.         100.
 100.         100.         100.         100.         100.
 100.         100.         100.         100.         100.
 100.         100.         100.         100.         100.
 100.         100.         100.         100.         100.
  48.12787926  48.12943196  48.13098554  48.13253939  48.13409419
  48.13565     48.13720578  48.13876253  48.14031904  48.1418769
  48.14343501  48.14499384  48.14655302  48.148113    48.14967305
  48.15123452  48.15279682  48.15435815  48.15592081  48.15748488
  48.15904876  48.16061272  48.16217782  48.16374296  48.16530912
  48.16687558  48.16844348  48.17001106  48.17157946  48.17314757
  48.17471773  48.17628756  48.17785826  48.17942846  48.18100073
  48.18257306  48.18414499  48.18571847  48.18729224  48.18886644
  48.19044173  48.19201708  48.19359261  48.19516956  48.19674603
  48.19832277  48.19990184  48.20147978  48.20305829  48.20463879
  48.20621875  48.20779907  48.20937998  48.21096202  48.21254405
  48.21412618  48.21570975  48.21729359  48.21887738  48.22046216
  48.22204781  48.22363304  48.22521897  48.22680583  48.22839253
  48.229981    48.23156872  48.23315731  48.2347466   48.23633593
  48.23792652  48.23951604  48.24110742  48.24269979  48.24429107
  48.24588404  48.24747721  48.2490707   48.25066453  48.25225985
  48.25385444  48.25544952  48.25704537  48.25864188  48.26023881
  48.2618364   48.26343367  48.26503228  48.26663067  48.26823032
  48.2698298   48.27143047  48.27303057  48.27463093  48.27623272
  48.27783481  48.27943758  48.28104001  48.28264356  48.28424678
  48.28585157  48.28745607  48.2890606   48.29066649  48.29227193
  48.29387847  48.29548549  48.29709294  48.29870053  48.30030974
  48.301917    48.30352633  48.30513546  48.30674587  48.30835586
  48.30996671  48.3115781   48.31318826  48.31480058  48.31641266
  48.3180271   48.3196401   48.32125345  48.32286695  48.32448186
  48.32609704  48.32771156  48.32932708  48.33094332  48.33255971
  48.3341775   48.33579365  48.33741188  48.33903031  48.34064754
  48.34226665  48.34388673  48.34550618  48.34712633  48.34874726
  48.3503679   48.35198883  48.3536099   48.35523211  48.35685424
  48.35847758  48.36010049  48.36172377  48.36334787  48.36497211
  48.36659666  48.36822152  48.36984709  48.37147215  48.37309832
  48.37472486  48.37635113  48.37797863  48.37960627  48.38123412
  48.38286186  48.38449074  48.38611905  48.38774941  48.38937866
  48.39100842  48.39263936  48.39426922  48.39589971  48.39753115
  48.39916324  48.400795    48.40242767  48.40406007  48.40569324
  48.40732711  48.40895994  48.41059438  48.41222875  48.41386338
  48.41549725  48.4171329   48.41876843  48.42040472  48.42204095
  48.42367718  48.42531388  48.42695175  48.42858936  48.4302263
  48.43186433  48.43350362  48.43514154  48.43678022  48.43842047
  48.44005915  48.44169992  48.4433405   48.44497984  48.44662075
  48.44826239  48.44990336  48.45154467  48.45318702  48.45482947
  48.45647201  48.45811431  48.45975717  48.46140071  48.46304377
  48.46468759  48.46633191  48.4679774   48.46962125  48.47126626
  48.47291179  48.4745564   48.4762038   48.47784833  48.479495
  48.48114149  48.48278825  48.48443478  48.48608237  48.48773032
  48.48937811  48.49102515  48.49267389  48.49432239  48.4959707
  48.49761979  48.49926905  48.50091815  48.50256802  48.50421866
  48.50586887  48.50751907  48.50916893  48.51082088  48.51247136
  48.51412265  48.51577438  48.51742569  48.51907776  48.52072979
  48.5223825   48.52403543  48.52568748  48.52734104  48.52899416
  48.53064785  48.53230015  48.53395444  48.53560893  48.53726297
  48.53891723  48.54057216  48.54222666  48.5438818   48.54553738
  48.54719314  48.5488485   48.55050391  48.55216041  48.55381599
  48.55547187  48.557129    48.55878459  48.56044243  48.56209893
  48.56375594  48.56541301  48.56707119  48.56872897  48.57038706
  48.57204429  48.57370282  48.5753609   48.57701994  48.5786784
  48.58033738  48.58199632  48.58365559  48.58531417  48.58697359
  48.58863334  48.5902928   48.59195344  48.59361276  48.59527297
  48.59693264  48.59859349  48.60025383  48.60191499  48.60357495
  48.60523696  48.60689749  48.6085583   48.61022013  48.61188084
  48.61354293  48.6152056   48.61686585  48.61852738  48.62019003
  48.62185245  48.62351453  48.62517698  48.62683923  48.6285019
  48.63016435  48.63182728  48.63348939  48.63515224  48.63681643
  48.63847897  48.6401421   48.64180587  48.64346881  48.64513198
  48.64679638  48.64845967  48.65012327  48.65178642  48.65345097
  48.65511436  48.65677894  48.65844285  48.66010619  48.66177104
  48.66343558  48.66509988  48.66676476  48.66842814  48.67009299
  48.67175704  48.67342181  48.67508689  48.67675141  48.67841641
  48.68008231  48.68174688  48.68341209  48.68507639  48.68674145
  48.68840713  48.69007146  48.69173647  48.69340214  48.69506704
  48.69673242  48.6983975   48.70006308  48.70172857  48.70339404
  48.70505983  48.70672419  48.7083901   48.71005594  48.71172093
  48.71338618  48.71505146  48.7167176   48.71838293  48.72004908
  48.72171396  48.72338023  48.7250448   48.72671098  48.72837596
  48.73004163  48.73170698  48.7333721   48.7350372   48.73670389
  48.73836891  48.74003398  48.74169995  48.74336497  48.74502999
  48.74669578  48.74836082  48.75002704  48.75169168  48.753357
  48.75502158  48.75668757  48.75835276  48.76001674  48.76168217
  48.76334757  48.76501335  48.76667699  48.76834187  48.770007
  48.77167173  48.77333713  48.7750016   48.776666    48.77833057
  48.77999467  48.78165972  48.78332333  48.78498784  48.78665317
  48.78831704  48.78998081  48.79164492  48.79330934  48.79497285
  48.79663638  48.79830124  48.79996355  48.80162793  48.80329084
  48.80495373  48.80661769  48.80828108  48.80994374  48.81160748
  48.81326941  48.81493287  48.81659538  48.8182584   48.81992069
  48.82158336  48.82324597  48.82490794  48.82657022  48.8282323
  48.8298941   48.83155575  48.83321816  48.83487931  48.83654107
  48.83820212  48.83986255  48.84152412  48.8431847   48.84484522
  48.84650704  48.84816661  48.84982693  48.85148694  48.85314775
  48.85480747  48.8564673   48.8581268   48.85978605  48.86144603
  48.86310513  48.86476458  48.86642278  48.86808169  48.86974074
  48.87139853  48.87305705  48.87471546  48.87637279  48.87803067
  48.87968882  48.88134691  48.88300354  48.88466046  48.88631718
  48.8879741   48.88963063  48.89128744  48.89294357  48.89459928
  48.8962556   48.89791108  48.89956628  48.9012219   48.90287646
  48.90453251  48.90618658  48.90784047  48.9094949   48.91115038
  48.91280321  48.91445662  48.91611066  48.91776379  48.91941697
  48.9210698   48.92272194  48.92437493  48.92602627  48.9276788
  48.92932996  48.93098192  48.93263299  48.93428452  48.93593477
  48.93758491  48.93923563  48.94088593  48.94253603  48.9441849
  48.94583471  48.94748394  48.94913278  48.9507814   48.95243024
  48.95407882  48.95572647  48.95737445  48.9590212   48.96066857
  48.96231573  48.96396238  48.96560857  48.96725426  48.96890025
  48.97054564  48.97219098  48.97383644  48.97548077  48.97712505
  48.97876911  48.98041377  48.98205696  48.98370026  48.98534317
  48.98698614  48.98862881  48.99027096  48.99191378  48.99355418
  48.99519601  48.99683718  48.99847719  49.00011715  49.00175802
  49.00339745  49.00503669  49.0066764   49.00831454  49.00995327
  49.01159218  49.01323058  49.01486705  49.01650486  49.018142
  49.01977811  49.02141461  49.02305083  49.02468702  49.02632236
  49.0279574   49.02959205  49.03122608  49.03286037  49.034494
  49.03612694  49.03775995  49.03939264  49.04102448  49.04265615
  49.04428716  49.04592001  49.04755041  49.04918045  49.05081094
  49.05244095  49.05406962  49.05569949  49.05732845  49.05895635
  49.06058376  49.06221239  49.06383882  49.06546649  49.06709251
  49.06871927  49.07034413  49.07197004  49.07359464  49.07521952
  49.07684347  49.07846701  49.08009103  49.08171381  49.0833363
  49.08495875  49.08657998  49.08820173  49.08982318  49.09144369
  49.09306423  49.09468341  49.09630285  49.09792204  49.09954114
  49.10115916  49.10277641  49.10439409  49.10601102  49.10762783
  49.1092439   49.11085947  49.11247487  49.1140893   49.11570385
  49.11731808  49.11893179  49.12054461  49.12215659  49.12376912
  49.12538151  49.12699217  49.12860353  49.13021333  49.13182272
  49.13343314  49.13504173  49.13665057  49.13825915  49.13986649
  49.14147369  49.14308143  49.14468676  49.14629389  49.14789835
  49.14950316  49.1511082   49.15271123  49.15431621  49.15591823
  49.15752138  49.1591237   49.16072529  49.16232656  49.16392623
  49.1655271   49.1671271   49.16872632  49.17032469  49.17192317
  49.17352003  49.1751182   49.17671504  49.17831157  49.17990586
  49.18150186  49.18309711  49.18469082  49.18628495  49.18787844
  49.1894717   49.19106259  49.19265448  49.19424599  49.19583641
  49.19742715  49.1990167   49.20060484  49.20219373  49.20378165
  49.20536928  49.20695638  49.20854267  49.21012941  49.21171492
  49.21329926  49.21488407  49.2164676   49.21805044  49.21963271]
maxCov = 100.0
maxCovTime = [1.08959785e+09 1.08959787e+09 1.08959789e+09 1.08959791e+09
 1.08959793e+09 1.08959795e+09 1.08959798e+09 1.08959800e+09
 1.08959802e+09 1.08959804e+09 1.08959806e+09 1.08959808e+09
 1.08959810e+09 1.08959812e+09 1.08959814e+09 1.08959816e+09
 1.08959818e+09 1.08959820e+09 1.08959823e+09 1.08959825e+09
 1.08959827e+09 1.08959829e+09 1.08959831e+09 1.08959833e+09
 1.08959835e+09 1.08959837e+09 1.08959839e+09 1.08959841e+09
 1.08959843e+09 1.08959846e+09 1.08959848e+09 1.08959850e+09
 1.08959852e+09 1.08959854e+09 1.08959856e+09 1.08959858e+09
 1.08959860e+09 1.08959862e+09 1.08959864e+09 1.08959866e+09
 1.08959869e+09 1.08959871e+09 1.08959873e+09 1.08959875e+09
 1.08959877e+09 1.08959879e+09 1.08959881e+09 1.08959883e+09
 1.08959885e+09 1.08959887e+09 1.08959889e+09 1.08959891e+09
 1.08959894e+09 1.08959896e+09 1.08959898e+09 1.08959900e+09
 1.08959902e+09 1.08959904e+09 1.08959906e+09 1.08959908e+09
 1.08959910e+09 1.08959912e+09 1.08959914e+09 1.08959917e+09
 1.08959919e+09 1.08959921e+09 1.08959923e+09 1.08959925e+09
 1.08959927e+09 1.08959929e+09 1.08959931e+09 1.08959933e+09
 1.08959935e+09 1.08959937e+09 1.08959939e+09 1.08959942e+09
 1.08959944e+09 1.08959946e+09 1.08959948e+09 1.08959950e+09
 1.08959952e+09 1.08959954e+09 1.08959956e+09 1.08959958e+09
 1.08959960e+09 1.08959962e+09 1.08959965e+09 1.08959967e+09
 1.08959969e+09 1.08959971e+09 1.08959973e+09 1.08959975e+09
 1.08959977e+09 1.08959979e+09 1.08959981e+09 1.08959983e+09
 1.08959985e+09 1.08959987e+09 1.08959990e+09 1.08959992e+09
 1.08959994e+09 1.08959996e+09 1.08959998e+09 1.08960000e+09
 1.08960002e+09 1.08960004e+09 1.08960006e+09 1.08960008e+09
 1.08960010e+09 1.08960013e+09 1.08960015e+09 1.08960017e+09
 1.08960019e+09 1.08960021e+09 1.08960023e+09 1.08960025e+09
 1.08960027e+09 1.08960029e+09 1.08960031e+09 1.08960033e+09
 1.08960035e+09 1.08960038e+09 1.08960040e+09 1.08960042e+09
 1.08960044e+09 1.08960046e+09 1.08960048e+09 1.08960050e+09
 1.08960052e+09 1.08960054e+09 1.08960056e+09 1.08960058e+09
 1.08960061e+09 1.08960063e+09 1.08960065e+09 1.08960067e+09
 1.08960069e+09 1.08960071e+09 1.08960073e+09 1.08960075e+09
 1.08960077e+09 1.08960079e+09 1.08960081e+09 1.08960083e+09
 1.08960086e+09 1.08960088e+09 1.08960090e+09 1.08960092e+09
 1.08960094e+09 1.08960096e+09 1.08960098e+09 1.08960100e+09
 1.08960102e+09 1.08960104e+09 1.08960106e+09 1.08960109e+09
 1.08960111e+09 1.08960113e+09 1.08960115e+09 1.08960117e+09
 1.08960119e+09 1.08960121e+09 1.08960123e+09 1.08960125e+09
 1.08960127e+09 1.08960129e+09 1.08960131e+09 1.08960134e+09
 1.08960136e+09 1.08960138e+09 1.08960140e+09 1.08960142e+09
 1.08960144e+09 1.08960146e+09 1.08960148e+09 1.08960150e+09
 1.08960152e+09 1.08960154e+09 1.08960157e+09 1.08960159e+09
 1.08960161e+09 1.08960163e+09 1.08960165e+09 1.08960167e+09
 1.08960169e+09 1.08960171e+09 1.08960173e+09 1.08960175e+09
 1.08960177e+09 1.08960179e+09 1.08960182e+09 1.08960184e+09
 1.08960186e+09 1.08960188e+09 1.08960190e+09 1.08960192e+09
 1.08960194e+09 1.08960196e+09 1.08960198e+09 1.08960200e+09
 1.08960202e+09 1.08960205e+09 1.08960207e+09 1.08960209e+09
 1.08960211e+09 1.08960213e+09 1.08960215e+09 1.08960217e+09
 1.08960219e+09 1.08960221e+09 1.08960223e+09 1.08960225e+09
 1.08960227e+09 1.08960230e+09 1.08960232e+09 1.08960234e+09
 1.08960236e+09 1.08960238e+09 1.08960240e+09 1.08960242e+09
 1.08960244e+09 1.08960246e+09 1.08960248e+09 1.08960250e+09
 1.08960253e+09 1.08960255e+09 1.08960257e+09 1.08960259e+09
 1.08960261e+09 1.08960263e+09 1.08960265e+09 1.08960267e+09
 1.08960269e+09 1.08960271e+09 1.08960273e+09 1.08960275e+09
 1.08960278e+09 1.08960280e+09 1.08960282e+09 1.08960284e+09
 1.08960286e+09 1.08960288e+09 1.08960290e+09 1.08960292e+09
 1.08960294e+09 1.08960296e+09 1.08960298e+09 1.08960301e+09
 1.08960303e+09 1.08960305e+09 1.08960307e+09 1.08960309e+09
 1.08960311e+09 1.08960313e+09 1.08960315e+09 1.08960317e+09
 1.08960319e+09 1.08960321e+09 1.08960323e+09 1.08960326e+09
 1.08960328e+09 1.08960330e+09 1.08960332e+09 1.08960334e+09
 1.08960336e+09 1.08960338e+09 1.08960340e+09 1.08960342e+09
 1.08960344e+09 1.08960346e+09 1.08960349e+09 1.08960351e+09
 1.08960353e+09 1.08960355e+09 1.08960357e+09 1.08960359e+09
 1.08960361e+09 1.08960363e+09 1.08960365e+09 1.08960367e+09
 1.08960369e+09 1.08960371e+09 1.08960374e+09 1.08960376e+09
 1.08960378e+09 1.08960380e+09 1.08960382e+09 1.08960384e+09
 1.08960386e+09 1.08960388e+09 1.08960390e+09 1.08960392e+09
 1.08960394e+09 1.08960397e+09 1.08960399e+09 1.08960401e+09
 1.08960403e+09 1.08960405e+09 1.08960407e+09 1.08960409e+09
 1.08960411e+09 1.08960413e+09 1.08960415e+09 1.08960417e+09
 1.08960419e+09 1.08960422e+09 1.08960424e+09 1.08960426e+09
 1.08960428e+09 1.08960430e+09 1.08960432e+09 1.08960434e+09
 1.08960436e+09 1.08960438e+09 1.08960440e+09 1.08960442e+09
 1.08960445e+09 1.08960447e+09 1.08960449e+09 1.08960451e+09
 1.08960453e+09 1.08960455e+09 1.08960457e+09 1.08960459e+09
 1.08960461e+09 1.08960463e+09 1.08960465e+09 1.08960467e+09
 1.08960470e+09 1.08960472e+09]
