name =JUICE_ROI_GAN_5_0_09
flyby = ['2033 NOV 26 18:22:11', '2033 NOV 27 18:22:11']
Observation TW = <SpiceCell dtype = 1, length = 0, size = 3600, card = 16, is_set = 1, adjust = 0, init = 1, base = 94014561345168, data = 94014561345216>
Res(t) = [0.05459559 0.05512554 0.05512987 0.05538634 0.05580796 0.05544157
 0.05753006 0.05673681 0.05833944 0.05877939 0.06000066 0.06136823
 0.06105592 0.06241616 0.06438666 0.06533684 0.06717075 0.06885728
 0.07070029 0.07271331 0.07123177 0.07355243 0.07510156 0.07701077
 0.07861837 0.08081257 0.08091317 0.08252733 0.08499923 0.08612649
 0.08864142 0.09041425 0.09272314 0.09396874 0.09581149 0.0981883
 0.1007506  0.10333082 0.10519147 0.10785516 0.11026252 0.11146901
 0.1144758  0.1163366  0.11855767 0.1207798  0.12297663 0.12333045
 0.12588236 0.1284686  0.13121963 0.13391733 0.13646125 0.13904377
 0.14150329 0.1414258  0.14419825 0.14686085 0.14953191 0.15221143
 0.15488555 0.15760459 0.1583178  0.1609856  0.16459531 0.16732027
 0.17005292 0.17279328 0.17554137 0.17829723 0.1810609  0.18204788
 0.18476446 0.18748729 0.19021641 0.19058881 0.19327051 0.19595703
 0.19864839 0.2013446  0.20404569 0.20675168 0.2094626  0.21217848
 0.21489937 0.2176253  0.22035631 0.22309246 0.2258338  0.22858037
 0.23133225 0.23408948 0.23685214 0.23962029 0.242394   0.24517336
 0.24795843 0.2507493  0.25354606 0.25634879 0.25915759 0.26197256
 0.26479379 0.26762138 0.27045546 0.27329613 0.2761435  0.27899771
 0.28185887 0.27834264 0.28106225 0.28378559 0.2863156  0.28906098
 0.29181052 0.29456429 0.29732234 0.30008471 0.30285146 0.3072434
 0.31005994 0.31288163 0.31570855 0.31854076 0.32420316 0.32709168
 0.32998602 0.33288627 0.33579251 0.33870481 0.34162325 0.34454791
 0.34747889 0.35041627 0.35336013 0.35631058 0.35926769 0.36234315
 0.36157153 0.36447698 0.36751311 0.37042972 0.37335238 0.37628118
 0.37921621 0.38215757 0.39442791 0.39754556 0.40067178 0.40380671
 0.40695047 0.4101032  0.41326503 0.41643611 0.41961657 0.42280656
 0.42600625 0.42921577 0.43243529 0.43566498 0.438905   0.44215551
 0.4454167  0.44868875 0.45197184 0.45526616 0.45857191 0.46188928
 0.46521848 0.46855973 0.47191324 0.47527924 0.47865794 0.4448119
 0.44752856 0.45024648 0.45296566 0.4556861  0.45840781 0.46113079
 0.46385504 0.46658057 0.46930737 0.47203546 0.47476484 0.4774955
 0.48022746 0.48296071 0.48569526 0.48843112 0.49116828 0.49390675
 0.49664654 0.49938764 0.50213006 0.5048738  0.50761888 0.51036528
 0.51311302 0.5158621  0.51861252 0.52136428 0.52411739 0.52687186
 0.52962768 0.53238486 0.53514341 0.53790332 0.54066461 0.54342727
 0.54619131 0.54895673 0.55172354 0.55449174 0.55726133 0.56003232
 0.56280472 0.56557851 0.56835372 0.57113034 0.57390838 0.57668784
 0.57946872 0.58225103 0.58503478 0.58781996 0.59060658 0.59339464
 0.59618416 0.59897512 0.60176755 0.60456143 0.60735677 0.61015359
 0.61295188 0.61575164 0.61855288 0.62135561 0.62415982 0.62696553
 0.62977273 0.63258144 0.63539164 0.63820336 0.64101659 0.64383133
 0.6466476  0.64946539 0.6522847  0.65510555 0.65792794 0.66075187
 0.66357734 0.66640436 0.66923293 0.67206307 0.67489476 0.67772802
 0.68056284 0.68339924 0.68623722 0.68907678 0.69191793 0.69476067
 0.697605   0.70045093 0.70329847 0.70614761 0.70899836 0.71185073
 0.71470471 0.71756032 0.72041756 0.72327643 0.72613694 0.72899909
 0.73186288 0.73472832 0.73759542 0.74046417 0.74333459 0.74620667
 0.74908042 0.75195585 0.75483295 0.75771174 0.76059222 0.76347439
 0.76635825 0.76924382 0.77213109 0.77502006 0.77791076 0.78080317
 0.7836973  0.78659316 0.78949075 0.79239007 0.79529113 0.79819394
 0.8010985  0.80400481 0.80691287 0.8098227  0.81273429 0.81564765
 0.81856279 0.82147971 0.8243984  0.82731889 0.83024117 0.83316525
 0.83609112 0.83901881 0.8419483  0.84487961 0.84781273 0.85074768
 0.85368446 0.85662307 0.85956351 0.8625058  0.86544993 0.86839592
 0.87134375 0.87429345 0.87724501 0.88019844 0.88315374 0.88611092
 0.88906998 0.89203093 0.89499377 0.89795851 0.90092514 0.90389368
 0.90686413 0.90983649 0.91281077 0.91578698 0.91876511 0.92174518
 0.92472718 0.92771112 0.93069701 0.93368485 0.93667465 0.9396664
 0.94266013 0.94565582 0.94865348 0.95165312 0.95465475 0.95765837
 0.96066398 0.96367158 0.96668119 0.96969281 0.97270643 0.97572208
 0.97873974 0.98175943 0.98478116 0.98780492 0.99083071 0.99385856
 0.99688845 0.9999204  1.00295441 1.00599048 1.00902862 1.01206884
 1.01511113 1.01815551 1.02120197 1.02425053 1.02730119 1.03035395
 1.03340882 1.0364658  1.0395249  1.04258612 1.04564947 1.04871496
 1.05178257 1.05485234 1.05792425 1.06099831 1.06407452 1.0671529
 1.07023345 1.07331617 1.07640107 1.07948815 1.08257741 1.08566887
 1.08876252 1.09185838 1.09495644 1.09805672 1.10115921 1.10426393
 1.10737087 1.11048004 1.11359145 1.11670511 1.11982101 1.12293917
 1.12605958 1.12918225 1.1323072  1.13543441 1.13856391 1.14169569
 1.14482975 1.14796611 1.15110477 1.15424574 1.15738901 1.1605346
 1.16368251 1.16683274 1.1699853  1.1731402  1.17629744 1.17945703
 1.18261896 1.18578325 1.18894991 1.19211893 1.19529033 1.1984641
 1.20164025 1.2048188  1.20799973 1.21118307 1.21436881 1.21755696
 1.22074753 1.22394052 1.22713593 1.23033377 1.23353405 1.23673677
 1.23994194 1.24314957 1.24635965 1.2495722  1.25278721 1.2560047
 1.25922467 1.26244713 1.26567207 1.26889952 1.27212947 1.27536192
 1.27859689 1.28183438 1.28507439 1.28831693 1.29156201 1.29480963
 1.2980598  1.30131252 1.30456779 1.30782564 1.31108605 1.31434903
 1.3176146  1.32088275 1.3241535  1.32742684 1.33070279 1.33398135
 1.33726252 1.34054631 1.34383273 1.34712178 1.35041347 1.3537078
 1.35700478 1.36030442 1.36360672 1.36691169 1.37021932 1.37352964
 1.37684264 1.38015834 1.38347673 1.38679782 1.39012162 1.39344813
 1.39677736 1.40010932 1.40344401 1.40678144 1.41012161 1.41346453
 1.41681021 1.42015865 1.42350986 1.42686384 1.4302206  1.43358014
 1.43694248 1.44030761 1.44367555 1.4470463  1.45041987 1.45379625
 1.45717547 1.46055752 1.46394241 1.46733015 1.47072074 1.47411418
 1.4775105  1.48090968 1.48431175 1.48771669 1.49112453 1.49453527
 1.4979489  1.50136545 1.50478491 1.50820729 1.5116326  1.51506084
 1.51849202 1.52192616 1.52536324 1.52880328 1.53224629 1.53569227
 1.53914123 1.54259318 1.54604811 1.54950605 1.55296699 1.55643094
 1.5598979  1.56336789 1.56684091 1.57031697 1.57379607 1.57727822
 1.58076343 1.5842517  1.58774304 1.59123746 1.59473496 1.59823554
 1.60173923 1.60524602 1.60875591 1.61226892 1.61578506 1.61930432
 1.62282672 1.62635227 1.62988096 1.63341281 1.63694782 1.640486
 1.64402736 1.6475719  1.65111963 1.65467056 1.6582247  1.66178204
 1.6653426  1.66890639 1.6724734  1.67604366 1.67961716 1.68319391
 1.68677393 1.6903572  1.69394375 1.69753359 1.7011267  1.70472312
 1.70832283 1.71192585 1.71553219 1.71914185 1.72275484 1.72637116
 1.72999083 1.73361385 1.73724023 1.74086997 1.74450308 1.74813958
 1.75177946 1.75542273 1.75906941 1.76271949 1.76637299 1.77002992
 1.77369027 1.77735406 1.78102129 1.78469198 1.78836613 1.79204374
 1.79572483 1.7994094  1.80309746 1.80678902 1.81048408 1.81418265
 1.81788474 1.82159035 1.8252995  1.8290122  1.83272844 1.83644823
 1.8401716  1.84389853 1.84762904 1.85136314 1.85510083 1.85884213
 1.86258704 1.86633556 1.87008771 1.87384349 1.87760291 1.88136598
 1.88513271 1.8889031  1.89267717 1.89645491 1.90023634 1.90402146
 1.90781029 1.91160283 1.91539909 1.91919907 1.92300279 1.92681025
 1.93062147 1.93443644 1.93825518 1.94207769 1.94590398 1.94973407
 1.95356795 1.95740564 1.96124715 1.96509248 1.96894164 1.97279464
 1.97665148 1.98051218 1.98437675 1.98824519 1.99211751 1.99599371
 1.99987382 2.00375782 2.00764574 2.01153759 2.01543336 2.01933307
 2.02323673 2.02714434 2.03105592 2.03497147 2.038891   2.04281451
 2.04674203 2.05067355 2.05460909 2.05854864 2.06249223 2.06643986
 2.07039154 2.07434727 2.07830708 2.08227095 2.08623891 2.09021096
 2.09418711 2.09816737 2.10215175 2.10614025 2.11013289 2.11412968
 2.11813061 2.12213571 2.12614498 2.13015843 2.13417607 2.1381979
 2.14222395 2.1462542  2.15028868 2.1543274  2.15837036 2.16241757
 2.16646903 2.17052477 2.17458479 2.17864909 2.18271769 2.1867906
 2.19086782 2.19494937 2.19903525 2.20312547 2.20722005 2.21131898
 2.21542229 2.21952998 2.22364205 2.22775853 2.23187941 2.23600471
 2.24013443 2.24426859 2.2484072  2.25255026 2.25669779 2.26084979
 2.26500628 2.26916725 2.27333273 2.27750273 2.28167724 2.28585629
 2.29003988 2.29422801 2.29842071 2.30261798 2.30681983 2.31102627
 2.31523731 2.31945296 2.32367323 2.32789813 2.33212767 2.33636185
 2.3406007  2.34484421 2.3490924  2.35334528 2.35760287 2.36186515
 2.36613216 2.3704039  2.37468038 2.3789616  2.38324759 2.38753835
 2.39183388 2.39613421 2.40043933 2.40474927 2.40906403 2.41338362
 2.41770805 2.42203733 2.42637147 2.43071049 2.43505439 2.43940318
 2.44375688 2.4481155  2.45247903 2.45684751 2.46122093 2.4655993
 2.46998265 2.47437097 2.47876428 2.48316259 2.48756591 2.49197426
 2.49638763 2.50080605 2.50522952 2.50965805 2.51409166 2.51853035
 2.52297415 2.52742305 2.53187707 2.53633621 2.5408005  2.54526994
 2.54974455 2.55422433 2.55870929 2.56319945 2.56769482 2.5721954
 2.57670122 2.58121228 2.58572859 2.59025016 2.59477701 2.59930914
 2.60384658 2.60838932 2.61293738 2.61749077 2.62204951 2.62661361
 2.63118307 2.6357579  2.64033813 2.64492376 2.64951481 2.65411127
 2.65871318 2.66332053 2.66793334 2.67255163 2.6771754  2.68180466
 2.68643943 2.69107972 2.69572554 2.7003769  2.70503382 2.70969631
 2.71436437 2.71903803 2.72371729 2.72840216 2.73309267 2.73778881
 2.7424906  2.74719806 2.7519112  2.75663002 2.76135455 2.76608478
 2.77082075 2.77556245 2.7803099  2.78506312 2.78982211 2.79458689
 2.79935747 2.80413386 2.80891608 2.81370414 2.81849804 2.82329782
 2.82810347 2.832915   2.83773244 2.8425558  2.84738508 2.85222031
 2.85706148 2.86190863 2.86676175 2.87162087 2.87648599 2.88135713
 2.88623431 2.89111752 2.8960068  2.90090214 2.90580358 2.9107111
 2.91562475 2.92054451 2.92547041 2.93040246 2.93534068 2.94028508
 2.94523567 2.95019246 2.95515547 2.96012471 2.9651002  2.97008195
 2.97506997 2.98006427 2.98506488 2.9900718  2.99508505 3.00010465
 3.00513059 3.01016291 3.01520161 3.02024671 3.02529822 3.03035616
 3.03542053 3.04049136 3.04556866 3.05065243 3.05574271 3.06083949
 3.06594281 3.07105266 3.07616906 3.08129203 3.08642158 3.09155773
 3.09670049 3.10184988 3.10700591 3.11216859 3.11733794 3.12251397
 3.12769671 3.13288616 3.13808233 3.14328525 3.14849493 3.15371138
 3.15893461 3.16416465 3.16940151 3.1746452  3.17989574 3.18515314
 3.19041742 3.19568859 3.20096667 3.20625167 3.21154362 3.21684251
 3.22214838 3.22746123 3.23278108 3.23810795 3.24344184 3.24878279
 3.25413079 3.25948588 3.26484805 3.27021734 3.27559375 3.28097731
 3.28636802 3.2917659  3.29717097 3.30258324 3.30800273 3.31342946
 3.31886344 3.32430469 3.32975323 3.33520906 3.34067221 3.34614269
 3.35162052 3.35710572 3.3625983  3.36809828 3.37360567 3.37912049
 3.38464276 3.39017249 3.3957097  3.40125441 3.40680664 3.41236639
 3.4179337  3.42350856 3.42909101 3.43468105 3.44027871 3.445884
 3.45149694 3.45711754 3.46274583 3.46838181 3.47402552 3.47967695
 3.48533614 3.4910031  3.49667784 3.50236038 3.50805075 3.51374895
 3.51945501 3.52516894 3.53089076 3.5366205  3.54235815 3.54810375
 3.55385731 3.55961885 3.56538839 3.57116594 3.57695152 3.58274515
 3.58854686 3.59435665 3.60017454 3.60600055]
t = [1.06995785e+09 1.06995789e+09 1.06995793e+09 1.06995798e+09
 1.06995802e+09 1.06995806e+09 1.06995811e+09 1.06995815e+09
 1.06995819e+09 1.06995823e+09 1.06995828e+09 1.06995832e+09
 1.06995836e+09 1.06995841e+09 1.06995845e+09 1.06995849e+09
 1.06995853e+09 1.06995858e+09 1.06995862e+09 1.06995866e+09
 1.06995870e+09 1.06995875e+09 1.06995879e+09 1.06995883e+09
 1.06995888e+09 1.06995892e+09 1.06995896e+09 1.06995900e+09
 1.06995905e+09 1.06995909e+09 1.06995913e+09 1.06995918e+09
 1.06995922e+09 1.06995926e+09 1.06995930e+09 1.06995935e+09
 1.06995939e+09 1.06995943e+09 1.06995948e+09 1.06995952e+09
 1.06995956e+09 1.06995960e+09 1.06995965e+09 1.06995969e+09
 1.06995973e+09 1.06995977e+09 1.06995982e+09 1.06995986e+09
 1.06995990e+09 1.06995995e+09 1.06995999e+09 1.06996003e+09
 1.06996007e+09 1.06996012e+09 1.06996016e+09 1.06996020e+09
 1.06996025e+09 1.06996029e+09 1.06996033e+09 1.06996037e+09
 1.06996042e+09 1.06996046e+09 1.06996050e+09 1.06996055e+09
 1.06996059e+09 1.06996063e+09 1.06996067e+09 1.06996072e+09
 1.06996076e+09 1.06996080e+09 1.06996084e+09 1.06996089e+09
 1.06996093e+09 1.06996097e+09 1.06996102e+09 1.06996106e+09
 1.06996110e+09 1.06996114e+09 1.06996119e+09 1.06996123e+09
 1.06996127e+09 1.06996132e+09 1.06996136e+09 1.06996140e+09
 1.06996144e+09 1.06996149e+09 1.06996153e+09 1.06996157e+09
 1.06996161e+09 1.06996166e+09 1.06996170e+09 1.06996174e+09
 1.06996179e+09 1.06996183e+09 1.06996187e+09 1.06996191e+09
 1.06996196e+09 1.06996200e+09 1.06996204e+09 1.06996209e+09
 1.06996213e+09 1.06996217e+09 1.06996221e+09 1.06996226e+09
 1.06996230e+09 1.06996234e+09 1.06996239e+09 1.06996243e+09
 1.06996247e+09 1.06996251e+09 1.06996256e+09 1.06996260e+09
 1.06996264e+09 1.06996268e+09 1.06996273e+09 1.06996277e+09
 1.06996281e+09 1.06996286e+09 1.06996290e+09 1.06996294e+09
 1.06996298e+09 1.06996303e+09 1.06996307e+09 1.06996311e+09
 1.06996316e+09 1.06996320e+09 1.06996324e+09 1.06996328e+09
 1.06996333e+09 1.06996337e+09 1.06996341e+09 1.06996346e+09
 1.06996350e+09 1.06996354e+09 1.06996358e+09 1.06996363e+09
 1.06996367e+09 1.06996371e+09 1.06996375e+09 1.06996380e+09
 1.06996384e+09 1.06996388e+09 1.06996393e+09 1.06996397e+09
 1.06996401e+09 1.06996405e+09 1.06996410e+09 1.06996414e+09
 1.06996418e+09 1.06996423e+09 1.06996427e+09 1.06996431e+09
 1.06996435e+09 1.06996440e+09 1.06996444e+09 1.06996448e+09
 1.06996452e+09 1.06996457e+09 1.06996461e+09 1.06996465e+09
 1.06996470e+09 1.06996474e+09 1.06996478e+09 1.06996482e+09
 1.06996487e+09 1.06996491e+09 1.06996495e+09 1.06996500e+09
 1.06996504e+09 1.06996508e+09 1.06996512e+09 1.06996517e+09
 1.06996521e+09 1.06996525e+09 1.06996530e+09 1.06996534e+09
 1.06996538e+09 1.06996542e+09 1.06996547e+09 1.06996551e+09
 1.06996555e+09 1.06996559e+09 1.06996564e+09 1.06996568e+09
 1.06996572e+09 1.06996577e+09 1.06996581e+09 1.06996585e+09
 1.06996589e+09 1.06996594e+09 1.06996598e+09 1.06996602e+09
 1.06996607e+09 1.06996611e+09 1.06996615e+09 1.06996619e+09
 1.06996624e+09 1.06996628e+09 1.06996632e+09 1.06996637e+09
 1.06996641e+09 1.06996645e+09 1.06996649e+09 1.06996654e+09
 1.06996658e+09 1.06996662e+09 1.06996666e+09 1.06996671e+09
 1.06996675e+09 1.06996679e+09 1.06996684e+09 1.06996688e+09
 1.06996692e+09 1.06996696e+09 1.06996701e+09 1.06996705e+09
 1.06996709e+09 1.06996714e+09 1.06996718e+09 1.06996722e+09
 1.06996726e+09 1.06996731e+09 1.06996735e+09 1.06996739e+09
 1.06996743e+09 1.06996748e+09 1.06996752e+09 1.06996756e+09
 1.06996761e+09 1.06996765e+09 1.06996769e+09 1.06996773e+09
 1.06996778e+09 1.06996782e+09 1.06996786e+09 1.06996791e+09
 1.06996795e+09 1.06996799e+09 1.06996803e+09 1.06996808e+09
 1.06996812e+09 1.06996816e+09 1.06996821e+09 1.06996825e+09
 1.06996829e+09 1.06996833e+09 1.06996838e+09 1.06996842e+09
 1.06996846e+09 1.06996850e+09 1.06996855e+09 1.06996859e+09
 1.06996863e+09 1.06996868e+09 1.06996872e+09 1.06996876e+09
 1.06996880e+09 1.06996885e+09 1.06996889e+09 1.06996893e+09
 1.06996898e+09 1.06996902e+09 1.06996906e+09 1.06996910e+09
 1.06996915e+09 1.06996919e+09 1.06996923e+09 1.06996927e+09
 1.06996932e+09 1.06996936e+09 1.06996940e+09 1.06996945e+09
 1.06996949e+09 1.06996953e+09 1.06996957e+09 1.06996962e+09
 1.06996966e+09 1.06996970e+09 1.06996975e+09 1.06996979e+09
 1.06996983e+09 1.06996987e+09 1.06996992e+09 1.06996996e+09
 1.06997000e+09 1.06997005e+09 1.06997009e+09 1.06997013e+09
 1.06997017e+09 1.06997022e+09 1.06997026e+09 1.06997030e+09
 1.06997034e+09 1.06997039e+09 1.06997043e+09 1.06997047e+09
 1.06997052e+09 1.06997056e+09 1.06997060e+09 1.06997064e+09
 1.06997069e+09 1.06997073e+09 1.06997077e+09 1.06997082e+09
 1.06997086e+09 1.06997090e+09 1.06997094e+09 1.06997099e+09
 1.06997103e+09 1.06997107e+09 1.06997112e+09 1.06997116e+09
 1.06997120e+09 1.06997124e+09 1.06997129e+09 1.06997133e+09
 1.06997137e+09 1.06997141e+09 1.06997146e+09 1.06997150e+09
 1.06997154e+09 1.06997159e+09 1.06997163e+09 1.06997167e+09
 1.06997171e+09 1.06997176e+09 1.06997180e+09 1.06997184e+09
 1.06997189e+09 1.06997193e+09 1.06997197e+09 1.06997201e+09
 1.06997206e+09 1.06997210e+09 1.06997214e+09 1.06997218e+09
 1.06997223e+09 1.06997227e+09 1.06997231e+09 1.06997236e+09
 1.06997240e+09 1.06997244e+09 1.06997248e+09 1.06997253e+09
 1.06997257e+09 1.06997261e+09 1.06997266e+09 1.06997270e+09
 1.06997274e+09 1.06997278e+09 1.06997283e+09 1.06997287e+09
 1.06997291e+09 1.06997296e+09 1.06997300e+09 1.06997304e+09
 1.06997308e+09 1.06997313e+09 1.06997317e+09 1.06997321e+09
 1.06997325e+09 1.06997330e+09 1.06997334e+09 1.06997338e+09
 1.06997343e+09 1.06997347e+09 1.06997351e+09 1.06997355e+09
 1.06997360e+09 1.06997364e+09 1.06997368e+09 1.06997373e+09
 1.06997377e+09 1.06997381e+09 1.06997385e+09 1.06997390e+09
 1.06997394e+09 1.06997398e+09 1.06997403e+09 1.06997407e+09
 1.06997411e+09 1.06997415e+09 1.06997420e+09 1.06997424e+09
 1.06997428e+09 1.06997432e+09 1.06997437e+09 1.06997441e+09
 1.06997445e+09 1.06997450e+09 1.06997454e+09 1.06997458e+09
 1.06997462e+09 1.06997467e+09 1.06997471e+09 1.06997475e+09
 1.06997480e+09 1.06997484e+09 1.06997488e+09 1.06997492e+09
 1.06997497e+09 1.06997501e+09 1.06997505e+09 1.06997509e+09
 1.06997514e+09 1.06997518e+09 1.06997522e+09 1.06997527e+09
 1.06997531e+09 1.06997535e+09 1.06997539e+09 1.06997544e+09
 1.06997548e+09 1.06997552e+09 1.06997557e+09 1.06997561e+09
 1.06997565e+09 1.06997569e+09 1.06997574e+09 1.06997578e+09
 1.06997582e+09 1.06997587e+09 1.06997591e+09 1.06997595e+09
 1.06997599e+09 1.06997604e+09 1.06997608e+09 1.06997612e+09
 1.06997616e+09 1.06997621e+09 1.06997625e+09 1.06997629e+09
 1.06997634e+09 1.06997638e+09 1.06997642e+09 1.06997646e+09
 1.06997651e+09 1.06997655e+09 1.06997659e+09 1.06997664e+09
 1.06997668e+09 1.06997672e+09 1.06997676e+09 1.06997681e+09
 1.06997685e+09 1.06997689e+09 1.06997694e+09 1.06997698e+09
 1.06997702e+09 1.06997706e+09 1.06997711e+09 1.06997715e+09
 1.06997719e+09 1.06997723e+09 1.06997728e+09 1.06997732e+09
 1.06997736e+09 1.06997741e+09 1.06997745e+09 1.06997749e+09
 1.06997753e+09 1.06997758e+09 1.06997762e+09 1.06997766e+09
 1.06997771e+09 1.06997775e+09 1.06997779e+09 1.06997783e+09
 1.06997788e+09 1.06997792e+09 1.06997796e+09 1.06997800e+09
 1.06997805e+09 1.06997809e+09 1.06997813e+09 1.06997818e+09
 1.06997822e+09 1.06997826e+09 1.06997830e+09 1.06997835e+09
 1.06997839e+09 1.06997843e+09 1.06997848e+09 1.06997852e+09
 1.06997856e+09 1.06997860e+09 1.06997865e+09 1.06997869e+09
 1.06997873e+09 1.06997878e+09 1.06997882e+09 1.06997886e+09
 1.06997890e+09 1.06997895e+09 1.06997899e+09 1.06997903e+09
 1.06997907e+09 1.06997912e+09 1.06997916e+09 1.06997920e+09
 1.06997925e+09 1.06997929e+09 1.06997933e+09 1.06997937e+09
 1.06997942e+09 1.06997946e+09 1.06997950e+09 1.06997955e+09
 1.06997959e+09 1.06997963e+09 1.06997967e+09 1.06997972e+09
 1.06997976e+09 1.06997980e+09 1.06997985e+09 1.06997989e+09
 1.06997993e+09 1.06997997e+09 1.06998002e+09 1.06998006e+09
 1.06998010e+09 1.06998014e+09 1.06998019e+09 1.06998023e+09
 1.06998027e+09 1.06998032e+09 1.06998036e+09 1.06998040e+09
 1.06998044e+09 1.06998049e+09 1.06998053e+09 1.06998057e+09
 1.06998062e+09 1.06998066e+09 1.06998070e+09 1.06998074e+09
 1.06998079e+09 1.06998083e+09 1.06998087e+09 1.06998091e+09
 1.06998096e+09 1.06998100e+09 1.06998104e+09 1.06998109e+09
 1.06998113e+09 1.06998117e+09 1.06998121e+09 1.06998126e+09
 1.06998130e+09 1.06998134e+09 1.06998139e+09 1.06998143e+09
 1.06998147e+09 1.06998151e+09 1.06998156e+09 1.06998160e+09
 1.06998164e+09 1.06998169e+09 1.06998173e+09 1.06998177e+09
 1.06998181e+09 1.06998186e+09 1.06998190e+09 1.06998194e+09
 1.06998198e+09 1.06998203e+09 1.06998207e+09 1.06998211e+09
 1.06998216e+09 1.06998220e+09 1.06998224e+09 1.06998228e+09
 1.06998233e+09 1.06998237e+09 1.06998241e+09 1.06998246e+09
 1.06998250e+09 1.06998254e+09 1.06998258e+09 1.06998263e+09
 1.06998267e+09 1.06998271e+09 1.06998276e+09 1.06998280e+09
 1.06998284e+09 1.06998288e+09 1.06998293e+09 1.06998297e+09
 1.06998301e+09 1.06998305e+09 1.06998310e+09 1.06998314e+09
 1.06998318e+09 1.06998323e+09 1.06998327e+09 1.06998331e+09
 1.06998335e+09 1.06998340e+09 1.06998344e+09 1.06998348e+09
 1.06998353e+09 1.06998357e+09 1.06998361e+09 1.06998365e+09
 1.06998370e+09 1.06998374e+09 1.06998378e+09 1.06998382e+09
 1.06998387e+09 1.06998391e+09 1.06998395e+09 1.06998400e+09
 1.06998404e+09 1.06998408e+09 1.06998412e+09 1.06998417e+09
 1.06998421e+09 1.06998425e+09 1.06998430e+09 1.06998434e+09
 1.06998438e+09 1.06998442e+09 1.06998447e+09 1.06998451e+09
 1.06998455e+09 1.06998460e+09 1.06998464e+09 1.06998468e+09
 1.06998472e+09 1.06998477e+09 1.06998481e+09 1.06998485e+09
 1.06998489e+09 1.06998494e+09 1.06998498e+09 1.06998502e+09
 1.06998507e+09 1.06998511e+09 1.06998515e+09 1.06998519e+09
 1.06998524e+09 1.06998528e+09 1.06998532e+09 1.06998537e+09
 1.06998541e+09 1.06998545e+09 1.06998549e+09 1.06998554e+09
 1.06998558e+09 1.06998562e+09 1.06998567e+09 1.06998571e+09
 1.06998575e+09 1.06998579e+09 1.06998584e+09 1.06998588e+09
 1.06998592e+09 1.06998596e+09 1.06998601e+09 1.06998605e+09
 1.06998609e+09 1.06998614e+09 1.06998618e+09 1.06998622e+09
 1.06998626e+09 1.06998631e+09 1.06998635e+09 1.06998639e+09
 1.06998644e+09 1.06998648e+09 1.06998652e+09 1.06998656e+09
 1.06998661e+09 1.06998665e+09 1.06998669e+09 1.06998673e+09
 1.06998678e+09 1.06998682e+09 1.06998686e+09 1.06998691e+09
 1.06998695e+09 1.06998699e+09 1.06998703e+09 1.06998708e+09
 1.06998712e+09 1.06998716e+09 1.06998721e+09 1.06998725e+09
 1.06998729e+09 1.06998733e+09 1.06998738e+09 1.06998742e+09
 1.06998746e+09 1.06998751e+09 1.06998755e+09 1.06998759e+09
 1.06998763e+09 1.06998768e+09 1.06998772e+09 1.06998776e+09
 1.06998780e+09 1.06998785e+09 1.06998789e+09 1.06998793e+09
 1.06998798e+09 1.06998802e+09 1.06998806e+09 1.06998810e+09
 1.06998815e+09 1.06998819e+09 1.06998823e+09 1.06998828e+09
 1.06998832e+09 1.06998836e+09 1.06998840e+09 1.06998845e+09
 1.06998849e+09 1.06998853e+09 1.06998858e+09 1.06998862e+09
 1.06998866e+09 1.06998870e+09 1.06998875e+09 1.06998879e+09
 1.06998883e+09 1.06998887e+09 1.06998892e+09 1.06998896e+09
 1.06998900e+09 1.06998905e+09 1.06998909e+09 1.06998913e+09
 1.06998917e+09 1.06998922e+09 1.06998926e+09 1.06998930e+09
 1.06998935e+09 1.06998939e+09 1.06998943e+09 1.06998947e+09
 1.06998952e+09 1.06998956e+09 1.06998960e+09 1.06998964e+09
 1.06998969e+09 1.06998973e+09 1.06998977e+09 1.06998982e+09
 1.06998986e+09 1.06998990e+09 1.06998994e+09 1.06998999e+09
 1.06999003e+09 1.06999007e+09 1.06999012e+09 1.06999016e+09
 1.06999020e+09 1.06999024e+09 1.06999029e+09 1.06999033e+09
 1.06999037e+09 1.06999042e+09 1.06999046e+09 1.06999050e+09
 1.06999054e+09 1.06999059e+09 1.06999063e+09 1.06999067e+09
 1.06999071e+09 1.06999076e+09 1.06999080e+09 1.06999084e+09
 1.06999089e+09 1.06999093e+09 1.06999097e+09 1.06999101e+09
 1.06999106e+09 1.06999110e+09 1.06999114e+09 1.06999119e+09
 1.06999123e+09 1.06999127e+09 1.06999131e+09 1.06999136e+09
 1.06999140e+09 1.06999144e+09 1.06999149e+09 1.06999153e+09
 1.06999157e+09 1.06999161e+09 1.06999166e+09 1.06999170e+09
 1.06999174e+09 1.06999178e+09 1.06999183e+09 1.06999187e+09
 1.06999191e+09 1.06999196e+09 1.06999200e+09 1.06999204e+09
 1.06999208e+09 1.06999213e+09 1.06999217e+09 1.06999221e+09
 1.06999226e+09 1.06999230e+09 1.06999234e+09 1.06999238e+09
 1.06999243e+09 1.06999247e+09 1.06999251e+09 1.06999255e+09
 1.06999260e+09 1.06999264e+09 1.06999268e+09 1.06999273e+09
 1.06999277e+09 1.06999281e+09 1.06999285e+09 1.06999290e+09
 1.06999294e+09 1.06999298e+09 1.06999303e+09 1.06999307e+09
 1.06999311e+09 1.06999315e+09 1.06999320e+09 1.06999324e+09
 1.06999328e+09 1.06999333e+09 1.06999337e+09 1.06999341e+09
 1.06999345e+09 1.06999350e+09 1.06999354e+09 1.06999358e+09
 1.06999362e+09 1.06999367e+09 1.06999371e+09 1.06999375e+09
 1.06999380e+09 1.06999384e+09 1.06999388e+09 1.06999392e+09
 1.06999397e+09 1.06999401e+09 1.06999405e+09 1.06999410e+09
 1.06999414e+09 1.06999418e+09 1.06999422e+09 1.06999427e+09
 1.06999431e+09 1.06999435e+09 1.06999440e+09 1.06999444e+09
 1.06999448e+09 1.06999452e+09 1.06999457e+09 1.06999461e+09
 1.06999465e+09 1.06999469e+09 1.06999474e+09 1.06999478e+09
 1.06999482e+09 1.06999487e+09 1.06999491e+09 1.06999495e+09
 1.06999499e+09 1.06999504e+09 1.06999508e+09 1.06999512e+09
 1.06999517e+09 1.06999521e+09 1.06999525e+09 1.06999529e+09
 1.06999534e+09 1.06999538e+09 1.06999542e+09 1.06999546e+09
 1.06999551e+09 1.06999555e+09 1.06999559e+09 1.06999564e+09
 1.06999568e+09 1.06999572e+09 1.06999576e+09 1.06999581e+09
 1.06999585e+09 1.06999589e+09 1.06999594e+09 1.06999598e+09
 1.06999602e+09 1.06999606e+09 1.06999611e+09 1.06999615e+09
 1.06999619e+09 1.06999624e+09 1.06999628e+09 1.06999632e+09
 1.06999636e+09 1.06999641e+09 1.06999645e+09 1.06999649e+09
 1.06999653e+09 1.06999658e+09 1.06999662e+09 1.06999666e+09
 1.06999671e+09 1.06999675e+09 1.06999679e+09 1.06999683e+09
 1.06999688e+09 1.06999692e+09 1.06999696e+09 1.06999701e+09
 1.06999705e+09 1.06999709e+09 1.06999713e+09 1.06999718e+09
 1.06999722e+09 1.06999726e+09 1.06999731e+09 1.06999735e+09
 1.06999739e+09 1.06999743e+09 1.06999748e+09 1.06999752e+09
 1.06999756e+09 1.06999760e+09 1.06999765e+09 1.06999769e+09
 1.06999773e+09 1.06999778e+09 1.06999782e+09 1.06999786e+09
 1.06999790e+09 1.06999795e+09 1.06999799e+09 1.06999803e+09
 1.06999808e+09 1.06999812e+09 1.06999816e+09 1.06999820e+09
 1.06999825e+09 1.06999829e+09 1.06999833e+09 1.06999837e+09
 1.06999842e+09 1.06999846e+09 1.06999850e+09 1.06999855e+09
 1.06999859e+09 1.06999863e+09 1.06999867e+09 1.06999872e+09
 1.06999876e+09 1.06999880e+09 1.06999885e+09 1.06999889e+09
 1.06999893e+09 1.06999897e+09 1.06999902e+09 1.06999906e+09
 1.06999910e+09 1.06999915e+09 1.06999919e+09 1.06999923e+09
 1.06999927e+09 1.06999932e+09 1.06999936e+09 1.06999940e+09
 1.06999944e+09 1.06999949e+09 1.06999953e+09 1.06999957e+09
 1.06999962e+09 1.06999966e+09 1.06999970e+09 1.06999974e+09
 1.06999979e+09 1.06999983e+09 1.06999987e+09 1.06999992e+09
 1.06999996e+09 1.07000000e+09 1.07000004e+09 1.07000009e+09
 1.07000013e+09 1.07000017e+09 1.07000022e+09 1.07000026e+09
 1.07000030e+09 1.07000034e+09 1.07000039e+09 1.07000043e+09
 1.07000047e+09 1.07000051e+09 1.07000056e+09 1.07000060e+09]
minRes = 0.05459558963886866
minResTime = [1.06995785e+09]
